21548
23936
52082
23312
19955
25042
18724
23824
16464
38534
59418
33571
23900
15699
22936
30926
18146
16816
17618
29076
16682
38554
16267
59953
15676
16515
18102
50148
62426
20592
32904
19368
35304
17206
17995
16771
21912
13196
28136
53863
14546
24018
40376
16750
18162
16430
17633
25653
29839
26690
37034
36305
26235
28006
16428
24545
14741
20475
13348
19210
14119
14738
19907
17422
16124
15568
16169
20131
53488
18142
28131
19529
17821
15858
15897
17142
21749
14725
17505
15520
15617
15109
18581
43538
16011
18158
36745
64687
17592
30163
25128
21160
36438
19978
23695
20685
36026
14969
14291
16205
20023
22151
18388
22761
35397
14744
24702
15631
17519
18123
14836
13894
30478
18114
15728
15475
22223
40231
42892
16415
15764
18325
16644
14749
18240
13978
28749
18492
17542
17544
23449
15258
14967
16096
26973
22659
17325
41184
21173
17229
20359
20821
21213
19131
20558
13599
31626
13849
14426
17782
21664
21206
35248
24989
14090
28009
18450
23625
12524
49188
24852
13033
20411
21758
17178
14234
15282
21845
23285
19294
55445
54609
118661
71688
97970
26378
52366
19600
15114
19458
13685
19805
18491
13626
13949
18289
92859
100734
58478
36694
33916
30771
20009
100865
63513
19180
34493
15988
34123
25981
33897
28800
14501
26818
19054
26757
15160
14435
19387
20038
26170
22074
14365
45690
29014
13613
41493
14841
14997
16922
17788
26277
23974
22244
16905
13334
15042
21370
23030
26497
14907
16103
33072
14880
35176
46500
14240
37125
30515
16212
18517
18069
15324
29144
36158
15451
25763
29777
19954
21777
52833
14500
16328
23147
40210
20911
22006
32362
22563
37985
55478
22528
43669
50719
17246
64919
51590
56268
112675
109509
23570
38720
42834
49958
34739
20449
68287
59060
39680
13790
14481
25092
15576
51847
36332
35137
23361
22773
47773
24864
16263
36077
40223
16100
14356
14536
13766
15660
19128
16788
18245
18860
18032
16946
16232
38945
22708
35290
14025
33639
26622
15199
23571
14633
16352
41652
32458
90226
54821
16296
66862
18096
84448
68226
19910
40302
32473
46413
25878
14833
48381
33894
29065
45390
21049
61617
16916
23621
74563
16072
18976
34362
30241
36658
50342
86044
25442
37162
29176
35403
17617
20784
17210
16151
40682
13196
14156
38990
19481
15733
20731
12736
41388
23300
43208
24261
31638
26808
34096
55061
47898
19014
14098
15099
15942
16430
27868
16589
27475
15836
27094
37140
32583
12952
49645
17452
15169
15960
31877
13542
19181
16706
13869
40170
15559
17615
21652
16283
22546
40431
57767
14737
46979
15749
48258
16434
16953
18479
24978
18009
37490
16886
16581
17586
29917
24121
17440
34443
36968
16390
35975
19922
17029
32914
26434
14797
22093
36875
22365
14945
14742
16140
16965
13465
21130
39592
25504
19581
18676
27831
30110
17705
26693
21942
17123
22556
26873
23965
33237
34969
15344
18034
15553
43297
13456
19993
23107
18541
26346
27035
25151
61423
74169
30419
17778
30008
13878
24990
20128
15780
14535
36070
24677
13829
20143
18618
20188
14474
14987
26310
40180
19410
17840
22412
20062
15873
23186
17642
32065
19200
13755
18972
24695
19943
19969
43160
13710
12905
28009
30626
19225
16239
24954
15350
14945
31719
30935
17764
32517
36558
52091
87306
15828
29263
43512
55279
52720
29391
62396
19415
32878
54457
16649
36223
12453
42662
13469
16756
26914
19986
15427
13419
15396
23471
24666
27857
14930
20708
17970
14859
15552
31786
13076
15239
46156
36188
13830
16675
24369
20418
18739
17374
23585
13703
35124
13157
14001
13951
15614
16155
18935
15159
24983
15514
15192
21984
17210
19808
16813
28002
20788
14314
52814
23719
15163
24829
37929
20294
14371
22037
22931
57623
36286
13862
13874
21792
14718
23435
41151
19900
15798
14990
17023
20063
16687
49774
14115
17956
27941
14737
27720
15294
12457
17192
16126
17645
34522
14428
16572
63492
102919
14041
70028
25592
58154
67276
63998
37713
38445
79938
24346
13658
35130
16485
13873
15239
42896
19044
19181
21568
14222
30183
15861
13820
16993
23847
16742
13461
15045
15609
21771
58090
56994
67488
57281
17565
27538
16337
68462
17435
16456
62825
13895
15365
15838
40289
15793
19303
19277
15051
15447
36873
78573
49127
13295
17634
15525
16661
23957
23475
14307
23928
15790
12461
14550
15538
14551
35273
25151
14394
25370
14616
15859
19792
15347
34909
18245
19364
26579
16296
13078
14222
19965
30814
28442
16137
25565
18792
13237
22994
13684
17432
12683
15361
30121
19441
13970
13866
26876
46660
24997
13875
16686
17952
14131
19817
23724
16549
88536
21595
12869
19130
13256
16117
35844
14554
17369
64755
85947
17359
23363
25078
25956
54886
13865
13331
17712
35804
16869
14355
19529
21636
23194
19131
15958
15125
16458
20989
23047
63744
14834
29096
16143
19313
27027
20251
15980
56157
14714
18775
19197
27933
23467
26911
18947
14581
41188
14854
19406
26871
30141
13547
67191
15114
16974
15944
14138
16453
27293
38266
18788
14970
15117
16698
33271
33346
54177
24306
37104
14174
17456
21471
19338
58815
15757
17896
24069
30959
29056
17628
35176
19183
54091
47297
14200
15254
23048
13170
38219
15833
39285
29733
19268
23268
60112
31277
15479
28774
35270
26235
18460
15010
24751
22696
16146
13883
15534
22474
29976
31924
76189
26217
13264
22517
17098
21817
17448
29825
50754
23605
30514
16336
15177
14441
15806
15991
14119
15441
25094
16366
16944
20923
14587
15585
14386
27658
17590
15515
17048
31228
16800
32091
27900
18760
16325
42445
21632
18729
26910
33201
12801
24139
15696
16022
14327
26923
20279
18702
21119
19036
13425
28040
17470
19243
14103
28956
13769
27259
39721
29412
16222
22198
13929
15742
27828
20554
43258
18860
17182
14686
20815
30083
37864
15063
25240
51552
16540
22904
46606
16432
31653
54846
42504
26273
19805
14542
56221
48153
15224
19613
20404
57701
20469
45572
21042
66026
25756
78289
14504
25077
30156
53676
59220
37881
37434
14056
18222
26589
24353
16097
18640
21600
74957
35951
24312
46904
81319
17278
38891
15712
27560
30928
22780
34773
29268
41591
29721
19417
17088
17757
35340
41454
18245
44901
16924
26320
21784
33495
39193
14478
17161
26026
19118
37618
15162
28246
24977
13155
23610
50473
37656
14902
13549
16609
18359
26276
43272
18367
19014
17044
15351
17609
44385
59039
26354
21679
26230
57977
30759
29657
15524
14153
21821
15067
29511
15925
58120
29828
14649
15951
15069
35244
18179
18348
20537
16774
15067
18889
17700
27525
18674
19151
17827
18669
26738
72865
114629
79867
19890
16350
43018
24869
30989
26135
22492
14469
51392
14383
25985
28361
47651
40700
14426
14796
32567
24105
22372
51954
79397
17770
28760
33986
23019
42472
20578
25086
13903
14516
22041
21698
15876
30067
16214
29820
21750
35987
19739
36343
25737
28779
17062
12742
29329
16576
31430
120907
15594
61827
43037
53728
42738
22062
13349
44410
19494
22557
26456
25288
19722
14776
30572
14575
25102
17327
15011
28919
24579
37714
17694
37982
88273
19441
14540
36061
16351
20353
25679
16357
15599
18627
14479
15280
22508
16639
28625
20889
26269
20741
26029
13931
30365
29659
15284
15528
23724
38719
13979
16397
32234
34176
16612
14847
13650
20765
13917
26038
26474
28806
34171
13377
26584
20175
34598
29475
15232
23530
69887
82706
107114
33717
16242
35211
39355
13657
32581
15065
39877
16457
20619
35181
16796
14452
21241
35179
44262
32359
22320
48962
12581
14497
26107
43042
32623
28588
13615
14126
16250
29377
29877
40827
17871
26851
16640
15649
15506
13486
22353
45346
47240
29693
36370
58875
36860
32034
24228
12710
13472
18196
36356
17112
72628
40109
45350
69122
28272
24027
20165
24121
41539
24347
28508
24126
16239
39120
79132
45239
51776
14891
18308
29328
15425
14951
12831
29005
25919
42052
21600
12991
28762
36181
45128
14239
34479
14108
17512
23207
30902
15965
18877
27333
18279
14302
31232
18998
42191
19093
15201
17184
27038
15331
22661
14482
52042
19587
28289
13522
19271
17810
17326
33786
14448
15940
22228
238612
14288
17486
13032
24368
22834
14483
19043
30559
40068
14373
17551
19516
17577
26555
31042
13579
26188
14347
28997
17262
32238
20046
18415
25423
38980
51710
23014
86809
14655
24927
16112
40474
14990
21107
27334
28825
38100
29309
23979
12945
45119
20474
44085
235914
230063
31980
42862
21931
17304
50587
89794
107146
166487
44046
119320
49573
117035
64296
75799
52786
88768
25858
55633
22879
48350
94786
66022
78225
94660
28961
41672
102876
69932
38548
80399
44873
24318
94777
76313
49025
29400
23987
41980
64557
59619
62158
77615
16093
86307
42723
24272
114302
152727
39071
26554
42362
31599
57863
38503
16782
15862
17489
57502
64174
50536
72691
13976
68160
89356
16045
113271
18185
84547
32422
31803
15166
21865
44566
116812
61658
24412
52806
36003
27439
95728
90094
66735
27435
15456
39862
87614
59955
18542
57284
60343
48257
71178
42801
32577
65199
33978
41441
59471
62907
100702
19779
57588
25865
28326
45671
79110
28361
43397
30751
79502
91730
61711
63758
37935
21830
118001
188414
93045
120005
22978
24655
32618
12954
17124
14822
70102
13892
20508
15811
74174
38537
14986
77349
54212
56369
20752
89448
73136
13716
102327
66894
11759
56596
47508
79312
36016
33510
35325
21247
44499
21362
13400
31952
36050
67675
80557
45908
54430
68169
21036
35486
18924
29743
16972
27238
14381
13870
49436
13580
14044
18744
50205
39593
18248
42779
26685
48709
35714
58574
14555
29770
23986
25233
31789
15216
35478
30578
35709
14945
21825
18924
18497
50150
14390
20725
43264
51163
49967
23819
15241
29897
26407
38970
14068
19190
15365
16228
16919
14932
17779
50594
13854
20932
15789
22733
13739
23236
18489
17432
15598
19374
41669
12152
13203
35708
18677
15093
13409
15472
18273
30652
26803
23641
19487
27543
24579
83773
43859
56521
14467
20156
17595
20186
43344
15877
24398
13121
30618
13303
14734
20166
25935
21374
22682
23156
18926
19275
23865
16697
47194
14557
78576
53275
64996
20969
34832
23981
15216
24987
17944
15141
27546
19698
13996
12968
20743
15327
40223
37618
19354
65826
22263
78154
105988
22931
82972
30181
18065
18303
22609
42002
21229
24913
14493
24613
24360
16500
16465
23959
13851
31233
16321
24310
37900
41414
51431
25418
26174
23761
15116
24909
27103
20459
16327
15498
28257
51882
30934
25749
42584
26811
18634
36086
29890
35637
40288
23996
31102
42185
17372
38656
24439
50380
40281
25983
17175
19214
73493
73627
16185
16178
34483
13669
28026
27080
22896
27474
27860
19206
50053
35629
18562
18404
16470
25853
26151
60524
67191
49195
17865
28144
23234
16339
23326
33721
12830
18942
13851
27991
21488
19765
30525
28441
14769
26405
42810
50035
77591
15362
14098
31961
45842
19631
24869
22392
40756
27651
32990
14270
13503
13994
14568
13179
20757
33378
26446
21273
22218
26339
19020
42110
18143
21546
15869
16833
20260
47094
76446
22166
19541
18226
33198
38759
35852
23852
14630
30346
51847
32502
14590
19109
15138
16695
27837
40774
91984
24263
15603
18484
28223
18869
23161
15570
16239
17481
14657
36252
24197
34013
38527
20057
18469
14692
39912
18567
17900
51798
27668
16516
31413
51565
37701
55750
51903
17700
17512
38906
60001
20776
20054
17043
18587
26579
31625
15367
28973
16399
20325
47752
21945
62150
30542
23700
13961
15118
16605
15627
23542
34014
41407
22961
28044
19164
17813
17556
24205
48117
22140
22375
30710
18191
15299
16469
15617
19726
18530
18179
15645
25962
24601
14676
13871
18074
14255
19947
35775
24316
15952
14482
41831
35358
36719
14983
15454
16829
24733
28189
17719
15806
34975
19477
22902
18851
24323
24551
24175
20788
16968
22869
15328
17956
17047
17925
17896
34375
22194
14754
24582
18180
52258
19281
37662
25917
28207
18105
13197
14294
39507
13073
26011
18025
13203
15409
14361
23838
23417
15476
18016
43143
14927
14412
14074
14735
21273
14800
18048
37401
14535
18480
36483
12928
21180
35625
24269
20230
25973
16293
21705
17667
29480
25564
39119
56084
17161
22554
26075
13819
13591
23257
26178
21879
22959
15938
18542
71653
66519
13242
14123
14978
18595
22254
18152
22662
23433
18639
20219
27327
38961
31294
23087
52155
78570
14428
16192
16928
23928
16641
14575
15412
25010
52965
17023
15688
38981
14613
52234
56459
16381
20512
27000
28572
14820
23488
17950
21835
30636
16240
51434
12812
26907
16991
23538
43150
14463
30815
14417
13764
14993
18651
58701
63151
32470
15259
78018
15818
16235
22492
16820
25146
22839
20214
28782
18413
13092
51257
20321
16740
32608
27951
17206
19473
14897
56810
18355
23300
38997
42707
31619
16398
39783
33977
18575
26241
47202
25022
40129
26585
30971
14533
16588
24210
46217
15568
23673
15196
25826
15291
22522
15425
14181
13871
13816
17446
21685
24585
18058
15781
14114
13255
55098
18460
15886
15375
16872
23292
18254
70033
14486
15518
66451
32543
39523
25566
21975
36681
62090
44734
25977
21101
13919
20402
16994
34463
36366
95203
18700
41844
36492
50005
15295
30799
20672
22088
23047
14816
21591
19581
19103
13728
18001
15911
29901
18671
15292
14121
15546
22052
18026
38014
13669
16987
17031
52143
27870
60316
37976
46848
38573
49392
21606
35511
16849
16999
22128
22400
17020
34064
19686
17648
29167
25712
16781
14666
17193
24067
17933
24422
15961
22560
29993
19043
26574
37538
22901
15730
22889
19079
18201
30977
13982
48092
32527
15667
24716
25922
32056
38452
33808
241935
14353
28308
66148
15273
14619
44119
18036
53629
69264
59923
57948
18172
18498
15967
17349
13298
19441
42519
17120
18265
41660
21874
54895
19186
17150
19949
19193
28076
21219
31561
14675
33335
17340
23390
15915
40944
15794
18999
19601
15427
23833
14852
16477
24316
79699
15075
16875
18708
13964
15555
52909
16826
30054
17641
46131
51040
17825
30807
47655
16055
14170
23573
26703
37558
16617
18297
41329
37113
14274
15746
15398
22593
18324
42078
42073
16584
18614
17085
13790
13837
13639
20939
27816
18965
55340
16310
14387
18237
20550
23950
16382
24269
17096
19013
44286
20327
15498
66489
14619
15970
17886
31795
23742
16412
29952
24092
39542
33347
55967
23452
84072
59672
15594
42162
27801
13861
13683
34298
80090
55463
21459
14694
68182
15890
21464
20782
25388
33104
18799
19136
22722
15197
18852
16291
17719
43009
14380
24727
18653
29684
32278
16978
34711
27469
18876
24307
45763
15405
16942
21485
19749
37803
77209
19015
16156
16671
16208
20004
30589
22953
13504
18435
34560
31825
15851
14537
66555
76249
22428
27683
21161
24819
16921
21596
24937
14571
22825
17835
48754
43743
14421
22550
18290
28700
21857
25633
28365
38692
22695
24697
22489
17409
19095
14063
20440
84212
24150
34792
19453
19087
20338
25335
16827
25261
14934
19919
49055
59736
34200
13999
16783
14968
38041
14893
14050
27072
21671
14734
14524
60612
73208
56324
35412
19533
24468
17625
14596
34469
15145
16415
15039
45816
21447
67240
45323
24850
44948
29754
26302
41372
30622
17402
17350
14338
54447
25266
25368
30716
23994
56320
70813
55273
21638
16697
20955
33727
14400
30518
13559
18171
15323
27394
31096
17332
31140
62043
13647
23781
15286
23874
22817
24021
22011
24508
38098
21817
14552
20514
17607
64980
34438
30895
25522
15030
54462
23903
39009
14805
19665
16027
27917
24756
32112
20030
19180
16310
16362
24226
15793
19596
31387
36825
24067
21889
15425
25466
21545
17242
27384
15229
18070
14097
14639
16362
16763
14356
23557
35094
16676
16078
21296
21019
19854
53398
88525
31333
20939
13318
28960
34194
57764
65497
41062
34687
28433
23493
16910
29979
36120
67183
16859
19333
18434
23221
16121
14230
16212
27884
16195
29585
15156
14457
30316
17634
25078
14927
37883
24103
17495
32399
15115
25785
14270
39615
16763
27727
27823
17218
32685
20405
26664
18181
20163
17900
17883
33425
41826
42659
15429
19214
14058
21241
21393
21971
25775
15685
21535
18231
25891
40571
23125
13580
16883
14848
16272
16598
18581
17805
17197
20922
25799
17783
26594
18191
14810
112557
29258
18737
15301
23930
46767
18558
15550
29302
17758
17858
28051
42244
13966
17645
78128
32986
17710
31666
32508
26082
23080
19762
24566
27644
27941
14030
26219
13459
18429
20122
18710
17877
26764
17054
36208
40256
15072
24136
27962
16345
31236
15322
20766
17066
39619
21727
28934
22668
59458
33796
15383
13132
17510
24880
29778
58907
17656
20351
55531
27753
15442
15645
13811
26939
21915
19167
21584
18934
50065
16456
20574
39350
19038
32413
27245
43275
72479
94705
46343
14779
26478
18727
12827
32194
35531
17406
33362
50695
16142
16514
22912
15362
29228
79446
96004
93150
15165
61156
30260
54170
31782
82417
14697
16178
15379
66841
63095
55455
17422
33297
25178
18798
17317
61165
17337
15365
26621
19437
17944
20300
24019
16524
17673
21602
17479
27208
18318
27974
14057
14128
13672
20575
15218
21409
32296
18384
32300
15791
31033
52287
58993
25344
52113
17308
19646
14941
43273
40827
19490
30929
19239
20406
22467
17544
31227
22315
22532
44397
16458
17407
41452
14784
70103
30210
19888
18104
86007
54055
13265
16851
69876
134471
83494
31999
49386
23086
106573
23879
104928
93178
104572
18055
75264
106607
87075
26576
31633
22968
105109
110089
112930
24104
80914
105861
16422
13483
14418
17055
15120
33160
38511
32433
16361
40915
16667
52037
18587
35291
14130
20444
16736
22928
25577
24010
25907
23028
18361
18665
17610
14616
20595
17600
22098
24160
54266
14290
40168
16005
14561
22557
66360
15775
47774
33955
22857
20376
18444
49674
17071
25221
30248
19655
70480
79192
44004
21333
75980
131650
139745
112185
20242
70573
21894
15128
45960
15119
55171
83652
59345
16329
47537
42849
22457
21219
20081
51229
64044
16190
13996
16131
38652
22401
22990
15965
23352
58914
74371
62543
23969
38835
72290
16500
22759
37243
25416
19582
66857
24650
15607
16772
20088
28668
17261
15302
25681
17910
36079
16793
26945
16438
16337
13615
15228
54083
39008
31498
16001
30410
16056
25253
14956
14021
15530
31887
37726
19339
41628
16537
14534
23113
39290
50378
14741
18152
85745
82008
48720
62559
81956
15743
48736
28962
29158
21864
22109
77532
67722
18595
13715
15878
16917
16612
22387
18255
33081
32561
16577
16100
50732
17902
37697
21541
13860
13935
22382
15935
26314
20815
14173
21987
20826
39027
16759
20562
38599
29498
26479
63342
28805
15516
14571
16366
29776
55523
21764
22481
20120
44380
19876
18605
17726
19102
24202
53366
22476
18215
29508
18627
18197
51187
21589
13470
18532
15702
22357
16918
45626
40101
14785
45486
15165
25287
93636
93708
20332
45327
90238
16806
31705
29251
15337
18988
14613
44774
29575
252918
24244
18005
38290
13540
16974
21345
15344
53388
14547
37949
15174
16128
17308
22595
57394
54909
17495
63666
49492
22067
21277
17995
31320
14053
26607
24025
40677
21956
13562
20168
18581
37195
48031
37793
16920
19183
24930
20315
13113
35296
52219
20248
26855
17379
23407
17080
16917
30812
25820
42848
39576
16377
32585
47551
15747
81008
13638
17136
14947
46555
14337
13335
15181
18739
20474
13844
19400
17626
15838
18227
37273
26654
21797
21817
16594
35977
36883
19260
16458
13987
15553
66308
15137
14841
19530
36245
13912
32817
14691
37564
31187
16962
27738
41614
14304
18895
21140
15612
17298
29113
22164
15870
17054
15761
14658
44761
34699
24371
24191
21846
24209
18185
15912
14212
50606
29749
18806
19834
14748
17859
17528
29517
14026
16798
16102
37642
16494
13992
15975
14558
17629
26263
26640
17033
36960
34052
26703
32342
22076
36817
42917
29458
31166
26673
28535
31024
17466
41704
49998
71720
25828
18533
52163
78065
16482
52177
29230
36919
18146
50546
19685
21200
35973
17981
80323
15298
18007
82399
21477
15173
30523
21494
22609
29223
17537
32467
33328
24759
26718
15442
15890
14971
23849
39048
22034
18070
12805
22337
22330
13552
16417
28765
18402
57098
34942
30189
18080
39529
29495
17433
20518
31091
19453
16798
19338
14309
33707
19447
63860
28444
13321
56254
15159
16203
24556
15043
30435
19918
49244
45625
32221
32287
44330
17014
25132
20447
29314
18730
15646
27811
18823
13592
18661
30113
16574
54554
33556
72504
27671
24164
13781
26460
15914
26749
51225
38081
14679
17866
43594
23340
32998
61262
20710
21050
23214
268041
19216
104722
18607
14567
14567
31993
31468
19607
20561
32785
32343
16620
48992
20457
21967
29169
55616
33178
35655
15969
16431
13162
49783
19315
19350
18304
53604
26611
29621
14149
19731
23369
21546
20704
27043
16904
18380
24004
110383
47711
18850
15042
31151
76929
16715
14456
27054
18887
56776
13553
21266
15689
14534
15549
33445
17968
17609
13093
66751
17136
32616
16522
41761
15895
39622
20795
22902
37143
17133
17695
14027
70579
27417
42093
15254
66210
21778
16770
37696
21265
27358
30356
21227
46275
21027
23728
17818
21196
17817
18146
15028
20764
32453
15354
58887
13736
50413
40370
49800
84464
68387
22541
17789
17105
14177
18688
48181
49506
17683
14391
16928
21362
54710
37047
13713
23162
22664
13255
19457
27958
22690
26714
27121
27952
13994
20260
17229
13808
15955
27082
14884
57969
81448
137733
14311
37710
34574
20302
39974
35590
38236
66831
19736
47491
18183
97495
13802
48004
48844
35040
70281
36148
14286
28250
21408
28780
27840
39636
14807
38751
56486
16446
56410
79323
49464
35085
22660
17354
21960
28917
16058
22455
20467
18232
23003
29615
18912
15200
15562
18669
47562
13995
14097
25153
16007
21109
17760
18090
21321
19981
28332
15502
22117
24926
27072
16216
19191
14857
13682
20917
28257
14901
20468
14278
24432
57434
19091
22717
20840
77810
43181
26075
38476
24646
28571
16892
17242
26421
24533
18947
20642
13869
15676
14169
56607
84754
81603
75775
112082
18640
22910
25015
17735
18434
45019
15531
26267
36108
14283
15622
16160
20802
38973
23315
31702
74945
16139
14119
14750
14210
13766
25931
22012
23323
16567
19196
16253
24813
54428
26905
24673
14118
16999
19318
35745
52764
14931
18570
23423
38665
19312
19423
28180
38897
18247
17142
21099
20922
23349
75476
15412
29961
11879
21260
13419
21806
47859
14208
28887
13431
61482
29158
38067
21539
33066
25012
73900
22080
46120
17885
32574
27112
14444
92341
12996
19337
29327
42136
13204
19251
15110
15447
24080
18605
39210
42500
16501
52829
31798
23980
13779
16410
25168
29312
14395
65219
16036
20673
15471
51808
37866
18910
75508
36446
40245
18554
17007
24470
75331
15206
17059
16251
29338
19676
16699
22670
36354
30590
17946
51858
14825
29763
14199
13039
26329
15977
13275
37371
27678
40080
30370
55718
38934
19479
22116
14875
32441
32782
16595
18441
23230
16717
16479
17880
19726
44450
38206
54356
16361
15212
15849
27637
19391
16931
17393
40658
33272
25690
18093
18247
16067
22486
55198
28582
16518
16514
130385
20491
32586
36573
47407
31548
25220
68742
17570
36403
17388
41815
28752
16660
16406
12347
20886
25488
14281
15638
17802
14782
19750
53452
20601
33647
21371
14723
14395
24671
35082
26452
15059
49014
25239
16655
21841
13800
24890
12825
55778
15418
17792
48155
21358
23617
13966
24279
20222
78400
39603
44903
42232
15036
20040
72980
24655
36151
16227
16591
17226
18453
16175
16049
48108
14299
24126
17092
60389
27353
17341
13755
19535
15580
19309
61203
97598
20576
15784
22520
16239
17380
14616
14544
16063
14998
43310
14322
19806
12856
48633
20036
19108
33003
22330
25310
14772
42091
20614
52733
39726
45485
20972
28721
25546
17442
23293
36864
12706
29672
17344
19273
18254
37917
19030
33630
29105
32342
81386
53188
40332
52958
67158
49469
22015
16812
17893
50173
83851
52921
14345
38584
45177
21385
58655
16843
22211
45625
26177
15390
15533
20483
18057
19470
15482
16421
39357
27145
63716
17682
53211
34333
46493
14103
14448
14198
16728
15427
15181
23435
25897
16743
19654
16547
18879
34898
26660
63766
13306
17799
13661
13669
18566
28539
21714
31319
22999
17118
18297
56725
61548
34004
48651
24077
21117
22248
14487
19319
15368
42592
27924
19129
32906
21502
21228
17772
40960
31205
21235
42020
35700
17705
18605
22483
25299
17860
36318
28719
69046
20422
42031
30081
25045
41711
15849
16078
22239
32334
14791
23224
19285
29394
44114
15196
46876
24572
28026
17599
14533
20718
19741
26200
14608
31911
37003
45563
24245
16840
27611
15193
44727
13753
16161
21055
14353
45097
16987
21901
16967
16583
53585
24887
16930
13476
30853
85175
97015
58514
44272
56915
31552
20950
43976
28267
26264
74267
20830
41104
28109
31323
48251
31180
17615
18354
44253
51109
79571
80585
25311
35121
67897
22370
80247
48123
13686
21507
37858
34011
14288
17253
33003
15302
12837
17513
42834
22922
27240
24217
25722
26555
15435
33963
17148
25575
13322
18599
14813
21779
29119
23336
18033
19641
15926
16517
13390
40390
28718
29453
35768
28187
28546
61799
27919
30622
51314
15677
26333
25319
18629
17108
42941
18125
91264
72829
29037
67731
60394
17412
18563
22852
26862
23942
39633
42358
19808
18883
17152
22098
15720
23941
30997
14379
51857
17850
17546
20755
21136
16870
23891
15944
22406
18311
13891
49218
21450
14919
39671
14516
31328
13277
15221
14828
241340
15484
38656
14586
109224
34408
52166
80171
100685
16885
35447
28509
18081
20301
15751
28559
14040
37477
15420
23207
29186
22080
24965
15878
15980
28183
16006
16136
17759
15520
29900
28891
53324
22422
32803
15870
18886
22248
36194
17699
16185
16820
13672
21718
16987
13068
19666
16446
18230
14231
19760
25581
17997
21595
16676
30023
13577
16574
16807
38048
19289
26485
18532
73805
15487
81859
49993
16883
16639
29732
48786
18304
46651
20308
31231
71854
87574
16316
29825
17566
18041
38851
13839
13239
18501
49210
17237
19283
14058
19252
14243
25913
19097
17085
15480
17285
14965
16154
20602
20265
15084
14133
21274
37934
15121
14253
14880
48888
80381
63647
25655
18445
40792
14772
19945
19045
18577
34324
31070
42199
42717
19185
19778
14260
22369
19116
17299
16167
20758
19388
17416
15666
35523
17149
39172
14731
15694
21602
40853
16655
22574
25511
16935
42445
35474
20374
37144
14822
32313
17427
27526
16720
18963
16462
23730
15202
25634
40591
20999
32024
18372
26825
20760
15083
16212
16312
15401
18072
37051
25505
14450
14063
15205
25119
22224
18964
32461
18954
38608
19895
15517
15596
24609
16050
21624
17241
19719
19748
17090
21265
20049
13265
29899
15138
37402
38521
27440
13295
17200
13992
82039
63896
35026
39145
16015
107859
39958
28239
18332
57789
23162
96289
40873
35200
47534
20381
65000
27989
106728
92902
160488
16061
96305
84839
60948
92098
29053
63328
16437
15942
93936
42371
28717
35446
25044
26765
14163
24783
38783
22131
14273
16456
23035
21794
33947
23021
17283
35890
16306
37162
26289
16646
19509
60805
58143
15131
17770
23185
14108
15457
17418
18117
27398
33988
15955
14662
21604
28458
19397
13664
16772
29484
20739
15489
19427
21526
14933
23654
43787
20569
19397
22165
19245
16188
31330
16152
14213
24533
26027
17514
13943
37829
17843
49803
40839
25071
18567
20505
17455
30557
18360
14597
16070
15698
22253
31645
61689
36903
14920
18066
18009
24239
17532
17981
24476
13659
15545
23799
16585
50011
36577
15442
19261
25107
23902
27770
26289
23071
18483
14189
15188
18861
46891
63475
14916
16575
25134
54896
45922
19473
19317
16937
16372
20406
25558
13379
21898
16023
13865
15274
15808
23501
16573
15921
38968
57518
30865
40173
24560
26345
24603
39495
48802
23282
16123
31291
19562
33194
44658
14805
34088
36323
14823
22182
14500
31034
15687
19969
16356
14085
13987
20189
25171
18810
91336
91337
127011
26340
71523
24381
41654
59637
34824
61054
79520
132116
75807
53208
38503
38228
121341
70877
134309
229654
14718
128930
154537
26378
40549
29872
17477
18128
22439
32910
14453
19458
33441
31335
60479
28579
24793
17119
18764
11420
23507
23215
25144
24881
23361
14691
17363
18301
22057
38785
18819
18253
14990
18596
24273
16202
20741
24098
15246
22141
16662
19631
15285
40579
17564
31278
23369
25366
17347
24982
53473
20363
22567
40687
38984
15856
34922
34779
17907
14812
33792
17905
41248
41982
60534
37783
55039
15624
35098
26983
21425
28465
15472
33312
34383
15116
13581
17620
22440
27420
24174
13813
46118
14925
14069
14187
15957
21608
18217
25481
21555
19112
52691
53963
31495
13715
24696
16119
20384
14439
34470
61908
15919
16154
44417
18720
14128
73966
78328
36175
14351
17497
16419
31734
21016
20789
17433
16347
35758
13574
17039
15824
17015
19648
23684
14468
21776
36588
49155
14913
17711
27769
25251
21189
16040
17902
14598
29583
39476
16133
13929
20388
15200
18347
14486
34036
17753
14879
47759
43220
20261
23534
28878
22025
14923
12821
50859
13832
27823
21467
16543
23511
22191
25952
31913
28457
28136
58185
59281
19175
14967
16956
22859
20802
31264
16362
36577
20416
20778
33020
22672
20907
16245
13215
15008
17425
39471
16358
36318
20587
18589
17930
16477
20208
47780
96014
36062
55631
40308
64690
16990
128866
37622
43386
18339
17320
26100
26984
19639
21253
25683
30897
16299
24297
42821
12786
54758
19950
13660
15469
28932
66897
15192
27307
30816
24266
30278
18363
29596
29184
17383
26534
38304
31097
26701
16039
29187
25291
40733
19077
32886
17965
15538
21839
24010
24268
27555
25492
51041
45195
14885
15648
83991
18199
20785
40282
16068
47775
20131
41647
35218
26941
17851
50664
17866
23468
38472
19118
35390
29389
40978
23121
21858
18183
21562
24281
22706
17872
28159
38459
18757
18717
33761
27396
18163
18346
14993
17637
37895
23733
50743
43060
26672
24928
65845
38915
28560
17104
17281
31732
26913
15739
22581
50386
79703
106517
15330
15325
12901
18339
39261
60241
45283
40752
67928
42898
76212
29518
56462
55733
65996
52012
22349
22338
47919
20080
14960
12708
30837
23399
32151
14091
15285
29433
44226
34130
33377
22368
240050
25500
27816
19843
21246
14911
22129
14101
19467
14417
17681
15695
13491
15346
38402
16986
15166
30089
15302
21607
22947
17810
23449
27071
32345
31450
22622
16449
31501
20583
15713
29177
21106
32424
53810
37189
15132
13879
53856
21002
36150
30368
18740
14591
15710
18256
32477
14837
28710
19815
59224
81521
41139
151646
32135
23269
51596
25080
47760
14706
16136
20519
15667
59982
28665
15891
52606
14909
16268
19400
224628
16334
83721
70378
47369
19238
14641
16552
33542
14566
15078
29069
16580
35583
30274
37310
14481
19710
14373
26552
17578
21754
16976
21684
25680
18390
19815
13665
15227
24240
43700
35683
31478
24878
21538
34078
15988
25515
14514
45458
16737
17353
55767
18028
17618
19422
16955
17827
25695
18300
15569
39105
26533
21891
30157
18144
32206
24732
13787
20415
47298
85302
48853
41112
21439
16339
22051
19732
16524
30288
28606
24440
32155
16731
25832
67033
31556
28144
33367
28600
17980
26924
18454
15140
15568
14977
31852
36952
21458
41026
55861
19291
27882
14372
15079
15979
16057
13964
17097
28383
19405
19166
33856
39274
43364
25043
18144
18062
28445
33175
34944
33098
22399
21514
32662
31728
18648
22220
48141
60375
23242
24315
20546
17119
52605
21454
18614
32268
65657
44417
56643
15264
41445
49502
23946
31182
22690
36683
14382
14036
13654
17841
18280
20299
26373
16594
18531
15696
16572
19265
14689
16084
41329
30123
37940
51741
25806
24133
42863
19266
15219
17252
17994
27135
22594
35390
19549
22173
27654
19817
27121
37958
15368
16661
45876
33103
14138
33302
37253
59974
18540
30884
25040
18731
18032
16482
15769
15024
14128
49418
24637
18486
21555
15407
17702
14452
20725
16092
22593
15473
29942
15957
14811
22125
19169
20726
15697
24365
38014
23449
45397
19444
21126
23045
43108
99776
20820
45960
33758
21218
21092
33992
15929
29072
27197
26844
16579
13667
29627
22395
26365
16500
18517
13693
17702
21409
23554
22405
45716
21462
34366
19581
23236
40016
17029
24115
18785
14743
15118
21700
44744
24010
17269
30412
26450
21562
25200
43816
50647
22119
28374
25065
13669
41984
30403
45459
24448
28862
17647
19421
28580
37104
18305
30401
57877
60773
28418
16040
49382
22761
22201
15199
19094
57006
14707
15224
22058
25674
43079
48112
15674
29073
41452
70969
28031
44207
17803
21026
17073
17792
14152
28732
26571
41970
17472
20366
15447
21072
20357
17741
26761
19697
14366
16014
27551
20161
14421
17421
15945
31010
43979
41679
18084
20062
16260
13218
14815
15217
64360
17563
90732
17908
32045
13825
28811
42498
31057
36813
16214
30956
16956
55881
18813
19767
15616
17658
33603
22558
23249
22428
16628
18350
21410
16997
20756
30424
20627
14515
15655
16769
35189
16499
36922
58645
39249
17035
25204
17846
44704
50494
17250
16830
22954
22575
19518
30176
19484
18696
23507
44265
57531
29461
36061
33040
31952
18404
39265
37517
22987
16594
22563
23881
32145
18150
16846
21787
35397
93319
115658
30952
17763
20091
29170
18160
24085
14286
19960
13520
43912
37097
17611
22622
26241
14507
15666
15323
18223
16519
21027
30132
43131
17365
41423
19228
18944
15416
32128
16287
25290
70310
44145
14403
64851
24518
21624
30350
36090
21162
15693
15517
17767
15525
24321
45955
20496
16640
14537
25859
18272
16365
16287
21309
18214
29716
15736
30173
34228
62939
90148
40210
14741
22853
19291
25503
21386
13989
13239
32312
18620
16583
15298
16196
60423
48385
20646
37664
14533
19409
42625
18941
15639
42067
44636
28861
18967
25562
18811
16050
23069
25728
26554
26904
19241
20678
23395
16755
39605
15508
24064
14730
21939
18736
14548
12663
43110
16789
24772
18673
22053
25409
18663
15232
19121
20862
49895
20274
24982
12919
18347
18165
15005
26840
14700
19959
15470
13830
15576
22885
19868
28857
25157
33236
23386
22134
37307
20340
15734
14225
25642
14610
19314
18016
13880
33960
20184
15744
15944
27709
14503
20840
15146
20603
13828
16054
15368
19941
33436
42416
21387
15974
16316
23679
27206
16736
14213
27307
14103
24411
19763
14245
21612
20289
65630
58633
30613
14828
29432
16662
16571
17644
25007
18526
17466
31622
28292
20418
29516
15447
18864
20604
43738
98627
14263
32228
36775
15919
32516
24511
15785
20223
17998
13828
16790
21730
17824
15414
21070
13809
15284
25770
18713
16162
25953
15112
41788
30341
20271
23432
15678
32328
34187
33371
23646
22566
60576
33059
44458
21231
19814
15904
14687
17679
42049
19924
12615
38376
43981
30129
27955
25798
34162
29408
22685
31864
37166
50122
42444
16326
19653
69954
21081
13753
41263
22276
17514
18454
27897
18957
21183
20736
17096
15514
14102
22767
15847
24195
20551
46890
36299
54672
69287
28473
33740
15033
28591
24783
50299
39782
13085
15569
16789
14814
17623
14690
24949
18863
15374
18627
23165
21736
16792
12676
21529
16056
24152
16986
24437
18795
15366
33810
66735
20026
43497
21845
37338
20282
28827
18399
23452
21299
56423
26654
27287
19151
16994
17822
14941
30106
35125
25826
62959
38195
59599
118334
136638
56887
85693
107844
78464
29366
20917
26007
14390
23092
29335
17179
32997
29105
16356
37809
41871
49738
30233
41478
27777
19142
26125
16056
29824
74886
28372
63880
20542
62842
41141
59206
25563
57985
108434
29164
147822
69847
148290
42404
35612
50123
75921
27070
19589
41625
16536
41631
20877
75458
20702
45340
22188
68821
20123
42294
25018
52571
38175
29401
78076
92992
107962
20521
98000
17380
16773
19061
84691
15557
25387
23150
57441
17180
19204
45109
40961
64669
20397
53714
14665
86310
15238
16918
16420
17959
37218
44264
15899
57128
16319
14847
15955
18769
72033
36638
23522
42846
14054
12887
21348
14865
21002
19096
17176
19155
23619
14357
35245
27146
15715
15299
21552
19925
15019
22254
18797
20784
13832
15077
17898
36931
15359
27152
28054
18891
12928
28303
35343
25610
14741
16861
16790
20036
15344
16774
16671
22783
18974
14852
27498
17868
27597
31632
17699
14839
21559
32205
17023
15708
32753
17948
17083
34658
46778
30223
20996
43112
33572
52851
63015
14707
15031
29532
20411
14773
30436
16666
42937
15178
24164
28379
20567
21812
22754
20601
21327
19097
20186
15311
15776
37906
38626
72670
19585
30466
18251
17528
15460
29024
20250
17113
13752
17853
20692
16221
40479
40662
24390
19111
16874
13487
25779
21036
14219
23838
17650
15901
22336
23751
19523
17645
19110
19081
48228
15558
37377
15004
34352
38148
17992
16794
15362
54814
14758
28872
15873
19124
31221
36517
21155
47243
16782
26598
31998
23133
19152
27091
25644
14151
49203
13878
21068
40234
47816
19874
15517
66102
21167
17711
30448
26774
36337
55369
32405
56007
71998
55278
22486
25089
61697
21523
27762
95655
171304
125428
20321
71404
14638
14348
52871
74847
47341
35560
38372
13871
23655
17229
19116
19826
40303
26968
19226
50634
14501
21009
19483
18073
19032
43328
34931
13315
29084
43035
43655
34487
22271
25369
15562
21067
15120
18885
34788
30965
24013
30959
13894
17396
17866
22305
17849
17345
14607
13380
59760
23208
19019
33488
24397
18186
17392
17172
29724
21328
21124
25441
22335
25352
20716
35200
38226
18694
43813
16499
38760
28417
15096
59155
59892
103531
102187
17223
16644
20838
18530
19053
15939
15454
26126
18929
16781
15371
20101
32102
37237
49043
56333
14582
72659
18319
15386
30651
15953
31997
16794
16794
21252
30433
28714
15300
21656
21695
19606
17217
15138
45880
24147
27827
38248
17586
33011
21353
19149
22672
23567
16327
13124
19993
19236
18407
21755
53056
54851
71686
51680
34193
42189
57845
42618
26541
15127
18375
49827
27365
37856
37703
16604
22796
17501
15212
16833
27620
14914
17265
14935
22998
38268
88712
20990
22468
17382
23946
43480
17486
15608
37245
31717
23389
32999
31975
14985
37556
22043
23239
14193
22606
27132
23144
19535
39558
18597
25605
20501
13969
16793
19842
15126
22265
29195
18106
19490
20038
48397
72521
24877
90016
15597
18305
18084
14563
39177
27881
14869
17923
17514
17286
21007
42244
16962
17139
20643
28814
18631
14895
14916
14056
17626
19260
18740
52329
54113
42140
20305
38737
17520
14192
14571
14137
25367
21244
13740
14906
16960
26110
17137
34869
16071
42445
21984
28086
17571
45153
19691
22145
29078
13364
20815
51843
23669
19036
14537
16596
19065
18461
28006
26273
16531
13257
14520
19830
29743
23241
36157
24339
38839
30748
15232
26727
23698
18558
24512
15189
17313
32538
19854
21266
24177
19543
18882
23776
32061
18968
16307
42421
13588
22182
18996
20605
36329
18690
56112
19490
50974
66447
44233
17139
33303
20243
19797
16402
22802
15901
15291
18366
32929
14638
19175
23388
19877
40307
22126
19012
18254
46175
28491
41399
18524
14758
50540
20682
18819
25807
20637
26271
15001
19131
28086
25093
37559
26146
42666
15474
20519
13922
31469
28752
27294
18791
31418
25252
28491
20222
18102
16130
16787
28122
30686
17481
16300
14711
22748
16026
15004
60415
23092
20871
19629
15965
23042
19880
72537
26032
17474
31456
14679
16196
18079
19066
32776
20508
17332
19365
16638
18571
24841
24869
21815
20170
27358
70967
66088
17984
21744
29233
20997
15636
16428
32515
70246
20221
16198
17775
16165
26592
17396
14626
14228
13329
26667
45361
18950
19835
49017
41015
42627
14257
16905
51882
22695
16115
83840
71864
38935
28563
58908
16653
22121
20374
23731
45249
38145
25614
16997
20935
40641
23466
30335
35384
19575
16801
32606
15761
20819
15527
41007
27771
21476
50339
15507
17634
28241
24121
40346
15411
16914
20711
23703
26122
54706
15308
17390
17530
18621
14724
22749
22159
21903
16825
39427
29191
17927
25320
33673
17463
39928
22649
58882
43328
30868
28793
34077
31815
23484
31536
16276
16276
15996
16360
17076
15190
18288
24621
21960
60304
36955
25223
15328
18933
22123
17647
26465
23275
26913
30691
17898
18611
19489
20975
50510
30272
21770
66526
17830
25504
16093
24805
66911
116346
15348
52646
32270
63420
69527
20751
172583
37140
124448
77437
68024
109471
86410
102477
130552
116666
32978
85827
19592
54843
108475
48285
55383
35428
17608
14688
24874
47612
45037
14680
58224
14539
16615
15518
15638
17822
12685
16829
16913
18414
25842
18730
50883
18556
25161
56898
41890
59702
31479
58377
36213
34022
39459
43145
19374
14911
26739
20345
19457
19194
25930
20490
17304
39671
37362
60888
18390
27787
16413
30238
14834
14183
16556
20784
21168
32812
26661
14536
35773
14595
15065
22650
17405
16075
21420
16116
28203
17161
17511
41376
23466
16417
17777
28945
15813
24972
17889
14810
18482
28126
29804
65646
39157
19647
15625
55455
20341
15582
25003
21396
17326
37147
15469
60247
19452
21360
23833
14538
16897
12942
17326
32291
18977
30058
39770
14921
23232
35616
14619
46032
24083
14181
17340
40734
20281
58207
16917
25895
29817
16499
17085
37116
15765
23174
27267
28151
15281
41235
21832
51396
25164
19360
69856
29114
13880
33124
18836
18354
41870
26715
21013
21648
21400
13966
24519
18747
20945
22724
35566
20417
42542
40386
33771
48864
42802
35302
36847
74833
107950
25817
15140
18857
38753
14386
18813
16861
21033
27648
39901
43204
30968
20841
14481
16962
14192
38494
19387
26411
19251
13275
20691
54291
44573
15655
28313
25149
29412
32271
16160
15986
43764
36371
39488
37448
36357
19076
22317
37459
37310
82012
94082
67994
103343
15704
16007
16403
35190
22760
39382
22346
20779
20447
33308
15534
15003
27783
27167
14909
44087
24139
24412
16233
18752
23326
16611
19233
18874
18352
34321
20670
26555
40735
21112
15980
19079
41243
17985
42953
17392
16417
15065
16824
14205
23592
22021
27740
15966
16278
13036
22692
18766
16601
14857
14770
21759
13871
27969
17448
36336
48808
24504
28348
34087
17742
29259
27911
16190
22431
27424
17755
16064
25678
19177
59903
15679
56618
27264
37407
32693
16233
20249
39177
16742
28234
26996
68071
84118
42965
41663
23861
19512
25126
33638
32681
39471
49437
20141
15199
27877
14877
37699
17429
25427
40067
21800
26218
15140
25023
24204
21715
19079
27934
33996
23401
34176
21733
15808
24489
70361
41158
39397
17061
25514
16438
18182
13940
14498
15324
17802
14306
18083
14081
18534
38320
46664
28448
17071
28750
32096
22640
17992
23842
18339
16556
16483
14387
17854
20047
38341
36884
24563
43664
24851
17824
22261
15365
17874
15228
26228
18038
35428
15347
30486
27580
20367
22183
14408
27131
17151
35415
67889
111278
35205
22066
14744
49186
35385
15692
38649
40069
17147
17120
58632
17791
15831
25597
25599
14062
17959
15435
17167
17448
14515
17839
16914
43884
17901
33830
21460
20552
31611
21617
31029
26511
20019
29829
23052
23907
36178
47617
16667
16345
15735
15388
14655
15565
15944
49931
32490
26723
20580
14582
14491
22349
17656
21952
14148
23407
15801
16671
30933
14309
16885
24631
23252
40420
17515
52234
20742
39002
47870
21173
47775
24084
22760
23278
24812
39573
21588
15894
50350
28675
19966
26863
22622
52867
16067
18509
26919
26643
39156
42060
71546
47030
58597
54451
15504
46173
24430
23292
17915
41012
16173
23707
26263
43177
22879
72130
61554
48513
38704
92057
27469
32975
153125
142509
21189
34353
30921
67710
49321
103352
34382
55065
16293
39064
54044
27561
60491
17257
19335
43474
62296
14976
27607
16563
29739
16645
19545
14876
38896
33987
41831
37137
20809
15806
12930
20769
26155
15250
19943
32498
43733
14459
15973
17501
19598
18006
16306
41430
86237
23110
33589
45372
16789
26508
16007
22624
34490
21441
15731
31521
15418
32594
44667
14846
23083
26735
63355
25937
19640
15386
40557
50103
70673
19405
23253
16777
27663
20025
24482
28445
40414
31835
14759
35798
19502
26270
21743
22810
33619
14588
36406
52212
17607
21362
53025
70201
87212
41828
14748
18546
39807
24489
14545
19427
19861
15687
224737
13994
28902
19514
37009
17010
16488
17349
36019
49367
20389
21893
19580
14548
114436
44290
15118
72237
14140
58654
26740
22039
44742
12763
16051
14348
18062
29869
16113
41308
17803
14439
22392
18536
21998
19538
43104
24846
17106
21773
41438
16432
38552
14914
17520
15289
27636
19895
22256
13402
23903
14091
14095
33850
22086
15180
18341
29656
15770
22589
20190
36289
21643
14236
20943
17520
19551
23401
31607
55960
19456
19393
34883
54616
75842
16669
15824
17259
19981
14634
19922
26197
14742
28766
52868
18532
21221
15888
17307
27811
20494
23813
17087
28329
61668
53919
59576
46315
14683
58243
19679
15285
28469
34258
25628
19336
24671
23985
13757
39696
27740
26618
47213
25564
15046
19528
25839
25124
23177
16218
60402
77353
69929
18602
33221
14367
51404
18402
16902
16399
33730
19165
29869
49946
33918
15114
29654
39702
32044
18249
49338
17341
23389
46521
34686
39775
22552
15314
25104
20539
16751
15877
17777
16443
22768
15199
20485
16699
20084
39837
39263
15663
74514
16300
14561
14844
15300
16403
33340
20950
14168
21589
21514
21549
28667
15244
21246
19614
25336
62924
17375
25440
32950
85485
41452
29017
14494
78312
28973
52148
67287
15032
24317
51263
39927
14770
17482
29279
15999
13295
14682
18781
15176
38179
74638
95629
26352
20437
19665
114606
60331
93424
70880
44542
27058
127341
98799
114580
75010
41440
84588
48092
27951
54865
48930
17982
47132
27906
65781
72719
24165
111821
24339
14006
21578
19847
14586
91363
21045
20287
28107
17242
27192
14914
26747
17016
16540
22458
25271
28319
28577
28511
14469
18288
15289
18859
16474
22760
18821
26459
20998
16621
30932
33397
40432
18159
22576
21325
30324
30077
23031
29845
28570
28422
18719
16458
26282
22868
24257
24662
51665
14834
45402
17624
14650
16868
16079
48085
39176
14473
15546
14723
23235
29664
47613
30931
73664
24160
18522
44895
35880
26558
24344
14188
40905
16929
15188
23094
26348
21838
20350
32872
15113
16301
15226
36231
30555
24150
32379
50215
51721
97132
24871
25587
22898
23113
17505
21754
81283
68645
31209
14318
16778
19018
50750
46817
26276
18086
71427
30457
15612
20132
54514
19022
15537
64391
79527
14861
47900
33517
31919
46675
66611
17076
25238
28807
16649
13200
14506
19835
47637
20999
49571
45401
38871
22647
27634
22007
24760
15674
45371
228649
23954
19450
25016
55776
29563
30418
24839
27875
20001
28573
32911
14450
17036
17461
52477
32819
30871
17319
