91169
43976
50151
55443
80572
81193
44727
82903
80405
101931
50596
100735
21142
38686
18167
90262
52850
68623
31994
15150
53483
14546
64535
40373
73169
121525
138026
64324
21353
72942
264557
162737
39259
68730
66942
162390
106628
142891
68713
72161
74723
86687
45022
59762
64424
67211
32130
59699
57537
71451
58183
49771
38042
47713
28377
28244
35788
28656
13705
17586
17765
23796
19879
17058
15596
15708
32116
19228
21909
34137
16313
24859
28042
23871
22848
16618
19363
16219
42018
18785
14367
14249
17180
22543
34327
15378
18590
20467
17584
27811
14798
15771
17340
28413
39487
19576
23772
17835
22126
39156
36389
52635
51859
41471
27779
25446
25852
36312
35791
31087
44388
32750
56484
70244
29155
16670
17312
31649
35692
48590
33264
37917
29291
24464
23448
17251
28221
41862
13706
34447
39310
41424
39962
30975
37008
33517
15558
15468
29295
18566
14035
15143
20172
24632
14708
21478
19432
15327
29304
16123
16873
25390
16109
26752
14670
19916
18598
15141
12329
17450
15066
27509
16405
27021
15976
15164
27714
20607
19558
14161
33826
16598
21727
30836
43089
15092
37763
16823
22112
14815
29065
28842
16321
19534
34667
19355
18570
16022
26003
22378
25632
20592
20280
31780
28759
14728
12573
20257
18312
16782
16749
26784
15443
16438
21815
25439
60016
38343
15843
23771
13922
77186
40714
22550
22525
24036
24836
23278
62344
64442
14364
57386
16674
19655
37580
37424
56446
16032
33219
25572
17018
27162
21864
27037
41545
13394
12878
15592
22203
23256
22766
21792
17480
30514
80689
78088
74204
66028
24539
15381
38024
27538
34851
36173
39234
35323
14463
16611
29527
24014
42593
26833
16147
12892
42039
18309
23166
19383
20368
22526
35729
28441
37065
15555
15874
13389
24285
12643
93335
48158
23847
31864
44923
36844
34014
64055
49907
40678
48021
14314
27456
58613
16180
31599
65186
34533
23067
44203
61643
43335
58386
62030
28647
16686
16664
13863
18469
25891
1048077
407727
31478
19802
23509
30977
16478
17230
15825
25694
31693
54440
45084
21100
29556
15863
17460
15746
15426
15818
18167
20466
27912
22036
24196
14694
46176
19256
59126
15070
23608
38653
42214
13234
41997
17756
15754
21660
26446
74080
87848
17439
13738
15517
12989
24054
15535
18747
21059
22579
22515
15445
17771
33738
17889
61468
16337
34158
18899
19290
17144
25052
18043
63068
31553
17870
36411
38148
28793
16861
37485
48070
62397
44798
52653
62662
49023
34298
27575
26369
32885
32319
55267
50238
52928
16892
55366
33894
18405
42405
29994
21264
31696
24953
44063
28766
23799
15312
15249
19071
19755
20100
35110
18257
21833
18563
14880
14681
22153
21733
27631
17149
20870
63792
20409
15931
25273
24773
21855
19904
12271
52928
24712
63957
15279
15074
13916
25177
16489
12824
15284
40092
50976
38051
16438
16818
17152
25994
19063
53874
26704
23842
34594
44543
51182
18933
19623
28727
17997
25365
26196
47840
15864
15053
43506
20301
19984
23330
34610
13413
14639
16856
45061
29235
17048
32395
37327
48796
21098
18091
16670
18220
16408
16950
15338
37376
26358
25288
31696
14535
31225
33282
30930
21158
23465
47297
55035
21374
23088
29212
15361
32669
31217
32056
36489
15814
18006
20070
28962
19083
29278
47129
19390
27331
53447
17306
15741
17323
21159
29752
25803
17228
13748
17521
37490
16119
24085
17326
15098
17385
23352
18283
36847
18341
21232
20166
19386
32093
39432
34100
18394
14528
16664
16095
15237
25526
31148
40299
27802
31529
23628
16435
16054
14906
30134
13793
32506
15264
42084
41577
50982
77195
79677
62237
20033
34456
46256
73591
17091
43383
19963
25482
19128
17624
21775
26214
16032
18341
23628
20307
18309
16268
23761
20766
18889
15063
16607
19167
18799
22315
16847
17812
22914
21477
22153
15717
35355
29046
28811
23090
15649
239101
325524
190788
244561
50104
15776
23792
28804
22532
15974
16840
84461
35978
60814
65723
47306
31321
17737
22783
20554
48420
36712
51622
58475
16972
15663
25114
43396
25086
16536
32684
34517
19891
23973
16687
15073
22101
20095
17245
25099
18644
18786
21556
39750
40573
40357
17923
19370
18523
17134
28553
25405
16574
16140
33374
26313
46814
37573
13933
21137
17167
34077
36706
53324
21464
23627
19007
16293
15783
23243
51645
19891
19221
22980
14221
16983
22331
39296
33882
46241
56097
63272
22972
14028
15081
16303
14780
18897
15228
21079
20191
19868
28433
38088
17489
17789
14530
26303
16307
28723
22317
15703
23515
17468
41286
17699
24277
21303
25784
16023
28549
24856
23456
16689
18610
17565
26488
20441
14960
20504
17082
15111
16511
20244
28110
15907
15797
17178
16985
13991
18918
18797
42407
18138
19933
22947
29246
70388
63232
30667
14187
19289
30833
19465
29722
47734
26739
16902
22225
16760
33818
18386
38399
33090
45145
21064
30995
18252
58472
67994
56956
33345
17469
36821
51544
18392
18053
46478
49415
22692
20283
15757
29591
16141
19660
32994
28359
19586
25593
18190
42217
73184
16494
13751
25487
21388
17506
23527
37790
15573
17026
14837
15785
18118
28238
26232
29753
40309
70227
73733
50244
52282
107829
14793
14076
17548
18564
18301
23978
18302
30951
17902
22603
22716
49883
49223
24674
14494
25589
35315
15071
14369
26725
31380
33717
21748
49828
35812
25602
28441
30102
30929
17840
34688
22494
36747
43899
45260
46203
24311
18839
15744
23854
17397
29608
27392
28091
43960
36039
28798
20406
32381
30375
15059
19983
14627
20211
22737
23094
35119
44016
28392
23010
15506
21637
17206
15383
18741
21418
22992
22920
14288
30885
17996
34466
32578
24753
20768
26911
26638
17499
28454
16882
16052
25628
16630
15876
16393
19085
42131
34947
20597
14174
14220
17499
21242
23496
18470
25495
19251
17119
28238
28438
22415
14308
19708
18072
21796
20312
34492
16681
13854
18542
20361
17000
32517
24046
20580
14729
23842
14972
21262
28859
16890
27687
17897
41631
17177
17768
16662
14034
18567
27526
34105
37981
20403
14363
14941
30960
27515
19544
16338
17369
28147
23381
17248
213406
45781
384398
17163
18779
31945
14529
19607
15087
18592
27212
14219
38737
36861
19949
13742
14233
16299
19216
229168
32889
55486
226360
18989
29075
13857
18492
18253
17637
18339
25497
17856
20142
15769
19933
25477
32406
25987
14252
27775
22126
64379
17899
19008
22514
64770
25935
29865
18601
55521
51166
60360
30246
29735
26318
32297
27539
23042
16452
13777
15754
18942
24731
15410
15196
33313
42928
23794
50023
63379
16442
33625
24518
14104
24552
24969
16211
16075
48738
22815
18221
21401
71885
25852
25464
30105
16361
16762
20797
26200
22346
25364
21233
51243
16412
17335
45648
62946
39228
43626
22239
42140
19637
24079
18679
15692
24917
20456
21724
48123
26182
42246
16969
17985
51725
52949
43981
25359
17176
30045
34585
31611
29873
28111
40460
25204
80901
44724
51836
22427
23727
23495
40740
19697
34569
17366
18255
29355
19462
26598
21929
29899
28850
54763
23498
20196
18592
39791
49181
17063
20022
47740
40472
18613
25824
66403
27201
30095
13933
26166
39631
44315
25952
28374
263608
17323
19822
219603
189372
238207
275797
30624
21565
21753
18651
32976
38597
15918
29556
233276
23982
26975
26137
19567
21525
17189
21488
24133
57323
18197
22048
20552
81282
37006
34896
16013
24276
25262
27002
26837
53228
37568
16418
20862
31593
45586
61819
56223
48708
25285
73924
92503
27976
30092
30860
17920
32732
41840
14582
26230
15487
14813
17964
33490
16486
57591
264128
230689
162842
13807
16813
16069
20624
19470
21629
17045
29441
22322
23932
24840
22913
48432
25604
34966
19430
19668
48343
37146
14466
31195
14794
20773
31561
45079
39136
23166
20048
48140
50845
20926
38987
27948
20897
31090
21722
26980
19145
17412
18015
20928
37844
22932
19337
46938
36502
45002
39634
19732
21221
26952
31912
25497
23185
27610
15122
35023
15943
22382
29371
17611
19243
33803
26214
22395
15747
22065
17898
14401
18366
18625
26213
15618
18686
15409
19735
27900
38468
16946
16136
23953
23623
18601
25380
17261
22684
21753
22082
18144
34338
16198
15683
18334
18477
22177
22931
12866
17796
27387
13271
20076
21937
42785
72621
105598
21341
31033
28462
54736
22356
25594
20430
25321
19732
32827
56319
32954
47196
14718
30751
36001
17857
20073
23129
25510
28981
36631
20305
27308
44044
33194
14868
15001
19282
18428
16616
17266
16724
21547
47155
48140
23170
19198
18370
18166
18492
41481
15620
37151
22656
30767
21961
17263
23000
38509
25064
32217
21311
18292
24216
22401
22708
23381
21862
20073
17212
18025
18636
14319
34599
23312
14027
27618
31885
23793
16308
14250
15127
14058
19562
28239
18402
21040
16338
18749
47036
17771
78142
101963
127301
15494
25539
77920
49410
75101
37685
107349
144282
138501
220225
133334
175901
74505
59688
43443
28057
126171
70716
26739
76627
82325
151776
107670
99920
70552
19493
70712
24376
17951
39977
90169
49247
44809
28032
19379
54373
78297
37860
49483
25656
18112
58882
54098
54746
14636
23038
15645
17905
27943
24370
19644
22257
23758
37885
26434
21235
32453
30543
23108
31657
16518
23433
18134
21052
20513
27544
18558
32949
22521
25934
32883
16529
42744
22554
24834
17525
22180
23646
36871
14736
28066
21689
32486
36541
71669
225601
212588
164411
22820
25988
22424
234188
196445
106387
64510
33430
63146
29438
20115
20588
32159
73629
53604
25143
61937
98808
63780
71076
69935
60165
56016
72972
78607
99237
119167
171144
23301
67492
43448
118399
54180
77656
26419
26250
78205
66185
37456
26790
55703
22511
23803
21580
23507
23223
24944
51812
74650
58453
29389
74599
43907
75958
58035
262911
201657
216235
232679
195028
75449
32299
35122
55468
78652
87227
45643
14903
31196
32138
47494
23802
49845
48724
53067
31227
27306
40185
63311
64630
44294
19339
20671
21882
19909
38249
20328
25104
15230
17124
14342
35123
46235
63277
27010
35328
48083
14297
15421
28954
84857
101982
34121
29804
30322
15406
28309
43502
30445
36559
22332
25590
28699
33148
45161
27566
17251
23200
18426
25338
47432
21199
29497
60265
24086
29104
46395
20602
16195
13032
30624
19575
29678
25560
13673
43042
44128
23555
17811
21540
14564
20760
28458
29636
38432
29363
34413
30271
39574
48056
26584
19271
18429
17391
19871
36826
16895
16454
21682
15573
25536
18691
23688
34634
13913
28212
15640
38078
17756
13338
25414
20929
29899
40732
21934
25532
35069
16431
59990
70863
52020
82139
95933
57216
44069
50762
44533
45633
72745
67968
67368
72618
26516
61863
44074
33054
16944
17914
33679
47947
41907
29142
50300
37649
33497
40463
20643
18149
20118
27701
59976
73087
18433
32354
28794
30310
33086
20609
15757
20091
15155
24434
19323
22053
41331
62457
19400
29416
18688
25872
16080
16324
25175
25766
28949
39021
13985
27120
23960
15594
29950
32463
24483
39746
14252
36906
20635
22091
20704
20825
21916
18321
14491
14234
17466
24737
22251
53391
16784
25620
30361
59293
27781
16179
16129
33583
19066
16608
18966
18528
21949
19371
23179
54578
36112
20447
20404
24984
31284
13520
17009
31498
34077
25395
21432
50351
62403
19218
67039
47127
17693
32015
16286
24036
39502
37447
43065
24414
21980
44820
39055
25106
31780
25433
25555
22850
27516
23217
21876
25076
29424
24308
21761
20101
25149
16289
28864
29850
13305
15156
24929
21424
16335
16132
20003
29021
21397
19242
26952
26993
17390
19875
20487
26348
32948
15706
18259
21072
22346
32094
38715
48027
22866
43756
18309
36038
18087
26252
18223
17503
24827
24478
33042
22009
15374
15121
17742
14244
26770
18329
14133
25532
42384
28030
40276
55573
29636
24471
14903
24553
45899
14860
27161
12578
18428
33564
37371
68631
16586
43277
58490
18967
18897
36508
20588
20165
20931
14433
28762
17346
20351
14253
16639
15807
30134
14874
222368
135447
130719
26105
15059
24269
14039
24793
16337
18278
30360
20944
30091
17612
25497
15248
23986
43670
43800
68096
78966
74159
41435
51047
52464
31844
49553
30266
33735
20633
19887
27767
18319
23795
30079
28074
16497
27824
42949
19762
19952
15080
39423
18900
18539
19769
15844
21876
20877
15355
15315
15158
30714
15181
49979
20694
15674
29700
22217
20990
17301
40249
32230
18642
39863
17081
24463
21666
48691
29407
30867
13657
27214
22608
18612
23359
35087
29770
15511
25469
33254
19278
15915
33262
24233
24212
45202
70018
20282
42272
24330
22516
19781
16924
14356
17082
21773
80882
63031
39496
52851
75898
37451
18118
17373
18065
20451
25621
31448
32358
21607
61926
38114
29384
15745
24019
21704
23275
24366
15526
16266
45793
61863
23137
28826
19453
21890
25110
21512
20856
58432
15235
20912
15814
20825
28310
24826
19579
13739
16761
14420
39737
14526
19282
19532
24372
15412
16036
15799
43469
45793
27556
32974
18639
60918
19246
18270
16906
23376
21851
23873
13643
16872
14462
18459
44335
13762
36406
15436
24036
27278
17363
17558
17012
34245
45363
44436
229240
30803
21277
30358
32358
41262
17070
50798
36190
14930
26930
15228
16589
17404
17043
44139
49705
47293
49835
24151
25523
17173
22010
30009
12600
53513
37703
14558
24920
33790
21906
15018
16376
32503
21840
29805
17137
15055
15898
20359
17135
27074
38678
34054
29891
28454
36514
32689
16199
19803
22287
23948
18796
24235
32255
28835
38910
18230
18362
39151
19301
15768
14510
16163
21016
33536
17354
60028
21463
26923
26802
13784
20818
21254
50413
50603
103646
63877
82794
47534
66787
23709
34954
45526
18753
43918
72770
39332
36869
67238
51937
23239
23637
13671
38194
43667
34629
42955
55157
76499
96339
113537
37212
37822
33501
96881
58997
37198
27333
17808
14975
15544
19747
56630
43542
35455
17816
36241
24898
15629
13029
17200
19232
19584
15685
15867
18549
29823
21878
20884
17830
50654
53723
20355
29607
31401
24919
30287
21348
19319
29903
22237
14690
33006
14379
21461
29053
14876
31839
24626
14136
14490
17717
14976
21825
17278
21411
31179
23163
16710
15085
24816
16783
21128
23257
22814
36555
38815
35116
17667
24984
42492
19181
29976
46500
29482
14137
21006
18125
21883
14262
14594
21145
18062
17803
23821
14433
16339
28058
20116
33592
23212
41657
16340
24637
21435
21375
24658
14447
13820
16592
38626
19281
74061
90890
35886
52717
27307
18024
41406
23144
37927
14227
17181
15664
19364
17007
18296
28164
44583
37745
20502
16178
15785
17634
14638
19332
13191
16397
22330
27998
40960
15687
26239
17188
24501
13540
15327
15524
41625
55886
35550
27283
29123
42106
20777
16264
25570
30908
20130
23078
25774
25232
14526
16998
14055
25100
18828
32273
16597
18248
40525
20136
18294
22428
31802
14512
15258
17126
30637
19281
20130
19594
13174
34708
37039
45572
34129
19088
15022
29705
14733
25286
35433
25030
24281
28384
36081
17760
14834
16250
28255
21932
23867
39012
49541
19270
19201
31380
32335
32465
27337
18558
22837
27078
41032
56920
39045
27862
46903
16624
40303
21027
19983
29693
20030
37702
31519
46126
30871
48916
18500
22447
20396
26507
23063
17232
21819
40354
43016
29947
17394
20973
31405
19218
15833
27776
14262
15917
44215
39546
18203
20543
43882
42330
16965
23495
23371
15527
17052
19044
17029
13206
43057
22299
18652
15678
20351
32829
28429
17163
30301
20002
14482
18154
14189
29012
16012
16032
13355
41140
33228
27277
17344
23870
17745
20113
26736
15490
14040
61238
31110
52219
35100
25259
72325
88474
39010
49024
39861
16825
15085
18428
26521
14904
21671
15035
28314
27523
19366
27279
22183
25880
14350
17895
22311
95127
17089
21554
19623
14872
26360
17617
18493
25918
21718
34907
49770
28537
16588
27190
21234
20627
37677
26394
19902
46718
25316
21862
16095
22438
20302
20727
14337
14855
41654
22126
42803
25978
75181
54288
56973
28170
22274
29288
16239
27732
17124
36462
81699
43922
21024
32866
17403
41975
29761
13823
23830
23871
53501
25787
26651
18637
17740
17174
36038
54084
25489
23527
32966
31915
38223
34497
15594
23971
36715
16899
40967
31400
40141
37502
25486
68852
41761
15355
21375
37945
58743
25690
26050
36824
52909
18519
30919
29907
23400
25707
26173
35825
64871
62259
55859
159402
101388
229341
210360
87291
219810
66355
61304
45327
31648
51986
58834
31219
30190
24355
21868
14301
18288
13526
14776
21677
45162
73150
75373
22147
20071
18142
16076
32698
38575
15511
22374
14836
13266
17566
18414
21421
17562
21482
26365
15911
27845
31790
36218
32051
20498
22054
57774
19525
22848
13609
25573
24282
17841
24350
30533
15767
19546
65891
75408
15855
18086
33069
38336
27926
43039
29009
15025
254478
38884
82461
26003
21072
39770
38659
23609
14672
29301
24618
22561
20058
22946
17127
27758
26214
14543
19836
56717
32503
30408
22966
61733
16298
14815
23915
29167
46652
18816
29072
17707
21049
22947
43459
24183
66058
15315
32003
28543
38319
14413
25169
35040
37816
36582
35561
28611
18030
18780
12956
35900
14442
19507
63162
22558
24713
20563
20090
27649
28819
17352
16752
17968
21815
53720
26892
20130
18589
17539
18688
45057
18387
32691
15128
12930
24944
24498
16317
17484
16032
16240
48788
14238
27327
39874
27983
77081
72408
47183
67406
26028
42187
23196
41107
22483
16833
43813
23146
14688
21321
34426
31392
45878
84339
61929
37989
55038
46917
67528
24264
30798
29551
40453
27257
37677
14123
20570
13985
14937
22099
27268
15650
14139
22469
30348
19705
23338
18108
30653
17211
21253
49557
47764
22173
25236
20195
19550
25404
18166
24414
25791
18907
17397
22037
15548
17215
17199
36850
43166
49424
30540
29857
19064
21469
13493
37430
21887
15976
23433
25796
16070
22967
22715
18685
16583
22402
32870
58487
79810
40728
50006
41938
17253
23216
24211
37393
24402
16187
33835
14365
38670
40803
17374
16449
31431
14795
14616
30578
25022
16198
36910
18052
24329
54131
37809
14898
29369
25396
28767
60844
70039
27932
22386
15205
19159
25904
22760
25138
27030
22567
25524
13702
16349
15080
21954
20631
16841
15475
19691
19533
28667
32317
38318
25644
22083
25635
18471
25832
23772
41138
28885
44500
78585
22499
28252
60637
33895
17967
23807
30353
46428
15861
14395
24651
41882
42121
25764
30120
36865
18586
50714
28617
28169
46548
50528
17276
21696
33633
27658
24413
28974
45191
26160
233291
169607
78233
63409
38199
15298
33464
17220
16778
30047
42038
20592
16726
19007
15700
15153
21495
58290
65540
33682
20092
17058
21036
16323
22328
20207
17796
16193
21370
52224
33543
18921
48737
14951
15889
17608
19055
32100
16491
16966
38246
41078
16536
16562
41804
23367
18061
17339
28179
30394
14799
29473
38904
15543
21739
14921
17967
18951
22771
23903
17829
14628
13423
20994
18507
15664
29547
42249
25756
32569
57208
34979
15510
35411
16046
13961
19847
37899
24736
20265
14530
25733
24640
29812
18734
18973
21530
13432
58126
16314
18853
30211
16293
26812
59669
34390
25556
60867
54982
23999
18906
16138
17470
25800
18405
14778
20813
26361
27574
13432
33817
23382
14288
17467
14988
41487
13323
14426
27224
16605
18087
14335
19962
12801
16261
18102
28526
14873
15199
17647
17854
35711
84809
18286
36664
21287
18369
33508
25843
22988
28761
35118
16881
24076
16982
26592
30150
38450
38645
19100
44526
18814
18144
26958
24790
13315
20225
16049
26103
20484
20090
13586
26414
19448
52025
20368
23893
16928
32304
26938
28122
28171
18377
68343
19711
23415
24094
23537
18027
38683
27357
19716
24576
24494
38722
26514
13847
25174
37621
56549
16052
25239
23281
21954
24689
24907
40349
19340
27530
14960
24976
15984
46975
39066
30445
23109
34560
43918
16915
20933
23929
47258
33939
26263
41422
35611
15324
13162
15284
24472
29805
15069
19758
37774
24248
32379
36505
14940
16525
16523
45436
60222
22289
29434
16262
17670
22831
25751
26392
19546
15351
20263
30216
95774
76336
52824
50094
24077
14260
16017
19412
18139
15661
20567
18348
23739
23803
15533
19844
15689
21520
14581
16864
15771
31964
37545
30071
51080
48837
23558
62134
24458
15406
24566
19137
24838
18635
27742
20412
46507
117152
131654
148444
134297
129241
116530
39186
33377
25972
78694
72252
33609
47669
37966
12543
20968
46028
18616
35764
26662
17590
34108
50380
20237
36478
18067
19783
22543
23434
21038
18557
15582
17285
20878
17491
27369
30485
56753
42116
22289
28661
20028
21734
41640
43131
60757
72153
34830
34556
24538
37003
46351
49005
64662
18628
33330
26725
23206
35381
22263
22682
18455
23983
13172
35883
21823
24185
41041
86975
22703
20773
28614
49845
65924
38033
44614
19536
29862
18037
27681
16341
23965
15674
13919
20126
14565
22406
34654
40176
243039
31978
27579
22984
17418
51798
70040
25465
50528
34338
48395
36051
32357
31501
23011
59577
16090
27525
16232
36644
42826
31979
66241
31288
38861
17209
22499
16801
18828
21599
29920
30132
25844
40895
21053
21921
14063
30411
34957
36282
75439
48164
52593
13850
18915
16319
16288
14606
18920
15189
23999
32886
12902
21687
25884
14516
15826
26689
17282
13689
17094
19047
33989
13798
16543
19012
15118
30456
33847
52193
36861
65692
19427
15101
22920
37456
69479
50617
54517
20831
16540
19373
24434
16166
18788
20704
20302
15712
15796
24003
18760
21256
25860
21869
15045
18835
23855
29593
25151
16868
46179
31753
29023
21054
17276
15586
33221
15506
23186
15201
20872
30797
36350
57257
69563
16283
44359
25761
14921
19125
36672
20573
14570
21739
17284
16366
18740
20745
13898
26786
26464
30123
21153
50050
19950
21357
44944
21039
30605
23690
29504
29668
25227
23232
36113
23266
19839
38190
28799
17254
21874
15350
13621
28264
26036
35086
39623
15281
18998
38643
21093
23404
26458
18956
43628
55293
17306
23248
19771
19559
15156
28765
20555
34203
25115
18635
17758
44511
26145
36174
17025
16405
31675
15523
24181
32317
20580
48818
43473
29539
15754
13479
16472
19350
34591
43539
47931
40412
14679
19361
13358
33693
22642
20261
75022
51103
39240
24913
44590
58256
83346
56891
21125
62504
28006
37021
84147
85561
75366
73608
94492
59636
47957
98973
28613
17443
17352
24009
20514
24179
24019
15392
41581
16148
21686
29969
39201
33534
22606
24977
19593
18244
23445
20897
45308
27626
36508
43954
22637
35182
37591
15377
23900
18717
19807
21575
23501
23733
36704
44830
18432
51100
17896
28228
16788
19133
12755
16942
20468
21373
15274
28505
44410
28883
15400
16267
33075
19810
35289
61856
36082
55214
27355
19031
26530
31139
31707
29290
33967
19185
19731
38505
35962
17064
42922
35060
17617
21863
46599
43684
13199
20433
17515
32730
19729
15053
23616
20429
47547
29183
101698
133836
55800
100832
69698
94996
44349
43546
16880
25377
22194
15028
18970
23646
17272
26567
19544
32708
39379
15339
33955
27441
17828
48296
16475
23017
32448
18254
18115
39524
39452
17013
34293
16435
16702
36021
44054
36964
26110
35306
35251
35478
44693
15940
28014
30716
17808
16834
28704
24576
42760
38042
52874
22361
17585
20503
41215
44584
23319
28407
60990
22887
15376
34308
17390
19561
15015
17089
31996
20329
14799
17795
15829
18736
14639
20829
24057
18458
26194
20502
16439
23112
16493
29131
19470
46397
26971
20286
24945
21617
19889
19376
30997
35014
34932
38362
41158
104966
42316
16867
23954
25828
15002
25327
22673
37411
26212
32552
21016
20871
17857
65061
18956
18909
21826
18538
22330
25296
31588
28666
36531
24361
15389
24145
19727
16306
16951
25350
24356
14119
31226
17030
18659
19043
25846
37854
22107
15911
15598
39336
26798
26453
21044
65849
74563
37983
31104
21249
23766
39434
26562
37551
21293
37227
32950
19394
18776
21410
20236
22142
31287
23630
14996
15679
25405
17740
20085
15437
12623
21944
15737
13795
18245
15285
20084
26129
20933
29642
34600
65344
24566
25537
15518
23963
20072
31931
18307
23367
20059
33277
24623
15069
27093
45404
37062
22259
57223
51603
41100
33136
15441
19279
18549
16599
71110
53150
69203
33988
14174
14050
15490
18993
24730
26700
30265
18757
17395
17294
36936
42829
30423
16429
28758
24750
19435
17151
17320
13597
22851
36990
35602
26598
16159
17356
18918
24943
37629
39959
29931
20880
16570
18901
15175
19264
20178
36155
28424
30637
23851
21951
20093
15411
35162
22738
26815
18325
34114
21477
17150
18967
39862
40188
20560
23188
38576
48587
21928
18265
15383
22894
40464
42668
30582
31562
21216
15961
39258
22302
21519
21084
21630
15039
38438
15673
14394
41289
76935
40577
41721
46339
37953
53827
15479
39213
17991
32646
23594
17728
15986
21859
19160
60434
16409
54438
66392
111283
26451
101353
25194
37473
16745
17218
18686
16319
14293
16379
15636
19880
29945
19136
22640
17871
19757
29026
15432
38126
30545
30215
24926
18202
30397
18670
26196
47205
24388
22846
24310
31966
34955
25951
17341
13154
24631
25092
34852
18145
32660
32242
34588
16613
19441
29393
21075
65301
24474
32501
54280
42542
54212
27777
21323
31748
19618
19147
16045
14791
13997
21725
17693
25046
14904
24106
16959
13845
19499
14377
53013
19439
20441
18865
17655
23303
22855
33065
22299
20171
16922
31033
49135
17185
16532
16650
88469
14402
25162
21791
25918
45152
24507
17608
38093
30317
21976
16139
21506
25738
14473
22588
15236
15800
14308
13267
76747
74546
34474
25829
32433
16343
25665
19212
18272
26785
15903
33073
27254
15605
15807
23149
19055
25487
13778
62032
33133
33220
20139
17310
20291
30834
211557
179087
40591
22244
19871
27832
25500
14968
21775
14460
17796
20715
23274
26558
26084
29944
16632
15027
27602
44334
31148
26263
24786
18029
24586
20734
19062
27265
45657
23926
41642
16347
15377
54464
32429
45407
16455
65127
61460
47730
37183
16474
24579
36355
18147
17740
29827
32163
31938
17359
13998
37953
30712
34246
24424
13979
14169
15302
51850
21947
23284
26600
21864
17380
69288
17064
23535
33316
43777
21713
14664
22251
25110
17643
18842
20571
22966
14906
27108
28378
24429
29029
15853
32494
40572
25267
49282
29001
19741
25742
32271
38204
47587
54585
78453
37365
84794
46844
58709
55391
72748
32456
63489
18772
25786
24388
22324
19205
24887
65796
55324
22360
32567
24051
16647
20861
25505
14512
15193
23307
15528
33179
16248
18090
16854
48104
75979
30285
19196
23922
24198
18118
18605
17640
32184
43354
16542
40606
55233
27790
35020
22931
54211
62071
49837
18162
20535
17508
18888
13868
40613
15980
19515
14469
15882
17564
38049
20412
14881
19294
33488
25462
19164
16572
33445
18015
13375
18362
17576
24877
14193
14144
12952
15873
15025
23844
22207
27203
40013
30395
23347
25528
41587
29520
46191
40144
56472
43102
24147
16884
24737
33919
18653
18013
16014
27920
24347
20569
42145
42919
21077
23668
49826
13407
16820
18211
41963
31538
61029
47032
20674
23422
20539
19096
30044
37013
20120
14359
18794
38358
19635
15017
16598
20134
39875
25388
43248
20639
13930
31598
28758
25842
29025
19748
16146
18875
16168
24343
54945
42006
53559
54431
38805
41878
29596
37821
139295
71029
42047
41807
54074
71811
57550
102402
56580
20353
28835
22289
65469
24680
27962
19716
19071
26326
16741
17074
39348
33603
31330
17948
30726
47120
43238
21632
20708
34539
26563
16875
18200
19496
17133
18195
17665
23238
49077
58083
24645
17141
59548
37515
37499
38126
72156
68524
68307
52536
48209
48833
50749
16283
19969
22444
23166
17900
32393
49141
26209
46073
18245
18072
14413
20388
15036
32241
31796
16436
32414
34228
52637
19529
18512
15923
27376
33066
40907
39718
19474
23117
15545
23018
20556
27063
14317
19182
19855
18486
17178
15224
21469
14610
23065
32250
24629
19119
22129
26975
17664
40720
37874
49899
67906
38296
55243
60988
32245
18816
36148
46417
35648
22466
16424
17179
20260
27776
17388
20306
19049
32309
32031
35347
26453
31725
14212
16147
20676
19183
17988
29190
35961
14938
16461
14084
50293
19410
47713
34241
21546
37523
28715
46105
54130
91440
83730
30217
31357
40437
89154
51250
69257
62913
59075
37556
15500
26462
20847
12979
15362
21566
14787
41103
23342
17847
28204
25940
20005
30937
33091
17986
175432
24596
28381
27245
14947
27548
16825
24415
20569
16859
24899
19272
20972
18388
16723
23208
43090
42344
15037
17027
23208
22449
14219
43728
16500
237277
25415
20367
16840
12785
15213
19613
14562
14379
21362
13499
19224
18439
53647
47579
45345
27005
17519
14859
15102
21772
19843
24477
42119
37377
72178
61571
14169
20088
17701
13460
19260
43559
21428
17342
72115
53382
20732
39031
39879
59907
88224
34918
28938
13960
17230
13977
13596
32706
19717
34821
15739
24050
13647
44406
27364
16307
14789
13302
21369
58247
20325
15766
20149
15742
19530
18671
17333
18238
19935
26553
21186
14061
13804
13681
12951
25924
14762
35688
22226
21058
13881
17467
16817
14181
25652
23647
19270
15399
26206
23278
45579
15720
17187
41635
13799
26524
14278
27860
27494
27036
17964
26308
13422
20106
19076
28075
26849
33962
26623
14380
20249
23183
30024
22369
18373
13913
49254
42679
27991
27690
29489
42987
44825
51802
52239
19067
35938
24889
22176
49853
22330
35758
23755
34185
38340
11853
15426
35647
17770
30125
29710
35212
21749
27805
33447
32604
33247
31734
49666
101753
126624
21341
28054
20759
23463
18026
26525
27737
25515
19094
14979
15332
16971
19616
20363
80158
18402
28582
26193
13821
20830
32515
49942
20782
25502
19741
25629
83295
48147
66240
32162
19648
15268
13872
19749
15624
15678
24207
18800
17060
24135
26215
17865
33483
51974
19248
21970
26951
15357
21333
19276
22165
16070
19839
19996
58981
72317
34783
16471
15046
57379
26509
21818
21803
13911
29582
18480
58460
27827
44801
36485
18382
19017
22783
21729
16810
20113
14895
17233
18787
13092
20869
22621
28619
16050
23655
30940
17631
25120
22604
20265
32670
62730
56710
120636
107891
29309
40563
27890
14959
15066
21491
32077
22986
23061
25261
44494
24925
23727
43660
25368
29459
22793
30456
38661
14067
20581
20974
28232
26900
18987
25472
15700
53707
62664
16504
20531
12925
22516
22662
23212
25620
19984
16335
24871
29262
22724
45311
20703
76714
102989
94828
68062
76622
25695
42987
53745
24861
17801
25009
15174
42550
28331
19687
54286
22532
27789
15762
15565
28406
32499
21356
43904
20844
53366
66332
21589
19704
40306
34265
13478
30899
26638
28359
17602
20602
18024
49968
15794
20845
18388
15790
15151
28627
33956
28177
32310
22869
22318
17738
25025
25472
29935
18878
27813
18663
36184
15480
48625
32665
25193
53956
15507
23566
22320
43457
20471
56538
79249
26945
13949
18673
19667
20315
27585
17120
51410
18608
19151
19893
14977
16653
26080
29832
21231
15178
15169
22500
25820
35785
54661
28175
30453
37671
43490
17692
18963
14862
17765
28561
19257
28414
12101
15043
16019
15512
27212
27148
22728
31756
25110
16262
16352
18428
19789
17033
14062
35016
22090
24545
41982
39027
43819
67079
37519
48078
21824
23221
24176
22930
18164
14870
16450
28102
16601
44454
38348
26715
14149
37466
17793
14511
26789
22948
29241
19114
33275
39425
30074
15648
31851
33151
40382
36707
23133
21187
28637
23270
17108
17231
22865
14728
26794
17744
18494
22315
20332
24085
16759
19634
27232
14199
27089
19331
19541
29025
16807
36078
16953
24231
21353
28826
15454
20185
33895
28601
17061
22868
19589
22289
15982
24376
25788
32788
25306
38055
51469
18676
16788
21419
23480
48371
53878
27447
44628
49220
21767
22284
47069
19869
26065
31494
31266
29585
17249
23579
25834
32260
29376
18549
21051
20392
42280
45311
18677
13260
19775
25486
19974
41789
48178
81122
58354
45374
35089
14879
19771
14764
16286
17361
14836
15984
20044
16014
16751
33231
44781
12576
14966
15276
18955
17650
18313
34283
21209
21019
20159
21569
27447
26010
16236
20810
27889
19762
27417
27524
22726
27437
32565
21458
30403
41413
39064
29332
16542
15122
27401
31002
33517
17324
15251
20227
21671
34615
14563
39919
38733
24559
37095
19531
14555
16230
25287
14636
52090
22504
23694
15725
49114
18374
28201
37034
25141
24669
19511
25765
34307
22929
23861
17676
17017
14357
12722
23336
14800
38433
20867
13633
43214
41886
20143
22245
27408
27115
44360
16302
33210
16737
16309
15762
16057
25390
18836
23894
34367
20855
22636
19118
16474
19484
28364
21454
54476
27606
18889
17643
15762
19548
20650
22104
17073
25126
17019
15755
15169
30974
61344
21701
27980
24401
16295
28370
47365
40971
48464
69598
62959
90838
42817
13740
43042
39754
39629
52952
105058
108694
63466
286108
270398
262111
200758
85980
24581
26010
15252
19356
20244
29669
17196
25159
31007
26360
15958
42745
22074
18428
19679
48040
17480
60434
52820
28820
30143
14856
30929
27353
14735
22258
21493
34870
47157
30829
22764
22771
20058
30377
28004
14490
24491
28096
19740
19997
19747
32660
23437
22980
23100
40563
38533
26015
28040
16350
20834
36813
38585
104853
248931
28440
19755
30999
17405
35951
25167
40377
23807
44903
38486
31070
18676
12952
20422
13607
14953
23007
34861
39593
16533
18064
20900
18221
27175
22520
14503
35271
21701
15588
49631
28600
31727
16280
17595
42711
34991
51713
22796
51867
50036
28964
24368
16990
31149
14483
18986
23817
21804
23339
19409
19602
15131
22793
23097
17343
21215
17080
30773
13611
56886
75669
61603
60803
59183
135815
59044
32135
60399
81096
37196
29476
42674
63112
75013
60611
50734
30801
28214
54567
23399
15896
44688
51745
41609
88905
52030
44260
94883
75621
68086
34996
47830
37957
36037
27246
27279
75948
89476
26962
68957
17432
25641
53516
74464
76429
74646
24449
31770
26207
38174
110320
48889
64689
38011
29845
20028
16570
25311
23263
32032
17273
28826
31286
63097
25577
36651
79603
30992
35730
14035
15884
20156
26086
16472
24585
26110
31634
49871
14152
13783
14688
38010
23108
50405
20609
16950
19675
42685
32661
25887
36894
22347
17718
17343
17445
23832
15486
17966
15875
15040
16137
27791
26040
43195
16978
31922
26751
23937
18601
22616
44389
16707
31851
14254
15073
41592
47925
30560
29644
14936
21681
20856
14102
14907
14688
15272
23612
15439
41062
20420
17868
17404
13294
14781
19625
19997
16010
32327
15687
19896
22279
82946
37279
20327
23032
15396
17914
27976
13777
14960
25505
16263
47235
20342
20995
21494
17369
15212
13913
19623
18413
14111
25111
19372
18382
21357
17646
16498
16258
18588
22169
19456
16020
24495
22500
36291
15881
34300
18796
21914
33125
39037
29675
17713
20703
12980
19390
28403
30041
18906
19037
19161
15960
21473
36203
22037
20035
16679
18435
13969
27951
50309
20764
28485
17262
17685
42243
26971
27863
21727
19403
23507
18327
22381
27733
38752
22557
34126
39019
33370
24662
14547
18577
29759
35619
24270
39598
87453
26706
62843
53236
14019
21565
23267
26309
37129
16099
21858
47524
26859
23185
34914
21969
16343
15418
24814
33901
35243
51898
17957
15755
26291
19001
14848
55964
75909
31242
86164
22055
17414
21043
32381
29214
18864
24530
17543
30368
18768
15600
16325
21117
21318
71325
19109
26198
25752
20920
28473
23014
42065
14936
21867
17822
20064
74802
13583
20855
17575
30032
20162
14486
19355
16614
16507
20593
17666
24653
14919
19522
19629
22116
20787
27560
20743
18428
19006
15151
20876
26916
32544
19931
21680
15378
23071
29919
12888
17306
20612
18281
27808
29971
12106
17449
34013
13156
22572
17742
18877
24454
34506
28381
13901
18311
35880
60344
28948
76408
24762
50117
32103
26328
12828
27691
33517
28968
39511
15932
23725
14256
13130
18715
14578
16442
13684
20009
47174
22959
16571
17593
26341
23196
14272
33299
18070
18861
22539
23593
56064
19271
15977
13619
16789
28902
22899
30046
17577
15309
13868
16589
16594
39655
16202
21921
19827
17652
17303
23205
17866
20512
31494
20974
30884
20956
16115
17453
37549
40545
25256
14692
17603
20697
16622
25980
19141
16573
24664
20525
23983
24126
14349
32154
21448
18982
21302
46653
20345
13394
27201
36831
13957
15010
20526
25184
25734
31538
20598
17337
25324
24289
36786
19306
20436
16435
13628
19852
19241
20323
20827
17705
27997
24551
26254
30153
19571
59464
18683
16144
13966
18181
22804
21968
14995
42655
16942
16128
24724
29532
19806
16356
25980
43000
27336
30540
15093
21588
17700
36068
40035
37162
22059
16922
19592
15371
15358
15480
23670
48873
17010
14382
13879
20407
21171
20083
32752
18056
27678
39749
46562
52885
19222
19187
34343
44910
16460
12559
14538
23174
14543
14796
22452
25360
23365
16236
16379
28826
16999
15300
22275
20181
19552
25882
17296
31168
25417
21292
30215
16451
18815
25768
19655
16711
15856
15345
14381
19704
18760
23681
18249
21845
17094
21816
15749
13848
25236
18729
27372
18951
18585
26590
29831
22713
19047
24281
40112
15763
14925
23567
18940
27956
27198
17227
51106
30979
17408
22317
16553
26161
18076
19847
15365
16898
17405
21528
37761
30145
21082
24458
20535
31869
30900
42698
39812
20236
16866
15418
14688
17001
41305
40679
48366
24537
23897
22832
18365
18645
19605
26748
27811
20419
16740
21367
14424
19132
28355
24225
43552
32066
18664
18400
26747
26557
39509
39708
43734
16058
32191
23370
37887
29924
52679
31461
36746
25771
30291
20715
18931
31228
21852
20233
41633
72264
76765
71340
43180
21810
15017
29306
20585
22397
21307
34086
20210
15086
20058
37056
63324
42038
46295
18868
22974
20671
16531
21275
17535
21911
31364
32923
76728
53759
53758
81768
23625
41357
27392
48414
20722
24930
61492
13894
16162
38996
38004
17604
24655
22322
16488
15888
45074
34726
26129
33125
14375
30479
21953
32417
25189
32069
21125
17647
19677
21383
25315
101638
24328
42142
22767
29571
18633
19085
17067
19357
19196
26724
15724
20641
20634
90715
24443
26305
16598
19969
23134
45244
26307
31410
41283
26347
14106
17873
29544
45482
18536
19437
22310
17753
22429
17039
23985
17632
21054
34718
48521
55718
35266
48294
44731
17754
42322
55321
48829
61893
57419
21759
29642
32264
26511
46312
58606
31251
20540
77769
32225
41913
29076
52204
58686
45812
46623
15189
18289
23407
33771
33427
25677
23260
14597
17898
47492
17666
25551
32469
23157
33888
14671
30510
48312
42202
37839
39677
15371
17811
15210
26149
14533
25267
20402
16150
24612
26406
27749
222906
206514
22505
19190
21694
24735
20905
32276
18788
15749
16932
26462
28800
21164
14847
14425
17106
45143
37724
34959
22513
16599
27155
98081
18123
18495
15755
39184
14935
19724
39352
36774
25610
24398
18032
17939
25232
29339
14467
18743
25211
16938
23749
38898
22603
19693
24392
40486
44378
21639
231922
18215
16183
18692
19090
21584
26164
21375
33045
23720
21450
28971
46348
14226
17655
18489
26774
15646
19351
16739
16133
17066
229297
25495
15163
17911
27889
34266
61638
50143
96142
30390
77920
90395
50019
23528
48261
17901
23192
17263
40116
48363
19933
15560
21768
27890
47906
60120
23628
13291
16695
30106
40134
55632
49445
18812
15391
14764
18518
26007
27361
15150
35905
21233
37878
21586
45240
15658
28927
14695
19579
36484
38791
45388
36290
30053
16969
31211
24029
15442
17475
33893
21820
17398
27344
27647
20466
14787
16923
19176
26801
40615
31175
24898
18200
30442
48115
33102
34628
18694
16315
14146
15817
21359
37714
32135
42905
23892
19617
25178
18860
22395
37374
23592
15782
36012
26961
39111
16499
18936
39355
31497
20704
17761
19346
21330
32473
21804
14976
23191
17799
28285
20106
21153
17102
17492
19487
28667
51471
17604
27214
24395
53603
29840
33938
24727
31439
19759
26255
38635
25433
16651
19462
26809
24634
15789
23964
19367
38668
46811
44330
28995
50525
60680
18714
21109
28953
25737
18199
21390
18903
20885
19905
32491
18840
15083
16605
16475
20696
23270
21982
21165
21299
32803
32297
20503
19400
52600
34995
30417
16610
34889
20655
20028
22455
24486
23479
21564
47611
16119
22118
28083
19660
59480
45847
30714
33588
30441
37939
32832
30648
18225
16122
16028
62208
40534
34200
33481
39267
42460
26299
18478
18857
15906
15211
19772
16878
14997
21317
29439
21377
35986
17875
25579
16964
22173
26653
34354
16689
17196
16734
22578
37437
19677
15645
29855
46254
36139
19065
27878
24820
16653
22131
25232
18323
25506
18626
26302
25073
25251
14454
25133
14977
15083
25036
23898
24183
13794
16201
21958
36949
26954
33811
13901
31256
17953
22185
25479
30054
18607
41202
24137
40240
25698
24247
14134
30867
36443
33737
15515
22552
14449
21516
17185
37864
23220
19536
22006
15086
12878
22859
26468
39833
22978
20804
15532
18624
17814
23500
26575
23984
18112
18210
19409
14487
17087
33730
31585
41124
19846
31000
25385
28454
16115
34202
14894
35795
64398
20166
22022
43123
31532
40689
21593
30372
21068
50366
25077
21451
15566
22618
19402
24249
21673
14593
32523
15146
20407
16958
13386
60372
62041
81432
45984
37950
18819
14007
24186
20802
26148
14547
23612
27804
32216
35035
40931
43352
26375
70171
26036
27133
29382
24087
27543
27204
18411
16409
14506
22022
17021
21239
16706
30837
18222
38665
33863
20497
34170
16883
14405
29127
13869
16173
17213
15607
30612
27574
22464
25404
35489
18758
29407
20027
19101
23397
21291
15011
18677
30471
40837
23626
34345
14638
19527
17426
14355
27487
31678
26211
20472
21329
14955
55119
20681
30047
15581
15396
14364
25289
41586
66125
22349
15669
18600
24663
16974
14537
15180
18412
31841
15938
30493
47200
35624
29572
64052
21233
20254
16270
33854
35801
89364
59714
91416
30585
19961
38095
49343
21185
18127
54985
19329
38670
30087
26481
54778
33085
38063
17435
16907
14614
17062
39096
36587
26318
32629
25066
51117
46826
23555
20154
22293
25541
17726
20048
26811
24571
19684
22924
45113
26205
35366
39136
35049
16682
13957
18503
13670
57654
53219
40440
39438
14276
50767
18955
20832
14972
18523
20068
24338
35448
26519
22954
15550
33068
19816
29199
25520
19461
20182
56395
50323
86621
15568
22678
25779
23162
17766
20036
21988
18388
20730
21593
22772
30303
35004
26884
14085
25892
17254
20331
28707
32610
20433
16340
16973
40529
32841
24294
30701
34216
20836
34217
21217
22168
34231
57725
30175
43609
19034
15712
18653
14678
37999
48685
22720
20586
24745
19035
25302
33867
27484
37226
28236
24582
25413
22551
13381
22873
28134
25389
75456
47455
59178
70384
17317
30085
23648
23985
21740
17668
13285
36273
24502
53091
24650
70500
17508
30782
22792
48039
14595
24473
16772
18244
15517
14431
15166
13523
14008
16266
25141
25731
40905
23360
14560
21367
40684
43088
36753
32096
28366
18053
23041
20856
14766
26685
25271
49908
23210
24020
16373
48829
66999
64020
43845
73338
71880
84836
36562
39995
38529
58747
95505
42587
24158
25996
18637
40260
48379
39281
72258
18206
25094
23997
20041
32030
39992
54608
49686
20935
18575
17333
45903
41432
20663
35775
32679
17090
29807
37032
31254
36040
35260
28917
39621
53521
15891
16006
23754
43128
20178
29129
58640
45225
32080
37780
27117
23960
13126
14934
21216
33784
92004
57425
42553
39952
46063
21047
25152
26236
43304
30073
58977
58283
45452
33275
28156
41635
18561
39543
25780
37106
26621
21201
26367
15457
21392
47750
30700
33365
16969
18109
17057
22809
15810
15322
16201
41883
26445
25632
51947
23289
21786
24378
19228
60005
21943
33831
27175
15922
21844
28504
37473
37099
40097
27093
29632
17420
18440
16496
23125
26074
23151
19059
39266
249511
184792
14579
18401
17881
20235
25058
14894
16774
13958
35882
47683
40436
22701
15342
16189
15264
34947
39454
31729
16158
17771
14726
20082
24424
21702
19866
15945
19952
26835
15456
18726
13203
13984
15456
20110
23064
20427
32222
22967
16771
21678
33697
25259
57343
19042
39551
23190
28498
18871
18873
23473
27229
20871
44495
41802
51583
55805
32228
21164
22550
13349
26839
18197
18146
19178
23527
35105
28658
52273
34186
22762
17806
18990
30334
20125
14349
23610
29323
35057
36470
17595
46883
27680
15129
18992
24051
39003
18167
25976
31631
15173
32959
20386
13812
37880
14936
16386
28078
17648
26283
22965
53723
38497
19413
16252
34671
15745
25191
17374
37494
14719
23216
24682
33493
19179
24449
30480
16512
30301
14329
14596
18016
13627
22894
40875
24639
55534
28235
15444
28315
41649
17709
35633
16842
29806
17987
45057
34620
15305
25366
22664
23321
24456
15753
21468
18614
36596
34361
57758
66047
33749
35370
36784
33461
21413
27725
19776
26851
30123
22130
54711
23666
27777
20615
14440
21776
20183
18996
31235
17420
16039
40827
28217
45101
26690
26277
23269
26935
16503
40648
26964
25093
14702
34652
17389
23619
27850
29382
25940
48016
65064
24459
25435
37698
35498
12978
18389
15284
27441
18943
22739
24251
28784
37504
40881
48482
22371
20462
36204
31264
26572
25645
41818
22843
20393
22636
24252
31296
17477
27463
19439
17280
15580
37974
38428
38674
26957
22257
27371
53011
47536
29432
17191
23470
27818
23389
23174
33930
20784
24768
13373
17788
14358
16699
24711
15041
25701
35031
28705
25839
17539
38100
22584
22829
30018
17673
28249
27432
17454
33062
33064
15858
21350
42085
24261
22712
81647
27825
17384
24593
14920
16356
23175
23146
24286
18770
15437
72391
38599
28334
17731
18294
13493
15761
26204
25918
21367
22778
15901
31001
15744
36619
47632
18792
27986
15366
56475
43252
22693
22022
15881
39725
175909
16070
69365
61327
29539
13123
16913
17386
18898
26913
22453
16796
27305
19803
22478
20226
24922
38801
43551
29826
54993
24320
17835
24455
42821
64100
27187
22941
18520
14519
70662
26069
101066
101227
19174
20961
18196
14970
17020
16015
38475
16995
27762
47543
55607
52589
58007
23482
19493
29695
43017
21791
83111
31143
33167
17488
25572
35587
19886
31099
20830
18048
26498
22936
31673
23004
21776
25027
15800
18528
15813
13886
41809
25377
25433
43461
23717
222530
23981
73600
19507
40357
77260
62354
16925
40224
29752
