15178
19162
17472
36544
28869
17605
24479
17121
16106
13407
23808
37612
16075
20235
16916
20746
15401
14903
18533
15653
13427
18680
20968
29550
23840
21873
29721
13301
22170
17616
15858
15514
28196
34987
18366
15349
16306
14762
28183
23535
18668
49315
15654
23159
15571
28405
17300
16996
16027
15149
18851
22043
18652
14237
22236
16702
15434
17758
30997
16409
15951
25460
20237
22211
24638
21947
22099
18060
14200
15459
23038
22929
27636
12838
19595
13048
52771
15148
32841
18908
24784
16011
17127
22452
14321
16161
16585
45359
14439
13469
20783
17471
16672
19754
15674
19376
14095
18897
15243
23462
14069
26098
13216
15962
22103
19841
29227
14352
14263
32871
17394
15123
25098
14577
14659
17986
14070
17686
18300
28385
26043
36991
20258
15933
16268
13724
28523
16395
14077
26989
12518
14881
14243
19233
16303
17101
26422
20459
22972
34786
15424
20354
18873
17008
16816
19620
17888
19283
29741
15312
15585
15933
34560
20071
24617
16602
15311
28372
46841
14570
13976
16762
21408
26259
27659
15211
25868
21068
27506
19195
18772
18065
25546
28592
14585
36407
46049
18266
15690
14735
17211
16364
25708
39409
26907
14106
15806
16532
15537
19354
15114
23622
33433
22061
15019
20898
33890
23563
24174
14032
23622
20291
19962
16876
17548
17386
26002
21838
16298
20013
30563
15059
14512
13777
14632
29465
28003
39074
17684
23402
15544
20156
16308
15835
43660
45075
40762
14174
23582
13287
17009
22543
17976
15606
21336
13021
19258
27855
13667
16611
22513
21292
15745
18247
16014
41334
16511
15636
16408
17069
22408
14487
19683
23343
18976
12965
27587
21683
29331
22977
37912
13895
16345
20815
20736
19977
18482
14549
26603
15797
21082
17286
46221
23772
16647
40092
23037
21556
29573
19558
34271
22706
20579
21550
20456
15161
15951
18980
20223
26944
16082
18597
26408
19712
27613
61552
19447
15037
50604
29945
14652
14819
31109
25827
19288
15446
15094
13614
15601
19541
16523
21510
14054
30760
19393
14689
16777
42000
20547
15096
25441
16004
24448
19082
19197
15296
24037
21515
31641
14456
16859
22181
18226
24161
21418
34450
33109
23668
15477
16013
23297
17722
21093
15959
45341
40238
19100
14406
15064
14345
20326
16291
20121
36754
21995
45180
22003
16795
15245
14099
16970
18243
16663
17149
14954
20893
22983
23043
14952
42910
34615
56017
34745
29154
19464
16970
23480
14820
21022
15180
18073
17493
14901
15796
21747
30814
20604
18304
15052
36733
26045
24220
17971
19792
19332
13986
18133
15475
17617
26982
16468
15717
14538
19376
18806
20161
21588
24107
19786
24588
15642
18952
23201
20278
15816
24886
41602
22339
22639
14969
22209
24917
25131
15480
21007
18109
26773
18916
29000
16362
14652
15177
19462
19263
24295
17839
14341
19507
24826
15733
16752
24826
17464
30874
16641
14496
32172
15358
22090
15838
15735
20590
16057
26669
33720
16402
22172
13788
24803
23060
15396
17973
16373
14206
25925
12436
25055
16249
14027
15691
22329
25438
20665
33070
17685
17433
13773
16896
15517
13971
18139
15392
20918
16219
13816
45436
17300
18586
12944
16495
16233
21297
68163
16396
15428
17087
16214
15102
17668
22823
23704
22150
16203
17964
14985
20323
13743
20305
16278
13981
20191
14609
15662
29778
21996
28325
20699
19380
17328
70096
18918
27790
19936
20385
14136
17683
17594
14717
26351
18678
14034
13708
14833
16514
24669
38765
62296
61068
67574
33781
15076
23534
17323
14465
21323
34647
16289
22646
18422
26299
81597
24941
19633
26476
16487
35913
19617
20480
13595
18276
15303
24219
13616
19012
16189
18487
14546
34427
36199
28508
15193
12545
13352
18771
27965
22064
23413
28948
19537
17278
17329
28899
18212
22450
18684
16095
18741
19840
18692
30564
29526
36922
14318
39760
32526
16433
22112
27338
13730
14658
18147
18307
17833
23776
32411
18956
17142
27958
25733
14733
13928
18028
17474
46660
15242
25506
13935
14880
23848
16861
22473
17575
23925
14232
17479
23355
23820
19133
20349
13486
14968
13533
13519
15634
18474
20733
14760
13908
18027
18850
19009
21129
14840
18465
19290
17098
22326
15666
23865
23968
14532
14466
16424
17171
16776
15112
22114
24001
16955
14781
15863
18508
22795
31115
18173
15712
19671
32393
19230
25639
28465
16037
29969
18689
18209
21504
23222
15148
32815
18680
15352
23341
13179
37448
14111
30604
22120
18694
20485
28026
19477
16959
27785
13743
34462
17968
29959
17770
17988
18353
22969
29466
17416
23095
16938
14901
18959
17805
19904
19122
34803
46054
14503
22737
15910
16585
23453
14625
16966
27910
50970
16481
48470
14254
18547
19012
14321
18029
13710
20771
14100
16793
30008
47996
16795
29545
25105
15413
20208
27530
17345
17577
23508
22385
18072
19490
25710
16800
14024
19093
28601
19342
15265
16829
18333
21973
30488
17218
19827
19203
14691
24099
14340
16054
38019
15679
16803
19307
52866
16245
31134
15192
17592
14178
23120
26197
28437
29837
14402
15006
17009
15921
14468
23104
25114
16199
17666
19140
17746
18262
15755
16165
17499
14743
14621
21719
22058
16618
25123
14904
20213
15227
18376
18401
20705
28651
14685
15169
13190
18892
27934
15784
14753
27048
24056
17566
13984
22765
19495
17087
25305
25301
33493
16747
14293
15995
20191
16494
27971
11881
18290
16332
18074
35865
25011
15930
19991
14125
16343
21097
14269
13565
27625
18622
40001
18355
15064
13878
17650
21174
28514
19423
21538
15730
17360
13870
20951
15507
18017
14783
22687
22384
28355
17146
15817
18925
17317
28437
19996
21293
23957
28105
18757
16877
14525
15945
25046
14805
17800
21113
29462
17238
34205
35510
15655
27047
13405
15704
15417
20890
25574
21077
25939
19525
20348
22411
20928
20641
15369
17118
16809
14066
14385
15250
23589
22057
16430
50110
15794
16729
17604
30179
21594
16668
14451
23019
14365
24834
16247
14885
14780
18926
23764
24749
19196
18439
13347
16254
16307
15954
25797
18295
18123
27590
19095
16615
27354
24599
14926
23086
16818
14493
23794
22093
15459
23688
14922
16456
24865
23902
19943
22317
15185
19795
28898
15924
16468
17022
19000
15166
40629
31257
14438
16240
28497
24574
27592
13856
18929
14055
20990
28783
14364
32270
59221
39696
45152
65497
35397
45804
14649
44701
35556
16281
19321
20240
15901
23454
13577
13253
30331
12657
13597
19729
19514
14271
15182
21072
15346
17194
16098
30549
17111
13027
15238
14099
33361
18234
14640
25956
15293
19229
24450
19658
39869
22588
15114
20661
24899
31128
31279
16384
28833
48534
18125
28237
20426
20742
17249
14544
16392
18993
17782
18593
17775
19688
19881
14379
16752
14212
17792
18898
23784
17937
24901
16208
26821
34486
19485
19434
27122
17501
22002
28273
14563
14913
30564
15315
27969
16119
18392
18823
14352
15419
19947
15139
23411
18106
20419
36025
15409
19892
25739
17403
16452
15554
17696
14295
40592
29360
17873
25250
17198
39079
18939
20269
16607
17404
22342
18988
15513
36295
33405
16590
26183
21317
33497
26316
14107
20356
16661
20004
21605
22717
19835
20183
20335
14825
16902
19286
16890
14755
13518
13219
15370
21979
35027
26132
15495
15691
20254
16757
15359
29766
13279
13205
22268
27159
23504
21375
15745
22645
19135
14075
27124
31607
26717
17532
19264
36918
31186
17443
20035
14221
17712
28247
28430
21474
24557
24057
14533
22916
20203
19336
22636
24332
15435
43862
17845
24967
25816
15971
27414
15403
19407
25701
20564
16632
18756
13662
14191
12919
18321
18107
15229
19425
14461
15585
19626
14819
14785
15436
32199
20073
27840
20887
26901
15377
14494
15991
19894
21047
19581
21111
40273
17607
19692
16059
20915
21212
25467
25782
26417
22167
27038
15044
17303
23518
19675
14011
23410
15069
44507
22071
21961
24656
17061
17473
17228
31547
41124
27878
18740
16268
13893
13920
15667
24049
19949
54832
31839
20032
16596
23622
16395
15025
20485
17947
13477
20256
17324
39009
17561
37758
24675
17827
22259
16407
17973
15171
23240
17594
27174
28041
16904
17425
13427
15507
27180
16031
33335
27926
17265
28482
24743
14055
13058
16691
18623
25987
15395
28767
28375
18874
16776
16706
19307
30428
17344
20488
42990
14422
31399
15305
19037
26161
21089
60233
34446
51895
59829
21154
21724
14408
35661
23306
29021
19429
21921
33193
16152
20933
17652
19198
17661
21660
17318
17239
19811
15035
12265
19402
18988
17975
19549
32617
15716
23661
21563
17712
12855
26492
14745
18319
34256
34097
17031
15567
14029
19469
31714
30429
19742
40219
35771
20117
18588
23488
70791
24792
61891
59474
22100
15326
13666
18554
18421
12982
13554
22168
15213
17144
35317
20860
23793
14158
60258
23538
34324
19973
20606
36034
17357
23368
22755
61219
23785
15329
18798
15362
16520
15886
27147
17856
25412
24121
16770
16279
25175
21852
23484
25642
13661
27598
16216
20813
35865
21261
22407
15106
15256
16906
14783
22756
27002
44171
39506
16845
13964
15030
20258
20941
20355
16824
17471
16394
14496
18435
37463
15315
17350
17191
15952
30227
20403
27336
27628
12729
19253
22832
16926
20706
17571
20895
20089
17729
16483
28301
17348
27549
17353
16945
36635
16516
22643
22623
17764
26564
16920
15875
17049
15027
15358
13068
13830
20380
30523
21359
21810
21991
21364
17106
19748
13506
16223
13335
13522
14953
15128
28457
14924
13712
15798
21644
15037
15110
22910
17357
16461
15567
27481
20346
22458
25398
15400
13715
22246
23751
20464
18552
17112
28144
21674
17653
16519
13743
21265
31920
25078
14044
17819
14883
16505
25895
21029
15353
14701
16719
16601
13331
30234
17530
16567
25701
14182
36190
24178
16457
14184
20356
33304
49057
22460
35381
13789
17033
18544
17872
14518
16070
16609
15585
22288
17775
18105
21159
21358
17199
15204
19910
17408
21060
14047
15570
18590
26484
16078
12974
16093
13808
21069
14670
12899
15541
39708
45250
17481
19996
50455
36303
12747
14622
14938
12760
25552
13227
13481
29517
24924
16592
15159
15460
15747
26218
17092
16722
19590
14826
25201
17316
28690
25611
14901
24555
16847
16060
14860
14985
14850
20561
15546
22722
14658
16675
18283
14485
29628
17257
24221
19003
17701
19375
22927
56361
22296
18941
22103
22444
21052
23905
30122
20683
23883
31488
17447
25762
16502
15780
21360
17826
18478
18672
32966
18538
13125
15370
18986
13565
22168
21974
22188
15656
30041
15643
17942
35328
26397
53438
17618
31166
13800
19028
19928
41118
23390
22733
15339
24512
23524
18946
13689
14653
23168
19679
16935
26658
28399
17586
13994
14484
17517
36462
20036
17837
32660
16392
16952
16429
24285
14322
32528
62287
34917
17786
16286
33851
18303
23031
14627
27477
21877
17666
14093
17834
18588
27819
23064
13820
14851
44699
51716
19631
25459
33245
36396
24064
15806
18534
68255
17355
16367
15305
15758
14119
17396
16516
20628
25653
14496
19575
12744
15616
14481
30641
16848
17970
20227
19282
21247
17474
17499
18637
18017
21357
16651
17491
30670
18392
25570
16799
31261
16763
16964
32401
16484
36919
19603
27596
22125
31098
16847
15284
14907
15417
17489
20974
14160
28094
14944
16103
14465
16202
16467
25575
21365
26510
17016
17568
15502
17193
16405
16234
23412
14051
18324
20575
14539
16302
23388
13104
19029
26614
19560
21984
23607
19045
15193
25289
13487
23309
16088
16963
20413
27919
14888
13942
14761
26344
15391
15555
13721
16896
21594
47935
23222
15556
14061
15227
26105
14939
25268
17416
18909
13604
32826
14211
17275
19151
19285
22020
24158
19443
15099
17810
24995
39873
22238
14867
25279
15974
14367
14665
14736
19611
15641
23580
26083
18927
23853
28913
15382
17991
19717
19379
34515
13253
28963
21911
31659
29787
15625
16933
15471
17104
29457
16366
18372
26453
28511
14899
23677
35200
25003
24967
29540
16198
26981
16445
23297
14209
14345
34763
32241
14188
14703
16212
14762
23587
15729
32953
22404
21557
16468
13090
40344
14691
17152
23912
19737
31411
27925
32706
37260
28947
17393
24168
31569
49947
15656
19781
16699
18127
22429
13429
14533
16653
16133
41281
16492
22026
17376
17126
22023
20517
17747
27247
16471
17870
18349
13231
51629
23336
21669
18507
15418
13952
15262
24520
24120
18649
15740
18366
36359
25722
36357
17040
28705
19010
17729
22007
16215
21859
14945
39938
14735
43356
137510
18372
18669
40162
22306
36688
22259
27655
19458
19225
16265
23857
22026
25614
17671
17867
22488
21721
27744
19674
29676
23597
18153
14524
29023
13139
14647
16765
32885
16708
24016
17247
18788
15872
16053
15063
33458
17127
22816
18770
18136
22978
22008
19029
25990
31268
28860
19550
43819
14841
14207
24530
22801
20559
15717
37091
18011
16081
19958
23791
15431
18111
22817
23304
24405
14426
27896
15841
15806
16481
19332
13316
21121
15718
14901
14910
19086
18004
37405
16313
26068
17877
26518
16907
18978
26977
15881
25028
17821
29944
19142
24628
22569
23080
12897
23228
16246
14511
16835
22111
47560
20720
27837
14261
17497
16151
16686
22281
15942
28217
15614
15635
15640
21017
33023
19047
16673
32932
46540
20331
13826
15733
16308
15080
21576
14207
21970
32721
33864
42137
14778
18941
25245
38054
17936
29300
24442
14026
14140
16831
16283
14378
15300
20221
22344
20629
42289
16918
21859
20560
15715
18420
17260
19504
23197
15545
15438
15244
13575
22296
24555
16645
15469
14129
31134
16384
27398
15277
29476
15417
14394
16963
22889
22931
16662
12158
18586
47189
15495
15086
13904
18446
20908
15615
23971
30677
19598
37545
44244
34503
15202
36576
21254
16411
34570
21197
29738
38433
26436
41662
46995
13490
20335
27583
20456
20235
14668
16980
15036
19909
36633
14786
18125
24468
19254
17267
16733
14905
20728
16431
13085
16835
17417
18939
19435
42083
13681
28214
15264
18755
19173
19104
21046
18466
16234
15222
33118
20628
16065
21020
17154
17413
15463
16477
15597
16617
14723
35821
17458
21600
15454
19546
14615
15067
27355
14975
16652
23278
22171
13284
13906
29620
14202
14360
16452
15227
14157
12697
21301
16890
15339
57234
14488
15549
17412
22162
15115
19304
20094
23207
32468
45851
16581
23319
14694
24410
15019
28038
24384
17503
15807
26743
14871
20630
24589
43869
13829
14533
17288
17328
43086
37473
15187
12693
32314
19327
13919
14346
29441
18928
19246
19291
25860
12913
14455
24648
14359
13833
21616
35571
26264
42686
20071
23615
32001
25672
12434
18664
14447
13279
16010
13267
20313
20696
15439
28812
14323
21716
19020
14652
15651
12336
17881
13517
22403
16761
14271
14817
17269
14595
24460
27447
14658
14659
16281
23377
18850
21175
14951
16742
14843
15534
14953
18626
18836
14149
18845
16005
14218
16775
21602
14907
19998
35191
23193
17090
17414
19586
16178
16138
15111
17069
16063
16372
15674
15078
24071
25640
25665
20948
14698
18868
15509
24811
19248
15176
30635
26120
25714
18840
21535
33185
39139
17531
17091
16831
19972
13972
16261
16702
15106
13802
19221
25711
18754
18061
14875
17143
18087
18730
23330
53684
28439
22302
20534
36213
22980
26309
30161
14596
19357
17773
21713
46258
14633
26680
14666
19883
16908
23130
14963
24685
17281
36661
17317
16617
20232
21598
16016
15520
16235
21084
17214
13819
17241
22537
18537
29066
25611
23571
18561
40691
19914
30896
21657
18141
23773
15801
19709
18634
13387
33343
28810
19484
24792
15552
23572
15604
22644
17600
30353
44161
25274
29550
22545
16483
17024
21200
29482
30118
15919
26999
23071
17836
28660
15148
23912
13607
20291
12543
19311
25978
23625
36240
15197
18819
13269
14530
25130
33181
15432
13484
17722
27472
17953
13623
12991
15435
19296
18522
17760
16536
15852
18517
31490
19809
14074
21036
19151
40742
17269
29775
18755
16011
16474
17743
16757
13608
18775
20459
16481
33896
17254
16491
18098
13630
23573
16293
17479
19978
21899
19516
35197
13325
21130
22713
25918
23633
22359
16676
19080
14795
26182
19627
22729
20142
21952
14711
26172
13600
13886
17376
22102
18120
18856
18874
14260
15560
14744
16847
27724
22718
20383
16882
14401
19611
18506
19176
16541
14373
25852
20771
20983
16650
19554
39358
16700
22448
17121
21526
18944
18565
20971
14429
20891
14703
14109
30997
23281
18077
14052
13890
22472
38099
16949
21803
17544
18250
13304
15886
27779
32896
15249
17103
14956
20950
18393
16647
39684
14363
15140
12879
28257
19390
30156
17751
26656
15734
15151
13800
31267
18829
18969
14256
21508
14790
21626
16589
13805
18331
14926
24257
12935
23561
42138
15714
18425
14187
16794
22688
25379
17409
18349
17064
16654
19894
14810
19877
23205
34375
14210
21905
18820
16923
17361
30987
16246
43271
19854
51182
17592
33490
13100
15391
26926
23210
14960
22274
28237
28601
44382
19405
19301
14802
17523
16841
35818
21603
20680
27205
35834
52177
39676
33632
22828
12214
13638
14778
15339
16705
14875
25465
21624
36166
15587
24765
30801
17730
25669
15551
15621
21793
32529
33596
15631
16757
63297
23539
29141
21904
14058
18090
22930
40234
64267
86419
19826
59581
51816
18058
17206
16112
21244
15192
15807
13584
24120
34175
21530
12268
12109
27992
14439
13097
15852
16363
13612
17245
28328
14889
23618
22010
20165
16509
27461
15152
13930
24890
16075
15690
13234
36517
14869
14489
13695
15174
17053
15269
15833
15543
27993
18010
19322
16177
15689
14917
19583
22676
16018
16474
38423
17012
19744
39771
16251
17982
17340
20007
14160
17195
21936
43418
16659
25468
20365
19027
18690
37141
17692
15139
23831
41402
41918
20693
12662
19974
15646
16357
37308
53881
59751
15920
25434
23235
51262
17895
26767
20391
19827
26211
15799
25030
16596
20587
16293
25466
24100
26190
20705
37133
25207
19548
16715
14258
24980
22538
27869
17111
23731
19708
14505
16599
23826
16102
21601
15687
18503
25559
36474
19461
15674
13896
21424
18658
18565
16213
14950
18825
15046
19258
19976
17984
19744
23198
22644
30157
23939
25841
19697
21200
15412
22581
24851
24758
18287
15257
20904
16835
20836
20950
20881
17859
13437
14744
12922
15666
27165
20752
32564
19775
16176
22203
41336
102688
41269
18962
17631
23141
43668
22430
34019
18294
20407
27424
21879
18965
17258
21006
23740
41208
19265
21102
27889
28302
15243
20489
21102
27244
24289
16638
17993
15651
14910
18351
15657
44081
16632
15912
17950
17993
19801
18364
26536
18468
24597
26778
18112
14730
16485
17810
15784
18920
16369
17088
45850
15451
17022
30187
20607
18363
29292
17696
21375
16329
17634
15300
19778
19500
15143
15813
18181
14796
21490
18378
27526
33249
24421
30186
27231
15871
55562
34231
19230
13360
14766
25158
27336
15722
16983
14228
16365
18349
26385
27389
25197
27145
14609
15943
16786
20387
21355
21200
19267
18566
35728
19324
15418
13874
26656
21536
18469
14266
21098
17356
17955
25313
13662
13648
15413
19171
17135
14080
24683
49779
25151
17376
14687
29852
25208
18099
25250
13520
16448
25349
14663
15842
17891
21960
14863
17537
39041
15969
18736
16231
14625
15286
13246
19923
21303
20124
16594
17485
15597
15059
12862
30602
21198
27865
20501
18464
16114
15410
25784
14348
19858
18267
22800
15791
17169
32207
34722
16781
15353
14199
28701
14105
20004
16456
14475
17963
18336
27103
19573
21746
24483
16485
14892
20160
17332
25186
12889
15618
13634
13051
13029
21275
13981
13834
19858
19944
61410
30135
17539
22785
17364
15131
19853
20586
14634
17807
18278
28659
22806
36391
18384
18405
24309
33897
17824
14568
18117
14985
14026
21898
19808
27679
17529
15187
19396
20105
14418
21044
14823
21516
12362
16546
20356
14502
13709
30243
14973
17525
20088
24891
21264
34623
24175
29005
28651
14965
20063
18159
18890
24171
15628
18805
22425
20242
25451
19240
16797
23364
20687
14144
15921
12728
31109
17596
22867
22671
13250
19745
21598
19753
20685
24114
29159
18880
14453
17743
29125
49560
28493
47654
45467
24522
18330
21781
13307
26994
15051
16153
17573
14639
33185
24338
15056
15848
15232
18975
16623
23155
22781
23867
15875
20816
15772
23944
17001
21966
17590
14758
17451
17404
17596
20323
14916
14552
15994
17353
17299
20947
13419
26204
18910
28469
21706
26623
15935
14949
24236
19451
22247
15260
20981
21868
14884
16386
19652
14746
16337
27327
16703
14526
30624
24937
21587
17896
16390
16396
16280
16157
23275
18781
35129
21952
15253
26549
16210
21176
18271
27364
30436
12936
29572
15875
13908
14429
37023
31534
30282
13705
25537
21762
30256
22235
22581
18543
16540
16893
27500
14399
14062
13884
19397
17332
15271
13858
16010
23874
16886
13308
19481
14364
14373
19366
14729
14173
14302
19210
28222
18697
12286
27514
19817
19887
23746
13548
14780
25277
20845
16983
23997
22081
17332
14213
21851
15932
14237
14457
25874
17579
19331
14828
20306
17276
18716
22532
26689
15483
15812
18244
23937
14039
28820
14632
14581
17631
22439
16621
14071
15726
14934
22903
24752
15494
16834
18732
16887
29140
21383
16045
14602
18884
15816
15142
22163
18660
18033
17565
14652
14216
18178
22978
15769
26834
16804
17565
15149
23088
30574
38894
15946
21504
24021
16170
14080
22737
22975
15377
23272
28770
20751
19520
20519
16025
15597
14933
39509
33654
23974
25233
43116
13623
14651
15470
15083
20743
13303
19726
14312
15922
17953
26579
26037
18469
19119
16199
13746
14817
14910
19553
16164
16026
18651
16503
22350
11992
27446
13487
12929
15169
15123
14470
22226
13735
17977
25747
17958
17456
16118
12934
14313
21233
25839
20621
17700
18726
31849
12813
15167
19265
18416
16014
16547
16833
18341
16181
17324
16190
36979
21474
18478
15610
24137
24127
22328
12777
17941
17091
17480
231564
224996
179223
31051
15950
19674
26041
12090
43874
24759
15560
23153
14962
18538
14748
17244
15763
15190
55670
20157
16136
15944
27311
15541
28905
18714
17534
15333
15185
25897
17762
16154
15121
20580
18507
18840
28916
22080
14067
13591
17997
17518
23999
19146
14679
25283
16253
16318
15526
16207
15506
16212
20821
41617
27168
34591
38050
13583
14641
14972
15611
16842
22034
21782
26849
14951
24336
25549
29949
19205
12780
17868
17159
14511
14559
16256
15852
15478
20687
20442
16207
15603
13670
37777
17342
15367
14019
48086
61937
20262
16952
18532
19097
21359
29980
16317
16102
17763
16142
17515
37787
15665
16086
26883
19863
18982
40081
18616
16553
15210
16836
19422
15013
18050
14371
14772
20042
17617
21991
17322
19195
24732
18808
16286
18203
21250
13985
23525
15751
14308
15773
19748
14999
21987
16973
16850
43413
16586
19326
26382
42326
51419
14228
15448
15090
14317
36945
20259
21706
18170
20612
23833
40896
18894
14121
31511
14876
15877
32078
22275
22838
32762
17520
19605
14443
17383
19696
14142
18920
17672
16573
17660
14754
14525
24980
22380
18291
17313
25755
18484
15469
17154
14892
14833
25021
13430
17784
18287
18201
23675
27693
18691
20961
14181
23242
20501
14889
14659
32697
32131
15457
19745
16773
18871
21396
13639
14798
21309
34750
26252
21515
23885
19800
13260
13405
16120
13022
25424
15284
13213
13623
25444
21957
15872
17264
15199
20881
22090
21311
14936
29618
13941
17124
13568
19893
19877
16133
16587
20059
20681
29834
17224
21605
19005
24680
16185
14601
15256
15627
15909
24181
15390
18160
18044
36142
24783
13751
15621
23547
19462
16945
17235
20031
15468
15294
15788
13404
29829
21484
28039
37176
28629
13547
15388
32785
30009
15298
14822
17819
20984
32209
18182
15649
16333
15924
22445
15464
21496
22934
16176
16112
18201
28035
15210
16972
35713
16630
23096
15817
18113
19394
24808
29108
13759
13638
14715
29703
29383
28813
16918
27004
16295
21113
16969
24625
18499
17530
20928
18172
18997
29909
16670
21513
38276
14964
28622
35751
19736
15729
14749
23197
26840
23258
17519
14743
26996
53148
23792
26682
13638
17068
15713
15001
15166
14273
14055
19290
14570
25444
15338
15207
18977
13896
23119
14883
29989
24627
13964
20120
24594
16505
19177
27027
28589
22433
22526
16301
19204
33620
17101
21779
34128
17326
17900
28041
14918
26306
16117
24143
14755
13024
15293
19376
16493
18813
23894
30265
19493
19429
24176
14940
15237
18784
15410
26899
44820
14970
17122
22875
18997
16291
42546
35266
19532
22031
43106
20224
16622
19339
21663
15261
20922
16512
16091
24636
14745
19827
13521
17841
19769
60638
64387
15509
16107
15311
20729
14722
17373
15424
15103
29919
52680
21641
20453
16937
20454
19962
17217
19269
33173
18691
14746
22351
17587
15162
17688
32422
38238
23367
15972
39994
20848
13663
20794
13794
35846
47723
40684
16930
15503
14527
18677
15476
18938
14823
14582
16056
19053
24815
31642
19759
17785
13781
13645
14990
16347
13030
23958
14077
16760
21471
17267
19245
26477
16480
20689
39921
17247
15699
25789
15659
13762
20646
16933
25124
15181
28348
13968
14104
19499
19868
21342
21677
20876
25348
18450
14631
18863
18460
15666
14880
49856
13282
15373
35831
15141
30018
20200
29345
15123
18388
14881
14498
21249
27942
16292
15879
22509
21241
15948
16534
19523
14372
15904
13027
15202
21187
32053
31943
20787
17801
15276
16298
28603
16236
27790
30730
17516
13661
17226
14392
20018
13707
28248
19121
25488
14958
14500
15848
15643
15419
19922
14638
13857
15046
18053
19338
16414
26117
14846
22430
21860
13819
14750
19995
19373
17503
33654
15776
12734
20744
15117
17524
13747
45660
16679
23663
16193
13736
15706
28856
17672
14013
16111
18683
28186
23337
17288
22137
14890
19755
23470
18570
16836
17773
14853
46974
16453
15688
12880
23866
16190
18847
14462
20419
38165
19383
18951
14428
20856
27544
26996
15617
16181
24857
13594
24349
15276
16636
31903
18731
28359
16132
18980
15103
14656
17237
25904
40951
25919
28381
13374
25251
25060
20684
23534
22041
23594
23554
33987
14462
16031
15686
13801
14018
27401
19704
19778
17895
16181
16218
14112
15292
14801
21973
13242
28889
21284
14740
13855
17806
16493
21044
22170
16407
24434
16820
27548
35995
13648
21033
23785
21798
32262
32029
27466
17586
18044
13742
14501
17867
17662
15476
18044
27699
47635
20364
26894
21497
17608
14572
15264
19279
14662
17671
23350
24950
18697
17612
41415
38681
17588
16425
17383
16424
15053
22998
20564
19440
19691
15969
18108
32255
14175
18880
16104
15225
92863
14981
16833
16698
19006
15848
14166
17208
21143
19257
15816
28616
35716
15657
15273
32373
45460
25185
18650
18469
16029
32326
33548
22206
26315
20376
17257
19265
20872
20478
44538
31730
21427
23418
20840
23964
17271
19453
23889
15032
21945
14048
23975
16483
21296
21139
17335
19146
22052
25471
23390
35199
35521
16340
25405
22771
22199
19960
20715
16696
16261
20603
18322
24695
18950
14569
15968
16970
15090
15504
15374
24464
16320
15954
42531
53798
15420
13738
20668
29047
17003
21602
12930
20976
26152
13033
13739
13738
19401
14795
15154
29300
14998
20031
24153
13318
21394
22019
15009
14231
27715
14366
18546
15432
16148
15794
32699
25644
15528
16222
20377
15845
44671
14375
20682
17711
21979
17248
22133
20124
26964
21109
35958
21536
15457
41686
16149
16195
15152
19473
39277
15975
15069
15453
15869
15299
15856
15367
26765
14113
17748
15081
18217
24921
17332
14665
24318
17583
16047
18094
22244
26916
15383
15091
14668
17829
15095
22975
19648
23269
21659
20057
21754
18192
25270
17199
16681
13921
15698
15223
21008
17745
14688
17591
17770
17646
19252
14306
21937
27427
13897
34730
14364
15132
16363
18207
22219
18074
15542
18866
21399
17843
42266
26504
35872
17372
28271
15227
21707
17593
35647
16088
32550
14669
27264
14611
33154
31459
13908
16248
21406
19648
22743
24222
32599
16996
19043
16565
18748
16331
14040
26188
51969
28604
19804
23562
17551
23150
20821
18726
21159
25044
15326
18464
42072
15266
14639
21057
22756
12604
18921
21839
15494
23503
49754
28528
14861
14347
18265
14287
18684
16522
20438
30239
14925
19485
14830
30218
21495
22281
20711
21962
17274
18158
29326
18488
24357
16477
14491
24849
48228
14108
25490
15793
15910
14828
19323
31329
46427
17436
20407
25699
15021
26634
21598
27549
19923
24253
17028
26686
29482
14515
29021
58269
20615
16571
18183
22913
20634
15638
26526
16451
17193
43227
15159
15851
16120
13491
14846
26282
15247
20378
15681
17283
30406
29510
20735
28708
14940
13922
62140
21963
21073
25134
15312
55411
16050
24310
13235
21170
17137
14672
19492
21068
23199
25879
54816
55383
18181
22002
19041
18901
14905
17590
19993
27409
23575
23696
18705
18461
22104
15285
26533
22005
14483
13418
15955
13702
20800
22839
20191
13920
14400
16122
24539
16032
14121
20949
19188
16762
22755
14987
16519
22250
22760
13723
17200
17915
23664
17677
23545
19255
20405
18031
24112
22542
27862
30102
27061
25942
17225
20811
12606
14793
18693
13225
16856
29354
22336
17857
12761
16131
22447
17971
21137
34110
30696
40578
13198
21916
18361
23187
32221
27376
20702
18090
15249
15817
23127
20196
23806
14114
17550
14864
16195
15699
26825
25156
32844
33810
26124
39229
16477
15625
13866
16800
13641
14795
32088
30085
16468
27871
16816
25141
19546
23764
14026
14034
13982
26453
16764
16820
20765
33088
21040
19581
22801
12653
20168
14786
13991
16732
14989
16967
16968
39915
24223
28204
17468
13614
36646
24670
24776
15434
23371
18561
19970
29587
23137
17435
14405
40628
19081
13180
16686
17458
19612
16981
14738
17036
26364
31978
17485
12968
19811
21467
21363
15773
14170
21866
16466
13027
17034
59729
28101
23204
24502
14655
17199
16855
25942
21892
16148
14999
14268
26084
49287
22261
23941
20806
14293
27191
16764
36225
36677
19363
26557
19838
13386
17091
17495
16484
14776
15311
28475
14351
60450
14631
24411
41809
14348
20468
19468
22024
26254
24835
37021
15412
21371
14279
19793
14903
17946
23651
33696
26467
18152
20894
15897
17612
24851
20789
23221
22641
45185
13515
20895
13957
24367
23478
17317
17698
17171
20903
19359
28017
23092
48119
50396
29517
49014
30078
24131
15391
14248
20079
22236
17060
21768
14724
18528
19525
17676
24400
21064
21428
16182
41728
25773
12436
15112
21542
16688
17165
17826
16008
14619
19256
23042
14680
15397
24449
35280
13799
18077
15088
16485
27681
35149
15432
21186
20143
35421
25509
33732
39030
21539
14243
15815
17825
25480
29106
20902
38043
17430
20431
47161
21857
27324
26000
15112
22402
34612
14704
17996
19001
13320
24441
15054
23365
32191
56936
15854
16081
28881
24462
31419
18539
20047
21669
24570
19696
16623
15093
17205
18944
19142
15284
15656
14935
21482
26961
15568
14992
12483
42090
32918
16201
24164
26046
15441
20721
13980
14075
14235
12710
19971
15434
16695
19534
15247
16133
39649
28420
14822
18555
18051
13235
29382
13633
26326
23536
13722
18206
33344
18065
14842
16436
14304
33233
15432
17247
29292
15512
13454
16858
29128
14479
18089
16004
13661
24448
17641
17453
17805
27042
30193
13087
13264
15393
16490
30639
16394
14039
22085
16533
15098
22833
27836
33094
22262
26808
15699
14605
27201
14882
14591
18279
21660
21025
13725
31710
16308
16108
14589
23230
14691
19770
20431
19067
16727
23850
55823
41022
13122
21433
14356
13598
20744
20802
25066
19835
13506
22702
15691
15559
20890
32720
16694
229741
15365
16016
13997
19057
19229
18869
49919
39632
29267
41824
11492
14149
14484
16107
16915
23942
18120
14389
15076
17032
17140
21851
17713
16668
20759
18131
26036
23392
20991
18206
14837
13861
23667
18337
15180
21354
27129
14714
17521
14223
15932
24420
22603
20564
19769
21234
15169
14952
18440
20966
16443
31219
56307
27077
23772
13560
17712
20212
32966
34601
24196
18634
13583
21602
28837
24507
26971
26193
15525
18403
15477
29179
23665
15424
18008
20411
15895
25734
16865
13587
31145
17990
24441
35490
17671
17557
27181
19614
20930
18397
19591
16389
15616
18573
15580
25571
17890
16166
20170
17935
17173
24710
30088
12768
18155
21849
16417
16840
22120
21725
14085
18463
18160
15475
22402
21406
15804
27042
18364
19680
14020
13989
15500
26227
15773
19756
15755
14022
16935
23954
17846
28593
16201
23967
27499
19810
31007
23747
15948
17729
21503
23237
16023
18651
15304
16708
19357
16167
15429
14175
14458
14554
17687
21003
22941
29333
15004
15173
16175
21439
20331
271040
16302
14157
15194
19833
14310
36260
30919
20334
15898
23136
13935
15356
29551
15150
16166
15800
13576
18121
16250
27887
36715
35841
18480
43593
15733
19249
29371
15976
27126
19187
18388
37445
24612
18217
29841
14112
16678
18438
13529
16489
35907
14430
14583
20908
16029
14533
22748
16364
50386
18345
15079
14960
18160
14978
25501
15463
21142
21376
14678
36073
14819
19121
13819
16251
16569
13427
36274
19623
21555
20543
14105
14443
17340
21791
19646
16274
21887
48070
27122
16927
22981
14194
23517
19881
14306
14437
18623
17540
12755
16063
28597
25545
17935
21598
14986
23485
19040
45766
22268
15269
15405
31305
33035
19527
30169
17597
22005
17147
16983
16275
21708
15985
23436
18934
31766
35337
14484
23362
26187
11463
18437
15137
24673
17892
13528
22236
16747
33361
28009
13670
17441
26426
17811
19848
28652
27921
28271
14082
18967
19647
22243
37245
20529
16270
17831
14940
15369
18426
13503
15303
14435
14685
16621
50931
83668
23851
42298
20987
15222
14463
17807
25520
27018
23339
19087
26876
15801
18624
19438
17819
37350
23311
23665
28577
29105
14808
30771
13355
26583
17957
15084
21671
21758
19354
16682
27067
18177
13884
23083
30988
21848
29779
17155
18196
24354
20157
47412
33625
20433
13620
19092
16410
17851
20323
19075
28500
23308
13782
13872
18254
15464
29191
15458
31974
19761
21255
221846
182994
130262
18726
17948
17388
14235
22226
23096
15477
15126
19776
19949
21768
14814
18800
16916
19320
15223
21697
34351
16606
19703
15868
16298
14240
14646
17809
15717
14589
20015
18490
30712
14447
14881
18510
15710
23083
18409
16266
20692
35875
15310
16816
14111
15580
16976
14873
16317
18955
30846
23164
15339
19355
22950
21024
16927
12531
18124
14124
16349
17163
16729
19313
14449
23328
13815
18293
18503
16065
29723
22045
40135
15175
33948
17136
27949
25854
14662
14677
19722
17988
14028
16677
16059
14860
16174
19966
21046
16358
17985
23443
16220
19369
15807
27315
21221
18643
24691
43994
20427
15423
15154
16258
35839
23408
18187
25505
19651
22052
21396
25647
21128
33705
15186
15586
18706
23092
26681
16647
20845
16650
26788
13680
23398
15630
16152
18972
15649
69890
28019
22403
14263
39053
17975
31736
16228
14231
14324
13174
27277
25545
26887
14645
31407
15893
17860
14962
27579
17477
14492
15335
19430
18198
14730
18530
18569
27041
23863
19053
44260
24091
17397
18035
16555
37087
15185
27499
32798
17333
17870
23703
19693
16327
29321
14675
13938
15982
26553
26664
22799
16071
19716
33127
30008
18842
22668
44891
43375
17126
18790
16179
20658
23752
16188
51071
36527
19373
17974
15992
25196
54478
29988
15184
24123
20261
14600
21138
22687
35853
25440
14862
15515
18099
18054
17028
26273
16240
14269
32346
14486
20092
17951
16216
16428
14536
34202
20618
30498
17405
17054
29095
16971
19114
29158
22295
14064
23512
16062
13702
15984
23086
15577
16126
28351
15672
18910
18288
24137
20636
17805
31513
17836
30642
16678
13784
18045
17087
25025
24396
13123
23318
23582
16406
40470
21286
15523
14565
20418
31744
42442
16199
17490
17017
28177
25836
22874
17699
35501
39408
16922
18522
20573
14500
24866
29282
17152
19466
25367
31199
15828
22693
17217
19097
18138
14851
20597
36335
19359
25197
16865
15897
46059
16766
20239
17848
16868
20117
21669
15205
16951
20808
18738
13751
14040
23629
16997
16659
25144
15172
13164
15915
20948
14228
18107
20123
13777
17661
13954
38481
14437
18244
21444
19759
21155
18635
23002
16834
28334
17571
23353
18264
21355
15266
17589
17312
21207
37086
15103
18183
19874
22874
25822
33485
14515
36056
32459
18464
30664
16786
15332
31627
20827
25845
15455
18361
16590
22095
16494
12779
16761
18765
19124
30209
19249
14307
21426
13945
16006
20357
15047
17548
15554
23786
15139
24178
21803
24132
13308
19196
22287
21684
23557
17911
17464
19396
17643
13073
30536
20477
18980
33573
26877
19846
14485
18008
14917
16046
13414
12793
24994
14340
17933
14550
16505
18069
37877
17391
16391
17102
17880
25542
14816
17237
21010
13782
20472
22159
32018
18243
23043
15053
24339
17712
23200
30836
13954
34316
23376
15684
17403
14359
14243
40449
19506
16103
25118
17673
16101
15372
25033
16375
15004
35392
20273
20587
16910
13584
20244
38224
55704
21683
15080
45401
15664
20232
16913
21477
16647
16057
14897
14222
14427
29771
23691
27136
19094
24726
36777
22267
25484
13730
24476
24673
13972
34357
16806
12765
15131
38525
13113
13632
15435
16830
24457
26091
16632
20946
15675
16150
29745
25518
28082
19020
18519
16099
35576
20639
18653
18123
26806
25816
38908
17918
13806
14743
19580
16777
16821
21614
16423
30607
20331
20680
14869
22536
17854
24498
20360
20772
19154
15825
31766
29620
18150
15267
15204
14821
16877
18177
16444
36592
65226
40058
33337
44725
49308
19084
15159
17778
17305
17952
16959
19127
24426
20299
16630
19423
20513
18607
23162
15781
15898
17451
15626
13844
16182
32844
20610
19006
33680
24463
25023
19952
22527
21308
36988
18268
13587
19303
21352
25177
22700
20593
21795
16134
15062
16323
33955
29247
22049
17724
18707
14956
14351
18061
13695
17918
14937
18978
19740
21450
17201
35346
35832
27673
14297
18698
18293
21865
15591
13767
18368
18761
24473
14450
14380
15579
16704
20888
14999
19616
18727
22757
27939
13446
16909
16405
21136
17609
28195
27853
29070
23691
17574
22486
47844
34654
28816
17612
17526
16667
13949
23960
21074
20629
21824
13711
15604
17834
22330
16901
27522
33042
22139
20351
16854
16600
16354
18843
20296
19764
22237
17259
21625
21994
14021
15864
13927
20548
17277
19609
15354
13779
21855
44054
14809
19895
22209
15193
21086
29671
17738
14659
14512
29576
18867
15394
38276
22387
23063
14303
19991
16820
19608
20797
23101
16870
17340
16293
17652
17584
22707
22701
29418
20781
17996
21627
19123
16922
18093
20382
18867
22777
26974
19949
15062
29374
22232
17172
21958
19489
19445
15960
16403
25356
16832
17572
21927
49215
30138
15324
19583
16679
16434
17550
13958
14866
221174
19343
26933
18189
15051
23390
18097
15022
23917
21330
15324
13983
15471
14303
39391
21125
17985
16624
28508
15250
24677
22553
25916
15596
16029
15254
20425
22356
14977
20749
28357
19296
15487
15525
16667
28010
19396
14412
40382
21599
22486
20553
15552
15252
18137
13429
18205
