17120
19464
14917
29160
19744
15574
18639
33126
19188
14274
26857
18215
13446
19255
19925
22331
14311
20355
23083
13703
15343
17051
20368
19697
15465
22076
18222
18438
13681
21718
17910
46844
14231
15079
18847
14394
46258
19772
25991
15880
23306
16667
13914
21842
16098
14649
16667
21568
14459
23725
15425
16146
17171
15402
31943
17538
16293
19499
17680
18177
17701
16853
15906
14011
19624
21836
16338
17904
22187
14025
14359
14883
24294
28295
17783
37385
13823
16325
16586
16626
13597
17809
15456
15296
14354
15997
23294
15504
23418
14802
19831
17099
20050
14215
14229
18801
15749
16888
16802
17180
16729
27086
25177
16225
14184
16244
32670
15748
29040
24193
34635
15672
21881
16665
27431
23377
18119
16888
24743
18845
16667
15085
16782
25116
21432
22576
16691
42000
21286
19240
22455
30237
22257
17505
16443
19002
16009
29519
24986
28172
31760
47691
31395
15585
26358
16266
31036
15733
22471
14849
14970
19978
22537
13685
18101
25212
16474
25397
15161
23279
16840
18770
13775
15446
14080
15873
16967
17100
21825
15311
19905
14208
15170
18640
15574
27759
25413
13766
20036
24066
14584
23820
16792
16783
17551
17154
15144
30199
15325
24063
17592
15412
16742
16022
19679
26656
14524
19772
16743
15100
17426
17614
22538
16259
22282
20473
14674
25827
15857
14191
17912
13233
19784
17247
13929
17834
14868
16046
21464
15365
14056
14315
13870
11989
13951
20698
15925
17304
16964
15099
29804
15197
14483
14753
27059
14951
32304
14132
16462
15473
25750
15670
17695
16257
17557
16889
18453
15032
14657
18880
15439
16878
16871
14096
13262
20002
18225
14963
15780
13685
20275
24053
23633
16362
34357
15802
14432
19773
17127
16466
14969
22419
16434
21931
15131
13702
19450
17785
14529
16153
13602
16349
34463
22642
17544
14656
16134
17226
16667
16327
20980
13666
20258
17781
15458
22838
15236
16151
16141
18644
17461
23069
16567
18254
15293
14512
27270
15530
14118
13867
20071
20959
22878
16291
23303
22532
41409
15176
15362
19811
18917
18777
24713
17662
19912
26594
30112
15185
14223
18371
15186
22526
15674
13856
16108
14448
14353
14950
27594
18363
17992
15935
16031
18844
15993
27851
12926
14048
39639
14481
15310
23181
21696
18039
25225
21042
20552
14784
16897
17152
16129
14632
17498
24227
14472
17597
47696
22221
15850
13901
37016
23846
23656
16599
14491
18604
17282
17168
13839
15151
17344
15812
23168
25997
17305
13060
21688
16235
16140
16796
18255
17129
24575
14562
15227
28036
20944
17362
13219
13775
14973
19411
22283
15905
22212
37049
14830
17260
29340
14167
20753
19800
16126
20062
18339
25775
20577
24444
14803
14364
15684
14540
14904
15867
17730
14297
17504
17011
18673
15248
16981
15962
17133
17799
13369
21378
17478
21472
15813
17440
20147
15886
18197
23147
14995
14764
14896
16749
17757
13736
15992
16154
16370
14916
24176
22927
14444
15651
20806
24670
17427
14334
13888
14436
16546
15704
28034
14164
13952
15427
13842
24760
16470
13985
14777
16140
14438
19151
14602
25218
13324
14949
16152
14577
15858
15829
19530
24031
13514
15799
22590
12988
17659
13669
19468
19049
14386
22040
28781
20240
14449
12602
19739
15383
16612
26442
13074
16298
15300
15587
17840
22174
30143
14526
21947
14543
19137
15983
14802
15238
16924
15980
26634
14984
16493
16722
18506
14423
18494
16166
16053
15774
15203
28162
18448
20186
24157
14866
13878
18077
20777
25658
18206
16798
17242
18702
41133
14249
16428
14577
14070
16107
15375
15036
18804
18973
15216
27847
15395
16120
15383
24776
20199
31866
12651
26255
24516
27416
28642
41866
18269
12644
19387
14425
13060
13730
12917
14977
13536
13431
18427
15338
18678
21862
15240
30310
18349
20239
34306
18977
15061
12973
26298
23507
15585
16845
14459
31502
14598
23771
16689
14296
19014
19416
13503
16529
15460
23118
14162
19568
19662
16846
18378
12621
18578
23164
13956
14517
29431
13697
15203
13487
14307
22851
15834
32828
25149
15418
13338
18879
13228
16489
22344
15205
21433
16449
27444
19656
15576
19386
23151
22150
25664
14345
18370
14062
17076
14161
39929
13159
18284
33758
19560
14022
17723
30706
23288
21329
16423
22981
21654
21565
13702
13985
12582
15236
15218
21362
13765
16394
24093
34087
30220
18602
19064
18242
14350
15739
14482
16037
28528
18729
14837
21812
37925
28866
16313
18032
23927
15559
14977
16271
15742
14613
19767
17285
16494
16571
18024
16188
18006
13635
17119
16521
16858
19004
30219
15311
16080
17934
15511
37029
41798
14790
20334
18574
18409
17842
23851
26574
15452
16816
21697
13837
17594
14787
18954
16472
17384
26140
15246
15005
37599
16131
13593
17400
16433
18019
19548
19590
14448
15926
15314
13151
15235
23616
15700
19373
35869
15640
15787
14377
14650
31055
24588
26447
15875
18088
14335
15136
20779
13624
15235
14451
19830
16536
15650
19220
14990
16483
16018
16045
17393
16132
15989
17786
17184
15119
16991
14029
49211
13844
19838
15703
29262
33778
15444
37171
18119
16804
19719
16770
16885
18597
32572
20432
18741
14234
21510
16131
15082
14064
14603
14665
17441
13450
15862
16372
18794
13215
18041
14198
14525
14730
19528
16535
13894
14631
20145
16386
31692
15691
21754
22731
14990
18272
18009
14679
14140
28631
29022
14418
15753
13450
20381
14561
33975
14120
14048
30265
20943
19045
52563
25363
16737
37564
17200
23500
15223
21264
15377
14043
17236
13677
28856
14739
15906
21664
14126
16668
15785
19874
24561
23844
15713
20017
15768
13797
17499
29745
15759
13251
17613
22857
16825
18357
40056
14766
65475
50806
17515
14384
13579
27847
15019
23995
13290
14683
39666
13791
15221
28203
17278
14410
20270
15913
15230
21496
14089
16243
15866
14068
21634
31611
21884
15034
31802
13994
17444
15340
21361
24450
16881
15067
15030
15257
14831
15901
18883
28753
32767
16709
14543
13159
17606
26003
16790
17107
23171
15031
25854
28539
17593
14919
20444
13666
14838
13865
17164
15631
26483
18189
14194
15232
15136
18924
15654
17918
17123
18724
29528
25892
17746
17659
16089
22234
27052
18788
29985
15394
16178
15015
20891
17876
16061
18181
15357
13861
20937
13973
14049
18404
16397
24044
36614
15093
16138
13517
14422
15860
21712
19051
20599
22250
25298
16971
18963
17410
15953
15647
18918
16972
30624
15140
25030
14047
15941
17082
14235
14163
17421
32374
20964
19883
18891
20256
13967
13888
15802
19562
15362
16634
12631
23282
13940
16990
18123
32198
18965
16172
22945
17711
20333
42103
31424
22144
16121
15330
19581
15414
15121
32362
14811
18114
19376
17857
16623
19113
16884
27538
32458
29316
13509
21300
27125
30692
20152
19157
24670
15477
17542
22187
15216
14624
16744
16630
19044
15603
24926
15973
15094
18741
17251
30917
19030
16538
19851
22026
16851
26623
18754
15538
14950
21404
18389
19362
21414
29763
13778
14208
21390
17472
15357
19394
19913
15959
20646
12522
16880
12672
15576
15009
25860
17395
15632
16228
25165
15184
19331
16113
25284
20494
24666
16157
23412
14106
22258
17207
16935
14248
18454
15161
15874
17916
29041
16400
18195
15950
16450
24318
17639
29481
16781
20367
34470
23806
16451
15813
16214
19661
16364
15637
20286
14996
15436
33078
19133
14726
14293
18057
20174
32062
14633
16155
16368
14390
14422
15320
17789
13571
15226
13872
15897
20730
18268
34785
17937
18851
15190
17734
14554
17615
16326
15450
22363
16058
19399
17338
16728
15895
19999
29796
18932
14229
27607
13643
14875
15776
15986
14278
14378
13795
28014
16034
17614
27488
17844
19757
33472
18234
18076
14234
20819
14091
16114
17384
27417
20107
16713
26048
15558
18445
15482
15998
14863
24093
18983
14598
19897
30166
13242
14535
19003
17137
21644
37619
44066
16060
16422
16333
13762
16298
15167
16027
20087
33000
18149
14723
29114
18510
19381
25898
19980
14483
17240
25796
20007
19417
19018
23681
16671
41260
13858
27687
14145
15222
14013
12845
14187
19120
15862
15151
15108
14712
15086
16921
17939
15225
45393
19777
15289
19423
21036
15939
17125
23236
15893
14773
24985
13641
14070
15684
13515
25366
26531
21474
17594
14861
20121
17835
23499
24919
18189
22314
16735
19351
23365
14344
19500
16114
18427
43006
31674
15857
21789
18941
26577
17122
15209
13502
14979
14030
14730
19339
22989
15974
16663
14741
14085
27235
19664
19561
14618
17712
16048
14452
22689
15637
19589
33596
30929
18721
15291
12335
14771
15876
13699
23716
17644
32456
16577
18794
18781
18471
19989
16721
25138
14878
19898
17627
16052
15611
16082
12612
13402
23172
29225
13071
13485
16127
16065
16684
14723
14385
19411
13502
21803
15562
12619
28245
16781
17983
14642
18900
24958
13949
14646
17045
15983
14797
16578
17861
18364
12982
13087
12415
20842
19647
26777
17782
14917
23057
29474
15302
15857
21128
34929
15590
38080
24956
14513
15711
17969
15187
14565
16519
15934
13599
20425
19491
53862
18485
16000
15741
14145
28176
14419
15252
13338
22563
15240
25199
14282
13689
18875
36629
27935
15431
15448
14728
15801
15309
28254
13348
38522
15675
18297
14690
20650
21343
21555
18389
15146
13723
14032
12230
17676
17595
28416
15808
15277
14486
21424
21003
18021
31768
13927
19637
19301
15194
13605
14830
18776
14539
14152
19790
18156
19086
17527
21246
30124
23909
13816
12896
38106
24745
13261
16847
14544
15715
16572
24331
14695
13960
14543
17664
17552
18885
29720
17538
18281
18318
51584
14808
17752
20047
16361
21309
14024
13199
15891
20091
13905
19241
15720
15571
16805
15980
16964
19346
26788
16526
13482
13797
38026
14467
18787
37889
14221
14199
16032
15983
20878
19528
14749
18904
26834
14375
26282
21177
18189
13694
20645
18329
14859
15175
15993
45293
19785
15127
31620
12817
16519
13869
17356
15364
16100
18556
21329
16769
40524
26992
21239
25399
26971
18343
18216
31588
15370
14368
13550
13994
17783
19600
15586
14956
14145
14200
14264
14212
37717
24035
15449
26514
18961
14314
23591
17919
13817
12718
14384
20196
14945
15126
16932
15253
17745
16326
14755
18876
15543
13836
18899
16264
15661
15008
19353
14323
13622
18752
24636
15180
32695
13174
17935
19307
19736
26803
15561
33209
13911
38143
18821
20055
15047
14709
16410
12975
14642
15171
20221
15248
14093
30923
17525
69114
19875
13662
14802
13691
12786
14513
13158
13488
12687
12450
20109
15432
17068
14472
15567
18021
20078
15760
12251
16487
17918
16344
15435
16026
17431
13609
13071
12686
13502
17209
14624
16397
32550
18253
19874
14897
13195
37035
14328
13538
15576
23800
33039
13728
15101
16240
15941
15458
15034
14377
23370
17392
15906
16822
14636
14677
16236
18537
22937
13397
13591
12979
33394
13969
14613
23004
17839
16025
15386
13889
15344
14267
15696
15205
17100
18086
18566
15326
33207
27115
21152
14756
18930
13979
34369
14582
15151
15066
15899
15354
14932
15633
20956
22690
17045
13972
14484
16537
29194
19578
16579
21331
16393
18046
16891
18997
23983
15693
16965
14221
16565
18566
29107
16871
14911
20000
28815
18166
34651
52281
13713
13830
31413
13238
15396
12880
21709
15255
14594
16312
23165
14641
23690
15059
14003
24974
15869
28981
19888
15430
15675
21383
14524
15768
14276
15263
16339
24636
14481
16695
14654
16579
14492
20439
21713
15421
17300
13731
15890
19861
12765
14088
14190
20227
15884
18766
29836
30370
12918
14434
15816
39149
60193
17588
19906
39328
14193
16088
17570
20939
15001
18118
22827
14153
21304
19875
25249
19401
14514
22237
26122
17882
17703
12605
17377
26840
13963
16890
14119
14096
13939
20224
15271
15906
16433
15948
22940
19097
13510
14558
23501
28753
16317
21619
17007
15365
17903
15272
16976
14557
15328
14504
17020
13667
14424
15321
18725
26446
35138
14515
13673
16321
20460
21245
15114
16645
29584
26605
14207
15349
14913
15186
11814
24009
15324
13188
12116
14904
14760
19209
14514
19977
18708
15545
15588
15503
19601
15092
17510
19229
13234
21273
13881
15010
14085
24617
22018
16819
18373
12965
17174
11324
14541
12859
15182
14798
14617
11997
15053
17679
14423
12639
14776
14986
13517
28550
18978
34893
16834
15316
14364
17947
15410
17304
29883
23251
13378
18306
15142
15869
14820
34829
19964
14448
14179
20758
17035
15491
20065
14737
17337
16246
14089
16401
14599
33504
21754
17283
15623
17329
14371
18260
14714
14598
13913
21922
19272
14508
14499
13874
15341
15507
19748
25035
14486
15567
18299
13442
20419
16523
15336
14889
12945
14904
14041
16820
18264
17773
13634
15613
23940
15148
20609
14669
13478
16694
15197
16546
18184
16605
16220
20753
23005
19083
17477
20202
14885
14059
19995
16932
15476
13939
14378
26491
29583
14643
15854
17267
16557
15258
17091
18128
13991
15694
14851
14628
17606
15307
16245
14658
14091
19613
18860
13479
17804
15679
15636
19326
16113
19171
16483
19705
18712
17322
13524
13122
16708
29494
17229
22562
16304
15699
13088
19525
12810
13060
16327
16505
23525
13996
13311
14848
19951
28278
17701
13983
17491
21244
13400
14873
13150
20144
12942
18204
24944
28394
16993
13048
22856
19993
23843
24489
15017
22491
14193
16655
17110
19671
13541
17143
14458
14723
15227
20609
16436
19278
13998
38062
25872
13299
31258
16840
16489
27793
17143
18243
25121
14824
17865
15374
13656
17534
19796
19583
21455
19518
24059
16349
19574
17902
14766
16299
15903
17453
48633
18539
14962
20988
16685
14748
14199
12801
17947
16255
14444
15392
12017
17056
19621
16822
15993
27386
43467
21738
16091
22089
12662
18416
13192
14423
25361
33091
15335
31460
28136
18316
16771
14816
15772
17663
15102
20272
38396
26941
43998
16562
16414
15073
14742
15832
14850
17234
13156
24961
14979
18978
18110
21870
18204
15110
14343
21103
19418
17698
16249
15080
15827
14952
15720
15555
17791
34681
27725
21446
27263
26193
13868
24396
14550
16230
15962
16560
17054
19329
16597
12799
16673
17318
50690
21183
13830
18423
21152
14390
27305
16772
14534
18348
18883
16042
14880
16598
14933
21850
16090
36446
14793
20838
21844
15834
12705
16642
25090
17114
26755
16991
15660
15112
14885
20615
18882
22968
17472
27687
18106
40780
17561
19474
15174
15341
23561
18733
16028
15812
23878
12859
14579
14426
16433
13270
12893
23701
13148
16335
14842
18162
14599
16963
15051
23811
13071
13609
16898
19015
14602
15287
21200
15201
15305
16418
19345
18830
16016
14872
18061
16904
25172
15986
18125
23133
16538
22050
16683
14168
21894
15302
20333
14331
29493
42852
14470
21525
21145
35101
14995
12898
13179
15420
21405
20484
14275
15194
17908
19261
15050
16343
20582
32959
38904
17309
15847
13103
16890
15229
24505
24312
15612
23482
16001
13812
19098
17542
21152
24308
18442
21595
15955
14776
20751
19279
23966
31410
21244
15515
14667
12841
14739
14479
12411
21142
25908
15498
16782
14866
24833
20498
15778
13811
14794
24804
13589
17602
28187
28272
14272
17463
33634
17168
15086
22299
17843
24971
17364
25179
18051
27687
16101
20216
18903
15391
15482
33808
15026
238766
23228
20342
14694
29591
26367
12113
19755
13362
21902
26900
14670
19826
15961
13907
15639
15053
18142
15060
14081
14464
14661
16159
16579
15598
23745
13975
22132
18066
14188
18166
27718
13636
22960
18559
25834
17330
26044
17495
14968
19749
16144
17679
15520
19269
22024
18856
15556
14712
14947
16456
15567
17819
33857
17045
14913
14751
13205
14536
15135
18340
21113
15169
38869
20922
33923
16944
15395
17531
17225
20088
16901
15203
14957
15223
14691
13232
15207
20095
17938
14667
15039
15553
17015
18257
16713
14294
15920
13046
32374
13969
12733
14918
22189
22572
14572
15052
16928
16174
13244
16002
17245
23040
13455
16801
15644
16277
15422
14928
12889
19343
16592
15751
43536
14150
13758
17224
14475
25854
15548
16449
17423
17455
15549
14479
15324
19422
17698
17473
20081
22533
17290
14536
20124
14171
16262
27097
15189
19208
16308
18467
17465
16856
17754
18297
14033
13875
26150
17545
19559
17399
29892
16048
14305
17403
14493
16305
18915
19035
17963
18892
18890
17206
32195
33079
16128
15113
17801
23559
20806
13814
16358
17095
18201
13369
13389
18548
30672
43934
16581
14219
13530
33423
13654
14043
20483
26269
13666
24963
18068
16658
17333
18468
16258
15834
13687
15127
14281
24069
13740
25313
16856
20245
14425
15012
12833
16305
15518
12586
13709
19073
13784
18134
12958
21814
16356
13644
15468
14914
14378
20166
14399
18249
14923
14135
17706
14285
16951
13873
18077
13843
18358
17636
17927
15878
22929
15676
23129
17218
20031
18062
28762
19659
23967
24131
22249
30947
22295
16841
29740
18057
16086
15958
18257
14247
17530
14083
13370
14522
16140
13597
19501
16715
21849
16771
15357
17804
37568
15054
24659
14371
13809
18938
16934
16140
20760
16540
29980
14282
17190
17470
17561
15930
15319
17706
14284
14409
17181
27686
27755
30463
36813
19120
15289
17184
14717
15009
20102
20727
14718
14666
15275
16861
21271
19545
25031
17617
14936
17223
14185
20017
15884
23725
23339
23724
15533
14836
30101
15636
17114
16766
17341
14667
12391
24625
34828
27476
21511
19311
23528
23910
18957
22268
16018
15856
16731
15882
13686
14238
13061
19737
17061
14657
26064
15702
25815
14429
17794
14718
15922
17325
13770
13874
15190
14735
20449
14711
14472
12148
17134
20226
20992
13896
19916
21838
17240
15190
15967
16132
20226
15651
14448
26466
15345
15676
36218
14420
13896
15275
16552
18794
46770
15071
14715
14799
15359
17795
17690
18017
25980
22836
23638
14812
15465
17393
18246
15524
14782
18281
16271
15449
14349
23829
12967
14422
16668
14081
14553
22041
14703
21332
13925
15868
14070
13346
13003
16653
15548
38145
17683
14070
16432
16200
24341
17335
18202
15936
13963
16301
24043
15276
16645
28011
13609
20968
14851
14994
14224
27794
15750
19701
22503
19833
11378
13090
16040
17136
18193
17067
15250
25161
24254
17600
18016
18219
15681
16704
26932
16972
21468
19031
18273
19227
14765
17253
29850
15729
15832
14579
20724
15583
20327
14553
17520
22887
22090
18910
15224
24619
19961
20712
15099
18980
13438
13989
14898
12192
16107
16356
15837
15633
18409
39875
20538
19010
14044
14431
17384
18547
18420
30507
17455
27591
15342
13163
19667
13324
15825
15227
21581
16721
21842
20042
22124
24246
27710
23631
16457
29317
15923
15082
15183
15428
16491
12859
16014
18208
13125
15445
13660
14223
18029
25533
20405
13170
22026
22990
19944
16502
28052
20425
18035
16304
16976
14589
13463
24699
18574
16770
14090
16400
14981
16851
34719
14340
13876
18981
19582
21758
15735
14294
20805
16167
13713
16633
18569
15833
38544
18563
17764
16468
18000
20175
18699
16318
21014
18413
20128
20284
13780
24030
18229
27245
14418
14301
23253
18443
15454
12969
13704
19397
41769
16016
24594
23449
15318
20514
18333
13424
17311
26285
13620
14377
16084
14722
23969
14643
14994
20241
22947
32811
17966
14839
15585
16264
25268
18619
14268
18297
17208
16533
19808
15104
16498
22127
14074
13815
16923
26042
16435
16791
13649
14606
25863
14450
15713
24706
18599
26178
15551
20513
19702
17073
19473
15553
13607
13363
14793
14291
12859
16531
19956
30892
33702
13839
14654
17119
20726
15397
16833
16307
14017
13883
14040
15054
13587
23352
20721
13852
15880
27953
21983
15766
18058
20973
14728
17629
17185
13545
16429
18987
15553
17120
20453
19432
20797
13673
22228
31781
24357
18253
19125
22447
15798
22716
22677
16863
19779
17860
18440
16069
25971
14292
13775
16254
15841
17283
22820
29851
17459
15992
19227
17051
33323
20599
14715
16570
20283
15238
23341
19589
17661
51510
22779
17204
18503
16564
14948
16238
19576
15021
18158
14906
18138
14218
14395
18620
27266
22569
14962
31224
17933
14762
30334
18468
16119
13336
27166
14266
18891
15336
16140
17765
26613
23298
16600
23335
13429
21591
19924
25391
15269
17845
15666
15600
16324
16910
16068
16490
35112
22277
21286
21486
18826
20483
27965
13902
16253
16499
34417
13384
14750
19447
15185
15233
14026
17022
13936
15513
16745
15565
15541
15490
16176
16787
16188
14634
34907
52843
12939
21984
16129
19680
32899
16055
18145
38908
32944
16972
13424
22562
14085
15851
13567
19092
18937
13682
19366
20199
18593
18788
18925
16493
13620
17233
17390
12733
13612
20838
14145
26907
37994
18921
18070
13923
13411
25165
13813
19717
16437
13680
14107
13927
24986
14689
15540
16226
17279
17521
19368
15413
17006
13755
19483
23479
17492
17791
17298
23997
20936
16005
15480
19479
20283
13806
15490
19775
18681
17109
28071
20970
19551
18173
17285
21103
21731
29547
16342
16081
20329
20136
18930
14425
14838
29009
14533
14471
16704
18555
16627
18510
13835
14983
15742
15610
58782
19674
45604
21835
18823
18350
21169
15902
19759
15509
15034
17952
18809
23586
18212
15877
17267
15637
14683
41468
16593
15555
40010
19153
17163
17038
17853
16729
14791
14398
18650
17773
21151
12300
28380
19150
17241
16326
15228
18436
30832
26791
18476
15208
13886
14016
13600
18182
19750
14326
37634
17817
14863
18525
16476
12828
44640
27615
31348
26874
14327
23158
24502
16496
19492
15502
16794
17651
14562
29709
18775
13526
14515
16687
21991
16252
22544
20468
15375
17445
16826
12776
20235
14274
27986
20338
14117
20588
28909
17636
18757
23389
22864
17560
15662
16325
14558
16958
21690
14006
19360
17743
26975
14261
24612
15568
14862
25440
13304
25462
18459
24105
15532
14145
12717
36294
21691
14893
15177
14436
14470
12095
12203
17240
17604
37412
14611
16512
20912
15398
17413
18743
17918
35900
23680
16268
23537
15435
24612
16002
13958
21647
18185
15173
17210
19541
17860
17093
19590
18296
16566
14816
26634
15805
20976
19846
18945
29686
23805
14594
15974
18255
20444
14538
15065
28075
14222
13951
17383
17652
15578
18096
13571
13836
14391
17727
20595
16460
15472
13807
15424
13449
15721
17775
12905
14411
16270
17377
30296
12936
16691
20483
17101
20115
220303
56009
45965
16161
15073
13690
26731
20034
15462
18271
16163
15757
14883
15397
13538
16451
42458
24965
24394
28135
13860
16498
20312
16024
18090
16126
15662
14535
16064
17207
18179
22759
14651
13675
16000
14594
14210
14907
23964
19072
16913
16884
16257
14468
19017
33668
23995
15582
17592
17715
31543
19921
13625
20331
20791
14300
13767
15831
15733
15487
20135
15520
15393
21342
16657
14313
15785
15173
14502
23505
24456
16793
20453
21189
16835
17537
19707
19153
33831
19408
29265
17128
17991
17093
30850
18972
15765
24820
32296
20925
37710
33945
27695
18023
21022
21493
16284
15313
28230
14922
14076
14723
26746
16850
17273
14295
16073
13921
14472
15764
15204
15254
15059
15422
25462
16489
17767
15088
14382
16036
17905
22448
14866
21044
21370
15749
19036
14880
15845
21433
15895
32777
16005
15580
17822
18443
13894
14475
14630
15988
24351
14113
14574
14880
16534
19407
22405
15681
14008
21592
29945
29670
23855
13484
13921
21386
15237
16459
20567
13759
29717
16755
14291
20833
18347
17815
15381
14349
36582
17651
20547
15697
28704
14345
18302
36172
14724
14328
15745
21741
16574
17140
15918
16151
23054
19271
15178
18885
17863
14991
18317
16433
14329
26274
25842
16162
15845
49381
37178
12894
16732
17883
18755
21657
18132
23443
15248
14296
23268
25698
22494
26476
19010
14579
18303
14405
14295
27110
19376
19937
14688
24657
18680
13579
22546
29976
18729
21168
28936
17206
19990
15136
25206
22203
18433
14449
14284
17177
14286
15086
23726
28745
16491
18151
16665
16637
17035
17050
19215
20680
16656
20258
15390
14037
15389
15535
16672
17263
30206
17218
18314
19845
25918
33841
15228
15087
18549
14864
17870
15918
13740
17315
16954
16022
13532
18530
15717
15628
32965
14585
30690
32228
15485
14839
17769
13963
31590
16697
13945
20407
15333
15189
20261
13945
15210
23499
17754
36120
21687
15076
17673
14401
19847
13482
29636
30641
15356
20810
17060
17792
49582
43067
59956
28224
16956
15205
16232
18594
16009
17403
19485
18589
13563
16381
22148
26612
15974
19663
23672
14863
20393
23791
16158
16613
15201
17850
24830
17473
14177
17518
14355
20405
14834
16035
29847
29110
15463
18428
14614
20577
16601
14334
16387
16041
14175
18455
16499
34972
19127
16112
16678
15844
21252
18153
20224
15688
15846
14382
18140
16619
23744
12388
18539
27345
16125
15195
21552
19212
14676
14572
16192
16589
16259
28534
22340
14989
27454
20873
27607
15747
16386
21325
26196
17340
21526
16748
14773
28142
18738
22800
16045
18519
17053
16165
14666
13888
13794
26508
36425
19377
32234
16000
16546
30917
20930
15844
20475
23872
15754
18937
16610
15051
17060
16392
17610
18660
21273
14911
17977
17066
16048
18181
32277
20240
14676
22656
16172
18240
16644
15995
19422
15755
15812
26126
42500
16373
14573
16509
13292
17569
17649
18092
16665
29851
13304
22837
18809
27425
14497
18280
15210
18986
19968
20029
17529
18698
24285
13870
19343
14569
20710
17587
19021
17177
23040
15847
16391
13886
22761
20077
15996
14732
49909
16743
14952
18352
15022
16170
15149
22177
15161
22559
24316
15493
17164
14400
20476
15891
18924
14674
15980
15675
24180
19341
13160
12438
16881
19574
15944
17580
17591
21998
14707
16512
14518
18043
15624
12851
19627
23510
16573
18677
17063
14470
22287
14591
18242
21258
22323
16716
15515
25539
18136
29550
16659
19110
17164
16654
16676
14777
14279
14268
19123
17029
14495
16127
15238
15359
13666
20980
30734
15389
14349
21547
15003
17257
14676
25414
15632
15453
23805
16027
15245
28281
13854
25236
14507
15838
19276
16097
16115
16000
14071
14395
14802
20169
24067
15387
14636
19106
15407
16830
36734
19198
19483
16165
16433
20868
17348
19644
21484
18301
17917
20385
15722
18028
17146
25672
17141
19708
13683
17324
21173
14414
18157
15239
15317
14709
13799
21840
20550
34578
13249
21883
17211
24514
15431
23691
34606
16325
21580
13489
14941
16383
20799
17224
18909
13288
15938
21142
18951
14885
22248
17186
19845
21329
15025
16937
17743
16045
28649
14300
27699
14931
20192
19309
20085
19492
14536
17799
18056
24686
14167
22699
13701
17806
18977
16172
14949
19183
15191
27716
17319
14211
13987
17641
15715
15162
28734
16876
15641
20037
14146
15212
17445
29821
22867
17509
16305
13882
17744
12039
17555
25126
19691
14155
30006
15427
25674
13744
23341
13668
20213
14484
16670
15112
15667
17984
15451
20266
28677
29790
16172
14062
14646
14170
14739
18147
20161
15861
25944
13918
19012
16309
14126
24115
13113
14195
14976
18512
31409
14928
24131
30186
20424
21720
15672
14780
13750
16193
16533
20401
14558
13561
16279
14538
21250
17172
15938
25392
16130
17595
13453
16006
19354
18126
18474
17605
13196
35841
27749
22274
17673
15781
14765
18413
15625
15283
14648
15734
15356
22750
22101
15136
19115
34240
17068
15840
15841
16012
16532
23762
17194
18135
17218
16341
52354
15282
20104
15267
22142
17984
17813
15345
27601
26592
13522
16047
19120
18263
16584
17594
24346
18975
19681
16443
44099
24123
13823
16428
15858
30688
27652
17706
15444
16105
18713
15621
14845
16700
17020
14677
15215
18643
17502
20310
18475
19212
19486
19681
28375
23829
21832
23606
23202
17778
22452
15334
33360
14721
15646
14543
14889
13771
26177
14568
20549
15599
14949
19956
24117
37807
20623
13319
19649
28105
18892
25353
15549
16262
21154
19318
15657
16483
16475
16625
23328
21805
29253
19169
18358
17317
29010
15026
14366
15255
14397
30589
21337
15888
13573
15156
26599
24588
24853
34834
33948
41433
19082
21411
17674
31563
18411
18079
14540
15117
13146
16260
23447
18195
18369
15148
19733
14741
18452
14781
22572
24506
19190
15750
16287
22344
24445
27212
17964
26130
20821
18240
13482
20318
13488
26735
29086
16468
15787
15852
18987
21910
14916
16109
16109
15069
13043
13239
15533
27286
29102
16617
24006
14644
16441
30123
33484
36317
13672
22016
20837
31078
14946
23345
14685
19723
13891
21556
14705
24634
16499
16423
24032
16274
16556
14748
15991
18684
14133
18353
17875
16657
14604
16410
16514
19501
17902
15863
17663
17613
15178
15940
15074
20639
18874
17870
17611
15208
14604
20805
14762
15015
14145
22984
13499
19197
15598
17712
16304
16535
26803
14646
30416
14786
14414
15701
17282
21020
31289
18392
15864
23483
18581
30520
16433
17916
44563
26640
19127
15900
42389
14498
13674
15168
13176
19360
24983
14141
14177
13663
17656
16985
33004
15078
19645
17485
14859
29483
19491
14551
16316
19401
19580
15293
16461
18424
19336
31981
15971
20282
18109
12277
14957
32570
18090
16103
15708
34403
28590
27769
15717
17098
18725
14649
16119
14357
15423
19251
24653
15240
19970
17295
20470
14603
19356
17626
29136
21729
21249
24699
24654
15907
21988
14382
32214
22582
13028
16406
35518
14632
19086
21150
27788
18228
16369
19964
15000
19708
15982
23843
16426
29284
13637
18685
16876
15038
13630
17220
18555
15120
15055
218331
14891
17785
16706
19530
15920
15212
25537
17655
16536
15778
19533
19294
16913
16250
15298
15782
18377
14005
18015
15217
18463
27469
16090
15437
22941
15050
15009
27918
15155
32123
31526
26938
22856
14286
14067
16902
21968
18008
15605
21168
16030
13989
20999
14939
14224
27203
22456
13755
28972
30532
14128
15556
19621
17567
24217
16162
18949
16154
15309
17052
13641
19669
46324
15411
19043
18572
14033
23062
17455
18318
13583
20923
30399
27704
23053
21165
16610
14958
20924
15323
24999
16378
16021
20820
19602
27165
30684
14754
18675
16659
21861
16364
19985
17178
14610
13125
19055
13915
15359
17706
18882
21361
17544
25674
18617
15277
24167
20493
24944
19821
12673
31965
16773
25346
23939
19390
23267
15824
17057
15638
14631
16336
18431
14450
16422
26103
21350
16296
14558
38513
14263
13769
14631
13656
16322
21395
19787
17295
14683
17585
19662
21504
15704
16227
14156
17814
16628
14671
18029
20499
21877
17485
18706
14781
27785
17003
14560
14436
15437
13460
13984
26635
15122
14732
28536
15306
15678
14879
21304
15721
14498
21210
18049
18969
17159
24044
13708
14184
20252
15364
19046
20648
15894
19825
15812
17819
14535
15279
14502
15255
14235
24205
60325
22485
15107
15236
18132
19100
15192
14691
14453
16480
13809
17245
17636
12981
15548
25236
19248
43730
15704
14052
24325
13568
14213
14746
16200
16763
33497
18509
13577
16941
13387
17823
21824
14807
17297
20452
20752
18417
20471
15983
16421
31894
47159
24418
30559
17131
18818
15827
22604
15998
18586
14936
14491
18348
14742
16136
17069
22430
15652
14393
15987
15249
13944
14467
16202
17492
14601
16102
14610
16931
15502
14818
16625
27285
17940
16308
29484
21907
24972
15861
14991
17494
16496
15232
16212
17168
18359
13142
22568
16019
14638
22683
19402
15068
19247
20283
27489
12094
16216
14805
17382
19423
15205
30241
14271
24286
14372
22830
16009
20087
16833
19909
30216
16173
16323
17043
19767
25024
31317
17630
16793
15898
13902
21769
20062
16217
16607
14365
24383
27521
15144
29536
13783
21045
16136
18779
15160
13335
15585
14952
15465
14141
15805
13695
17269
22388
19565
23226
16413
14593
16642
15769
16307
17854
18248
17261
15250
14350
15028
19098
26598
30801
16035
16849
15835
17953
13687
14086
14814
19786
22154
17476
19196
19083
16778
17439
13700
20611
16124
19302
16088
14934
14329
19363
14061
34202
32054
16379
19905
23088
17148
14966
19149
15729
15226
15161
16458
14101
18989
20941
18789
16256
18756
15027
14307
22309
23735
13657
16580
13281
34299
15382
33325
16960
22671
16335
13886
14769
14135
14044
17067
28147
17199
14841
18900
17513
15926
23932
13196
14490
15707
50555
26006
16430
16460
16238
14566
17066
14068
14586
30062
28682
16169
16405
18917
13969
26370
39124
15339
19357
13877
17739
15129
19619
17084
19638
23989
14825
14552
15832
12611
16951
17349
21192
17152
14776
19396
20418
20441
13902
18472
17447
15604
14348
29782
17132
23272
20608
18549
14096
24619
13739
31186
30938
15430
16748
16590
20358
12539
14870
17416
17660
21505
14733
16045
14347
18657
13699
18148
34285
18188
15744
20205
13901
25352
13529
16627
17478
15570
16149
17510
13360
14012
19049
17679
16971
13569
17903
22469
18854
14544
18076
15713
15267
26480
17765
15450
16363
18646
32285
19179
17157
17213
14182
24142
14621
22353
16286
17438
14290
17667
13106
30419
45204
18032
14748
22337
15597
18038
14568
15316
15392
23289
13507
15131
27842
15478
19165
15727
16216
15278
16304
18171
14838
13705
29833
25283
26513
29070
14300
17501
14470
14638
14912
15837
18617
30299
25431
19255
14333
13009
18505
16842
14511
17216
14168
13948
14782
29127
14665
19397
21257
34147
17702
25865
17172
17868
13508
30856
17932
15306
14295
17210
20841
16692
15451
17551
14637
14075
26255
15586
15717
33829
41319
19824
16669
21244
17071
15478
14674
14626
14678
23423
18003
20036
20660
14689
13217
15666
14476
17454
53684
20549
18607
16873
16252
14486
18090
18162
34314
14511
21522
14856
15332
18289
17857
14791
17747
18478
32367
19137
15209
15818
13822
17233
14430
25000
16906
14922
23015
13993
16797
14681
13839
19435
17348
15041
23819
20104
14144
17232
20164
17536
18724
12821
17010
15886
18756
14976
13569
15079
13204
22833
24596
18139
18405
16985
19158
18051
15176
15859
21588
15647
16411
21933
12461
14458
14854
15480
15302
15162
17115
14149
15692
15941
15125
15528
14336
13916
18366
19853
16531
17292
17272
20232
14937
13883
14134
14531
15796
13429
15418
12484
17567
16023
14576
19203
16068
16462
13423
16003
15613
22638
17454
15464
16053
18176
14063
12762
12943
23478
25451
17713
14814
14317
36658
23771
13775
17004
14369
14656
14123
17166
14727
31340
14388
21633
15079
13097
14674
21448
18061
17358
14644
19396
15667
16764
15280
19884
15877
16950
14641
19925
13898
15384
16521
18973
15854
21364
31609
17051
16794
13963
14274
13951
14071
36405
15605
15588
16610
30055
30186
31324
22407
17104
17861
14957
21187
33639
24373
24584
15161
14771
17808
13904
16586
23264
14592
14576
16843
35037
17530
15331
28173
15738
18995
27844
13640
14762
19025
35655
18958
18147
16763
16558
13623
16832
13300
17408
17839
26184
16498
16829
16111
16627
14437
38234
16306
17125
13855
14430
16211
18755
12928
18225
15207
16363
14634
15072
13838
23484
27536
19636
29774
14358
16710
15635
14564
15524
22458
24685
16520
17638
29098
14929
31576
15408
14829
15327
21204
13449
19552
15978
17617
17517
14916
17736
20483
15906
19426
17441
15532
24945
13356
16439
26111
17764
20290
14405
23885
19163
14813
17516
14869
25525
16791
19650
25404
19351
26260
16237
17053
31198
27309
19305
16728
15665
16105
21081
21525
19197
23615
18264
17694
15340
17910
18570
20801
13588
18538
15515
19585
22169
33112
15240
20158
35734
25028
16341
26581
17150
15041
15276
15534
16451
20935
14534
18339
21478
22076
17156
16347
16446
19620
15330
15609
19002
16795
14330
15015
16971
17396
14346
17100
17349
18738
19073
14164
14505
18056
18232
16982
19630
19182
15873
13951
14861
14515
15503
19197
16975
16834
16102
17338
21239
17235
19989
29280
14015
17132
16200
14657
16008
15470
14135
16795
24072
16588
17447
17806
16339
14660
14319
18332
17314
16640
18310
16927
14889
16268
16055
20908
20113
17248
16588
20229
23247
15097
20641
16669
16248
17246
17605
21652
16559
18283
17898
21703
18423
28818
32335
18527
33234
17099
23985
14460
22303
16513
17220
32342
18468
22457
16146
19538
19463
25397
16339
13912
31453
16817
16452
13605
17853
14508
26095
20652
18316
17335
23809
13273
14535
23475
14130
22753
23423
29114
44390
18912
16948
15972
15909
20406
15860
12454
13004
22663
18725
16389
21967
15906
15988
17169
14668
18472
14271
14901
15214
19209
16514
14450
15793
19780
16014
15982
21595
17079
19272
14570
14589
15039
25449
28617
16626
14873
16178
13899
15311
22642
17358
18615
30943
18926
16385
15569
14949
16680
25329
16346
17374
16860
17884
19472
17541
17341
14788
32802
16370
13593
24751
20790
15984
14982
16479
15976
13489
16524
14147
32198
16224
17650
21625
14824
20544
63441
18147
52265
51110
43560
14278
13726
17163
14739
21317
34850
15020
37920
34347
26064
15175
18884
20692
28264
18617
15779
15978
15709
17917
15686
19686
32047
23064
13907
20614
15131
17384
16870
18895
17492
17539
16102
18742
16722
30788
17355
14224
18228
13427
13180
14204
13776
17009
12336
19793
19973
30898
18857
18036
18668
16939
17979
15268
19884
14712
16269
16886
25065
18627
20064
15672
13866
15788
14248
27751
36618
23712
15651
15922
18615
22517
14295
14012
16675
31889
22497
15255
17661
14591
17665
13267
21616
18918
17812
27159
14872
12793
24211
14643
21364
26094
14068
17716
16053
17842
19132
16292
13617
16125
15623
17929
17728
15524
25039
21334
23805
18365
12424
18401
15227
16069
16617
30144
18028
13192
14045
18214
21930
13356
14510
26725
13070
15792
17076
15837
15703
14416
18580
19777
16258
16713
13320
14149
15886
27271
13449
16338
22325
20826
29910
24415
17094
14567
12954
20312
18687
20564
14493
18921
23515
16596
14879
14572
17978
14861
15234
16009
21863
15557
28898
16336
15730
12908
13714
15431
15304
14145
15088
25220
17286
18268
16397
16634
19468
15928
21949
17588
24416
15002
30492
15061
20779
13378
14681
14269
20664
14522
18832
15549
24053
19661
19392
19364
40878
17029
15786
15405
19202
15275
20418
14571
34288
15433
14552
22604
17730
19539
17984
22026
14826
21395
19363
15559
16883
15491
15843
17468
18222
22091
14727
18328
17579
15868
16592
20412
15738
15023
16438
24656
15553
18780
15849
17165
23548
15143
25389
21401
14759
19777
19486
48543
31105
30202
21393
21617
29168
25653
24039
16288
14166
15727
21210
15754
19005
16616
17684
23907
15809
17545
20122
27335
28407
18982
13924
21080
16962
14705
17541
15466
16640
13890
13969
15005
15633
13998
14583
23430
17202
16308
16183
19428
14759
21417
16183
25943
16031
15384
20603
14942
54055
31518
14666
21106
22371
15678
15539
19060
21302
16406
20602
18027
15166
16268
15004
27212
20301
13987
22267
15990
17124
13015
18288
15092
17227
21305
18345
26495
19777
14112
15662
19473
34028
53769
18318
16582
15923
17451
15504
