59588
17058
34084
29011
17762
22282
41682
41165
21809
22509
26873
14436
29709
63766
19384
85994
24311
20011
86786
142412
20326
35059
69955
66146
45819
44032
76438
77254
26563
82588
43555
43572
50603
35783
19524
16675
17083
69983
30949
63412
31554
51862
55737
65988
55022
63756
52174
29873
58751
22174
34407
29308
20950
12128
28332
36916
75820
20435
15541
13979
22147
15458
15871
20073
32734
14223
16720
15303
15356
15496
14968
21203
29296
54749
17694
20993
14589
16815
16761
14672
16577
24612
32427
15004
14071
22302
17253
23850
16990
13636
63950
28355
34872
35718
20838
35425
20682
17340
18064
18794
36561
12970
12341
17114
14686
18341
30911
21860
12550
20439
26763
15102
16963
14301
14618
27377
14461
17969
18526
70414
14309
18160
17108
18051
17885
17871
18064
19404
18182
18907
15360
16082
19072
18573
17042
31475
28778
13942
15059
27021
22104
27142
18772
25897
34057
18528
14239
16129
34393
23992
14165
19691
14646
19032
17944
13113
21788
14217
14882
25890
14840
16622
16047
14509
16672
14361
16740
17342
14457
18903
17181
38998
15733
13204
15849
15839
35131
19150
14649
20541
28757
23059
41164
26936
59872
81591
34383
22580
24689
16848
19758
37419
14563
32692
75651
13896
14503
15346
16913
19327
28717
20011
29329
19681
18324
18626
34234
13429
20119
18304
24704
18053
19514
23531
31066
27123
40393
28469
31193
48271
22480
71164
19512
38412
29883
33093
26692
17041
13094
23415
11966
14983
29401
16706
20525
19747
15215
13787
13547
13991
22281
18867
15953
16237
22122
13985
21073
14011
17614
17772
14046
21499
17448
24838
25477
14225
17611
55546
22612
19576
40431
25514
34755
50886
18465
30592
18969
13941
26063
21208
15661
14623
18995
13603
67506
22590
38635
62842
24779
16807
24199
13727
27286
20132
13508
18438
25371
29697
40511
24851
29871
37270
48921
29298
14844
14453
23724
13732
18979
27533
21622
19036
20112
13783
18257
16128
19660
21150
18231
24916
18520
28987
14520
14710
16902
24741
16758
17198
24960
20450
20348
13985
16681
22304
35926
21031
18625
29997
18214
14524
14670
15919
14954
18683
13454
15281
15154
18607
15490
35398
15140
13158
16320
25255
14480
19336
14761
14354
33458
20360
16204
14910
13984
24443
28135
19393
17275
22100
14966
19155
55537
31871
40271
43344
26809
55373
18289
23557
21066
40232
42260
18251
40535
13426
15394
16776
32935
16719
14285
21623
19644
26623
13588
26984
32275
16026
26476
52217
108658
23568
17238
14093
14819
31735
22411
18005
17198
15319
18967
20768
15342
18199
40008
26361
18269
14725
16638
17514
17009
19263
19291
15130
22174
20724
13948
20006
13906
27186
17513
13945
16519
13304
15662
24788
14108
23440
15343
13068
18245
23273
27998
17762
42379
71913
25436
113326
22682
79148
51766
23278
48942
37155
55270
63142
15753
21140
20067
15835
16635
16524
15868
49494
32377
35416
20184
30890
26481
13891
17869
23983
21553
19451
27706
32856
23512
18330
14626
23234
18232
15051
13560
19082
17900
23454
18746
13652
14863
13143
27820
19108
14762
13822
18762
25003
24353
29969
17773
17581
18238
33004
16963
18256
35072
20204
15724
34525
15426
21845
16297
18180
18098
34940
17932
26389
17881
16557
20402
15008
15268
26917
13541
29897
15850
17244
20326
21831
25173
59769
21317
18625
26048
40395
16813
21242
17578
29256
14782
16666
19238
18527
16255
24951
16018
23593
30694
13455
17087
22960
16003
16495
19187
17721
15558
11811
16837
14960
18629
20808
26970
15397
16047
26837
227652
14805
16249
23551
21560
18812
14619
14241
14203
17093
18596
19578
20922
20936
18759
14259
14839
19144
17646
15814
18494
17658
16784
20403
19527
15583
16823
51431
51205
49276
13784
13423
19225
14892
19322
20328
16050
13817
14542
22518
37405
16155
23267
18739
14467
17494
15280
39784
20120
19762
21842
15022
14919
13911
17133
18735
17973
20910
16380
17240
14022
16430
18072
27647
19423
19899
32879
13309
17032
17451
17149
22088
25822
13800
36190
16051
19118
23960
18410
16396
21487
61619
18280
14454
14321
16404
15640
13061
12900
15479
14291
24189
34914
18494
18570
24033
15398
21767
14690
15592
16008
29494
14470
23204
19354
30991
35694
30778
25058
17235
15905
15985
18775
32949
37960
30830
14758
39044
54387
21434
19539
15502
31458
37746
29953
46046
22093
21084
16409
18133
17636
55475
14916
18970
14678
22908
15263
19416
38849
17708
24504
15745
16616
14168
15192
30113
17845
14854
16079
18425
15892
17668
15241
14362
22342
62200
21909
23592
15459
19083
17329
34370
21546
14907
21140
26825
19968
13908
18030
19832
22509
17799
16974
18078
23625
20172
17948
15721
15706
15376
14454
19860
17997
13925
16258
18657
30088
20647
14606
30416
19502
17027
14075
17382
38601
13406
16458
23098
21370
12751
29366
15542
16010
27800
17973
17743
14871
33235
32445
17727
18727
14859
35923
21990
18849
19759
25297
17055
20990
25068
16398
37231
14462
15056
16855
17964
17245
14203
19567
18330
16458
48874
61936
20572
35433
15998
14018
13769
33777
50028
35325
21520
56088
44674
39456
70177
16280
17907
14859
20402
25552
41592
22553
34849
14367
18795
27400
36583
35942
14961
25049
17459
41745
22428
18354
14610
15172
16041
17071
18337
16795
19296
13942
15343
16355
15324
14709
14863
14742
24302
13878
19518
17173
19231
17795
18748
24171
14495
20989
18801
33290
40785
41830
37366
59738
23908
26936
83938
15125
34341
35886
17166
16594
23535
21217
20537
19428
20282
15637
14934
21398
14978
22447
20854
15781
36067
25714
15137
17060
23276
16330
28493
23265
21459
26793
34892
14916
19971
18871
21989
21819
15239
20715
18185
21620
19024
18055
21961
15201
24586
14893
16161
27816
15116
19673
54023
21058
13814
16701
36148
33963
15657
73575
18001
27851
14072
20511
14413
24746
21505
14800
14282
29021
16300
29695
24208
30904
25344
15577
13920
13611
31395
18952
15017
27825
20927
18717
14215
38713
15764
51962
14206
23992
12828
28916
14938
28889
29176
14548
23971
17122
14435
43882
33000
26291
15397
33749
15657
25767
16633
18896
15727
30493
23274
14942
16608
23103
15775
15956
21840
16534
15848
16994
14521
50923
13475
19053
14737
18690
25701
19890
19019
13544
13369
22377
24495
15241
16147
26320
17053
20448
17215
37864
16731
14019
17716
15754
19852
22094
17949
26499
22263
17402
17082
15901
20465
21170
14017
19260
27410
14944
14795
16031
15309
29681
25920
16797
12947
15853
15174
29549
28927
45834
17676
46253
32661
19211
35843
27437
40404
21813
28930
15789
14424
19904
26226
17126
15260
19382
15243
14335
17709
21976
25378
27208
17934
15796
43548
25163
14107
13687
18439
17752
23185
22188
17668
22990
16814
28362
22507
24358
20910
19281
13648
14193
28981
16019
13897
15032
17925
16941
71285
30903
15528
20015
17225
13417
37697
19875
35417
15620
59667
14904
24444
43796
46836
14598
36712
37066
20659
53029
33104
31316
14328
39374
45754
49460
26650
22536
43285
65592
37729
28671
28563
20364
29850
57824
56170
57386
88233
18271
69570
20205
119903
39336
16755
14867
69044
14091
21022
30543
15754
15249
29492
26909
37281
36864
39973
17546
26350
12478
32643
13487
19559
12858
37308
22794
13803
24388
12661
13669
15029
15441
16873
14493
20777
16846
18732
15072
22227
17888
16794
14588
18911
13264
16294
18309
56782
15048
14472
32378
18401
15421
15153
21637
19440
29300
21888
15002
22234
16249
17131
18556
36520
13903
18664
25365
29873
15137
13852
16863
13558
29741
13240
31177
27491
14999
49593
19448
24084
21141
15310
14298
36838
14148
14676
16173
34448
34024
24565
14392
13377
18688
24800
16960
17455
13443
15545
18144
42439
23980
18682
82587
36957
138893
55911
58313
31684
35280
35500
38996
58663
32867
25517
32659
119908
98828
63038
20697
20256
25319
78884
72944
49022
23460
47250
80161
66368
47979
43477
40439
23174
19280
15501
14426
16216
18756
24644
30233
26555
23736
26219
16405
16955
52222
16020
15300
14199
19729
18887
59620
15198
47427
14884
23538
17675
15133
21146
14097
80544
25055
17464
13674
21390
20898
13118
18266
27166
14007
18320
14461
18524
17403
21128
22234
26098
20491
15628
14490
45907
39511
39471
17959
29418
16253
27636
19203
14738
22913
17464
19767
14044
15714
15153
16668
28937
74931
37483
33653
28571
14977
20161
15177
30812
35742
21267
21382
13928
24087
14905
54240
16372
25133
16727
17699
40979
14749
44577
14266
15905
15849
41771
15826
17083
18336
23417
25472
15146
17035
27082
20070
43753
19171
28802
18531
17132
21298
13201
14966
18382
12369
14693
14677
17303
15504
22051
17780
29135
13374
18388
65070
44430
13426
18943
14523
13073
15424
23061
24794
17538
19767
16798
16869
18889
14430
13043
24767
15720
15492
26297
15615
19922
19077
76688
50704
21936
17842
13511
42842
15329
14781
20099
17060
26487
14902
24264
19734
23344
21533
14634
14833
14103
35665
15334
17319
18598
18635
23159
37923
14712
23783
16886
16774
19319
37375
68452
24368
21015
14428
29870
41878
19642
13585
22353
71196
22274
31296
31441
14665
24126
17749
22387
27213
14149
20714
21532
20320
38588
16829
14970
17550
19180
16172
19699
18913
29705
14202
13385
14976
15819
22303
18829
23058
17387
17242
37422
13491
20151
14576
26999
19006
13180
33940
45841
12739
41880
15003
59561
15361
49278
22019
32672
24158
32824
17705
21350
17685
41233
21431
16770
23088
41285
15660
26158
18126
16316
14792
17251
34059
35634
13435
18488
18511
21588
15781
30763
17304
17459
39816
18505
25982
27599
27541
14202
16870
17685
22908
16450
14561
16508
16483
21212
24384
15358
17421
22218
20204
17339
79075
85215
37008
16062
14632
22291
44506
23793
18869
39079
41809
22192
49815
17730
24712
36450
14103
21201
18870
14040
19895
28641
14035
15771
18483
19323
17533
15126
37651
13508
27883
20305
14012
14956
21697
18096
28398
18272
24548
17851
17750
16187
24644
20545
16536
16774
19542
19926
17215
20674
30465
37971
24250
17434
20137
56891
15678
15025
20306
14663
20464
33570
50201
20676
24392
16400
17591
18252
13859
31505
15944
20171
20421
29587
13599
17253
8180
15527
13231
32142
14046
17516
14838
13845
14608
19944
19747
15118
20763
14595
32025
19474
19812
18668
13024
18594
16035
19977
17681
20053
14726
16436
16117
28214
18400
16680
13942
19916
13935
16841
12826
15921
47551
22174
18862
14220
20618
21603
17843
15074
17699
40838
16949
15782
25848
15114
17903
15742
25530
42491
55714
14643
18202
14672
37445
15284
16365
28934
17952
15289
18953
50707
16072
20137
22212
16966
28067
15660
14733
32350
14315
13930
22074
37269
16956
17415
24668
219985
52567
22255
13882
20347
16835
17925
15872
14514
16531
17664
13238
27999
22937
20737
34505
17674
18025
23807
16002
28251
18179
12237
18181
44979
16722
14973
17004
29581
21664
17620
15053
19379
17108
18460
34259
18735
14535
21941
15591
13685
13423
14011
13755
13482
25661
38337
13210
15727
16524
17695
14304
20513
15061
21600
30216
14037
15856
13860
13624
15537
15277
20317
18841
19111
35227
26759
42689
20113
23760
15574
15521
23184
25220
16615
22693
16783
16455
14708
15862
32072
31152
17070
16391
14357
20599
30189
22590
19987
19998
24177
20948
27874
16945
14988
25577
19410
39433
19883
40890
26411
24303
16079
17710
16071
23540
42828
24261
29498
21546
16746
15234
18887
18695
14080
16033
17444
17328
14054
26748
15263
22448
15428
18899
34551
52215
43858
15208
60417
14898
18782
22704
17832
26479
58021
29424
28417
14183
19257
19895
28339
17909
17209
17190
28842
17050
12826
19667
16505
14006
43419
14246
17345
31639
14791
15261
29208
17905
17287
16585
17395
18222
32461
18536
13856
17382
34217
18087
22552
23829
15581
17223
13861
24998
13963
17383
21922
15057
29977
16112
18577
17718
17892
17022
14855
34689
40705
34708
14895
17863
17105
15181
18854
17844
19775
18319
15935
17355
19355
14927
20078
22867
23606
17208
15980
18303
16550
32592
14916
14030
26185
16355
42899
25788
24443
17615
18376
21526
32523
18586
28876
18037
16736
20603
15260
24193
12199
53026
13810
13995
16347
14121
14873
22514
15452
22307
28248
15555
16066
24325
25946
25008
14967
20930
25794
21549
17694
45460
14771
16392
14201
45689
41794
56006
74347
39102
16029
14159
20088
32977
18125
39961
15607
25905
26080
22042
25620
34788
23876
23124
22564
13820
22192
14020
20198
16522
12352
19493
14080
28994
18598
19748
23817
14590
39012
16292
26150
21814
12658
13655
72158
14434
14824
31584
23544
28424
16753
32921
18411
38337
20360
13777
15824
22002
19466
17326
22961
18396
24687
16484
25445
36829
34031
19727
16755
14219
15716
14756
19994
18523
15183
20744
18188
21209
15285
19654
16253
13914
15273
20115
18355
15456
15041
18778
14104
28823
15743
14478
30727
17273
41377
35810
33661
13347
17933
16798
28689
19262
27851
16790
18191
17780
22384
14541
16142
25112
16085
14659
14526
19423
16287
21217
17619
35427
15835
20952
21196
52343
21890
17069
13165
100864
16157
42509
20734
16293
20425
14455
31168
24916
46887
32032
25537
15168
27476
23958
14753
15521
34743
23497
14846
17698
22032
18671
17335
18419
18462
18334
14712
12804
23872
14716
14414
22446
24115
21099
16695
15347
20096
25954
18855
13990
22158
14800
17689
15098
18638
21917
22206
21134
18475
14091
18634
16456
22452
21227
26039
16530
22333
16022
31189
24538
14178
31460
29090
22554
17837
23233
17556
21482
13858
16100
17328
48785
44096
14555
32618
22449
18146
15458
15192
27318
15735
20439
17974
13752
13858
48974
33233
20070
21043
16447
54419
46288
15373
17970
15803
18817
16767
28732
21202
38020
19796
43306
19022
29142
14578
19844
19629
15580
18542
17274
21141
26239
36845
14648
26847
17801
19946
34392
51515
20761
35939
17651
29906
19465
30752
41424
42075
15860
16532
18950
17880
15438
28291
14241
16512
14313
31775
28699
15709
13892
18848
17512
21938
23841
22321
12977
19417
21746
27819
26990
19735
23023
18264
15116
16057
17705
15412
16866
16357
22147
22208
17501
27116
24293
23101
16848
16217
13969
16212
19648
21770
20273
12483
13672
15688
15470
13440
19076
80027
19758
30216
101712
41440
22829
25538
13727
16758
16844
16330
30932
19936
17534
27072
14989
27748
21195
21466
14043
19306
25462
16077
39056
20011
26807
20383
16288
15419
21799
17612
19425
13984
15766
38921
15673
15242
14428
17964
21080
15851
16315
25838
18002
16915
16560
14875
23379
16584
20075
30475
43719
21340
34689
24588
15540
25311
20401
14823
30645
15148
16587
13893
19162
29294
21524
30785
18222
33734
31641
21905
21549
25532
15087
17415
18323
35267
16575
16739
15548
13984
15572
14600
14173
14411
19692
22929
15528
16226
21231
15948
14247
16945
14933
16367
16577
13410
21239
16089
16505
17221
17055
52607
25618
18938
33858
15172
18044
28415
41313
45089
17447
15870
15580
51324
20764
80895
56895
60433
15836
74105
77032
20721
37037
72208
21524
33801
15315
16255
14411
38687
14020
18821
15343
54574
12371
20066
33182
52746
16816
22476
17815
20513
25069
13525
27470
21758
24687
18442
23725
18356
15022
37892
24012
30210
19587
14667
15933
21491
15366
15161
19202
29502
39121
38159
21025
13382
15722
15842
18229
13722
18028
17143
15399
15616
35795
41882
16091
14741
16883
27851
22707
21945
14459
14333
27195
16674
41656
29522
62694
56374
23684
18205
14094
26829
24422
15061
15714
21963
16403
18203
14260
30495
56096
16307
16524
29019
35094
13756
57837
16657
14291
111064
23692
56627
14889
17368
17879
14329
16536
18857
16401
16012
41819
53120
14454
23402
23234
41045
29580
37236
36609
25705
16771
20772
23538
17354
30409
18688
19994
14427
98514
29830
60390
56363
66392
16074
14625
16259
35008
14998
14408
21695
14395
29706
23329
46473
15744
17741
33820
35770
25281
47255
51402
56794
44757
16930
20592
29282
19314
14631
22717
25615
14759
14512
21560
14364
17616
29679
14806
20921
20496
25091
17968
15672
27333
25790
19092
22954
16724
38701
30733
15501
33582
16247
17383
25345
15901
14903
14230
26805
43192
40953
17478
25836
15554
16609
16093
26135
47236
19213
20267
17226
14542
14040
15661
19454
16455
28248
19657
31029
15068
30719
21167
20568
18415
20805
16993
15071
15261
24041
22017
15684
28106
18860
15858
16951
20604
24908
21139
33284
15842
14685
13981
15876
15234
15388
15483
22614
19581
16915
20876
15592
24960
12730
13234
15323
13553
13559
15191
29811
19931
13479
50930
25168
29724
13588
14291
20097
36845
30760
21372
23347
16629
15777
16211
17987
33056
34508
17832
26093
48384
21773
14113
18242
14017
16857
24686
18229
18256
28090
19978
14125
17209
21346
28804
21474
14701
22742
14428
26713
31634
15705
17949
20391
17322
30689
30506
14001
27497
15774
19711
15012
19592
19852
44769
75890
13154
15462
23587
18126
49817
18329
14828
28720
13416
24745
40970
25183
47155
28177
18077
16041
30313
16949
40103
37974
35183
89801
16953
18262
16931
17991
32629
50115
17266
42561
24989
34548
21562
15198
18689
15811
15398
35977
21948
16814
23051
25157
15143
19581
13089
19423
18766
16079
29387
15063
23540
15320
16061
14075
30388
14672
15069
14881
15715
27393
17036
18446
16301
24768
22472
16018
20091
14746
16519
20723
16511
18328
28266
17766
24924
16212
42503
14996
23960
20813
23665
33713
17903
15534
34225
34969
14744
27351
23305
43737
12777
23588
17539
66946
23182
31462
13292
16913
16839
37610
14706
16168
15471
32554
28013
21901
14719
25359
14186
20780
19883
16175
17187
14091
32794
16777
73648
41715
22357
22923
61706
56965
37392
26098
62596
32249
77238
60624
54895
23664
18820
20275
32532
50510
17119
24967
63029
27463
29371
97998
33368
20653
23825
67401
21454
17791
20905
15693
16754
32290
41387
232920
53618
17340
16446
32061
16140
17238
21780
16997
36129
29512
32111
48965
14733
14146
20828
18649
12805
15690
18531
69352
30537
26304
15620
19539
18101
18642
22477
19486
26152
15820
17492
28973
19533
17347
17443
14797
14466
15693
31497
23307
14528
17836
13874
29543
26581
14132
35512
13405
14630
20330
17922
35865
46420
41237
22859
14009
14310
17816
14012
16747
14488
16141
17894
18920
18701
14363
15563
16969
14814
15648
17507
16119
23447
15191
25713
28518
15640
15845
22724
33204
29855
50648
21382
70845
26033
19251
24992
22909
17209
25621
16458
15531
18491
17113
18592
29675
26587
15784
16648
18920
18264
13555
17968
14242
22412
14860
20887
16717
14477
16122
17139
23238
32071
15002
15700
24072
14237
15944
16182
18955
17580
20661
14561
20660
28261
18782
45899
14857
17480
20893
15887
24280
38705
17307
15571
30130
16873
14243
22430
36733
31735
15849
19560
25404
31316
16346
18518
14552
25463
18677
49020
21419
31408
31955
18138
15524
18711
47408
27349
20112
47148
18698
32194
26732
16843
15068
23831
19565
23895
26438
15538
18105
25464
14540
12820
16252
14670
16530
49529
18810
17361
32195
28853
20422
24881
17164
19907
22516
15043
13937
22991
13032
14832
16288
20336
18179
16749
28296
36627
38009
19812
18346
26434
14475
18112
17516
17944
39674
15929
15389
25388
16284
13758
17094
25324
23181
12963
16114
67270
19827
55540
43612
66979
14372
21828
22437
14328
14164
22483
16847
16735
17056
13195
16590
15994
42188
17355
18054
14444
21520
16578
21228
19808
13739
15440
32929
13255
33404
16618
30489
24068
14039
19260
12600
21748
24561
20214
19868
13536
28163
14454
16745
16078
17464
14153
16306
26754
23218
21503
18757
19330
16754
14621
15978
12960
14909
15973
14987
18314
24238
24745
24134
16542
16178
47179
39341
16184
19230
21256
18243
26563
13023
21515
21241
17255
27901
15105
25822
14873
20368
18735
17224
28799
14251
62811
17236
21161
15464
19770
24613
20788
19782
18966
30612
28062
19098
36686
65721
19154
13665
18605
40958
48335
42937
29578
78062
64279
87914
92914
85034
128765
21783
71377
49311
21506
61060
65028
18429
72199
25279
66877
45778
93632
82466
18397
16193
30777
52184
23015
29721
22702
17431
56120
42159
124661
14828
60974
49073
40182
34236
23849
36124
33443
32281
14099
18629
14506
14565
14778
14939
13694
16416
16748
15783
34806
17390
15091
15867
14113
18414
15204
27899
18745
18745
17778
23375
15472
16688
16721
28172
15175
19665
22682
40642
63525
14722
16807
13381
14381
15399
13092
22158
19765
16855
20453
31882
17266
17817
28967
18179
20427
19548
15498
23254
16586
25036
27507
37606
16214
16086
14331
38823
13690
18574
13340
14329
18512
40045
19664
20008
15042
31438
21334
26497
40473
45324
24746
73237
53152
38597
48297
13706
15627
17243
28866
29822
26804
14757
13535
18681
19642
14378
12950
15709
16852
14454
18585
16387
20767
33225
60157
15840
16730
16052
17008
18615
23320
18531
15341
56762
17688
13729
36314
14247
17158
12667
19551
17447
31351
16891
20748
24516
16589
23083
17533
14953
17094
33136
14849
19038
21545
37353
17988
27369
21920
23395
38614
25182
47972
15428
16079
12980
15052
242716
110330
52454
19002
19332
20810
14864
16512
33311
20265
27312
32409
88775
79590
17070
16641
24528
27048
44536
41185
16762
15521
14250
16452
26218
24417
19436
18510
20912
50489
30045
17112
14534
24081
15540
28798
14868
18655
32832
42621
14523
14198
29519
13828
17211
14591
27661
34798
16060
35495
44569
21381
22077
15971
31230
18335
13841
22886
17420
43889
20514
29079
60949
16629
37004
19010
14179
13807
13999
17451
15940
16404
14664
16392
23156
15011
18844
19180
14479
14264
15717
25514
17851
19638
18481
28797
34516
17994
26540
26316
14833
13583
17566
17302
22142
14434
39475
18315
21531
15572
13609
14870
13768
25032
24884
31745
14449
17182
15272
25769
19855
17435
35706
25515
30010
27791
12970
19470
13709
22301
17077
26217
33196
15053
19458
19826
15740
14248
20984
18234
17802
13342
20612
47435
40186
23585
27744
28253
21423
39435
20127
28797
30611
29347
34246
15352
13223
21550
14925
14979
14960
14326
17937
13474
14158
39735
17286
25994
15509
16771
20499
16131
15777
22124
20194
16381
15742
25718
15846
20738
30712
42331
19065
14539
16685
14281
15323
30880
13979
30539
36424
29924
12837
14710
20575
14709
21316
24679
18905
24548
47068
39017
53214
16487
17606
42982
14148
17759
15019
19046
16326
17527
18430
15361
17196
17924
16020
21220
16267
16907
27320
15064
15296
32918
22914
14202
19953
20496
28173
34561
20660
14920
24495
22405
14152
25719
16686
28954
20405
14071
21750
19693
32151
27771
59588
37975
32638
44349
14783
17791
39054
19022
18404
18245
13983
14557
14178
20273
23264
15773
18088
37376
21144
13752
21671
17082
18101
16898
20686
29003
18464
22199
15444
15327
14961
32184
14144
19033
16419
20801
18383
16511
32078
17902
14648
16073
16816
14737
28625
15578
18192
17290
23535
18799
17355
25233
15999
55923
24435
50236
37570
19904
48936
19152
41860
16893
42129
116519
28612
72850
52357
87183
25609
22027
13643
25163
37009
38433
17670
68358
48948
36826
25431
33188
15378
17809
14759
16648
27673
17544
18544
26513
14781
13778
17224
16903
17125
13631
29890
16646
24095
16570
24953
19144
16668
17604
52411
16092
12123
23732
14319
12751
36401
13721
32587
16988
23509
15746
24374
14281
12811
27322
15180
24417
12630
15915
19131
18327
12167
17655
16687
17957
18124
17867
22276
20791
39956
14130
17044
31910
30057
17375
19632
19127
38146
102535
40470
16583
20347
14011
17945
18915
26854
20531
27556
26368
33814
32740
15508
37973
20502
34904
58120
68474
94333
26765
14207
24746
20036
17916
16103
20269
32638
24655
14829
18621
26711
21868
17021
18990
26700
15102
16996
17758
31196
18330
33189
22963
16516
15268
24705
24675
39431
37293
16888
22580
16048
28620
20589
14680
22727
17739
16510
33391
13762
16316
38861
26864
22709
26996
16979
29744
43316
46958
19976
21896
18144
34962
14972
29882
20000
16699
16601
20708
27019
23572
32389
24361
14664
15299
17755
14415
59139
16027
21446
18135
29624
31271
26766
31480
19913
17142
15900
17639
14679
15124
25748
22144
37380
28283
47606
19860
23394
20147
30279
15938
18983
20295
17466
19011
16151
18988
19843
29004
20824
17775
27725
44093
17174
46050
19976
14990
31005
16688
14748
28073
32859
14318
28609
15497
17952
29311
17098
19164
17334
20315
37529
20604
14706
16589
13043
19479
29618
38772
19286
14195
27725
20021
14131
17552
23949
19094
21485
20434
16170
21112
17853
16826
15218
21837
14909
26691
13513
14426
32491
17718
20150
29369
23362
16629
31984
19638
18304
29763
19091
17513
14867
26942
219437
24209
21701
13606
20383
16360
25447
19562
37432
17803
36138
13256
18033
17693
14273
13854
17566
15409
13517
49154
14444
34730
30096
13530
23069
14637
14919
18756
15098
13987
19893
21641
21247
15829
15671
13693
16651
18502
27019
27250
16001
19118
25771
15501
15709
14164
33177
18638
13827
13520
16452
17862
14906
13919
15358
35470
22456
13553
33132
24252
13612
16838
14747
14467
19583
17429
21416
19384
19849
14864
15865
26010
18654
18309
25670
21228
16579
19290
31800
34383
24094
33336
20397
16512
32140
17367
22490
16173
22675
26862
15284
20897
19970
17262
14200
31642
21030
25169
27509
18702
14755
15465
23976
20720
23641
20779
25803
17006
18732
18350
20617
17003
44300
22509
22846
25382
23904
23932
17343
21634
20450
22706
34591
16744
59532
25819
16484
29797
18628
17692
22868
32983
21266
13695
15499
25780
20095
15733
44380
23155
18422
17763
17014
14308
13913
15000
27120
23764
15908
33820
19032
13675
15158
26789
12750
36593
17067
27639
22950
19898
29443
17121
19336
15422
17292
13496
29571
20297
14632
16267
17894
20936
19202
17452
22165
14440
22503
16849
28360
22743
15506
13989
26406
26355
23224
25965
22064
29425
19059
18445
16523
26908
23776
17397
29204
21265
35354
21167
17814
29612
25077
61145
35839
25261
19719
13368
15614
20156
29810
18817
13893
13115
15151
13446
17448
15339
28564
30516
47030
36431
37289
46609
22048
15862
16571
18807
45939
17661
20404
34942
17240
17004
16607
14314
30097
16318
17502
19831
28891
21901
25203
23154
46588
21833
15464
13781
16225
15993
19342
17026
18825
18099
21208
18460
15709
13167
17446
41326
27781
20035
22482
53319
23959
12952
16547
15383
15505
30612
16934
21679
16437
36815
16942
18471
20098
28790
17539
20273
13550
14330
18562
21407
26698
14967
21039
35153
14232
38179
23875
34103
15384
15298
20408
29297
13598
16452
23322
21792
12935
13433
14855
18560
16340
16089
21883
17089
21422
14189
15117
25222
14478
19991
14679
17449
20173
16553
14704
15532
13128
24727
25052
15903
40742
35485
20272
18475
37075
33916
19497
23828
19186
23223
24122
13503
18961
18201
18218
33841
13234
22838
15466
17185
21443
25544
29003
19252
46950
15531
14904
15855
14887
18183
20682
37021
29784
19149
25566
18144
37406
30665
23398
19375
20443
24018
18110
16652
22791
14555
18737
21666
16806
20549
16712
15461
21695
29185
16031
15446
14969
22950
14093
14470
18219
20377
19876
20762
16147
18043
15769
26845
18767
29519
18987
21182
14364
17731
15699
24403
30359
15779
22619
15216
21558
22681
16810
23407
15847
39234
20044
15564
24267
29714
22937
17060
44224
84279
23161
42249
67196
46704
31172
63685
68568
17246
39951
49415
15181
17158
16360
29106
22439
21554
26905
17362
20133
14223
19505
21047
15028
22614
17854
21849
41038
20139
29383
15705
28064
25417
15190
19684
15439
17518
16064
24388
25053
20778
16975
23038
17282
19749
23726
16715
38144
51177
18535
17543
30840
14328
13857
17682
15558
19341
15729
14016
20184
15114
29713
16161
23438
13305
15549
15171
14586
15949
14067
20442
21875
16385
18841
28281
17328
15200
18701
12046
23473
16349
16062
13390
34484
24556
18654
30462
19267
15553
15226
16281
23355
19203
17440
20429
27485
18081
17697
20418
16147
16972
22156
40493
19588
18647
25260
21555
13665
27061
38854
66332
15505
19124
21368
17624
30781
14774
36530
14872
20151
35783
16227
20931
15788
22536
12995
19730
14878
27773
24237
26513
19474
14844
16875
19904
24265
25911
14574
16390
20122
25285
77873
13812
36543
23651
17447
13355
24411
19105
34319
17425
14759
19950
17714
19348
22901
35911
13435
17621
15690
18108
19534
13144
23793
13739
23500
39055
16501
15952
20696
30672
16023
21982
14552
19676
23067
21920
86786
13072
20001
15639
29560
32406
28224
16630
26303
13652
15937
26685
27033
31914
27727
18622
38823
17038
44743
16718
17158
19832
14833
21281
17737
30261
25759
19315
30293
26629
14646
13072
17450
23372
20292
17812
29501
21016
15028
14929
14200
21115
16175
15899
15260
19218
30778
71285
38863
14739
18075
19794
54466
14762
13240
17229
20321
16617
24363
14356
25604
17242
58102
60702
18303
45188
35330
14742
23003
26028
16054
21438
22316
17361
17924
32897
15809
14617
26395
28744
23232
21195
20992
21772
19576
18123
19302
21809
13423
26294
15003
15429
19258
15784
14683
27593
39125
24231
20532
20173
31197
37447
23527
19480
22051
12462
28776
13435
22440
28995
17263
13061
43308
25247
21455
12970
15188
20525
14498
21385
22784
20679
27428
18345
28284
22803
19693
19856
15651
18707
16621
19694
25809
21149
17598
20806
16809
15159
28865
16078
36703
14472
13295
15865
17197
19445
15194
16142
16143
14808
30750
15785
15792
36462
16206
19117
37924
18439
27453
25440
20357
16538
31563
59776
14375
20993
25167
24362
19805
21796
16624
23114
24777
17083
36925
16865
30453
21283
25084
17846
18999
18441
18466
27530
18094
19427
15657
20972
15342
14622
23244
29268
24130
17485
43028
24822
22430
16888
24996
23574
29469
25830
28957
14186
14186
20546
22807
47154
18342
15058
22221
17343
14888
16272
21462
15346
18199
28939
19080
15310
28713
17929
21710
23997
16565
16188
19324
22131
16483
65701
15610
38754
14611
16151
16249
20048
17055
46400
16264
31983
20093
28933
18779
19178
14264
27714
15273
16910
15145
14055
16325
36743
31652
15805
13915
20015
15876
17221
14482
34525
38960
13534
26955
14456
20649
34986
17133
28050
14949
15642
19105
17432
17409
17003
16545
28458
16204
16441
19354
15925
27372
22375
15885
17711
16538
22014
19232
26240
18339
16007
18881
31292
41337
17212
16371
17054
13715
17654
16443
15642
17604
13030
24955
16910
21681
21338
23542
17225
15364
14564
27417
19743
12664
25732
36502
17428
23946
12690
17287
13852
17813
29991
19309
14128
35102
22935
18896
19215
18947
16321
17817
17753
41498
24073
13234
20414
32484
18108
32813
17765
22337
20396
22913
18185
27586
17579
17132
18382
15765
17462
13545
20903
18013
16834
15355
22643
79003
27407
44190
15590
20104
13402
22646
25716
12243
34776
20588
17481
16627
19820
14788
54445
67704
14008
25653
26312
17298
20440
14533
18456
13472
16414
67791
16841
15602
32584
21001
24480
24712
15077
21928
34688
21875
14707
15986
14873
34480
15002
15614
20138
35098
16337
16587
32242
48757
23179
14904
16718
22521
18038
29087
15681
13363
16213
13778
45511
16026
31097
16767
22123
33806
19100
22788
30103
45186
64804
36567
50794
19819
31334
16957
21546
18002
18866
12783
54848
21413
13279
18564
18221
34606
32827
14995
27128
22523
20119
16705
15344
18880
22851
30235
29740
15678
15742
38496
26804
22697
29373
47841
34892
17917
16083
21810
14711
19837
14870
16413
15910
35062
27565
15384
15375
17375
31001
17046
25980
15597
19150
29544
15605
28941
15608
71306
17427
29884
70169
20625
16422
20454
30435
17563
30571
51304
68093
50715
34642
17305
20274
14309
15959
19861
21073
13533
24674
17364
16065
14650
16071
60448
17551
45551
60124
30611
26142
35641
16804
14866
15344
16691
17257
24390
23833
15704
17103
14685
39343
42950
17102
39465
28655
15201
17338
18813
21017
17573
24317
45671
26906
15757
15093
15698
16260
15160
18295
27681
21133
36644
14940
14046
18522
20246
16513
14337
18505
24484
21013
21060
19611
18703
12843
23488
18277
13316
13517
13212
14232
14695
13424
19310
46153
37997
15910
15973
14311
16423
14713
18172
19466
17147
36192
16227
28615
47293
54049
21749
29713
18951
15620
15466
14732
26309
15949
14439
34084
21168
19533
24050
25160
14557
16678
17103
52983
28066
17984
28723
23081
19416
16731
15090
24410
19845
18814
14673
19448
27321
17436
26300
18209
16226
19277
15798
18139
17394
16446
29938
17961
13917
27071
53116
16554
29338
20104
13164
15343
15342
15514
14942
16305
14018
13870
31846
18692
20704
19393
15346
19142
19428
17437
18277
18217
16089
35605
14379
12567
18647
38474
15580
13657
27820
15215
13078
27210
17752
16692
34874
45502
17082
14604
18824
27877
15439
23186
17598
29154
24781
28719
15630
57788
24402
17635
17048
30007
15507
16216
46310
21862
40728
17803
31312
16845
55201
15621
20570
18598
21450
36727
26838
13501
13329
15352
13534
14269
20377
19391
15355
15860
19928
32521
43830
17793
22687
19082
21969
14384
21464
35067
18927
24267
21371
23574
24439
17524
16484
20419
18139
26043
13397
39134
30799
18698
31589
42376
19822
18045
18090
15732
17592
16004
15142
38505
13301
14650
19787
14929
14667
26828
16306
22424
15030
24701
33677
16654
21759
23178
21502
18957
47177
29256
18941
19391
17646
16765
14908
20762
15888
34164
16399
15930
26455
14115
18870
16021
17798
33664
13474
14112
16728
29940
19994
20527
17381
14998
15232
17633
16887
16836
17554
25897
29458
18997
14472
16193
17158
18664
25110
18534
14659
18725
14903
20490
14212
14361
20750
20079
15345
15209
16924
17388
17308
20320
18568
18832
31465
25473
15640
29119
16496
22720
15929
18633
16488
15747
14832
14644
14693
25916
15683
17314
20607
38086
18196
13672
15196
15437
16706
15266
14671
18608
17413
15013
22147
15886
21545
32505
20186
15480
14675
16677
62895
14913
29934
16645
26623
18358
17580
15131
29319
15130
24954
30533
17821
18338
15327
49308
14265
28357
17756
20185
17891
27203
13932
12741
14555
59556
37637
82075
31190
21170
40460
22622
22575
14888
17095
29149
25348
14716
18355
13168
21055
14108
32162
19539
14160
20072
39061
14519
19282
17913
15308
17027
14182
16127
19818
17977
31786
17768
13595
56904
19303
37880
18077
22525
59429
12713
15565
15880
19323
21544
22321
26461
37570
16476
14356
16142
27400
17571
31615
27386
21753
23815
17029
18201
16273
14802
14785
16083
23214
14102
30543
13096
14958
17568
31280
17568
31703
18136
37584
15454
28683
15423
21208
36974
14773
19683
14506
17399
14564
25209
15454
17072
13697
19941
16213
21431
23203
15218
16228
16682
24580
13938
42668
14786
14965
27325
18964
15231
30615
17019
15538
13194
33243
14201
25491
50316
39953
91147
19768
15385
19222
17746
15184
14134
16910
16705
22626
41260
24895
16690
20449
14895
14583
23118
36032
41101
18314
23225
25341
17026
19832
27326
17630
48391
15031
26565
40826
15686
19282
14353
14405
18598
13883
16834
14065
29562
51236
34388
15505
36541
22188
37405
44798
14961
53905
43958
17451
31742
81701
68617
24732
30722
15613
38854
14591
51042
27270
18628
37348
15567
28345
22185
14383
26378
14608
23355
14113
40038
23219
17899
17155
21920
14596
58808
37950
16146
15464
17473
16243
17163
18662
39803
38379
21156
17978
22206
33738
18195
16447
15430
16794
25610
29651
16826
14033
14624
18710
20458
36382
18477
17133
15836
19897
23165
15055
14031
19401
15156
32074
15085
14734
26379
15366
22927
16588
16307
15323
17395
13548
32253
27538
22937
16026
46498
18134
46493
17367
20768
17176
17724
14239
18090
33010
16424
14631
15367
15759
26869
24145
19084
16626
43100
25116
13605
33845
17791
13231
13559
25339
14765
16390
31462
15551
18987
19995
17279
18353
15841
16528
14467
15455
17627
14103
20950
16551
14609
28962
21909
14400
16909
26179
15346
38409
13868
22337
21187
12802
38784
20946
14013
19026
16893
13880
22191
39833
15292
14112
21758
15100
15383
15647
19617
18647
30947
28534
16628
13918
17252
26566
26218
15780
20295
14580
14179
42408
17878
19204
33957
31240
27722
18819
13939
16256
17152
16144
36405
14999
16217
31610
13029
13912
17251
21275
14534
15509
15064
15776
16136
15623
19550
13406
15179
15568
18979
30026
18943
22094
36070
32378
17777
16345
15618
16869
39540
29389
39158
14434
16318
15171
13163
22467
14870
24286
39867
16236
20773
15697
15118
13048
25195
14117
13092
16560
18435
23320
15120
24389
20966
13994
16129
34571
30261
24023
20130
18612
16623
13810
21897
22390
13182
21617
15783
20139
19919
24856
17904
15519
14561
15547
37918
23384
16050
18025
16776
26519
14931
15591
20402
15236
37976
30696
16144
27376
18455
28361
14761
17851
57014
21630
25410
32550
26076
30502
14217
36616
16112
15024
17066
27507
13457
17287
39211
14260
21790
24880
17189
38949
22828
55566
17615
14242
14615
15099
14642
11966
14062
23864
17798
30347
15928
25238
16977
16895
17025
18753
22091
32948
44017
29875
13540
25154
29672
38531
57394
16757
17282
15481
19435
29703
13073
21900
14113
16554
23015
33705
39257
22553
20153
19058
14373
17453
15602
38324
38676
25344
13849
38618
31151
14754
24532
13603
15580
18260
17099
17785
17519
38014
21443
23637
15034
18679
24143
29119
23423
21437
12932
15350
14998
13802
18177
17163
19496
16530
14899
14354
23605
20462
17303
36425
51494
19958
19076
14234
27054
18197
16782
13995
16849
16157
31203
31884
42595
15848
15550
19763
22202
38186
17623
15482
15799
14432
15204
21106
22785
23864
31485
24129
34493
34362
20421
21852
21472
15614
28778
13579
15265
16804
14578
14830
28825
44483
19639
39829
17167
19570
13485
18332
26857
18029
15199
18371
22793
30101
13291
14055
28725
15631
15427
14579
13624
21187
16745
13737
14799
12002
16522
18778
12752
14107
26587
18261
21163
29834
30970
16646
26476
12820
20340
13145
13669
14848
13477
15035
16900
16294
43051
31931
43595
21856
13228
15813
20209
16661
48072
16115
37939
26317
43219
34121
36670
31017
28940
17967
20891
12724
15234
15946
17781
20640
16501
31007
15023
20618
15898
15134
15353
26750
21172
28782
17247
19055
32262
14475
16528
22271
25882
26905
18519
15897
15787
16113
16116
21492
15933
26864
22587
32243
15292
36269
12585
14751
13260
23910
14497
17509
16101
15970
23066
39692
18451
23795
17309
13973
14271
16188
34739
15731
18241
14935
27018
21331
39019
15679
15328
21145
27566
15104
15566
17186
15317
17642
14694
17998
20706
15282
14235
14615
21701
17286
23162
17386
29832
22947
20033
23744
19827
14914
33484
56351
25491
16825
38451
17538
19107
18877
16924
18638
36239
30988
15881
15011
16880
17124
19883
27413
27613
28306
15708
21932
22553
14773
13410
14397
74952
28990
19590
26307
15211
16777
17032
14499
14357
27735
14722
14671
18560
15187
28912
21519
23121
23624
16135
19876
30887
35319
37553
18276
15703
14171
42465
31667
27421
18108
24353
20878
16731
15819
25527
16141
15298
20397
18191
16648
23049
22282
15773
34376
14979
25363
36460
15230
50428
20942
17882
24112
12797
17960
19248
14549
18550
22732
17324
25197
18851
13281
18708
24259
25059
26469
14915
17679
19005
18670
18193
21088
20862
26064
38419
15486
34397
27553
13647
32343
18132
15393
15690
18461
17124
14332
15753
23962
27254
21314
14723
20606
18883
21543
17270
53648
31481
15183
20053
17806
34276
54113
42563
27207
15631
24826
14260
43317
26651
29427
15324
16932
18451
13611
20223
45842
14329
29731
14596
25647
17595
27922
18319
14208
28708
16729
28324
21759
19118
14763
21173
30929
14278
20798
15101
26870
23886
89688
58703
18859
15602
17814
52530
138975
15590
49716
77000
48766
73233
36259
89032
37759
42445
48756
18310
14256
12349
17438
26642
15382
19747
27225
26278
18159
14833
18912
15722
17315
16512
34833
14584
18705
18357
26339
53474
27130
21073
32941
36629
46352
19156
13904
24735
16233
18235
14925
26106
18207
43399
49676
42129
14870
19208
17322
31217
17773
25660
67497
14760
14918
13866
18951
15006
22890
16430
19354
20906
25938
44042
79437
14107
16695
51665
16760
21559
21042
36425
19412
20537
23825
17390
24715
14791
15892
32696
20071
17920
18025
16382
17807
38873
14797
14299
16210
16004
18698
15872
12990
19517
43794
16196
30439
15193
16584
15917
23101
24857
14219
14529
17777
25724
15548
13767
14226
21461
20412
14026
16128
30166
13923
16408
15311
17932
24441
15409
15785
26816
20347
19758
13992
26803
22451
20792
19229
15021
24164
16978
43696
41877
30136
26766
15429
25543
19972
27021
15464
18108
35016
15378
21173
15202
16494
16596
28697
18171
17860
20515
13829
21134
29521
25400
13960
15722
21902
17654
16582
20002
18314
27880
19208
17552
33856
28929
28793
13707
25498
14615
25312
13855
14120
14949
23545
13776
29517
13970
24244
33459
28991
16608
28971
21368
16450
19729
16414
29588
37262
20021
22319
34814
20251
35417
53218
48603
45393
37597
26714
12677
45070
21034
40882
49288
72766
53446
29565
13525
21372
16233
13569
16280
20506
13459
18463
30486
18164
14474
18706
22606
19034
247175
21294
44497
18618
15059
18351
14161
14378
26553
19446
18837
45973
28022
26907
17890
14801
15551
22016
18367
27418
17108
26691
42145
30834
18978
19753
17269
12669
19111
15502
15049
26575
52659
81439
39008
24144
15069
31906
15784
17158
16675
30907
34799
15777
17453
14874
18695
36630
22189
14788
16092
17199
15726
15244
18580
38814
20409
18970
16187
16821
14460
28742
29962
20870
14455
21638
13939
35149
18022
14201
13658
21688
15406
15160
26878
16285
15598
13048
19808
19373
18914
20511
16676
43115
37154
22807
20927
17682
25976
16388
16670
24010
15890
14807
16917
14430
128844
33429
15640
16107
15396
15748
16910
14675
13535
14822
14712
19605
16670
13459
29049
22588
32911
14998
15373
14603
16026
25233
16816
19922
14900
15894
32146
13496
20581
16220
26941
17101
20338
14482
15985
20088
21207
15465
14230
16517
43117
17969
16769
16191
39406
30208
13528
14698
26477
12967
16723
24994
14108
14720
17179
13242
21197
20128
21242
18200
17018
16622
14438
17613
31288
15249
30484
20571
16172
30955
17579
12754
24483
17720
23768
39509
28949
19033
30963
17704
21575
14852
19469
18806
16175
29344
21483
30092
20914
14559
28096
16397
20789
19993
28816
26195
46241
19328
21549
14319
17350
14898
15019
17454
25867
25321
17521
14774
27965
17142
17622
14459
31495
20648
20506
15730
13313
16298
15260
20072
15415
14870
22269
23977
26058
61357
22481
45335
22878
23194
15576
22692
28955
19185
35368
39101
31247
17246
23791
17306
19790
18561
20166
13372
16965
44493
30451
25726
15518
14183
13129
14241
20223
17151
20562
15520
17510
15533
20007
19682
23456
23060
18740
41093
14159
14125
14945
18533
14020
16300
18395
15999
15253
33142
25015
20627
21105
29601
20180
25633
13162
25473
15332
14799
18789
16644
17034
21775
28160
23136
22636
46303
13623
23043
23977
15284
20225
17429
15307
26034
15122
26609
17795
23888
20428
15093
19182
46980
30168
17878
13517
26032
20498
16225
22086
16745
16239
15083
15531
19817
27049
17065
13831
18614
21691
19322
22886
17947
21411
16169
21018
22969
17712
20574
15219
14504
18219
31405
14600
21226
14637
14919
14371
19472
30150
21898
57467
58144
17288
18268
20595
21859
40818
15219
18261
19181
17488
37060
16780
22484
21865
20119
40427
25271
57227
21619
13929
15394
18991
23793
16847
17572
15928
16074
20375
22469
22546
20357
33633
17351
14137
15974
25925
34958
28137
29508
17944
14634
16080
14208
32562
15890
16642
20082
16976
29603
25266
22804
26466
14781
16899
17560
16057
19913
14414
17923
14650
19004
26681
60994
35966
13960
21246
56755
25701
28157
16759
14461
14399
22364
15872
33611
20035
17524
16931
14323
19004
17972
16888
27070
26377
14594
17717
23146
36087
18989
27250
18956
16777
18632
20023
48930
35125
39326
19622
26670
30600
29157
16119
17867
16113
14735
16088
18707
22108
14622
29998
22579
14775
15989
20961
50077
15825
26590
17101
23550
23472
30281
92847
30184
23968
24395
21712
15454
17668
22284
13823
19236
13137
16466
21081
13950
24200
38221
26996
24352
26488
14889
19975
26819
48588
21679
24329
20269
29935
15463
30631
22037
16131
17002
18909
19629
13600
14378
18961
16404
25395
23475
18363
31783
44730
18001
23663
13690
19315
14678
26623
24489
14639
17214
31707
18810
40366
25024
14770
20736
36724
17801
16129
22744
16395
16973
13988
33615
25592
20800
18041
21431
14923
21185
27143
16545
14636
21127
16753
23487
16336
15212
25540
13956
17059
22669
15551
13891
18129
17382
31729
34348
32416
33396
16027
16415
16088
28915
16233
16010
27753
27798
16033
43842
71519
31970
20311
14050
16148
15317
27878
32267
16123
20339
15574
21066
15723
13788
31400
22224
15926
14906
19987
29740
21109
13286
17038
32688
27308
16671
15672
27759
39420
29735
14332
16378
15371
20182
14975
24968
20026
19233
16209
21551
17265
18466
19674
21258
15450
18193
18301
14022
15949
14229
14349
13886
18719
34971
34165
38062
39854
16942
15221
13337
17108
22629
19309
25455
13762
15371
16184
16251
22416
46221
14916
14058
21829
16134
16530
23864
22926
23991
38451
17442
16123
20029
36762
16256
17040
20756
15862
20041
34297
16685
23273
15186
33870
18749
27637
18013
21192
16985
16615
14956
18811
25241
16856
14054
20286
31305
23865
27675
22443
33821
15103
29502
19395
22894
17690
38151
29510
16592
22240
19356
29968
36296
21951
20345
16243
34175
23926
17354
24087
33764
15829
16783
15470
14167
14324
20878
18584
57274
85113
65349
16539
16758
16967
29809
16581
17096
16475
16783
23612
33519
16170
60730
31083
14835
13851
25611
54481
18774
21310
18669
14770
15005
23190
16001
14713
18709
23662
19159
31338
23427
16267
34416
20211
15858
15189
13057
22933
15140
19829
22116
25110
22623
13332
26549
18909
17629
17642
26015
23742
19761
38340
27119
15876
50154
24015
35893
14480
13936
16031
22423
29142
15435
15985
26586
51140
41521
24037
15727
49593
16266
16580
24879
21193
17833
41448
24712
19125
24291
19939
16926
23077
15204
31772
14670
25227
23519
16033
22966
17173
15187
19223
78356
27419
17578
29191
22853
17702
14247
16084
16636
29379
83899
21959
48652
23665
48751
16332
16773
41308
15446
16272
18056
14933
15164
16282
18147
13057
14823
32838
17618
16528
14581
17517
16874
15774
30249
15688
19630
44835
16004
34129
33541
14454
16419
58924
38677
17758
38912
19941
18116
26864
14046
21009
16162
17286
30671
31588
22965
33928
