14830
21765
16908
20095
44444
19073
19477
15462
17611
15889
15708
14399
16239
16406
13787
16381
17693
13363
28512
13549
22722
28604
33391
17540
17733
18783
20314
14887
23387
16247
14764
32231
21315
29294
17282
14779
24984
12487
13421
15594
25919
13980
14301
15237
16294
14537
13328
14375
14251
20013
19263
21882
19118
20471
21039
14782
20916
20469
22564
15879
15643
17871
14053
18745
19445
16732
17358
15857
16858
15463
17095
27639
18407
16985
15440
17091
20789
20758
15317
20746
35081
15480
15098
31748
15989
14871
14668
22145
15684
19276
24427
17801
46759
18376
13274
19806
13712
14972
20703
17773
17148
24585
19656
16778
21901
18828
26627
18163
20698
15356
19305
14474
15888
22526
17092
17432
13346
23527
14422
14463
14160
14778
17899
19395
23609
17221
15613
17372
21287
14573
18514
16592
25452
25675
23424
33464
16268
15613
21737
15634
17595
28372
14083
16386
14286
15481
18961
16314
15735
16035
17689
38264
23941
16954
16587
15932
14843
32035
29701
21492
20003
13751
20534
17967
15504
15596
14922
23103
25147
17575
24188
30387
20544
28844
24446
15149
17139
16124
21704
24768
29550
15314
14860
14036
21188
17629
39657
14490
14635
16208
22458
27286
27483
18607
15343
12872
15737
15694
13237
18185
15803
46613
15372
18396
16866
15113
23086
16780
20573
18846
15839
23047
13113
16010
25480
13671
23523
16556
22014
17998
16734
14677
23376
21480
28542
25123
19499
14794
13540
15646
16412
18792
14877
13874
17718
16773
14526
14522
19557
21510
14852
15486
19243
22109
17512
16005
16212
16780
18425
16310
17413
15851
14425
24611
17010
15376
24842
18658
16315
18367
18263
26357
13940
24288
20933
38984
31292
38979
13562
13572
19502
16194
18846
27489
22570
16606
21349
13875
15928
14025
15423
14122
20031
43145
20369
21118
34841
17780
16531
16152
21469
16042
25353
17678
20118
13102
16748
15636
21046
15622
17952
16516
19058
14563
15591
17784
23741
14583
21118
30082
24030
28139
42677
13117
14196
20897
14914
13148
23382
14532
19145
16395
24273
13807
16013
27540
15280
15047
28639
14849
17273
14903
16975
15563
16346
24517
16776
31534
16553
29079
14734
26761
13605
18849
32441
15119
16747
16555
21912
14818
16349
14647
13260
14731
14711
25822
24443
23868
33499
33943
16159
20936
24133
17465
35942
24292
15207
26642
13093
15154
18832
18926
12427
23007
40878
16140
17148
14686
14122
16284
13257
14541
15408
16659
16995
25609
14557
13498
17816
15357
25233
14884
14693
15899
15986
16414
20796
14973
16033
17728
16940
15789
17344
17826
15231
14092
14870
18509
17805
14671
15262
17688
15393
15600
30346
17143
20397
13835
16282
16523
14588
28487
15466
14441
22554
15262
23029
26307
21504
16104
14901
13729
15490
43780
14261
15737
37069
16287
17257
20785
14792
15388
15696
26178
32729
17087
12421
14124
21591
22546
14406
15820
14483
17907
18264
20932
14623
22157
15712
16761
15113
18031
19438
15421
17775
18985
14643
15297
27061
15351
27243
22970
24965
16011
16547
14272
14008
17400
17085
14587
14872
16527
31748
21758
15363
14594
17469
15740
18043
27566
13433
38039
14013
13314
16141
14243
14807
13644
16558
15583
14523
14384
14806
17942
14129
28944
23975
16736
14896
11754
13744
14706
27072
16230
15940
20827
26251
15071
22471
22723
26358
17549
20684
16694
15265
12795
14338
20521
18041
15010
17077
16146
13489
21852
14713
14978
19998
20144
15221
17338
22804
15177
20007
15584
24674
20926
14000
15298
15993
26529
15191
18152
19359
15992
17579
13100
13294
13639
14787
31506
28080
14739
23876
17953
17094
13593
15636
17903
17678
15431
25586
26584
20387
20675
17630
14506
14887
16094
18235
17216
18573
28563
15714
13767
14050
15404
24849
14306
16635
14182
20352
28395
15631
30866
16565
20783
18414
14396
16235
14836
12747
18645
18004
14669
17522
29440
12320
12685
14218
17038
18600
14995
16273
16269
13422
15226
16884
18411
23448
13872
16405
15990
28892
13052
15065
13231
18316
14549
14754
17269
21866
12927
13578
23427
28118
18933
13531
14037
15504
16281
16678
25244
17238
13396
22759
18634
16791
18601
39045
32321
13274
13434
22376
20073
17431
14839
25778
18803
13864
12522
19515
25280
16995
12536
16474
16440
18507
20148
22983
15497
14035
13404
15969
31481
47183
21257
16575
17180
13561
25175
18852
17986
15622
14077
13902
22565
13517
13421
13700
13736
13736
23375
15491
13890
15223
14765
13625
17339
16773
18636
14614
16151
17602
17225
27205
32145
18579
15088
15309
15207
26828
15107
16542
15075
16066
17155
25720
15396
27416
17339
14979
17247
20115
16187
16254
14895
23137
15963
22094
14382
27457
14756
15688
16476
13805
17478
20451
25590
14001
17748
14945
16801
19665
15357
22652
20169
14969
14434
16453
19999
25299
17898
15186
29603
15175
17391
14267
14598
17845
15527
18700
14159
18477
17680
17600
19971
15179
15196
13928
20614
27150
14298
20293
14990
27311
17295
17412
57855
38841
31917
24261
26102
14898
16549
13552
30585
18817
20525
21369
18112
15426
16720
15052
16014
20879
14681
14398
15627
21140
17805
14076
14311
21104
19149
15168
12805
14142
16909
19491
13774
17908
13933
15006
15200
15489
25314
19502
13954
26254
14979
19787
14735
22589
15594
18287
15350
17997
13261
22680
14515
19272
16041
12545
15643
22496
14313
16730
19311
17624
17336
17122
18153
16164
13841
13474
15393
13880
16279
12894
22972
43304
14637
12662
20779
14522
14926
14806
16942
31340
27242
22197
19093
17225
18875
19355
15779
15168
23838
22287
15946
27755
17554
39780
14340
19187
26044
16131
17362
17785
15936
13730
23768
15899
14488
18306
20494
17082
37225
21694
14759
19831
20804
26389
18924
14706
25530
16571
18852
15373
15995
16274
16929
16269
14005
14144
15913
19161
15844
20843
14647
20211
15997
15534
38066
18049
14710
17288
19051
15102
18821
14961
20056
31904
21304
17915
16411
24446
16349
35702
14413
33428
35075
58586
18164
17845
16647
20164
18581
13332
14954
17189
20020
18274
21214
17323
15251
18913
15699
15756
20686
16726
16731
26004
18241
19775
21326
25855
16605
15556
26271
20140
20877
27548
13818
24874
16793
28551
17609
14806
16467
17608
25815
25792
30556
32824
49355
16714
21271
14303
15745
16148
15319
24543
28363
17650
17284
15454
15637
19852
12788
18937
18655
18307
13997
15262
25364
15763
23699
16768
13446
14499
17009
13868
17838
31509
14582
12007
14964
14352
14096
14573
13672
15268
17554
14557
14506
20299
20947
20255
17651
18544
18107
22911
19696
14961
17045
13378
14879
19612
21871
17850
27780
37071
19274
16080
28635
22234
17345
26813
39166
19784
22745
17081
17766
13689
13600
18556
18064
14794
20906
18362
21141
19394
22013
22630
22755
16018
34166
21235
14387
18698
18472
15082
15809
16395
15889
19215
19824
30489
15854
16738
15008
18314
18165
27919
14231
21284
12957
14475
14469
23450
14277
14192
18837
16936
15897
27802
14389
17256
19931
20544
16082
27126
16522
18375
30888
17823
15541
19562
15476
24892
13879
18115
12893
15686
14261
14603
25105
26811
14985
13422
16268
14665
22938
16800
27854
15192
18148
15660
22080
15608
14229
21090
20080
17463
19405
20765
41409
16678
30359
47643
241217
162986
13798
29892
21468
16823
16034
15700
24486
14735
14525
18109
15179
19012
17028
19364
14392
15494
18319
16445
21859
15979
17362
16037
20635
18982
17536
14267
18899
16786
15236
15915
23897
15905
16974
16243
19038
17577
13639
26426
19620
13946
15343
19504
15697
14550
15464
21787
20474
13290
19283
15362
16223
25953
25559
14901
16198
13791
15130
15864
15689
15899
16056
14550
16504
13856
17280
24767
15035
13872
17603
19436
16490
15279
14274
17998
12817
14263
18023
14075
12098
22727
14992
14000
31827
20846
25527
27105
17313
15536
12541
21062
13345
15470
22117
17811
13940
19594
16636
18099
19496
26517
15146
19450
16386
20140
21004
20780
24737
16969
15156
15312
20526
19056
17570
15615
18185
14107
14626
24135
14520
19550
20078
14065
25755
14380
19240
21685
25834
13867
26076
16095
17404
18943
20644
15453
18373
16763
24217
14735
20598
18098
17076
37454
13893
18562
13098
14745
14475
16574
20062
27101
17561
15981
16937
14203
13267
17888
15771
16347
30029
23256
25513
16785
17463
17279
16212
30162
18161
17734
15771
18495
16959
16040
14461
29082
13862
18903
14039
16684
16967
15385
18073
18554
14041
32091
17347
15878
17128
14780
17359
28461
14321
22862
16970
18799
23552
20848
16404
15864
28845
22194
27717
22070
18619
28480
15220
17940
17148
19311
14382
25342
17037
39981
16968
17031
18877
15038
35245
21217
15284
17588
31753
14026
19393
15389
54299
14470
28880
44265
15921
21863
14214
15027
14737
23417
18325
16004
16444
32498
18816
15115
23713
21807
16498
26306
15226
15184
18466
23331
17696
14055
17488
18655
15690
22130
16513
22699
22329
19500
21216
20502
16933
14342
30680
15521
16948
19130
34381
14539
15056
17489
14670
18080
17604
17249
15019
14568
16897
18660
15732
13371
24648
35207
23767
21568
16497
41314
21684
13930
17795
16958
14785
17522
22901
28502
17963
17215
16773
15894
24508
17741
20664
34649
29444
17302
19203
15322
17607
15972
16634
26684
25994
18077
15565
13533
20911
20448
14436
14617
18151
13503
15770
14625
15922
17805
15204
14665
17304
22836
32612
21338
16325
20290
24767
22607
20117
16108
23874
14529
14798
14190
16230
17536
33893
15504
14842
14480
14101
19411
25236
14260
24169
15584
16354
17057
18623
15343
15315
26580
16720
24460
14069
17382
32640
16606
16271
20848
16563
14586
15204
17564
18029
15898
13489
14034
19063
25226
14045
17961
29880
15007
15216
23630
13778
15291
20444
18151
26161
14197
17182
15330
23070
15962
15212
15307
12575
20107
28197
16426
15962
17024
13566
21048
16443
14214
14702
17219
14006
13472
19598
15716
14758
23241
15063
18076
15469
23677
40877
16674
22378
23111
19504
16665
22350
15969
17877
15327
15163
15092
32065
17544
13081
20216
13430
12547
16340
15431
19055
17421
35116
16643
16026
21288
20205
34903
15575
19146
14052
19314
16561
16317
28236
17364
15708
17356
17607
14895
17556
14996
16651
17407
14519
14859
20385
21769
13305
15602
21687
21687
19245
14851
14748
16124
16936
15829
14176
18532
14867
18128
17150
15786
20809
17380
22713
13109
15726
14844
21109
12678
14353
22303
18083
16879
13202
13911
22505
14092
21499
16921
18973
21095
19540
31567
16903
33067
29420
16058
13988
34015
16294
15055
16825
22280
19072
24647
21857
15727
17372
18009
15740
14949
20507
36287
28850
15531
26207
15599
15983
16092
15612
14357
16088
17809
19397
15565
18622
14010
14208
21253
21949
15944
14422
22353
19259
22224
22132
17967
21242
15180
15284
21002
22369
13947
15747
16049
24476
14176
17638
25115
23028
32088
14864
19570
14066
21525
20787
13625
17074
15235
15946
17455
15565
14764
21115
19023
17103
22329
19061
18416
15156
14319
14282
13996
15024
29575
25595
18700
21433
17758
18438
12663
25753
15442
14745
14551
14097
16413
13842
13428
24029
19579
23164
20110
21460
19533
17455
13698
15800
18349
14252
14466
14503
17449
13692
13489
13349
28155
22034
16903
14594
18128
17822
13648
21451
33843
18055
21019
14536
18380
23763
30154
14394
19708
15592
17734
20070
24507
15880
17583
17242
13142
14162
14993
20137
15609
16730
17915
14606
15327
18185
23349
15803
68983
19204
21734
22724
20430
17659
16558
15251
16709
18941
27458
23010
14759
20296
19214
15953
13968
15329
15624
13727
32864
20289
13978
14292
15992
13244
16756
15286
23355
15182
15731
16571
16840
16046
17341
22114
30354
17418
14560
15393
29594
20859
16087
18452
17803
15135
20287
24080
15065
13778
18707
15501
22562
15280
14389
16137
16869
18199
19717
14110
14493
15816
26792
15213
14541
15393
23641
15840
18182
15775
19102
44987
19393
16217
17156
19498
16775
18524
21536
14038
18280
15821
23247
26929
13083
14491
14850
14343
16305
19846
21405
19277
38703
15825
23465
14034
15503
18654
14679
19647
18529
18201
18560
13175
15022
16989
17068
18244
14675
15500
16351
18896
16555
19914
14036
21905
14842
15657
15146
16635
13929
20671
15356
15552
15983
17388
23597
22412
14544
14625
15537
14697
15016
19584
55533
26407
18178
15735
17744
15217
14880
15545
29326
14055
19790
35057
21389
17600
19588
16543
21436
19570
14151
13332
15534
16741
13925
17845
14812
19808
14950
19742
14135
19411
14908
17309
22560
15316
31720
17055
29173
18012
20957
17517
14032
32212
20464
15598
17766
15687
18873
23102
15693
13670
13539
18971
14629
15287
14559
13523
18647
18485
17620
15983
15256
16424
14179
20048
15690
15433
16640
14517
18303
17785
18312
15555
36602
20892
15170
35234
19609
19290
19081
17954
17912
15731
16365
14000
13461
20795
17609
17931
31059
15307
19966
27509
22389
17316
22830
16049
17613
22659
19827
14171
14643
14513
15819
14647
20807
13335
16596
25105
13887
16164
24141
21265
15049
15088
30613
14717
22419
28758
15160
14452
16745
19427
28220
18615
15702
14133
14769
17098
42006
17878
15864
14061
14484
16675
21546
15293
22104
21380
20796
17496
29014
17646
18282
19098
14623
18829
16388
19451
13381
17774
14479
19479
14387
18256
13619
16199
15278
23322
16935
25065
13980
14910
16087
16661
12986
13691
18865
13769
17966
18190
23417
16400
14669
45901
17700
13957
17178
23635
19353
14666
15559
18208
13469
15149
22844
15991
21416
16932
17761
19125
33360
15186
14695
27496
29517
16233
16557
15039
20300
25004
17663
17075
25001
42913
22188
13696
14556
14532
13294
21505
15990
17031
17477
15585
14957
15178
14373
20000
13882
17456
14853
20345
30055
14549
17938
63635
17902
15495
30497
17960
15387
13395
23624
14004
15732
25871
14126
15986
18451
14681
19672
21308
17460
14307
16653
15604
18050
14536
18944
15029
14267
29011
19095
13618
21289
14734
15367
15692
15859
22876
19664
16791
16132
16118
27122
26018
21107
16642
16297
27908
18583
14476
14044
17961
17504
21609
15295
21933
26184
14713
18855
28893
20700
12009
16416
13208
16776
27274
14822
18796
21752
14440
13555
16246
12884
14014
19227
17437
18926
17881
15225
19317
14347
13803
29517
14181
16474
19769
14753
15316
20572
19350
17025
28013
17238
16065
16062
19415
17755
21403
19447
29368
14876
16748
26222
16342
14634
18760
14984
15629
31175
34836
19090
30488
26385
15522
13682
18349
27766
19045
13302
15383
26605
17903
17387
28211
20616
14158
20812
19133
30886
30025
13546
15403
15220
16214
19813
15842
18458
37530
16336
39520
21567
23364
13886
19388
17034
15381
24088
14997
30705
31406
26658
16909
19877
19350
14589
15597
14328
16368
14845
24230
17565
13633
15716
15030
15666
15629
13402
14994
15533
14070
26788
13241
26811
26878
18672
14105
18445
18864
15015
16053
17567
18314
19257
20273
19747
15861
17657
14715
21250
14824
19369
43734
28046
15222
22306
17302
19967
18262
17133
15567
23350
15617
16380
20493
16678
14277
18862
14704
12578
30691
16738
18549
22971
18530
32590
27441
18056
14776
17024
24621
18289
13473
18108
12841
15970
15117
16893
13225
21283
20965
14223
14766
14107
18198
17108
13876
51586
13598
15000
20099
13197
17604
15962
16953
16334
17448
18207
15856
17515
16493
18218
14778
21214
14325
15052
18298
14275
16924
17103
15212
14841
17419
18425
14132
25973
21255
16267
13859
14959
15209
14786
15284
13200
19589
18351
17797
14647
14345
26235
23768
16833
17585
15600
15555
14122
16619
17448
13855
20690
15456
13838
26742
13379
22076
14522
14187
13194
27257
19758
13778
20785
22227
34493
17573
14222
16036
14533
17125
18945
15535
18398
14269
16026
22467
18683
15025
21764
24251
20550
19420
16711
14433
18031
12775
15763
25066
49676
15909
18045
20953
15042
17636
16790
14866
13856
16823
15849
32692
22520
27703
14309
16155
13758
12617
19509
19264
14419
13857
21532
17212
15266
20677
17534
22689
15064
14132
15529
14001
34697
20150
37005
26766
18745
14557
20287
18522
17363
15729
29177
24739
12653
15836
21998
16238
29932
13935
17778
16875
19516
21085
14431
14095
16588
15664
14883
15814
19952
13654
19924
27331
24604
22649
39428
34933
14117
13770
17233
16177
15197
18626
14381
15433
18004
15542
14848
21825
18816
20285
16881
17644
22063
21115
14933
19543
15186
16017
17940
15284
14730
15953
26143
14990
15368
14880
22424
20361
16892
14012
26173
23927
20106
14251
15285
16467
27359
16759
30795
15240
16459
17164
16948
17276
16808
24869
25341
13930
16975
23789
13092
12523
13831
16650
31641
18865
16585
19564
16658
16849
20514
13432
15084
14676
18644
17797
27919
14003
17604
43317
19147
30846
16490
14712
19951
16946
15808
14071
14151
16041
16123
36365
20797
19879
18565
13583
17471
13481
25839
14730
12528
13936
12058
18980
13242
16065
16018
13253
14194
14026
14782
15164
15691
16810
21884
68179
20925
24847
15924
19426
13811
17737
19201
15936
17521
17179
39598
19916
25963
14060
14866
16879
16084
20750
35917
16300
17565
14985
31446
17727
21854
15701
18160
22854
17706
24419
13948
26661
15295
18076
16176
20086
13919
19336
19237
15363
46632
46104
18414
14151
17471
16224
15526
17252
16897
34597
14801
19028
17289
16786
22993
15371
16642
18596
15323
14897
19599
14958
24107
26394
26536
24119
17083
16544
26144
13070
16840
15690
16187
17574
17318
18574
17655
18053
15452
15391
21754
15625
34055
26880
12478
30079
15910
27208
23382
22012
17284
30948
14015
13315
18449
29504
16477
13709
21820
16261
13633
44406
15106
13792
14961
21465
17062
15498
18755
18791
18309
13371
14023
22844
13910
15044
17037
16236
15624
21884
26413
18460
14702
20070
17033
14635
20646
20159
39636
14573
14880
24771
14418
18347
17359
15752
15139
20310
30799
15410
14700
20158
16165
16343
14877
17709
26104
14580
15424
16053
25609
15326
17083
18182
17682
14744
25720
15589
14763
22025
58118
47236
16277
15466
14483
16702
17663
26904
14186
19707
22105
15314
13974
18054
16585
15193
15686
21468
18201
27514
14751
22600
24831
15525
16444
14724
25193
15185
23959
22471
16773
15946
17298
19141
13953
24621
22943
16332
16811
16407
13903
14050
12866
16521
15976
16729
17597
16171
14409
18642
14581
16798
15853
23432
19191
14297
23842
19627
31391
17488
15053
15106
13714
15221
16192
15957
15006
11724
20651
16715
15422
24151
18533
37709
14271
23395
15758
16374
20410
15361
14874
21812
24736
15113
15616
20139
19227
17952
16986
16266
16753
17096
25957
23934
21051
18650
16103
14414
19636
14145
13752
50684
19974
23226
13672
19648
16642
16106
19318
15788
15208
17301
20929
16609
28433
15114
18295
17420
27660
19842
13503
14086
27940
24417
19615
14799
27985
19012
15144
14480
29948
15765
16435
29017
20764
15720
46951
32103
16820
20598
17416
21075
18083
16767
14732
22045
14083
16265
23187
25931
14386
15234
20135
17956
25396
22053
25994
17467
25010
15131
16328
15742
14338
14757
14776
15426
15554
14964
18551
15591
17222
19681
43236
29119
27957
14007
18217
19294
22601
16518
20434
19705
13081
18298
15893
20343
18540
19605
18011
17096
29555
21196
31963
35344
12778
15710
14317
16178
29207
14972
13269
14534
15979
12685
18302
19230
16629
14841
25378
17055
22417
19844
21093
28588
48152
16778
21483
14900
14775
14216
14569
17695
19548
15895
14982
17947
19020
22857
14014
16085
14783
19008
14309
23210
16453
14184
14634
17457
16338
13807
22350
21565
14762
18133
17940
36333
17712
15344
15702
17404
16989
17378
23169
39754
14123
17090
14739
21350
22352
16814
19220
13470
14925
24927
25691
19282
17103
18974
27718
15365
15188
17049
25634
35046
19484
15534
18708
18166
18466
15307
13497
15584
19037
14508
29453
18883
21225
20709
14493
13221
15659
45915
27684
18470
14872
16903
16709
20306
14364
33500
40032
17361
17210
16084
13336
31998
49139
19050
14947
16827
26372
20913
17082
18928
21130
27817
51791
41226
25402
35485
16305
14638
14746
14999
14145
16434
13894
15798
38432
22897
16354
22428
16668
24259
16712
18086
18221
29473
14321
14643
33455
25212
14759
15225
15351
28930
12886
13978
11947
15514
14556
13001
18454
14861
12381
14264
22737
19521
20460
14529
22547
12315
14740
12983
18306
15391
16886
13661
18040
15124
20195
16276
19328
15321
22571
19592
14317
32154
19772
19196
15567
12767
14448
18637
15195
19046
14969
25547
14195
52119
25558
18706
14307
15701
20469
17372
16734
15943
14878
17260
13796
14103
17405
14240
14636
14124
20133
15639
16892
13008
31128
14994
15513
14645
19173
14281
23627
22345
14599
25599
21442
15190
17289
17867
15489
17262
33449
29379
15569
21047
48736
51337
34824
18561
19893
15305
20098
15079
22684
23244
32099
19891
12930
15232
16122
14604
17147
19967
18967
18172
19109
22962
17559
15537
14915
31353
24339
17830
18277
17524
14096
15475
18894
15687
14915
18327
17008
18021
16157
17652
26133
17285
16011
22299
17052
18451
23438
21679
14485
17301
17131
17206
18848
16277
17688
15441
16549
14556
15625
15349
22785
16151
15947
17118
21288
15961
28731
21973
23047
13460
15217
15153
23915
12749
14548
30508
14347
19306
14748
35228
20282
17821
14887
20489
15490
14861
19472
14333
13482
13203
15865
18345
15175
16913
13959
27073
13527
16255
20078
17327
16897
23340
18798
14634
19304
17904
15909
14613
14021
16207
15753
26512
18496
14853
16086
19667
14386
33237
20091
22531
17757
23258
21938
17927
19500
19872
17180
15164
15122
17627
26561
16745
16325
16348
16363
26088
30371
15732
17850
14984
20987
18195
22635
19571
20856
14886
13201
26841
24812
14213
19573
21721
16118
20585
14854
16553
15406
17269
14227
14871
28770
18177
16390
15118
16671
19432
17172
13604
18969
19712
13663
18473
20401
28018
15913
20270
16392
40044
15082
16613
19318
16494
18923
15543
27158
17870
15644
17099
17143
20234
22419
15117
20707
15329
15564
17948
24578
17095
13864
21543
17126
17167
15517
19826
18778
18370
31386
31833
14455
23651
23063
14650
16652
25028
24184
33948
20809
12784
30665
22088
17333
23681
14790
19873
13792
15843
14784
16901
34190
16279
20807
24363
31213
14462
20754
17137
16487
14615
21751
17555
14038
15439
17525
37196
15660
16456
20392
15363
19193
16031
45468
18671
14915
15094
18882
22840
42335
19923
20165
23346
14416
15530
14956
22807
15791
21698
23546
26828
20953
19331
20447
15925
19155
26406
17821
14523
16649
15334
16901
15905
13961
17341
15091
14864
16315
13188
13900
17010
14567
13385
19110
16280
25272
16725
30437
25507
18429
19576
14842
14413
19703
14205
14318
18409
16426
14677
16664
20915
19005
16914
16452
30571
16606
34917
14699
14122
21685
13866
19896
16083
15290
19715
15907
17362
18563
15755
31053
26318
16590
16259
29357
34231
17411
24850
14950
19077
14454
19416
19468
14729
16403
14464
19279
20986
15267
23228
25676
21731
24009
19063
14220
16079
19711
20960
25024
14478
14008
13912
26609
18082
21426
19228
18883
17743
21968
33590
19899
12828
15098
17806
13987
16415
16893
13605
17053
24730
17358
17237
16014
15952
17275
19195
12931
14676
14589
16239
17336
15683
15214
15598
14315
18089
14914
14114
13820
16771
20761
14727
16627
16158
21063
19469
16240
19728
15308
17252
13779
16462
16737
18811
24400
16937
22691
15971
15451
18110
13983
16444
20209
14635
17867
14286
14315
16600
14258
17864
16343
14637
15769
14647
17186
14977
19678
14467
13847
24716
16894
12839
23773
12623
14877
15634
19210
17243
12971
16144
16955
14806
26486
16671
19486
17863
12872
19572
25425
15608
26341
17152
14334
15390
17239
13880
15229
19949
18652
14545
13994
15508
23055
18419
21192
15755
15857
16813
15073
15390
16487
16828
15919
17496
16169
17122
13980
34278
29808
24159
14835
16314
21757
12645
23384
36984
16688
14329
24155
26878
16456
19881
18411
16749
13924
20171
14994
17945
18378
16603
16212
14775
14098
22451
15034
16811
18580
13390
33384
19449
15059
15364
25031
24514
15637
14717
17275
20784
18808
14420
13857
28470
31964
15329
16314
17003
25685
15529
14296
14676
13192
20228
14206
13867
18195
17477
16837
18645
17881
17733
19990
14221
15984
26863
15997
18631
12726
16343
16192
18461
19514
14720
15529
16924
14340
23332
14305
16096
34137
21636
17730
33130
15588
16762
16984
23199
16543
15469
24840
30577
14308
16507
25989
21530
21689
17883
19277
16970
15747
14935
15088
17939
25689
13552
19553
16240
17802
14284
22926
15620
15317
14157
15617
21390
20184
16043
22781
15314
18028
16913
21115
14691
14968
15209
27497
29134
14836
13279
15440
25513
14697
15269
16914
16578
28284
15785
15551
17137
30594
14371
13280
15373
16332
19110
19975
23267
16706
17100
15633
14265
16653
20526
17952
16634
14225
16602
25077
22203
14948
18223
17853
16604
14430
31972
24030
14233
24944
14918
16003
18718
15957
18973
25548
21070
25805
15223
16062
29275
14010
20574
13423
15333
36888
16940
19162
20401
20366
14804
16210
18351
15448
18210
19078
17371
18819
18372
19184
17638
17298
27320
14325
15324
24816
22425
20974
21104
22383
32739
15812
15658
13655
24416
15352
30518
15189
17172
16935
17031
15613
19558
26618
19981
16750
15385
17852
13936
15664
15096
20476
34115
14746
17662
17324
44150
14499
16604
14328
15903
13426
49190
16403
128503
13171
25877
14201
20573
17458
15916
17632
20234
16438
14571
15487
20274
31824
13589
19218
19865
19670
25686
21916
14778
15703
14764
14925
14644
21115
14261
16239
17709
16777
19456
15911
18260
27488
17378
15837
18079
23851
14818
15116
30815
31313
15583
14783
14266
18687
14600
15205
16746
24056
17355
14123
13702
14673
14938
15468
19138
16012
19307
14624
15248
17820
18676
13967
14808
21828
17074
16658
19902
14636
16480
19725
23017
14104
24444
21352
13767
17651
19119
14136
14410
14962
14621
17872
17305
21075
17731
18223
18964
23541
17337
20798
25539
14507
50131
15382
14952
14896
14799
14843
17689
24602
19356
20901
25365
28682
26664
56202
44347
17067
18031
15873
30253
14494
16936
16126
15437
13679
20862
14095
29116
16286
18061
20786
18320
18452
24739
42045
14995
18173
23985
13444
14332
17415
12745
20281
15796
25500
16265
14717
16529
22434
17637
22575
14533
17206
13500
19553
20499
15241
18657
30798
14604
16152
30472
30910
17192
14383
14092
15414
19192
14890
57936
18765
14700
13789
17305
13497
17090
20260
19114
15250
18634
15378
18404
14701
25691
15535
15440
18170
29317
16540
14469
14124
14787
16529
21745
14289
16683
13587
15885
19621
17775
17158
17185
30034
15866
23583
20897
20053
14963
15353
16409
13323
16851
25244
13043
17346
17485
26384
21927
16112
18033
30531
16093
15277
26217
22520
17146
14260
17219
15193
18736
19014
14780
15406
13753
51234
29534
15953
16254
18251
15768
21295
23099
15799
14620
15377
21770
15723
15694
16101
17686
15148
25987
17186
22427
25357
15237
14702
16249
21699
17515
22385
14276
13671
22131
24889
32670
15419
18304
18980
15418
14981
22203
17825
23285
34567
19746
20515
16774
16045
27044
15213
19055
17797
15452
14914
16752
14895
16700
19232
21162
17467
17183
13757
14950
14451
22966
17274
14013
14963
14691
21411
13357
18899
19448
22033
28908
19289
14794
14209
21650
18422
15225
14378
15329
14502
23396
16250
18038
15920
15815
15149
22001
18117
21308
18594
20640
29752
23671
18238
23951
18399
24129
16825
16581
13866
20169
13944
18546
29129
18895
14287
16878
12288
16326
14831
20269
49827
14482
15992
16882
15558
15369
14140
15470
15610
14779
24033
23268
14647
16495
15497
14679
26874
13766
15819
16508
22916
20635
14805
14766
15626
16446
15283
16743
21849
23598
15410
14717
15466
15139
16342
18513
16069
16449
18315
15458
14485
22466
15131
18412
13865
26061
22008
20934
17011
16235
19425
21115
19959
15072
16987
25691
15268
25078
15783
16695
21456
14172
17203
15367
18559
21779
17734
21222
22145
15162
27701
16744
16561
18422
22208
13414
16940
16094
26748
37556
15227
26783
15571
15781
14417
14321
22597
38825
18704
19942
18674
15469
20269
19697
16365
15635
32207
15062
15817
14660
17960
14809
14976
29875
32139
13785
33239
13983
20947
30950
24774
25625
15239
17800
16805
30835
46786
39054
33510
16776
21510
15236
20530
17647
13120
18389
24349
15527
16117
16895
21252
14907
25715
22234
15974
17306
16871
15928
16669
20985
14078
15436
15564
15690
15823
15676
19880
18849
25063
40213
14298
19360
13140
13603
17584
14939
20744
27182
14301
16826
15276
19519
18455
16123
14923
31058
22727
15751
23383
17232
22838
33144
15580
16276
14622
19593
14453
14578
26978
16753
16605
28026
14989
18394
17077
13684
14477
14673
15503
13901
16100
20969
22288
33192
14469
14371
15933
19362
20327
14146
17345
13388
16562
20323
15061
25110
16175
18125
13860
13537
15350
16003
16553
19688
19326
15229
15901
22199
38988
39154
15373
14635
13504
16388
16751
17692
14243
23684
14023
20750
30134
18997
17341
18184
16391
14389
26148
18633
18378
20120
52338
35755
22023
18679
17758
13635
16957
17162
22846
17569
15029
17304
16746
15703
24211
14721
16438
13665
14644
16876
15032
14372
14080
14294
14988
21944
16793
14723
14612
17582
13607
18659
13746
22090
15731
18695
13871
14284
11779
17814
14211
16780
14447
16307
13994
18198
30229
31758
14983
19295
15247
17516
18331
16526
31051
33768
32824
14888
17731
13977
18294
16106
16502
21689
15018
14799
20139
17492
17941
26364
19333
26671
18237
14919
18326
19024
16958
15924
16511
22520
16487
19279
15689
13487
14098
14390
14967
17519
15330
16827
14715
15553
17973
15735
19402
18168
15557
15628
17131
16565
21165
25248
14790
20839
18748
13998
27958
14568
18800
19364
15664
17759
17443
17474
14442
25934
19030
26378
13072
16408
17547
15749
17724
17653
15445
17459
20087
13731
16279
17306
19487
25927
23016
19685
51742
31096
66488
14919
14800
19783
23857
15551
15130
18339
25257
14579
22824
15945
13606
21677
21644
17587
16266
15785
24522
17412
17219
13860
17110
15096
17192
14898
18967
24735
14552
19393
21546
18285
17133
14659
37097
15364
16083
14551
14218
23658
17779
15814
13827
18429
18744
14673
38010
25654
225524
24699
17910
15849
14118
23859
16834
18469
15078
16402
15528
15116
17582
30685
44798
17050
16049
22654
15681
15399
16073
15104
17576
17018
26633
14250
16846
13664
13138
21188
23225
18031
13021
15794
19396
13080
33987
13914
17618
17779
20595
33105
17752
18805
16644
15524
15237
14922
15682
15136
16162
17628
14308
15317
14494
25766
13769
19593
36207
41290
22545
26274
20224
14068
14682
16585
13427
16845
19228
24060
43271
16226
13984
13777
26295
17288
20250
14072
14990
15494
14400
15701
17057
14431
18292
16278
18056
20951
22895
17777
16059
16120
14672
16341
15161
14857
19955
14974
19682
27705
24379
17133
17220
16442
15516
28678
26541
20763
15597
14561
19385
14615
21979
18859
16178
20029
15848
38411
19435
20973
17660
38701
20150
14111
23554
15926
17998
17226
13714
18972
14168
15153
19013
14569
22526
27317
15127
15604
15328
17732
17531
20407
21818
17871
30496
18711
13792
14338
17060
31281
14639
20329
14639
22670
22535
13272
29088
15380
25651
18783
16196
13597
18539
16159
13495
24262
15373
13448
15025
18130
16854
36998
17690
25666
14238
18183
20517
15017
15093
14322
17139
17267
21057
29083
16860
15276
14391
16742
16089
15699
26232
16658
16863
14569
16386
16798
16000
14219
15652
16244
16978
15435
20827
22797
18375
16465
35455
16197
17042
27508
16652
20079
13325
17296
16605
47544
17084
16943
16477
38689
48333
15478
15698
13428
15260
13430
18178
17407
15842
14090
17058
18848
23636
32393
14852
15392
15414
15443
14842
16396
14756
15696
14206
19364
19447
15231
15079
28625
21755
14093
18235
19707
13606
18255
26648
14883
19345
21951
23447
17831
29545
36328
22499
19465
18113
22614
14127
14275
14163
25135
19981
13579
16325
16051
15538
16583
16870
14892
24865
15705
15372
16110
14980
16681
22065
38832
17785
16858
15251
26315
15773
14584
16214
15772
14788
21918
27448
18844
14945
16186
44549
25776
17571
17696
12896
16435
28469
13628
14284
37707
17455
21936
18875
16807
15841
15322
22219
18085
15400
14820
18882
21102
30739
25336
28622
19061
18751
15914
17657
14156
21146
22275
19951
15552
31438
16711
23055
16191
16982
15658
17549
21281
27700
15778
20662
17780
15553
16388
22208
22970
21867
21009
14581
14657
21115
17948
20106
17643
14899
14408
15749
16096
15387
17775
15497
13693
24383
15018
21876
22539
13169
18922
17865
21061
14729
14420
16545
14931
15827
21634
23300
18998
16630
17184
13835
19091
16476
20992
18675
19969
14373
14913
20349
20583
15196
23969
16968
25627
20593
14371
13973
21186
20892
15367
13873
17074
13900
26538
14286
16076
17926
15179
14186
19047
18927
20587
15024
18062
29264
16317
19142
15637
15348
18252
18933
18050
15014
21972
16711
18983
23731
16642
14293
26290
16367
17212
16648
14734
13703
22212
17308
31790
24055
15301
16849
22670
17937
24298
27020
19780
25698
26389
15804
19818
19396
15465
17835
13750
19247
14813
21219
13384
16736
18155
15372
14287
13203
19058
17912
21854
16368
17214
18375
16316
13728
15195
14502
17239
15668
15537
19355
15367
25538
14491
18042
20512
16983
31286
13985
19930
21145
21652
18382
17790
14933
18173
21529
14968
15521
20794
19993
18013
22111
15959
17894
21405
13718
26727
18842
14544
16634
18975
15000
16414
17057
15614
16028
14550
19293
15292
16703
14767
14981
20596
16156
19843
21389
27299
14763
16091
35177
19267
12685
16493
17172
16043
41228
27350
16341
13316
19688
15249
14996
16174
14246
16060
44646
14815
13791
15058
15075
13896
16365
18909
19009
14798
19484
13621
16172
22133
17108
28570
17313
15496
17121
14860
17337
18550
14901
26868
14883
17949
16559
16808
25745
17149
21375
12524
17507
13968
14460
19259
15566
20271
20114
21565
19725
15945
15010
13587
15558
15789
22393
19015
17820
18394
17950
36052
16299
19650
20859
18604
15698
13593
22753
15476
16363
16154
20287
26259
38951
19457
20237
32372
16758
14108
20294
21596
16655
14624
13976
14222
13952
19409
13797
17234
15855
14414
13180
21615
15306
13983
14000
14684
27774
20466
20466
14165
34171
20828
15018
14776
15161
15700
15556
29688
29725
20405
14615
20396
20332
15629
16893
16754
15893
20123
21916
19320
19094
18064
13295
22001
22542
15745
19710
17437
15022
19522
14487
15692
30171
15764
15411
16572
14605
14893
23023
47300
52968
15574
11951
17142
31700
12522
17242
14402
15109
14750
17128
23072
18160
17774
15336
17909
33187
14537
14034
17989
14490
13781
18474
14404
15080
33837
14676
26637
14987
24551
14595
13901
14787
20817
21984
19316
18812
18680
15943
20579
14189
19397
16043
18593
15778
14826
21258
16160
15554
13672
14092
24867
14528
20267
19000
19176
18434
24689
15474
18119
16299
16327
15761
14258
14474
12904
16992
16083
22684
18743
19823
31291
27402
15693
26688
15475
13996
26506
16097
18598
16334
13943
20244
17291
17384
25475
29161
18291
17158
16387
18149
13657
15755
25957
18972
19570
13608
14325
16342
14464
14450
18769
16016
20193
18979
18659
13894
16178
20092
24041
21942
16339
14991
15616
25475
27934
23443
18385
15361
18698
17057
16920
28268
14967
15076
26693
16988
15237
14529
14548
19865
14853
14950
15020
15830
20922
15905
22428
19166
21399
16422
27371
12374
15727
15938
15055
15353
15197
14817
15164
15661
17919
15289
18513
16390
16241
19466
17217
18698
15172
18324
30437
213993
13920
25352
14638
19643
17018
14335
32604
27874
14923
16209
14163
22286
13650
17313
20737
28077
37981
24786
16493
15346
14344
28992
20578
14011
27814
14953
17017
16264
15572
15207
17327
14834
13519
15437
14756
15680
16421
17392
25236
15254
14898
13822
24472
14172
13740
13744
15437
15167
21555
17746
16368
14226
17492
13452
15324
19074
21623
15259
15995
29057
18197
15828
24776
24886
17429
16881
14843
16622
14537
15390
14595
15514
18427
15324
19810
26295
14251
20452
14935
19573
14092
16559
16531
14882
20777
32252
21963
18798
21580
15286
14814
15482
13610
15698
15955
18741
15109
213690
14295
18207
19419
20953
21692
15808
22542
25018
14516
14332
13434
26141
20805
14701
16923
15408
14934
13748
14475
15210
21549
18623
13504
15311
22812
16330
20038
18878
16328
14481
12178
14779
15057
55370
18567
20256
16466
15205
30953
16406
14304
17155
14284
15542
19518
22229
19614
17282
19706
14100
15200
17768
21891
13269
22157
24532
23857
27636
20952
18027
15040
18569
36039
23614
15340
18990
17802
18902
17244
13996
19391
17816
14783
17682
17762
24913
24350
15253
15019
14596
26647
18399
14539
22915
14417
21730
21563
24072
15269
15971
18888
17086
34425
31522
22450
14611
17098
26018
14809
14170
16528
13569
22638
17488
14599
14023
21283
15804
17727
14655
17300
19056
15479
16796
16141
20435
29562
22582
14295
14084
16107
31563
14478
24305
14377
17604
17332
13713
14082
16731
26226
23537
13212
24241
22205
14368
23163
20185
15715
15514
21387
15606
20356
17377
16241
20261
30666
15036
17333
14009
17840
16333
15314
17142
15489
13554
17366
17791
21813
20592
17139
24906
12675
17434
27417
14686
21848
20255
17710
16946
19849
23706
17446
21780
16661
19631
15558
16333
14895
14324
16060
16609
30120
16532
26961
15268
15017
15445
17697
21150
20738
21247
13112
19642
15019
20992
18687
18128
21149
15193
13679
16098
14089
20261
18358
18891
14801
15392
24730
16940
17121
16644
14167
16337
31019
17892
34176
14912
14840
17543
22236
15723
13876
19040
14701
14242
16769
25765
14518
14901
14476
17905
15728
19293
15428
15823
15820
22076
14206
16661
14866
15786
15083
13831
17050
17024
21728
22995
27236
18614
14843
18616
15002
14540
15002
13884
29900
14483
15195
14816
16334
17465
22357
18919
19399
14932
19602
17267
30462
14877
18846
24448
38686
15849
22995
16220
16788
29386
24976
15054
19584
12820
21929
22786
15127
20055
15744
15301
17368
21611
15331
15610
18591
15378
37648
29947
18278
15928
16102
14079
21569
14246
19558
14567
18161
14305
12727
15654
18403
15508
25403
22276
22733
16110
17859
15326
16544
16782
13929
18122
21122
16664
19774
18601
31151
15007
18554
17658
16781
14318
16709
16265
19537
16230
15804
17776
18811
20807
21350
18237
19511
16714
19651
17529
18333
21114
18132
