25462
31286
16013
21563
14499
15526
15882
30964
12580
14213
15741
17178
61269
81241
48807
56046
22115
14829
14596
28042
31078
25295
30760
20709
13157
17232
14559
36447
15187
16959
13252
18236
15445
22214
14331
19009
23440
12995
14776
16082
21484
14732
15368
14633
23331
21939
15828
13521
19015
20403
15390
14343
18825
13827
32073
19057
19212
12960
16350
18450
14335
23187
31615
18982
21136
12882
14407
28182
16411
17907
16134
14340
31426
22565
13899
20431
15460
27075
17513
31824
21162
15790
54417
18540
15406
13360
18518
16776
21600
27712
19775
31454
15420
13705
17779
16734
19765
14190
12889
20604
13371
29565
16442
26076
15235
24118
18783
21123
30478
35722
15937
14297
13499
28739
32863
20330
16925
13895
17765
21404
15808
14324
19238
13812
14859
14670
17753
17120
20023
14779
18476
18679
12687
19479
28863
14374
18949
22926
17361
17314
19664
27636
14954
19805
26517
20054
16758
24109
18789
15891
16295
19670
16813
16834
15323
14516
15018
16359
22747
15994
13713
13290
14299
15254
18221
17368
21476
14712
26743
17477
14143
17418
31281
19795
33739
24006
23436
19666
13464
15890
15869
29240
13265
16717
13902
34737
30718
17721
13377
13360
35358
15354
24460
17201
20099
16661
14098
14785
16904
20510
35413
17870
23389
19091
15332
15183
23718
30197
14659
12563
20866
37326
26604
17711
28087
51971
23543
60149
33726
37851
66288
82149
30011
33657
83768
27736
70373
13876
16955
13459
25347
51265
25265
37489
15217
47698
29293
24140
39248
35962
16230
13488
45208
28625
21351
18001
15386
36343
101569
16624
64961
41479
13821
47522
25478
16976
48053
60571
56561
18428
53798
21970
28200
27326
14775
17550
95037
92214
54278
59511
66908
16097
51910
14058
46340
21374
20298
66599
29466
24172
14304
16629
15446
17217
18300
31328
15808
20282
53743
17185
35146
38332
22007
58529
16647
15077
42531
29573
15800
41390
18721
23777
30118
13961
15616
16290
19758
15493
21976
14667
32566
13588
16014
13576
15342
24754
22629
13201
15616
23234
16265
19319
13826
22214
21792
16638
14275
16440
12806
14229
15549
15647
13676
45149
31893
26659
19151
18436
20169
42067
34119
16045
14972
26697
17656
26325
14942
21891
15531
13355
20729
17508
25953
17965
22599
14714
15207
17052
18751
36111
23179
31067
17765
13961
17006
24291
23199
14285
15474
16163
20413
15072
20949
14492
14928
52023
29365
17399
13641
20406
19043
27419
14431
22941
15783
20150
16854
22326
19479
17064
20286
16778
24653
14279
16277
15685
14901
20063
22312
15528
16845
17358
19385
19283
12085
47461
15592
38014
14104
15246
15221
17628
46430
19534
15572
14841
21262
14957
13223
15733
20710
17938
14232
23010
15779
24361
43206
13863
18448
13305
26928
32960
16040
16946
20386
14650
26603
22324
22882
16543
16281
20183
20109
24519
16860
15555
40173
71058
12998
21287
14602
21059
17889
18286
16424
22281
15383
17866
17401
16039
15566
16022
29027
14665
17028
17888
17415
14150
26863
18945
17767
16472
17020
20915
16072
17342
13683
16917
14452
18476
18343
15334
14179
17536
15655
25511
15497
17247
15606
30963
61098
18044
12638
18448
19843
32677
16121
31225
15018
13452
17390
18079
16957
15277
16041
13191
24039
18690
15250
33048
18637
13935
23832
19915
26485
16302
15534
16084
15569
25414
18530
15115
16732
18070
16977
18441
13978
13166
13207
23071
15906
32145
17354
14290
13857
15787
18664
17231
15108
19207
14756
14468
16904
19645
17603
21630
45255
12756
16357
14803
17394
13318
38346
16037
22342
35782
32195
23887
14451
19419
13269
18922
20161
15826
20207
25293
14367
15288
16788
12826
14195
14937
42917
14830
24056
14805
15021
19938
20726
18271
14680
15613
14273
19010
19929
15538
14791
17927
16752
13469
37208
36635
36067
14785
14002
16035
16623
13637
13971
30849
19642
22785
14772
18502
20428
17496
25802
16737
13168
13952
14001
15505
15011
17508
17154
16588
21213
17706
28811
28805
16772
15448
29374
44507
18015
222788
21277
15000
20663
14896
16302
16321
24444
18205
28683
41081
14334
21314
16530
20696
21747
36357
28644
50479
19445
14552
15573
30051
20397
13622
13594
13948
15930
15504
14396
16203
15081
15460
17167
36461
22768
18514
14911
21650
15335
17213
15471
22114
16482
19213
18851
17374
39452
20112
15385
17356
16344
13783
16197
18599
23011
15708
23249
17692
15811
15509
29379
24856
14169
22657
16338
29531
33267
33909
22438
17203
16865
14726
26805
19640
17524
32799
14708
16183
14827
18463
17847
15171
27544
20762
14901
16218
34136
14515
15225
14641
32329
17342
15395
22377
17690
13587
13604
14283
14564
23522
22050
16301
16038
15760
14684
14905
17076
14153
19369
16523
14815
26371
19686
22280
30331
15667
21745
32604
13357
14818
14103
30493
19376
19478
14317
18439
24235
18385
15726
15630
16241
17003
19920
52448
20473
25468
43356
13919
21755
14620
14197
23816
16507
13671
20046
16373
18161
20432
19219
16358
20368
16067
19533
20068
14367
14922
22984
22858
14031
15711
17812
15524
12469
16614
28108
28418
19018
14110
18407
18649
13974
14766
15469
14610
18277
16684
23997
39888
72860
28165
32191
15565
16802
14811
26354
16568
15303
36512
27228
16543
15514
17224
20942
12061
21551
17130
13818
15437
19224
26335
20951
15676
22067
15483
15266
21262
14786
41957
16976
14069
15249
17117
21359
13985
17537
16357
16295
14170
15493
22087
19194
14656
21844
16657
31937
38869
12899
18080
25259
40205
16494
17879
28578
22600
49868
15572
16913
15243
21336
19786
14103
14971
39606
27193
17307
15239
19970
21163
14140
14296
14299
14850
16402
21949
16365
14331
24411
14198
19101
30178
17485
14498
27506
14629
17376
19181
19707
27141
15589
35379
46623
17512
18485
27831
20096
15206
14232
18654
14428
16379
13375
15213
14161
15689
14676
15096
17770
15248
14862
24909
35345
13301
19131
14831
20371
19024
14224
28481
19874
17885
15248
17570
14366
15728
14971
12642
17084
19150
24560
41825
17071
20097
14738
32147
15420
17194
16548
15459
19325
36867
18168
16736
18564
14361
15641
20460
14906
55945
26742
18738
19208
50120
36332
121183
114952
17303
52793
22825
67985
83958
26640
71126
31915
33250
58598
51276
63646
61005
17925
98903
119132
17090
18909
35044
56431
48560
24584
15514
19037
15181
24720
61509
38577
37311
43201
50040
15609
15725
15673
14878
59723
18728
56856
45278
36065
14665
50744
19977
72632
55579
26150
96415
14058
27301
15471
19026
46624
23342
26796
20501
12962
14506
20231
16030
12915
32790
14777
13418
26096
14081
17276
19852
13955
14230
21952
15602
32734
13564
21845
16314
38749
20388
23196
44121
14097
17945
14451
17108
14656
18507
15944
17337
16306
15504
15314
16459
28182
26469
24117
15679
14157
20348
14766
16404
15001
15233
13455
16406
23352
15132
23524
12709
21107
13724
14251
16458
16275
17607
16439
13357
16125
14143
15826
14787
14660
23963
44875
22198
17058
18526
14355
17076
17856
23520
14372
17792
15471
14150
38060
17253
13981
18598
14413
43830
41870
17145
26026
15734
26986
14579
14198
14930
14144
15109
13546
226442
15551
17318
15711
13721
12755
24738
14605
13896
23021
29415
14368
13942
13257
15821
19628
16737
27562
32617
12375
12923
16579
17446
19926
27141
15828
37188
17137
12458
18172
19125
19466
14023
16952
36691
49563
16077
23357
18169
13284
14105
23352
23489
25404
13094
21681
16344
25898
53953
17386
17029
17729
16844
15408
27546
16817
23147
15280
14713
28748
16311
15853
15650
17288
20111
17076
15174
16245
34731
30120
18783
15017
20335
19683
18931
19293
19214
19244
14693
28745
18234
20414
14079
25748
30064
30406
21673
21206
14871
14840
15736
16344
31898
39067
38179
42163
15443
18020
26842
16663
21227
21702
34812
18015
18767
30878
16029
38406
17151
17252
15825
13704
13681
12946
15024
13872
23277
15232
24224
19433
13902
14463
13888
22245
15853
17749
26463
17558
16558
12713
13641
16178
20899
26950
13565
14672
25577
13372
13521
17992
18131
14830
16473
32286
18842
15134
14938
14265
26131
14981
13870
24329
21222
31446
31623
42455
14471
19989
22873
20797
41244
27143
15405
13709
17206
17510
17533
44332
47331
17402
13652
15774
35864
38747
27529
22836
15455
22545
14861
18910
14027
12650
15248
39559
36843
17144
35688
30229
15713
16758
16790
13849
13976
13637
13854
16191
15862
14484
24538
22394
14203
56350
14773
20975
20013
20877
16051
13231
14979
14083
16845
14424
16651
22103
14925
16598
18699
23122
14364
13816
15998
14735
16349
15556
16340
28182
35325
26297
24505
16694
14856
22354
37398
14999
16906
18957
27238
46656
63700
31170
14460
13299
14642
16166
14479
17267
15721
17959
34227
13023
27009
15929
36838
38025
26699
15022
24458
13362
34644
18849
13280
22669
14270
22450
26554
17149
21169
13081
30221
16734
20373
14337
22863
20075
27542
25963
19863
36176
14052
16006
18460
15309
32078
29123
25678
14416
23505
19607
15836
14993
21590
15672
16329
18455
14983
16683
14760
14583
14018
16229
19310
18585
17692
16788
17004
32061
15533
19432
18273
13996
12594
13843
13733
14725
17864
15441
12882
21794
15229
27383
27138
13247
20058
15977
15645
21570
14404
13553
15231
15224
14670
19948
13521
16037
30707
13921
19932
15970
37476
13595
29498
22584
13572
18372
13447
16691
20556
17011
18095
15797
19498
20976
19636
19278
25909
21058
14734
14441
15768
12956
23153
25413
14023
15124
27993
14100
13451
13226
17660
24172
13090
15293
19203
17891
16811
16899
14887
14155
29916
20863
20945
14188
19584
15725
31307
17415
18278
15103
22860
65305
14435
34116
21988
21832
15560
29038
18027
16977
23081
17222
22217
14305
17224
31598
16561
14842
24890
29352
36285
22480
18745
15311
49980
14317
66839
28793
18688
21950
17366
17866
27877
20025
37323
99014
18020
17302
25765
16755
15912
18061
16285
15156
18741
16731
15518
34691
26086
20725
29294
16277
25997
12944
21449
14790
16556
20306
16230
18887
21132
16005
15728
14960
17124
13733
13364
20618
17817
26384
13108
15482
25970
19819
26598
28254
20250
17599
13764
39706
40964
46817
21564
38673
12156
44912
60664
13883
13192
21853
29493
15098
15144
15250
18158
15562
13672
15269
19838
13618
15399
15668
14563
16206
14604
18770
13939
18652
51467
13983
12947
17958
48110
35384
14165
14726
17164
20491
13779
23804
12298
16710
13965
24207
14330
15721
13048
16535
34983
56682
51766
24424
53681
21156
16012
14488
15922
14212
14474
22207
14272
18780
17246
13669
14613
18925
22236
13635
14551
15151
13114
15412
18898
19491
30360
21975
25068
16928
13990
19393
18024
20210
19453
27189
14427
18429
14745
20322
31687
18360
14104
14003
20264
17610
16979
20424
16070
14718
30152
27192
13790
15644
23799
64170
28009
77928
71987
63396
53423
22946
17312
17051
20423
25579
36166
14117
19218
16184
24528
22816
19769
21108
21625
13930
18634
16812
17129
14044
21812
17000
16353
15106
25142
16499
16438
15417
16323
19165
13984
14768
16565
26762
25202
16451
19865
15358
15902
25722
31570
16594
14256
15288
17985
21356
15381
21033
15270
21257
13686
21288
16398
21797
15818
18721
26105
25657
15038
28134
32191
15820
15406
15635
25418
35932
16240
18504
21278
12914
21240
15364
19994
29389
22895
22425
14612
15524
17406
14484
13947
29476
14125
13246
13746
19085
19084
14448
15494
19525
18059
18510
19384
16613
13906
16236
14150
18196
19617
18233
15560
20327
14124
27922
23726
10222
13395
18113
14533
34233
28146
24104
15779
17143
15155
14081
15735
19609
15149
17144
19293
18673
13146
20722
27743
42485
21062
44657
17258
15582
13228
19358
23447
26846
14084
15761
22718
16119
15449
14130
14384
12584
13449
16238
15078
17316
43196
13028
24839
19604
26682
14362
19023
15255
40216
13858
22637
15044
16102
14207
15975
14635
26707
21104
13823
14332
25761
14893
16312
16651
24852
14813
18706
21485
21525
14369
14068
15250
17997
15280
17892
27413
24972
39478
29657
14308
19787
15616
20154
15419
27034
15783
20018
16017
13802
18684
16060
13614
26442
14325
15362
48738
26348
12882
22792
22675
16630
13677
22313
16189
24216
18162
21003
35288
15399
20021
14515
27282
17233
19409
15934
23226
31658
117438
16083
20337
18383
23171
13016
27745
41653
18684
16175
12472
16074
16218
19534
45399
25717
14224
30797
33353
16200
18204
19336
54107
14469
13920
28010
26853
21003
13955
15095
14818
20789
27941
15902
14725
18590
16204
15706
45913
77600
30586
23518
42902
18703
33075
13442
24785
20750
26198
14150
16154
25900
16766
17465
30993
23209
31590
57976
16836
16212
26375
26219
17705
13346
14874
16542
17170
14188
19863
16881
15351
15703
12836
13717
17247
16533
16609
18423
20778
15787
23988
50066
16748
40011
18201
22727
16283
19093
50292
31864
89770
25762
67202
54008
16539
25739
48028
70700
33366
16011
69378
20046
28839
33592
26707
18227
23908
17842
30836
38789
38343
107863
72712
17533
42202
54018
26764
41175
22081
20734
34017
21208
23157
23540
15490
14360
15794
25018
14330
15959
15399
22588
19381
19045
14588
18436
16031
15457
14995
23056
22812
16959
16463
29572
15848
17709
17095
13518
15200
19131
18223
25463
16568
19521
23329
21571
14192
14661
20525
19516
14829
14299
36284
33510
17820
27809
14255
31603
21114
26308
14956
24626
16333
26261
23187
13274
17300
13146
16494
14954
20796
20499
20410
14860
21620
15225
24946
12557
14643
24357
23621
20095
16444
13281
28054
18246
14730
23614
24331
17079
14267
15450
16573
15408
14138
15082
15197
32369
34024
17055
21455
19211
15295
15835
25068
14128
22820
17557
15424
24651
14906
19397
17789
14373
16180
19581
28913
13837
13389
18426
13504
25347
35052
26410
18089
23844
24445
19030
20080
20382
14145
24460
22282
19515
30969
16324
14260
27010
16889
27424
20023
16397
26769
14105
219327
26239
14094
13787
31137
31079
16786
16447
16958
16455
17547
17392
24484
19194
18983
23169
23743
37522
19635
15949
17709
15489
14339
13279
14487
16038
24407
14946
15067
28755
34975
37194
16511
18854
21647
29560
32317
20438
18010
16176
19925
16868
24549
27712
18972
31712
16672
18035
14300
219192
16883
26726
46525
28594
23163
28623
18849
17358
17539
28065
23643
58580
21646
16088
18095
36652
14037
26531
17184
21710
29534
12838
54112
16479
23006
16536
16322
15888
19030
24444
15588
13943
14659
20261
27870
17600
23673
29235
18170
16399
14717
14529
24621
19691
18739
19320
16850
17488
16128
20198
19494
16813
16998
18803
27820
29910
23299
14275
14591
16364
22098
22832
37926
16685
18396
19892
16946
15517
14199
22343
30725
50477
22971
18074
25513
13935
39341
17661
25439
41436
16858
20476
17222
13656
14056
17061
14695
33171
29436
35367
23260
16522
17141
16765
19236
15903
40140
16420
49223
22947
15611
16277
27713
18129
17887
35204
16973
19831
16892
15637
22786
19569
14613
17140
13214
17230
15437
18665
18517
15332
14543
16559
16105
16982
19633
17383
19560
15037
23461
53589
19335
27096
29713
16332
18126
16994
18683
32006
36519
17036
14763
14512
16465
15608
15784
22347
16766
14556
23409
19443
15576
19910
14670
41298
39633
15858
20389
15497
19218
13732
15112
15722
42847
20534
15073
20683
14272
13806
27321
14492
19827
15406
17742
14504
24519
25518
13290
18769
15923
16659
13766
21906
14505
17891
47673
28175
22518
14888
24108
44993
17597
15861
21728
22777
16295
14724
32166
50775
37845
34671
20253
17219
16739
17377
26542
15631
16847
13910
16410
14706
30826
21539
16129
16328
16002
15652
13477
17444
16804
20659
16933
19806
30133
27250
18492
25457
16203
33172
19248
16255
28583
17772
15079
17049
14262
22861
14928
13870
15645
15459
19353
15972
26755
18002
22617
58341
16119
22480
219561
21667
13768
16558
17110
25792
15692
17558
18581
15538
19070
13561
15734
29596
25427
13400
19786
33902
19476
14750
20482
15291
20088
14468
15996
15190
22118
18105
21645
17499
14856
14567
29353
18229
21267
14071
14394
17855
16630
14159
24635
20098
21174
14705
16752
29855
15889
13835
13719
21667
20001
13541
32895
15121
13368
22649
19070
13884
13808
15609
21162
23597
29147
16815
16944
13889
15336
16923
14174
24420
18495
17024
14125
15526
14996
39393
16667
19379
14131
26567
24744
15325
36496
14975
16847
21498
21859
56846
15252
19187
16255
17077
18645
20137
13790
19721
13608
16217
34229
16527
20532
15079
20732
18343
15852
13472
23655
14544
44646
16816
18549
13149
20266
14313
16063
20062
17579
19185
15344
16967
29945
13994
15469
16136
15347
31404
28781
13504
52243
17169
15550
25136
16946
16402
15388
37821
14093
15105
38506
18122
34625
22248
29634
20979
18548
15959
32165
22024
19852
16442
14105
19100
23390
15929
15970
17104
16502
18004
14446
14374
14664
19290
14386
14061
18481
14000
20603
20970
15575
17693
15148
23062
14920
15712
15937
14936
15835
13902
13830
14803
18199
12910
15604
15182
18239
17457
17744
14376
19710
17391
13731
18870
15838
17416
15576
15604
41848
22539
25492
14986
20572
19566
15196
23267
12949
14287
12880
14749
13915
22558
19049
20057
38535
15644
17525
19229
18155
45221
17242
21123
18123
19142
23752
31487
16330
15960
15246
14890
17908
20621
27008
14391
29304
19744
35821
16475
17784
19266
14075
13850
15847
19008
34334
33830
15625
14791
15852
21834
19389
19341
15440
16426
35327
20386
16787
14901
22016
17850
21423
15097
16507
20435
16157
14517
22759
27794
17229
27524
25116
17653
25704
18913
16333
18500
18882
24461
21434
20051
17109
15885
15050
13693
17142
14716
41115
17794
17627
15191
15127
15216
17656
30672
13305
16754
14917
17000
13970
19803
14412
15317
45603
40115
55578
22664
15696
62947
22138
16680
15165
13729
36296
20446
42586
14092
17741
21781
16072
25304
18947
15172
20214
15433
13868
15190
38062
52573
23040
29938
16322
14198
14617
19992
16427
13089
16137
15472
13227
16562
12800
15799
14171
20053
21825
14764
17581
20031
15907
27067
15182
14174
13843
16192
14739
14934
19711
21466
14428
23484
31949
17270
15114
17873
14867
23717
20281
13396
18334
15370
12616
18510
14470
13411
17818
36779
15108
17177
17332
36798
20043
13998
37548
13270
16803
29532
17105
16782
18776
13766
13189
17053
14843
20559
15508
22836
14240
13872
14186
21928
18859
22382
21159
16020
17715
15606
14552
15047
17437
19894
15076
16870
15897
25387
17216
13830
16085
21087
16645
25607
14963
16752
20944
16546
14231
26990
25318
15996
21331
16923
19812
15189
30349
14914
13741
21598
14329
14602
16944
18323
15429
16693
24263
16720
16784
24969
36553
13732
16811
16869
16932
14380
17759
17421
16976
20772
16146
15143
14592
21646
18235
12936
18104
17698
19002
35463
14845
21069
14714
25961
12372
13599
30950
48680
16597
55217
15342
27092
36760
16017
25545
22460
21012
15120
26928
19660
19179
14960
14312
18391
15501
20338
14328
17034
19322
19362
21781
24531
18281
17777
13536
14515
17011
16146
16426
22294
45774
21579
17421
17226
15507
28301
28530
17260
17583
19060
28582
43553
14837
28963
19488
18173
25678
26193
21772
15471
22070
14279
48011
18590
15010
34135
15043
18616
14814
14052
13057
15690
16302
32229
16198
13868
27662
18034
17655
13490
26911
15509
21221
20588
20273
19157
31321
18833
16035
25222
15436
18361
15710
15316
14060
25887
16440
33821
17954
42238
18657
14859
17512
24225
14004
16903
35742
16490
37687
14919
16479
34882
20632
26015
62979
15043
21846
13757
35438
47519
14270
17499
52697
30031
46815
49053
33385
17350
13727
18293
17215
15567
17580
13926
15351
25635
20609
40587
17525
18907
17517
13987
15306
15633
15461
14235
18188
14829
16954
27029
48030
15512
19296
16813
16132
16163
15222
13807
15125
17560
16099
28178
28366
28656
43551
14255
13407
15824
15306
15877
30372
17787
49377
52328
19025
27040
32143
15080
32248
14481
17348
17783
13658
45165
26214
16942
22993
18009
15264
14247
18722
34021
25457
28835
17890
18623
26482
25969
21446
16949
16661
30610
21726
15072
16790
17717
23567
17228
16732
22872
16799
24594
24422
20836
17966
16192
14111
17546
18296
16670
22287
16681
16689
16925
14803
14710
14899
17081
13502
15255
25762
14693
17544
16654
14872
22239
14783
26937
15967
13750
17970
26666
18282
27379
29915
17463
20812
13909
14629
14586
29680
12872
16993
27152
15527
15195
28472
49180
19469
15749
23167
31396
19943
16353
18373
17099
17507
20332
18416
18091
18099
20482
19583
17418
17036
15988
19617
34764
14696
17989
20208
17177
31490
15543
25713
14070
15494
14806
39542
14036
21987
15115
18627
23069
16686
14172
13961
23061
32432
12531
12826
19495
13893
14514
13021
22081
15994
13567
17768
22821
19304
25494
13613
14832
19604
21156
14950
34728
24220
16973
25857
25608
44059
15699
17534
15257
29784
13026
18668
20770
16792
24445
14559
14776
14050
17971
16811
16489
14463
13087
13973
15207
15749
16096
14766
31362
17410
21467
14671
34151
22767
20190
14819
20137
18131
18333
23006
20164
17822
26452
17710
28992
17202
15936
25951
16171
14591
18974
20405
14508
13229
16022
14496
14977
15462
17779
24424
22459
17022
25089
13611
21140
27679
25642
15885
16095
19194
19420
20214
13747
17473
25771
15000
28782
14696
17354
29956
22478
13824
17822
14722
15405
15227
58074
74042
17697
15472
16398
16408
19829
13813
14074
21302
17119
16833
17782
22411
22658
13887
55084
15584
14466
23214
14005
14908
25087
13796
15994
25167
20936
22138
16877
25466
16609
20519
16369
27718
19650
34585
19314
24148
16285
21594
15966
18892
16602
28452
15067
21850
17782
17878
14509
14345
16344
24937
25128
32040
18304
19372
32085
24541
19570
20823
18857
15559
22922
16139
13724
13961
15501
13276
12731
14504
17278
17506
16833
43788
56149
65379
55537
15493
20168
18245
19558
16882
25093
20879
17550
15564
20141
15083
17521
26867
15120
18096
22946
15654
14277
16232
15320
19574
16575
15794
16447
13598
14440
18023
16534
22343
15818
14477
14007
14320
15050
19319
19067
15638
22503
31602
15197
18895
16149
13045
25971
19454
15939
16599
22867
17116
14624
19363
19187
24961
18975
14650
14858
25455
14575
17369
16447
18895
20795
15034
12852
14057
13929
17069
13883
22975
22821
29856
20533
13792
16450
18765
39209
19696
15979
23313
26927
19749
17613
31176
31455
18912
15529
17258
12969
19965
17499
17227
18520
16253
16827
14689
20609
32494
25231
31353
14595
19087
16489
17011
13063
18536
38966
19022
21473
15879
15743
40807
19774
12709
20123
16008
14822
18454
15980
20931
17048
14937
17667
15665
16164
18395
15479
15670
36328
16156
21324
17325
24366
14149
14800
26963
24157
42715
17196
21903
19959
24689
15436
12312
16381
15578
26451
12607
17840
24999
21405
26844
21378
33669
14708
13129
15993
14038
14496
15076
14834
42204
18973
16106
18063
17473
19085
15452
19762
15558
15214
18653
18226
18033
17692
17937
16001
18521
14474
19071
16597
13161
20726
39946
27773
15547
23462
13822
17122
17189
15185
15056
25272
19060
15100
15104
16372
21715
19592
26817
18971
20995
28501
16579
23861
22109
16455
14595
11743
53909
36125
53292
14170
16890
14759
13570
18486
17590
16586
20995
16613
20352
19195
32561
13866
18875
16142
20032
15199
18789
14822
22249
14628
17388
14906
14266
20731
20718
21522
28111
19548
37051
18331
21251
17839
14825
15795
14831
14664
15655
19982
15758
12521
15330
16290
15368
25983
14332
13833
15028
17496
25343
19104
16073
28383
20819
14516
25909
16572
16074
15254
17900
22950
25998
16489
21640
15915
16084
16906
18307
16073
16288
18148
15905
17480
14818
24430
16176
16343
18124
15623
20362
14529
16667
21375
16677
30879
19155
19345
14847
15698
11762
15951
19795
30062
50329
14501
13425
14782
14533
31509
24960
15422
13344
13660
36325
16057
14249
15015
15451
14382
14239
13780
32182
17176
15551
14893
23836
24403
21107
16739
17497
15228
15442
16918
17455
18495
26434
24055
18665
31577
23443
18695
29206
91754
36190
57154
43594
27691
14626
28555
36094
16707
22413
70443
41000
32006
22188
50393
69666
66037
41085
51099
21458
81540
49464
23111
27156
24568
19682
20015
22321
41643
18600
32478
26928
15741
17330
20690
44901
29568
27981
26241
14581
13745
21645
14527
14088
20862
15744
14599
21634
23166
14287
18488
25066
29828
15507
14067
18542
18276
20164
26833
14007
13405
14863
29464
15108
18923
16855
13673
14338
19219
26377
27616
15674
45852
21792
19200
15561
14756
15615
20474
17664
21216
16880
21450
14745
23467
14112
14161
22816
15174
14345
14381
14341
23315
20512
18810
19379
15752
19883
32947
15693
15210
25470
15073
25722
28551
48335
15496
15677
22024
16111
15922
26865
23309
14147
20998
16447
33844
26970
14460
13486
18518
15111
19908
17777
13582
22710
14767
15059
26428
25070
22121
20848
14288
16496
44017
17396
16978
15426
19169
14017
16220
19544
32486
14434
16019
22803
21857
21501
23765
29203
29545
27726
21574
15218
27218
15654
30854
14405
19791
17183
20204
25617
13996
25198
16373
28966
36699
19449
23127
15925
16303
25731
20772
15462
15684
14003
20973
18753
13885
15432
16498
19340
15454
13435
15799
16914
22344
14418
15669
21124
19871
20170
12658
15855
16770
14715
45041
27288
14601
24873
14855
22897
19474
25442
15731
15015
14173
17543
53680
18055
19974
14487
18327
15234
15220
13752
15880
16343
17748
38502
16124
25879
17665
20690
52000
15795
30396
21531
34403
19518
17409
14330
56375
17259
17105
18945
18390
16781
20214
14989
19357
13945
13807
22222
37107
16363
20305
28881
20758
21069
29102
14997
16765
28144
13865
13965
16652
19835
15484
15621
17821
17450
12942
28165
16669
15924
16002
15047
25987
19371
18087
16787
14708
18379
14386
18363
24988
15726
12742
15864
14240
13292
28152
23383
15943
18055
20136
14497
16286
24110
14977
14530
15899
17288
28113
16908
13503
15320
39766
17272
14207
15162
13634
18693
17125
15385
15195
14951
15251
14317
15660
20156
18483
21095
17794
14775
13584
16681
18847
20766
15796
20898
24301
13909
20537
15433
16084
19231
15548
20739
15864
25979
15010
13826
13480
24846
13998
14905
18160
29092
14117
14724
28298
14138
19587
18051
14618
30243
14324
17240
45880
17808
14757
19435
18475
22081
13278
16449
17032
18932
12573
18526
19515
20973
16292
13511
24123
26973
16463
17912
18955
18542
15451
14136
18703
23440
17059
25012
35385
20998
59625
14378
19329
15233
16441
14231
16223
14657
17345
13730
18252
26205
19703
14510
14309
14655
15402
12891
13584
14407
18569
21280
34707
36662
36118
48197
14617
14386
13043
14472
12476
14404
17116
16204
14001
15039
17543
17265
21455
18349
21150
20865
27009
13129
18057
13968
19811
26501
22413
22272
17095
14835
18646
14838
14045
15938
23431
16169
23756
18296
37365
14651
24791
53486
16669
17418
23484
14856
14875
17077
26007
23015
27393
19661
18109
27315
13815
14187
16647
17973
16495
23074
16265
14662
16138
15283
13401
13678
15475
16165
14975
21691
17721
16834
19808
18382
19286
15658
12388
17660
14364
14887
32285
13861
21807
14688
14721
13934
16436
16079
25889
26120
22069
39774
16393
18525
15480
14477
22985
30498
22823
13225
29997
20750
43183
71172
44648
51031
25763
15448
16652
17143
15263
15655
14668
16039
19402
14564
15981
16855
14948
15593
17527
28137
17342
36765
16610
16993
14256
14959
15636
27496
27615
12855
15581
16293
15432
14239
15274
15329
24816
14986
14106
19949
16312
14990
15872
16727
13944
18411
13921
222359
14703
13645
16553
24088
46311
20428
15515
22761
13136
18437
17900
31641
20566
15624
17811
14570
16819
15674
18954
19988
15429
16273
14977
18733
36532
14272
15420
25755
13511
16410
24420
12996
22574
18956
19091
17479
31373
16703
17214
14148
25801
21567
18295
16007
25041
22797
14663
20520
16949
20453
13773
14676
15083
15954
22052
13326
26058
25061
13664
35259
14784
23012
16445
28860
34799
14768
25211
26985
14742
13820
15818
14114
19585
14455
25101
15758
16764
16578
15632
15773
18102
28977
17475
19829
22213
15380
16664
15837
27248
16128
15546
14603
17220
13848
13136
17314
17508
18316
13635
21716
20377
17428
16709
14761
15736
17275
26038
15970
12465
21306
33964
20437
14016
13632
14812
14157
14132
21608
13455
13195
15936
20790
24036
45664
23226
13370
13291
16915
14855
16130
20926
27981
20369
14088
15650
30154
21509
17348
23076
35429
15557
19272
15582
19546
15273
15419
17209
14558
24385
17379
14888
12601
13577
15206
14503
21144
32804
17013
12922
20131
13809
17402
16872
16036
29996
13268
13764
22941
25860
17849
14761
23118
17814
15069
25298
14507
14197
19223
31502
44380
13241
52883
38591
19045
60086
15019
43303
35546
53402
49340
57145
75597
38192
50585
90578
37021
63694
47631
85656
61942
64910
65519
19305
14964
17199
80041
15215
16812
30047
16909
18305
22195
33111
21286
26550
14469
19546
13922
15113
21062
31187
17435
29341
83156
51449
41750
18673
15424
18694
34661
18291
26179
20376
23333
20942
27696
15625
14343
16154
79762
38674
21849
13791
26149
22398
13857
13509
15550
17704
14749
14346
17739
44727
21926
15829
17524
13537
14357
18986
14010
14554
16733
17183
17089
25559
16089
15132
16391
17768
16861
19043
18205
13366
26357
33743
15142
15118
29720
21142
16884
13372
18172
13862
14773
13539
17924
23301
30441
18583
15171
17632
15627
15610
16533
17183
14552
16941
18886
16115
21461
19463
13462
17195
13717
23348
16280
15624
32122
34780
50619
22534
61772
25830
49894
111830
49142
47649
34697
27682
21797
27305
44182
18803
45345
24174
24692
14261
21994
44195
37883
38385
15259
45669
17085
15288
25182
18046
14492
25111
44465
17532
23070
18318
27367
19374
20836
27628
15661
12241
22592
26378
43140
34359
21786
18721
19413
14970
43397
16763
19585
26331
14456
20550
28139
13676
16384
15458
15113
17359
16705
16477
14859
21377
27576
14178
17012
19719
27465
13527
23301
18587
13833
15274
33073
21320
25246
15047
14558
31480
23318
16738
17500
15241
14659
18724
30400
14489
19423
16900
21558
14746
15725
14114
14713
32804
17791
19670
21819
14352
17163
19169
21084
14386
17900
13888
17605
20866
29162
27160
14308
20204
17172
15569
23818
17702
22495
16227
16793
53020
14018
17437
30252
15102
14411
15648
23449
14798
14757
39482
16618
16905
15246
20312
14163
15930
22090
37872
17509
14781
23058
29888
16331
15883
20064
14164
27227
24863
17528
21137
17231
33403
15075
15663
15392
13760
16454
21817
15364
31852
15132
14509
14980
16139
13885
18688
17434
20044
21986
17637
14083
15417
14402
44219
23395
19384
18707
24203
23033
20255
16566
25830
50731
13757
16400
36529
14172
15292
14171
13529
14316
22789
15214
22314
14679
19220
15908
14979
18488
27010
15872
14912
15788
34711
23859
19626
20645
15935
16391
31619
14974
26223
14240
19539
13578
16878
15987
15686
16991
12951
19932
18333
15529
27646
15933
48756
70313
69665
17055
14935
13694
16561
19387
18582
21339
15261
21593
21524
20577
18527
30656
14359
16844
23362
15083
29117
18700
18445
16432
21738
26516
22325
21467
13554
15877
18645
32129
24630
15038
14415
20433
14617
18983
19797
13653
13902
23221
21703
16454
16550
17077
21557
20375
18165
21960
17243
20334
18234
16578
14042
26814
14281
16939
17939
12777
20582
16395
16514
18995
37227
56899
14044
13295
17118
15315
16875
25886
15318
17906
18430
19232
33937
17368
22713
32847
18927
18030
32014
21388
14694
17861
21312
29180
19886
18759
24554
26799
26275
13157
25192
14591
15341
19616
16110
26171
15168
17559
19251
14739
15840
19947
15079
32309
19593
24516
19606
17365
16831
28341
65071
27345
16672
20966
23118
25606
19803
19403
18584
14910
36114
14862
22866
15881
33765
13969
35602
24604
27441
13694
14209
13328
30123
15663
15521
22254
20160
29502
14419
19644
24055
21788
15428
18149
23800
20474
16500
19256
16198
15586
23504
15086
29078
16267
17042
18002
15079
28168
15700
28911
19187
28250
13646
18493
14119
21894
21918
21463
15628
15623
21625
16727
17828
18000
22769
16068
26560
35787
29513
21902
18153
18710
19523
15112
19793
31164
15534
28344
20606
19680
17240
16798
17453
30575
18892
24134
24094
26842
19730
18693
13665
14529
13991
22978
42386
22489
32241
18193
17277
14226
16167
19016
15862
16514
15181
21131
14879
14349
26639
15376
14413
27341
19066
20708
22676
20467
15844
22324
13744
16543
37880
14591
32618
20251
21330
15618
17235
13484
16066
13879
44065
27114
29595
14602
27989
20537
32031
21608
14313
15739
15156
15574
16224
14821
15910
22480
14156
18493
14255
39385
48548
18245
16781
15070
18167
14377
15689
16790
16281
14950
12946
16140
15626
21386
24489
24555
33987
30387
18071
14127
25333
15203
15705
20772
42606
16228
32387
13825
37836
18859
40137
25948
17212
15760
17665
19101
19576
27862
24241
34624
18870
17589
13791
27087
15542
26765
18212
14729
15637
19789
18271
27708
13654
20528
14843
27485
17131
15158
61693
38749
18389
28559
13154
21384
16948
17890
33869
15201
14093
18939
16387
15107
14085
15478
15367
16793
23007
16447
23470
15668
19991
22872
13446
20757
43995
16787
20944
16741
17541
14101
21349
15370
17997
16711
21752
23626
15573
28782
19952
14398
15659
18240
17934
19847
18733
34283
23309
20565
14647
16490
23548
16276
24102
17331
17461
15894
18694
12936
19311
35660
15352
14005
23443
23899
26948
21933
19388
20495
14858
13462
19824
18002
19020
14850
15576
16015
16770
15108
16284
14519
19283
15565
25831
14553
29194
15668
27339
14789
16383
18253
21589
27464
23363
28933
14724
14918
19701
18914
33213
18785
20068
13181
13627
14289
16924
21608
23795
24085
26444
16089
13401
14859
36697
15442
19586
15327
13937
13770
15042
15135
16789
15839
18119
21636
18967
22241
20612
19133
18137
35635
15102
27500
15857
27618
20178
20332
26155
15204
37417
17867
18629
32854
17809
23630
28674
48348
24648
14372
18333
26200
25430
14357
14966
13851
16911
13783
19805
16656
16435
26100
15643
26173
14782
24579
19583
22772
16060
15818
15637
15995
16131
14889
20060
16355
16161
19904
27468
13054
21945
19467
24558
12728
20910
14742
21092
37223
15490
18128
19389
16238
22350
20029
15391
14017
15020
16607
18936
14856
14140
16767
27798
18390
16762
30534
20763
25994
26002
15088
22647
15522
17391
15675
18455
15081
26224
19754
18065
16582
17012
17470
29489
21554
16879
14520
18491
18672
13721
20133
32033
25017
20332
15510
28001
49745
24388
24215
23855
17268
21192
26646
15766
14302
15900
19190
25472
19197
25747
17999
14029
19254
21543
221682
12768
16222
14748
18250
14056
23004
31121
13322
16621
23326
38736
14971
19719
18831
15146
26509
31727
47104
15395
54393
16098
37565
79012
39688
82458
30377
27823
24993
46573
24419
81167
122494
57130
25196
82413
40249
21599
58339
60408
80188
100076
15994
21099
112592
13162
130482
18391
22070
22856
15306
21322
29399
34811
16344
15863
19672
19534
24079
21128
16402
17675
16171
19679
34509
17333
16889
15225
23150
16751
26171
66608
44088
15365
16783
14840
18785
29471
19804
50377
65563
16349
17979
15292
13706
25657
15215
21106
20935
16130
16406
43425
15923
54018
32816
44435
14876
22034
18271
15879
16540
14189
18736
31449
20667
13974
15436
18134
14941
16531
16301
13849
18613
18579
15401
17091
22625
18836
17045
16310
17859
14334
15724
17075
19375
16697
15569
35132
40242
28374
42938
45070
28393
18311
37826
16551
13139
14520
17002
13240
15532
13215
15787
14833
18213
16861
23463
13898
13641
16958
15177
15641
14127
14494
14179
14655
21570
19572
26733
18051
15170
27257
24578
14349
13216
12165
21484
19713
15111
13699
14380
15326
15089
48001
15262
17638
25019
18686
14964
16763
24792
26800
22483
18692
13965
23102
18884
15336
20010
40382
22980
21120
13108
18549
16478
15025
17639
23759
28182
17893
29582
14850
16125
14275
17463
13904
14611
16794
15795
20639
14850
14863
15733
21733
14379
14539
30475
25673
17349
15573
14725
15040
22646
18058
15131
13551
16102
13792
26049
16008
12345
17053
14863
25115
25360
15052
15301
13138
14963
23559
14376
13004
22280
15908
14118
15833
17086
13688
21273
16103
27689
25466
15913
18823
36329
17115
18183
34169
23275
31241
13650
21094
25141
14438
19550
25404
24048
17191
13649
13072
14649
18253
13106
18289
17020
17618
15137
20147
17745
24770
14057
27867
53537
15320
16690
23966
15312
16956
16615
23287
25573
25842
22046
12381
20202
17394
15214
26659
17033
17173
13888
17395
15458
24125
13910
33335
18372
17904
16025
19473
17276
20951
34146
25310
14728
15296
14602
15853
16986
13969
17867
13924
19554
13766
22984
22227
24043
15014
18895
16928
14068
30750
35067
33155
24394
19676
15689
15635
15017
15415
16570
18322
19954
15667
17821
30387
15987
14322
17320
15570
17589
15369
39441
21680
18709
14669
22356
17735
24721
16828
19167
35528
16240
41316
22947
17643
15886
22150
16393
14832
17150
18329
17623
19690
30632
17504
27111
21018
15977
19240
31506
14846
14137
13099
31113
17268
16703
26843
16621
15341
13519
18340
18327
22535
14793
15694
14049
37390
51522
16696
15404
14087
15799
19016
14869
28262
19856
18087
19850
18715
17765
14125
14855
40672
14125
13974
44596
14194
18398
15874
15042
15792
14721
21178
25579
22126
21531
25280
20359
12576
13646
14003
16585
26802
37910
18308
21618
20616
16972
13546
18954
17113
34735
14998
16877
17284
17110
14614
27315
28612
15417
30674
17776
25570
16732
14703
43591
38373
16178
14162
15448
14744
15400
19561
27920
15521
17482
15370
14693
19162
14988
14065
14936
26161
23314
16854
16035
12861
17915
16921
27478
15731
20676
22267
19098
15090
14459
18772
22164
24677
17299
16105
20054
18732
16151
17148
17396
13405
16755
17502
13209
14219
14683
13513
36045
36056
14623
20514
27186
17430
27449
19800
16180
21792
20989
14667
15866
22487
15820
15071
14155
16500
14824
14373
14101
16894
16691
37556
13938
19608
13094
16461
20759
27083
20636
24440
19049
14748
15688
13642
15168
13665
17432
15269
14788
13523
18144
22450
17152
17499
14963
20746
19863
14063
20299
16841
18383
17489
28910
14726
25332
16881
17704
22943
14826
14959
18350
16362
23641
19814
18189
30859
12880
13137
25027
15324
20068
17696
15662
19159
14320
13844
17886
33741
18241
22103
17890
32788
17047
18661
13840
45061
27420
19095
35654
51702
24194
17825
20016
21925
32179
15939
16743
23727
39457
18767
22141
15474
36893
17701
25869
15492
21015
16651
19180
17126
22469
27196
18283
14750
16239
17989
15910
22673
15338
14024
26771
13955
19130
19746
27268
21065
22173
32746
15971
17812
16313
30963
13406
13857
14120
20452
16803
16240
17584
15955
17818
16875
16839
17034
18736
16633
13895
16843
19994
17140
30027
25649
12199
17518
14048
33684
14587
19760
26971
17666
21236
30731
19533
14685
16746
17780
19055
15166
14608
26453
30130
15581
17865
19146
17436
31774
40336
28281
21083
25189
19791
15724
17678
15839
13506
19184
26660
22296
21700
14432
23275
22398
15535
19837
13081
16510
14227
13419
13709
26012
15043
14125
19959
14901
38342
18166
20281
29649
17035
14819
14528
20299
17386
15506
25547
18399
17388
20326
17756
22993
21742
16645
15036
13691
17224
14586
23152
34182
15812
41382
13935
14896
20743
32297
22874
14521
21687
26995
15896
19353
19433
15743
13270
17231
22822
17451
14283
20526
20339
17331
18483
18311
14043
14578
24083
19075
16601
17609
19205
16098
53085
43732
27163
21965
29971
39661
18656
42825
13314
16149
19869
13382
15610
15409
19632
15959
13309
33191
16662
16009
13856
13860
13987
16055
13655
17444
15113
16726
21448
19776
19645
34296
17826
34144
17663
21318
31025
14866
19208
13408
15915
24791
18547
30669
22739
15546
15981
14594
15190
30432
44143
18018
15741
14757
17721
19168
17015
18340
13990
26674
16156
13521
13845
14391
16699
17874
17984
20572
23881
17356
16087
26910
20302
14663
17822
15820
18069
19563
19020
15379
12126
14016
231556
23710
37073
14083
15183
17234
18219
15241
16311
14404
21425
14244
15615
32927
18210
39731
32965
16029
14825
13701
15842
13101
15283
16945
14588
14703
21529
15054
16170
21642
20157
26936
31398
25031
18626
19578
16013
16008
19326
23952
27537
24105
24132
16618
12384
18260
14381
15716
14468
14859
26010
25023
18855
29105
18351
13679
16131
19457
22463
17750
15578
18140
16363
14818
18611
16924
18843
17456
27328
15832
25554
16001
13058
15450
23069
14403
21801
18948
16785
17313
15860
14779
15701
15086
16545
17995
12795
30235
18077
18677
15259
25799
17022
18405
16132
21634
18298
16358
19092
16795
19675
18331
18822
13820
16955
26130
20562
19650
14088
16814
26488
25966
40124
60758
15725
20201
16138
19241
18878
19342
14992
22365
15452
18583
31301
22510
19922
28909
14476
26096
20307
14570
22700
44636
29520
16448
27126
16688
15190
16128
15468
14126
19074
17305
15158
17668
18666
15365
17908
14413
21306
13344
16022
19165
15194
22564
26205
17370
14623
17765
14550
14792
14829
18340
18838
21110
23629
15299
16386
22404
15656
15882
14376
27653
19474
16132
18206
16610
19194
17557
13904
19602
12851
15846
19784
13966
22163
16061
24765
13596
17467
17348
12679
16223
14548
16207
16590
15857
24433
29537
14114
27028
15431
28507
20039
29357
22315
22533
15407
15028
29185
36708
15638
18981
13903
12637
34810
21988
19537
14465
16282
27761
13050
14751
22477
17999
17548
15402
39325
20321
20223
13479
28717
15205
14043
14952
13434
17214
22202
13877
17186
15030
19140
15541
17943
15550
14863
16485
14006
14613
17939
29712
25079
22282
23205
15524
13880
21832
17755
15773
15578
23240
25958
14449
18241
16079
15254
23779
17443
13888
15745
21639
14103
26621
32154
14502
25810
19285
15383
14960
13661
15519
44170
18643
20008
18368
16781
20316
15620
15477
18680
14827
30476
22263
16623
14865
18593
28077
18653
22727
19187
15751
21374
16682
24783
33170
29951
16996
18527
18078
15395
42665
15250
19886
21930
16199
47055
17982
19471
21948
17534
20926
21557
16964
19640
34861
48875
13594
33586
62228
22907
26941
29020
34560
60992
14890
15765
20890
13060
14381
16354
21067
16049
15647
13376
16336
13628
22717
23328
20950
14243
13590
16859
17233
13361
15689
15605
13385
21224
14451
21745
15282
16448
15273
15496
16064
15990
16582
16538
14853
17794
19867
24734
38760
16106
17326
21156
36261
15122
17134
14573
62909
27996
21099
44396
42678
15075
14636
16940
24147
14834
14879
16383
17781
15635
15150
15126
16842
23189
39424
14390
24034
23631
22062
18107
16259
27655
14253
16140
17250
12324
13388
15593
25812
18323
15535
17095
20575
27330
20412
31134
14669
18370
25118
16314
16129
18514
16930
18658
23471
15028
17103
36222
27962
17076
23044
18810
18421
19733
22630
18949
15071
15691
23881
18212
15521
14356
44708
43198
15008
14114
14260
15414
14915
14404
29412
37545
14758
17764
18168
16248
17116
18355
22355
15593
15169
17439
15081
27303
14779
18649
17208
13556
15545
15689
19966
15709
15877
17108
14132
22842
31415
13585
14292
20874
14939
22627
14447
24945
17830
20084
19296
21721
18875
18422
19502
25857
16521
14724
16303
19162
15751
13087
16322
32480
26782
21393
13126
19878
43952
15594
13649
15908
16980
15729
27389
33982
19769
15107
16230
15452
14569
19153
34106
14682
16709
18621
13773
13723
20484
28226
31751
22197
13860
15724
17345
13896
14350
15242
18070
26148
21247
13087
16724
15873
18701
16067
20187
17802
18111
32128
25862
21519
15517
13903
17750
19342
29980
16379
30941
14468
25072
15252
17094
32311
22080
13929
21820
15184
14372
21220
15987
29702
18391
14942
15172
18237
17562
17600
18251
25786
14554
21197
30611
15598
17703
23360
16587
14993
21266
13839
20005
20667
16442
13576
17270
14128
15738
27452
23809
17559
25979
17084
16674
14436
24434
14303
38057
14296
19033
16834
18284
14144
29691
40227
16490
14095
15156
17635
20551
25961
15295
22840
26567
21650
30174
45522
15295
17217
17031
19675
16639
24464
22427
24351
15457
18603
15510
16980
14345
23578
27085
14251
34730
17286
17171
17289
17214
14413
15586
18505
16527
14870
15217
15002
23847
17934
20126
20087
15006
15693
15405
17136
16966
19991
14774
29567
58982
32840
15736
20997
15137
16863
16404
17019
42778
16229
18340
21230
30869
17946
15842
41407
15916
18088
14971
23335
15223
18254
14426
15710
18533
44140
24365
18631
29419
33836
28456
15075
20503
37316
13276
19482
14742
13721
22377
14734
13392
14493
20479
19026
22936
31424
13566
13671
19172
13230
19487
19035
15236
21148
16585
15098
18234
17736
19589
23621
15256
21768
16047
24654
19289
16083
14992
22653
17968
20247
14917
31025
18510
19095
28834
15788
16226
12863
18962
14631
17408
19509
19575
21306
17188
14795
20583
18165
16729
28876
15657
15019
29831
22222
19614
14505
17968
28339
39011
16073
13582
30775
14110
17440
18099
27333
21856
19749
16801
17396
24641
16882
20467
17613
16127
17459
18815
18760
21897
18669
29968
20120
18382
32064
29969
17316
28188
15715
19528
16452
16561
15257
19174
25334
22702
17775
29101
15162
19397
17256
18923
25778
28381
14947
14540
18942
15474
16603
15347
27191
15203
12754
15790
21265
34732
14261
21486
18310
18632
16046
25760
15565
15177
16048
23583
22754
25104
44520
17515
18678
14188
25626
15357
25628
29574
14912
17173
15792
15789
13934
28476
32375
21336
15841
19625
13765
54447
17274
16008
17023
15519
15708
13151
22710
16750
15167
17352
27481
14068
18082
14943
15827
15396
24735
16495
14064
16183
15256
28919
18254
18829
14317
13375
16917
13125
32942
15738
17277
15386
19941
29843
14781
17481
14253
15087
19184
17586
18935
13812
14653
30581
17031
14748
20523
14177
14202
17815
27294
19554
21292
32648
19699
12204
13512
