24920
17271
16280
30434
28501
25867
25655
29247
24520
18383
26070
17787
19699
26548
27321
17421
22142
14233
14622
13768
21975
15387
16289
22859
32453
19559
15906
18441
21370
19661
25622
17737
23875
17658
31570
16503
26721
20251
16006
18986
15163
16616
14993
14265
15727
28718
16721
31007
24739
14513
31774
27762
31162
18325
24457
17581
34241
13293
15513
13643
19728
18422
41560
23132
27453
31709
28492
14903
18277
29804
32394
34854
49241
24173
21139
16286
13818
18749
16428
17079
15170
14010
13442
23316
14214
15208
25343
18389
13139
13227
15290
13518
19656
21742
19659
20865
14182
33083
20629
34483
14578
25727
23692
16734
19345
15733
17310
16902
15861
21214
33501
14953
16651
28531
15071
35245
15997
28428
32098
25506
18999
17964
16232
23248
26632
14266
17178
21382
14466
13280
14984
19040
17353
17330
58801
16500
20602
25955
19259
31012
15481
20604
18581
29605
15561
33631
27388
16720
29177
14672
17717
22074
29469
34807
16247
16599
16158
14278
19784
30149
23868
35044
14032
22338
18351
15326
37931
44877
20918
14130
14177
15139
19918
28421
16714
18046
25084
43740
19563
22579
14886
23059
18603
17072
14829
14607
15480
19398
21963
13322
23904
17098
19470
13920
13823
24629
16700
14904
18183
17442
21516
14691
14973
14644
16955
27806
18483
14490
22621
25352
16318
18712
18607
21022
16747
32489
50909
15456
20753
38657
15076
39818
46557
20625
36690
24922
21201
15815
14899
28192
13373
14035
14675
21537
13751
18660
17388
31260
53425
26068
47770
52886
81022
25572
13775
26025
14600
14603
30309
19563
16817
17868
23951
14363
13608
18947
16681
14723
22213
17666
29133
55829
15646
18799
19607
24922
30147
15889
25130
16398
44236
14429
16375
21794
21216
24776
15514
20290
32947
22061
16997
17619
31012
14778
38667
72651
27391
34263
13942
31848
20336
24458
15695
18878
21614
18561
31707
23118
23561
35127
33646
23601
15665
18110
17731
21776
16127
15954
29313
15601
13565
34343
14651
21724
16993
23458
15819
29516
15521
16890
15083
30385
22408
14959
13067
15561
14229
14881
18982
18236
13392
16047
22078
23194
19026
24647
15839
23946
13813
12943
23007
28025
24879
20569
26890
50335
21705
18644
23622
13267
26208
14944
28222
17664
14130
18885
20426
17854
18466
11792
18056
15837
12634
20859
27518
13838
26632
17592
18525
37072
20966
21463
17140
14986
15195
18218
14388
14424
15643
16009
14484
17011
23805
50686
13529
34803
21412
19516
28867
15607
14843
35832
24589
15498
18104
14905
47720
14029
14076
21699
27712
36792
18645
29085
16035
34769
26920
31760
15936
19898
19535
28036
15311
15220
17424
31073
14353
18156
17154
26007
41891
41523
13982
43017
86786
26327
14223
55409
53939
60154
34341
55848
58398
22518
15342
42592
31006
20790
14712
50493
42362
48136
41029
34717
18752
22606
18679
17274
28523
25313
29663
16524
38623
18756
19026
25264
22935
17150
22173
15021
24510
15955
61616
20165
15190
22936
15492
44225
17487
25782
18710
25539
21537
15930
56771
20431
24160
34240
23550
84460
88616
21859
24426
25122
94957
15335
21462
25304
20564
23221
18164
23138
14396
28360
42763
15854
20315
27027
28818
17345
14014
22183
20227
16919
25957
14562
15408
18019
20661
42523
14881
26629
62476
18109
16498
40932
15874
28340
29477
16564
15455
19607
15110
19332
24108
15579
40107
19709
15397
29108
15487
15668
14007
53440
19488
17739
14883
20637
18960
15024
15958
14626
14232
35335
18607
17168
14764
16258
36142
23544
20258
33100
50609
17162
36277
33729
14406
22870
17662
13677
28273
14923
18313
20748
23485
20018
27081
22706
82653
53614
17966
15193
17258
31536
19380
16060
22407
30997
20400
31699
15231
19089
30724
15731
32904
15158
18753
16699
28096
36138
13569
29834
16207
50430
27290
15171
14584
15011
15543
14431
15739
15965
25793
17108
14326
16096
13372
14919
16223
14833
32869
29049
21529
29681
15548
26406
16512
17861
16005
38650
14420
22471
16131
16646
16344
21012
22117
41082
23373
20309
33634
32760
34581
24125
14530
29036
15809
24494
29958
17115
15256
15278
16429
21367
26879
15255
13543
16196
16362
14502
24136
15198
33835
23918
12617
14626
18759
17285
14780
17260
20310
19755
23997
16536
13697
16967
36295
12403
14924
13539
12832
14789
20913
26933
17204
35831
49297
45028
25462
14915
19934
13967
19493
34846
15864
27101
24008
33608
14559
21737
21858
20584
21507
14627
14997
31322
16152
17748
17336
15985
13881
16956
17555
14400
16486
15568
13048
13597
13843
22552
23537
22785
13960
17706
19247
14942
19480
20657
18648
31290
16383
18269
19331
21960
14139
24543
29368
19555
14761
24649
14286
16371
19578
30934
79114
23957
15046
16240
14017
15165
16838
13850
23581
27624
20616
15841
14867
18317
14594
17177
16812
18057
21003
15798
13135
23299
25395
18671
21129
49373
24789
12926
46272
23562
17975
21034
24923
15780
38476
42681
17977
29844
23108
19397
32929
27893
14223
14861
40201
19265
18671
14669
49198
44445
25300
60895
42958
41994
15413
21384
16349
17813
16858
48829
55629
23773
16595
15284
24276
16101
21475
14633
16705
16602
17548
15794
32902
24615
17155
25624
33080
26435
41190
26291
24784
39244
36000
20622
29421
15468
14358
18077
26469
15922
12265
15395
27329
22483
28567
16885
16999
28569
29522
14083
18966
14452
18939
24630
17231
15974
31083
17054
239770
154907
150802
31040
70953
49996
25769
16553
20619
17553
15085
17888
19778
16264
14272
29414
17411
15713
37675
43670
29234
19655
29853
14702
23940
14436
16154
24555
15920
12383
13249
22784
15519
21966
13898
17123
17482
14561
18320
23777
16231
15801
17717
18674
19134
33819
29120
16246
15592
25364
19554
26033
15680
16157
19927
14439
25148
21238
15537
16947
25905
29157
15039
14832
23804
14438
28370
13167
21785
21669
13768
14516
38876
19420
46880
18896
19260
17621
15226
15373
18542
18909
15321
17648
28850
15802
19326
23671
13730
16684
20812
52163
13608
16700
18937
23571
31209
22415
18324
13831
22717
15328
27520
59497
72116
15840
13852
16647
14713
13346
15009
16888
20590
62504
107206
41841
46974
62355
35668
22450
30666
16776
16385
36782
57928
42025
29007
29489
35388
39790
26059
42574
27606
22677
13652
27665
13329
19757
16088
13716
18570
21532
18088
14629
15119
16166
32761
34308
26594
17028
21953
15587
20367
27271
16063
26704
15679
21452
18476
18451
15852
37447
19086
14150
15158
15798
20825
15421
20272
25425
18542
24021
16777
22960
20813
13970
14728
26481
17503
13295
22724
14964
58123
14326
19317
27934
48172
72555
16171
16005
18928
14817
23075
13125
13731
29192
15040
15156
17184
16734
14473
17825
14103
30268
29065
17881
27408
17809
46584
78979
30516
22884
33593
49564
23510
14231
18011
16515
16244
13543
33853
22166
21660
20200
15172
28522
55397
66992
29406
32358
85455
64372
44457
31667
31487
287782
194687
170887
138181
71751
48528
51842
44803
60975
22920
18900
20076
15311
30870
23427
23126
30520
16133
13893
28875
34812
19437
27602
16374
26382
18029
22122
14808
12854
14842
32292
58213
19555
19486
15206
18275
16540
55898
23685
20539
31070
18118
13691
17914
14723
20678
14660
24686
22457
16199
16275
19373
19879
18916
22401
19619
16027
20725
29299
21855
15843
16882
41613
22093
14593
13967
17532
20524
13586
13904
17855
19005
34814
42135
13505
19934
19559
29401
30464
23638
14004
13808
15964
15613
23902
32038
14212
20991
23138
55470
22275
15970
15840
18740
16385
19464
30145
16518
13684
26018
23771
14004
14455
15143
13910
19524
14148
14477
29578
23278
50089
28480
31478
17133
25619
13970
60019
14469
15419
30947
33942
14384
15556
33237
16276
24370
17497
15699
14931
17999
20834
14805
27818
15363
22052
27750
19450
13671
16595
23552
17430
34848
13931
18124
16594
15338
18542
46593
19436
34231
23671
23708
17408
14730
16282
19966
20838
14118
14439
22656
20140
19135
22866
27111
13714
13469
21757
31434
31955
40686
46388
16496
18716
18055
23760
15808
29031
22374
14452
32814
30001
68731
23220
53020
68152
36589
65071
21808
14510
44595
33253
27035
19635
19449
18521
15128
16552
17399
28216
22441
20459
21694
18239
21289
15286
31307
17465
16442
23551
12837
13963
14688
15329
21245
22694
27101
15012
25660
14030
14515
19986
23031
16140
48851
24431
20324
37063
18290
17970
17911
20006
23853
19723
16084
19545
17925
17457
16280
14880
20731
15216
16744
17217
28059
17379
27230
16618
14707
16813
19118
30143
39669
15979
16611
16522
19128
14467
16786
30757
45393
35341
23952
36979
15932
55378
16691
17784
15457
20571
20740
16765
14740
14376
19669
12888
17432
18499
15004
28496
18293
17166
21963
16124
15223
16609
20541
20613
17071
14266
16855
15216
13904
22016
28802
13096
23248
37377
68480
17783
20275
44780
79233
54174
30857
33489
36298
50269
44274
60846
40711
41000
12645
19509
14649
23100
14559
14785
16777
18262
23570
70287
56787
35917
34544
14203
14844
21817
29577
15959
31397
31470
18988
16173
14877
14565
17850
46257
16314
15937
29693
16986
48891
29961
29760
40646
26311
29820
41530
55401
55365
50939
26782
18962
16583
15580
20887
24169
14959
41174
66631
64781
48712
27171
18902
23035
16249
16736
14499
16012
20859
28528
17836
20849
37379
30834
19533
45010
15830
21441
15260
16574
14545
28117
15480
41148
34616
73617
40365
20140
32131
15558
19022
17297
26748
26366
27614
20708
26516
35052
16286
26737
16396
21557
35159
13419
14974
18178
40655
13749
27136
24604
16147
15906
18499
14083
14986
21360
36042
14255
15456
14452
20883
51921
25044
17047
15554
18507
17456
13708
19358
33910
18110
29312
30838
18219
28842
14889
15236
15842
15745
15739
19804
35753
23370
19973
26334
16806
17292
19387
14490
15115
14840
18579
30004
14455
18224
19119
32120
15821
18365
28554
18419
14091
47186
17149
16539
16121
12483
22621
14479
15140
17036
15591
23451
32450
35460
49058
39777
50132
25643
23633
19446
19656
26105
20257
19018
19832
24904
30474
26219
27060
17188
22704
20709
18531
16522
17411
34237
14828
16064
18886
24424
43368
27129
14741
28882
20180
23754
16410
23491
33773
16026
15865
49254
28810
43736
32194
26016
42097
21958
25302
16305
26281
23342
25732
14863
16233
16026
15442
16429
17018
27063
18969
23090
18750
30506
16275
14648
20735
17785
13319
21916
31039
15261
30721
32972
18591
22558
15905
26249
32156
16306
16959
19101
16537
20742
15894
19785
19509
15331
36397
21871
16847
15554
25158
14097
17315
14163
35298
45231
15081
18899
19015
17108
20035
15912
20972
13321
23638
14260
21930
39196
24523
35441
22333
17721
15594
31628
15735
18320
17749
20592
18668
23306
23784
14194
18462
19668
23597
26071
22479
24284
15003
14742
14971
15083
25562
15667
19669
31157
17256
17841
14373
16584
19358
34052
22760
33330
16780
32574
17053
19413
24093
18513
18758
17015
13428
22142
18579
17959
19122
24328
23327
23256
17445
13526
26924
19981
13372
17187
16264
16183
15742
13673
18334
14673
22762
19727
16046
15778
18082
15529
16301
19572
15787
21255
26503
46901
17887
27491
23983
21100
18044
18289
27874
17823
21132
24272
17452
16731
20507
23603
24749
17139
19537
16955
13247
28187
14939
26926
15061
14563
41422
14582
13334
20109
42115
13823
15653
35188
17845
21601
16260
19825
14121
15041
22041
13108
17502
25889
17472
19435
27237
61354
32548
21324
28626
16883
18326
31371
21070
14058
16072
13442
31097
16179
15780
48235
40202
14324
35311
38383
16844
31065
36941
28112
16481
15457
26734
17912
24367
18089
17450
25254
16694
14664
15737
14110
14215
12836
17173
23215
32703
25960
21614
27174
16866
14230
16009
16068
17566
47309
19754
37588
20760
20718
28552
22768
36138
24903
36791
33406
23505
31402
24595
16873
15143
39175
23795
16238
18282
30909
43458
14678
14953
17390
16415
16169
14191
18341
16734
13981
14528
15629
26598
14833
24251
23386
17375
17204
16713
15269
28103
18201
23666
28597
23129
16710
14304
17205
18863
25143
23277
16689
18894
14168
16569
16985
16270
27943
17031
13758
17725
18866
14869
18519
25605
18280
43526
20551
13438
16272
13627
13518
20943
33521
20525
22696
28550
13021
16614
17182
15938
32318
60578
13463
50180
13161
15330
39430
25310
13650
30244
18519
15973
14697
15310
16273
38163
38530
25199
23760
15003
14287
16680
30103
20248
17786
16456
13894
16013
21943
20559
15448
19177
15566
24945
17536
19344
17246
32509
18808
27844
17909
23970
16808
16135
15497
15602
13807
18368
13402
15653
23367
16668
16132
29471
13861
16241
13417
30355
26528
14484
15472
21575
46955
44488
18434
21488
18494
24654
19305
21213
16800
13079
27010
36738
24412
31394
19162
23874
30653
32078
15168
14072
15351
23973
54545
54329
94663
14096
25327
18763
27243
16029
17597
28981
17183
24887
14773
12809
17838
25164
29548
28208
17187
12799
15725
20372
16782
13442
16200
18670
20703
22080
36249
47909
47292
15823
15942
15520
18888
17669
27055
37338
244363
256830
160349
15420
13147
23873
16744
21873
15784
15092
21617
17145
20503
13148
20300
16053
18672
16876
16616
20328
17468
24822
17342
31285
19391
18897
22181
14647
26575
16856
19331
13189
15072
13719
16658
31084
15188
16225
24355
26002
27771
25420
17498
20732
16733
16904
21500
17235
30422
20789
57646
27032
42573
19781
14423
30648
15082
16751
25478
13793
17025
26467
27107
20824
18417
25319
26853
19393
15797
71608
40768
37901
37576
22117
27933
54118
47333
27164
19254
23694
16946
15325
18325
14966
24975
19102
18719
14662
16030
14778
21809
25708
15296
30654
38261
27442
17372
24865
19423
30302
42744
57582
13568
20532
14531
49132
18581
33420
19634
16890
26927
42978
13627
27429
30905
70914
30995
39975
15690
18598
15577
24039
15619
18890
13515
14684
18204
22215
17275
15738
19278
16712
27243
48708
42152
45591
14937
75393
41992
22178
52372
33565
20076
14105
25511
21315
27281
20737
15041
33092
14516
15540
15451
26644
20923
18909
17990
19825
26656
16071
28954
17550
21570
16173
26738
22815
22777
22008
13973
15524
18011
17717
27160
24004
14131
15791
13828
35070
17375
14302
26788
25398
57364
77240
27389
21291
43743
47501
19000
13373
15982
14976
26715
20937
27427
19946
44707
26955
16466
18752
15453
14528
17345
17499
25676
27307
15394
16373
49230
14774
15642
26434
15372
16187
26869
27109
14652
21397
16392
15745
22688
33285
19789
37345
42301
15131
15535
14906
36345
25233
25749
17972
24599
33038
13911
24461
28871
15393
13194
13467
43877
14721
20912
18067
22106
22792
26958
17735
23593
21265
13243
18715
18157
20883
21317
26428
15598
16015
14224
16010
16860
19924
16399
14419
20963
13733
19142
29465
17258
14610
14775
16093
17745
17438
33219
15203
19668
19128
24612
34324
46347
42039
15035
44852
17293
18673
14343
19530
23267
15425
44392
17612
22390
22453
16807
16417
15482
15575
18900
18335
14016
23776
20904
15360
20356
19445
13324
13970
21293
29469
23034
34743
16554
28144
17572
19123
18564
34105
15669
33007
18023
27601
23448
28628
44833
21564
61797
16622
61972
13595
16573
16974
17335
27479
15439
27112
17973
15815
15200
23826
18560
32559
32093
25366
40647
47181
34627
78084
71514
16469
75846
39339
14421
18490
19050
23083
30711
14423
27194
38931
26871
23445
15390
22285
25573
13770
13297
30980
30924
19369
14090
17302
15730
16415
27564
20295
21665
15511
15463
14446
19750
16287
14045
15609
14388
34283
42223
17792
29009
17541
52874
60962
23527
25245
18737
21552
13922
19742
16650
13823
24756
20722
18806
20433
22703
32421
13718
20700
16037
16939
18678
48348
19654
15035
15722
24673
38163
30341
18265
14615
20750
19145
23973
14941
17911
36115
21680
26191
15684
37304
72771
25803
44728
19135
13361
17219
16203
19543
19244
14549
17023
15441
45716
18929
26943
19080
17718
19750
27730
32240
13226
16086
13764
20961
41968
13362
16880
16197
18577
20619
18019
19068
22202
32168
27541
35983
19338
14828
34065
17738
24118
22369
32052
21025
13909
14009
15884
17731
40395
24026
31483
20048
17316
34762
19993
23038
17813
14847
15814
15754
14910
17441
24391
18515
17955
20342
14073
15826
22053
19972
22300
19932
15601
23040
16547
16579
23278
16050
22481
13376
25498
38863
20891
15051
32574
35535
37944
23901
21704
27752
41338
17704
15148
20382
15736
14431
21481
25684
40440
26694
41875
45224
31271
28232
17829
41589
13271
20279
22971
41579
13097
15584
49296
17073
28143
16446
27259
14149
31949
28301
26503
15933
23606
18604
17697
13448
13952
33799
20212
16188
13761
27529
14592
20101
22563
34493
29731
31267
18074
26504
13948
24302
14965
15441
22365
18518
19447
24487
15640
23087
43004
15447
31974
55162
24908
19774
33893
17837
15698
16323
17388
31948
14804
14735
16851
21186
18693
16155
40576
16389
15738
21043
22404
24197
14100
16596
22771
18753
15248
25637
22838
27895
31051
33371
29642
42458
15202
17285
14341
16013
23522
19458
14650
21578
20804
24446
20343
14007
15163
12950
13671
19355
16312
31499
29950
14235
25465
13668
24259
16693
32682
15451
31428
19256
14694
17692
20814
16482
16774
15059
46244
13869
19967
20962
19223
25970
15283
23991
15509
16552
24103
14353
14071
25595
20771
18912
22191
25919
39458
26137
18327
24338
15471
17484
15696
14659
17699
16328
14397
16249
21595
29099
15119
14703
16730
15088
23579
19008
20356
23887
15420
14081
17375
20484
16866
20098
23241
15499
14420
17963
17266
15216
13527
20502
24229
20732
16719
24212
15951
20386
16291
40048
24449
19560
28505
18323
15581
23827
36279
45599
21479
16934
13274
23703
24755
17637
22702
32731
18788
25854
30503
25404
16149
14575
28667
14859
15626
14961
21015
16701
34861
20930
38786
20228
28354
21692
14701
20886
26068
21897
23818
14815
16852
19994
28526
23846
21048
24327
16496
43707
30104
36591
86448
19850
15162
19654
18309
16760
26189
22088
14451
25481
20968
20023
14490
51529
50158
13514
18066
19721
16560
39393
20110
20537
35028
25255
22590
20763
38293
20013
14143
28105
17732
20710
20566
20551
25066
17441
17145
15305
26042
21547
25063
31053
15096
17866
16613
21043
18543
16159
27798
15239
28554
26509
17484
25565
31516
14656
26269
28119
35124
18139
17314
27235
18116
22948
26238
38843
20124
17664
16705
17586
21099
32897
18620
31195
24539
19699
37149
37204
21718
19257
21841
35063
17369
20540
18071
16739
14710
15383
16248
24154
26978
34089
21300
63623
82817
23677
14565
19820
22511
19157
70729
18182
17880
17798
29519
21880
27674
17310
14768
12801
20545
20990
17716
24198
52200
23276
23777
21809
15741
14057
34262
38840
27381
16926
19987
16369
20670
20759
16508
23167
16299
20020
35670
21181
14245
14973
21451
21237
42805
33286
20932
19984
35367
14765
23026
19769
23557
16708
36394
17319
20203
15449
21685
15341
17925
20118
18789
29872
18018
24231
27916
16458
13997
27181
23975
17819
17332
15453
32399
14214
20190
26495
15243
20317
19566
46945
19382
39226
26036
22218
47201
25989
32043
16210
23321
37520
20572
19218
17473
20806
15582
46871
64970
23354
40383
23186
14966
21004
25144
31609
17096
29266
19896
13876
19232
14875
17528
14837
16798
14369
23258
17332
25183
14272
16192
23591
23262
22404
14609
19012
58016
20807
27645
51521
49912
24827
21748
27053
13936
16613
17314
14816
13229
15134
14106
14934
14854
39428
22319
14835
20813
16568
19466
21732
34780
13099
20982
26885
18149
30740
26393
16637
19845
16520
18057
15147
23983
29790
23518
43348
23094
14454
25202
22425
18010
22873
24286
16635
17560
19277
28230
23236
16272
24090
25450
26166
34714
19491
20146
23539
21383
20758
16797
20907
15197
17925
39535
14277
23801
25825
15520
27675
29582
16565
22847
28980
29861
19268
15845
17952
16027
31139
15676
14662
20997
15594
27287
21218
31624
20125
19722
18789
16380
76966
19888
24250
20124
16272
31530
18031
14541
21326
34027
17726
14287
16499
20302
24217
48290
46972
66755
36984
23262
18740
30105
27077
18395
24952
13485
24567
19304
17356
17011
15794
17101
26726
42415
25315
16591
34481
17164
22044
16001
27320
17740
17773
14697
25580
16320
34859
52407
20867
19724
26912
16642
27723
30248
44746
42820
29035
19726
16603
18567
23108
32152
19865
16894
18655
19546
24496
32422
27533
23975
19858
24750
28934
14281
16283
22330
16055
15005
16131
24149
12792
22669
21027
21069
54295
15244
20824
21095
16217
14379
22472
40636
91415
15225
18116
13743
16822
33538
48997
53111
16457
40786
27255
21882
18646
21981
25878
24756
22645
16654
20106
19340
19571
26252
21751
19590
16833
26484
35686
57819
20466
16480
22862
19150
21249
33452
18976
14574
18676
30776
15782
17470
26598
16515
15091
15736
19190
33012
17160
14760
16182
16476
16088
20746
21250
22566
34580
15898
22123
15080
31086
25162
15653
26247
17911
51799
56061
15660
15149
18845
19214
14584
20337
20200
15158
14515
13869
13615
20152
15452
58808
17608
13901
27454
18436
20037
24144
24685
22311
14677
35992
26559
14353
15655
26098
33481
16682
49780
17935
27889
53329
58166
26940
22419
37618
25757
39834
74803
42478
26279
18897
58608
36422
20955
27153
38998
29945
53801
55336
71228
16659
20254
62623
49308
46642
64581
55727
24542
26997
34651
20265
19931
29471
14520
17716
12786
41811
17276
15152
26338
13656
15917
34703
17024
23462
18300
51009
47626
30571
34586
24700
25817
46616
17037
23556
25440
28238
15940
14497
17092
13169
25238
22519
14078
17426
23962
32755
33666
20639
17225
19754
13993
25604
26172
27723
18888
20444
19910
25649
15581
29571
14898
67933
230565
44922
53334
22805
21042
14306
15566
18327
19454
17041
15359
19340
16202
21771
18903
35281
32861
13500
50812
16179
29328
24003
30440
17242
27053
16664
19928
18508
14584
17054
19859
13720
20560
21455
50412
21457
37129
16421
15172
20964
19927
29980
13536
13603
22963
16607
13786
16002
13862
17694
21730
18859
38211
16318
12937
19866
14114
19408
13870
26003
18321
20877
21918
16788
14282
24301
15474
16480
19336
23075
31026
17079
30263
13393
18676
15493
15190
25807
25953
14575
17402
24986
15831
14507
16949
19008
22583
19038
20441
21942
25065
28832
18872
27502
20128
15104
19423
17608
19518
31748
17128
37173
27609
15730
21819
16815
16790
17132
33270
35836
21223
16051
26128
13263
21698
22223
12638
18637
26477
17892
16264
24696
17552
20332
15297
13339
16864
19330
23960
16625
15848
18182
25554
22798
18401
33296
15811
24893
28486
21176
13995
15981
15656
15899
15703
17786
20390
17554
29533
16366
20779
14842
14390
14843
25607
38273
22808
21524
15884
20639
24751
21228
16285
22339
63108
86263
16476
24775
20441
16724
29815
15842
17435
20944
20268
39653
28131
26925
14258
19021
35392
24115
16891
18377
16589
35125
24548
14879
27325
20917
21138
28454
16549
13240
17338
14561
17075
18398
24001
20822
14492
21443
28191
18236
17518
20552
32311
22385
14615
17577
18352
22490
21893
26771
21032
23304
16881
27044
22517
30516
28838
43328
35730
105918
29723
44709
38752
82247
57582
18690
30442
29573
21235
13964
15567
19136
18197
24450
16387
21654
30095
36002
18876
18076
24490
28628
17301
22950
17871
15494
20244
18749
22559
16053
15402
19491
53800
26383
20872
18858
20847
35536
31101
20995
15531
18550
19329
18693
22719
19228
16395
17264
14389
15239
13237
18181
18833
26835
17888
22979
18232
14819
20592
22120
16205
18514
20466
13984
22948
18082
18759
23731
27976
14328
14569
18721
26387
19783
19256
16769
14173
26990
16551
22333
13430
33373
17282
18195
14175
41943
28676
15877
15448
20727
16067
13583
15318
27191
15733
18740
33428
18996
23047
17920
14396
19391
19713
24261
19024
22273
26500
22074
15025
13904
13549
17087
29465
14029
19929
15748
23139
21909
18898
19371
26149
21725
19767
15526
27928
23604
18695
15762
15860
18352
14087
18380
242787
156075
22097
13174
35607
42513
18699
23620
17539
19105
14648
14311
14172
30828
15587
18573
25405
23477
19983
17410
21793
23652
13867
16248
16584
14292
21713
18093
17256
21286
21077
19617
29148
13371
21080
16554
32102
20892
25642
48843
23583
20637
20341
15151
24686
44656
25672
39462
16779
13314
17766
18042
29581
23667
25670
23174
47805
38774
17255
19613
23713
24356
31440
37446
15687
14758
24945
16444
20585
14820
18065
15889
24507
21456
13862
21865
22953
17267
23362
19774
27403
33764
14054
19231
21366
14565
14541
18443
17659
17132
17712
14419
26361
15120
30853
18117
28252
19937
20674
35337
18308
13514
15360
13849
25339
14373
16375
29081
39358
28243
23509
15173
14553
14329
16140
16283
20483
22226
16368
15793
16063
20203
19882
15040
23864
17556
50733
35113
22537
19644
18465
14219
14943
19762
15681
28389
18115
23550
32961
23658
22625
14937
14593
27143
13308
14872
21709
55641
29952
17341
15146
16273
15502
13492
12965
51554
19005
37308
15466
20716
27967
21669
21884
16123
20600
44269
15395
36940
25542
43969
18435
20336
27980
14551
14840
16162
17480
23584
47542
24122
22009
14369
31890
17238
14314
27534
13536
21015
22814
20844
19195
22039
29180
17841
18404
17690
14701
15157
17256
13589
14754
25050
17737
14745
13911
16952
32897
21864
14236
28318
18402
12796
20258
23323
43255
34107
38326
14054
14913
22247
29006
20455
25075
39190
20230
21191
29972
17734
15080
18298
20168
27898
29489
33912
50229
15386
23050
20987
16448
14964
20704
17908
15871
16503
17249
14570
20340
16502
17409
17894
13178
18702
15537
28669
21381
47493
40248
26362
15817
17284
19148
14770
15460
65363
39852
48899
14834
20197
70924
37445
47995
17613
27105
20430
14485
22837
65581
15414
19705
72764
50282
16629
16262
59058
22843
18059
15682
17463
15585
26251
41586
66305
54718
13526
28884
13136
17165
28305
31315
13861
18149
34693
17042
19038
13987
26667
14473
16860
39300
37867
16064
17578
15784
18463
19020
15829
20321
20480
23495
16110
17050
18057
20191
15963
22173
16257
24292
18366
15191
16699
26511
20389
37786
18602
27028
34480
14798
16309
23408
14739
31958
23818
15414
14523
28026
31163
14351
14915
16793
15105
16314
13896
18808
33460
44323
20220
19548
17101
16063
23638
17880
15981
36951
42650
47881
68390
22651
13387
19919
15278
16028
31567
16535
17081
15716
16223
29852
14238
15148
17618
15572
25900
33136
20150
20173
25454
22416
19738
13088
14646
31185
26631
43847
50708
42153
18820
74105
113649
29465
18664
13849
18702
15231
22451
21760
24990
13999
26840
82312
18843
16748
39029
23310
16192
46547
27433
41296
25667
41064
23406
40891
38447
40383
28321
39996
22724
18496
27415
16556
32593
61432
49327
51729
22353
19895
22977
25908
14039
23603
14782
16434
15679
38476
21800
22529
26177
40946
16138
27232
42570
27789
15231
18514
226400
151482
19361
100734
34015
27323
56476
35002
21145
27628
59477
19312
17985
17267
15895
17331
23241
17309
16466
21713
37976
35236
18529
30068
19628
20099
66225
13955
34970
20894
16768
17676
21347
39234
21342
27133
22589
18157
15419
15695
17037
15378
17401
14761
13845
17839
19628
20729
32341
46688
17053
22147
26711
24141
20499
17939
20821
16722
21673
14217
18435
14828
16986
15567
17824
14234
13490
17705
21151
15510
18434
21758
15733
15769
16577
19933
17106
14062
32990
31341
39995
27274
24261
14376
24306
38171
18102
14363
14351
14813
27090
18971
19716
17376
15880
15826
18717
35058
25055
28094
19409
21214
14793
23553
18697
44877
18317
18587
16740
15285
18531
17665
19544
20744
14661
19024
17721
16880
15692
22572
16043
30962
24440
39798
54329
39251
42078
29043
17554
19575
16846
17918
17300
15074
15013
26465
25524
17586
14487
15650
20592
14681
17997
14626
17845
38289
14036
18808
22345
35317
21026
32407
16647
33430
43236
47085
40019
21031
20012
35448
16043
39013
17465
15460
14967
14133
34406
16702
16062
19023
15446
15259
29227
19166
17194
17777
20748
14208
16708
24940
18588
14951
26250
17354
15004
15646
22418
22904
15114
14671
17339
20433
22017
14922
14400
17776
18187
21065
30220
13966
22981
20169
20046
21712
17756
15223
17091
16114
14286
19128
15617
20430
19548
31357
68991
15628
42307
23374
22802
23879
17389
38576
20621
27440
38207
15772
29531
34932
16279
30611
20775
19963
27741
16980
16607
18920
21580
20004
20171
35343
17049
16536
16818
26644
15182
36374
23567
23410
25658
13742
28752
18226
16489
30124
17644
14186
16685
14434
18322
25880
17485
28234
22235
34515
15667
15400
15202
16852
26006
16321
18125
15067
12984
17851
23222
24654
25564
16732
48840
23986
20398
19533
39600
25362
15076
25213
16016
15311
26795
22680
14430
14622
13907
16208
15466
18527
17474
20417
24764
44620
14260
15080
23451
18552
17838
23583
21948
17931
29701
17763
40158
19576
27402
23766
16567
15390
29184
21768
15236
12639
13871
12331
21977
21413
31947
19205
27476
44534
31784
16688
31446
16088
30656
16251
27572
18958
30269
30929
27636
21048
15445
15757
15584
25021
20657
14161
25893
14702
26612
14019
19461
17078
38016
37828
22259
16216
20007
16084
20733
16665
20178
14097
15849
17273
49922
60410
15479
15422
15812
19047
24140
13296
20841
31285
16090
41275
42147
14592
23736
19435
21924
17926
20342
13912
15992
17095
18212
16156
27164
19428
15049
16048
18892
14493
14136
44224
18429
17899
50770
15728
23703
15139
14851
14587
13605
16757
18541
30502
16677
19771
20536
16396
16543
13569
16101
21857
16758
29177
44965
22863
32537
29112
25736
18203
20940
30958
34645
19620
20367
20031
20548
18389
16219
18313
26960
15394
22691
34986
14679
12777
19936
20215
14620
22276
14959
16615
18630
16796
27164
19263
18256
33376
37391
15003
20178
14691
16656
24134
28874
26624
22521
21833
14116
16304
19815
16173
20212
16510
40071
16589
21241
25023
20361
24010
17704
16299
21652
20179
19820
16037
19787
15406
29895
16861
16635
14722
17011
16614
33793
25415
48892
16882
13906
20497
21138
16856
16866
17278
16355
39579
17165
18625
18664
18253
22545
18814
20248
22238
22227
19855
22048
26752
22109
18256
24460
18691
16300
20134
15918
14946
24200
34560
16412
15495
15389
20089
18962
16629
16245
29768
29646
15118
18122
16079
18047
15253
24491
17506
48212
29170
14358
28873
14272
20030
22111
19187
36137
19303
21392
29778
25013
24109
39994
25890
23989
46179
14019
43769
18736
18260
18831
31010
17469
31877
31410
17021
18652
21889
22183
24964
26688
14603
16213
22278
18486
14750
16131
27508
13679
15092
20111
18659
16466
18764
20697
16351
34221
30994
15685
29448
17537
30583
61015
64121
70532
15404
21984
29564
15524
17801
16292
21305
43631
43241
34113
19509
16744
16227
27177
28482
27018
19513
20018
25611
17735
31806
14480
18465
19171
22586
24722
49866
40337
20097
16927
31309
15268
20865
16452
16650
18770
15795
19701
16229
22745
19108
14342
21071
33718
17165
15098
15747
23526
21689
21118
13012
27055
26371
35850
17093
16142
20080
18456
15454
16711
14765
15906
20622
16085
31527
28721
35231
19704
19142
30771
15763
17141
15076
15507
17699
18627
13675
15637
19531
15564
31017
24920
19432
15998
15288
21611
18623
16868
23820
24546
36446
35325
44917
19541
13506
12538
13550
17780
13042
13784
36120
68979
28229
20835
19357
23956
14546
25341
47909
43958
35511
35277
28681
22549
17733
27116
17101
26200
14777
18239
25229
17697
14169
20756
42935
35713
27388
18340
15376
23371
22594
25118
14723
16092
17170
28386
39157
32068
25752
30072
51987
20011
39241
20103
52122
94895
77372
25555
15905
23314
17138
27543
19966
18241
19567
19001
20270
17054
15230
27017
19991
15148
28331
16625
31078
20683
25226
14220
18402
15972
17652
29143
24011
20331
27139
36640
16998
14183
24677
35449
16137
18881
32710
17272
23339
14990
16656
17250
15832
39249
32479
19399
24537
27622
20028
14560
24107
19374
29067
20396
16828
26157
20695
20622
46466
18518
18255
15625
15531
17540
23503
15303
16212
17221
14594
18953
15147
20047
16933
24419
15760
25264
14935
23533
22838
13202
21125
16217
34331
26359
16339
26303
16699
20402
19975
18572
23106
13971
13906
15082
35577
55407
18255
15133
23769
14785
23602
20263
16379
19268
39256
40160
20153
21139
22182
23355
15563
30455
24190
23052
28753
19902
19219
30217
49061
25773
16966
25721
20204
36867
13505
15714
13511
25065
18392
18405
15884
20953
15733
31722
14878
16200
23449
16501
16487
14469
26773
14881
15083
14622
15392
65219
22818
24171
44734
24786
17551
14200
15166
15908
13951
14529
16068
16186
19751
37804
37553
17186
15218
15385
15342
14693
32988
16478
14855
26263
22551
22696
15744
18576
24043
18519
30842
33130
24050
18843
21599
18698
21521
24784
38213
15718
18912
17743
19086
21449
18224
13763
14411
23931
29823
14717
38463
15400
15504
23795
14901
18547
16662
20562
30217
18354
20582
16513
22182
16078
13835
16995
20951
26033
21628
21627
13768
22619
21794
15460
22835
45363
20729
15676
22747
13710
24221
13639
15168
19047
19573
51173
20508
26686
18869
13737
17869
15113
15849
20959
21291
14715
29998
14957
37096
21752
16338
33223
15502
20695
17998
17258
13738
14055
18349
31532
22602
23833
20308
14735
21473
20477
23809
15427
40136
15988
23951
44686
77522
38705
20205
17289
29258
22828
42078
17960
43227
41827
13945
27211
17488
18706
15171
14762
13447
22423
31797
16851
16641
17226
25963
39339
29745
15473
21703
25791
18044
19067
15879
18344
21133
15710
18679
19357
31016
17720
22572
18182
17132
18755
16955
16162
21831
60196
20056
15148
47416
19231
14916
72603
27399
66645
19285
17785
19863
25303
18452
13527
13143
17781
19979
40225
17283
32805
17355
16565
30580
27804
46649
32518
21321
13243
33049
44654
26899
17384
22027
26103
18337
17027
17031
17506
37293
40696
14663
20929
15664
13518
34710
14512
16701
15335
17677
20433
31903
29647
19023
17557
13201
43029
24291
18795
25212
26802
20786
14500
19915
16564
21143
18011
41600
25314
59944
33869
69261
23155
31591
36048
24985
22977
16215
23878
19805
16829
15169
16789
15179
45212
21675
15283
15877
22690
14608
14542
30214
22079
17160
16866
15142
16046
28962
22821
30199
35617
19488
19180
27105
15490
26760
19761
36178
13998
15997
14048
14985
36077
16305
61555
23082
18389
15101
13644
15921
18847
18969
15154
17664
30300
32208
53654
55050
35681
17266
16126
30670
27266
32974
17901
15269
17099
15242
12180
22774
29661
44913
23956
30542
22126
30825
30095
43620
37047
56670
47623
26541
26535
41715
80246
20546
35753
20216
15411
14244
30127
15833
29312
20897
24203
18506
25242
18034
14009
19925
17337
14706
25821
15845
19707
22112
14795
14600
19379
16225
37282
16799
14115
14946
19022
13365
15167
14658
18206
21178
21783
27584
20754
20913
15152
15202
18294
17153
13615
45448
41857
23694
23605
16608
14487
18693
17083
27979
14075
15619
16324
32865
21996
14822
17837
26438
17345
17269
19490
21625
48342
19742
17093
19792
20755
18680
41824
23423
25792
26651
16553
17414
19181
24690
15355
19547
14453
14986
22628
19384
19681
31403
19871
15924
35232
24005
18552
54562
35993
35405
27160
64353
15806
15909
24672
27951
20697
22864
23891
14644
26109
29752
16320
15918
22804
23871
15723
54321
34060
25979
15648
26966
16333
26069
33330
16813
14887
14800
25485
17304
16192
20250
21040
30297
29930
17077
21072
37636
18734
17872
17454
17974
14789
17375
16667
20825
20730
25085
21201
14590
15528
14831
16422
23892
17687
23585
23660
16965
16369
38876
20579
15471
22201
23379
31562
16170
22185
33921
15907
19574
19910
15791
14859
23611
51721
19082
26972
28837
18628
20745
18693
36037
16005
14856
18943
17273
15492
27864
14641
19583
16497
25680
24672
14086
18563
15551
16465
19712
19474
32933
19285
18664
19303
19939
21716
15090
22755
19006
28192
37595
16090
26480
16377
18217
24009
14785
32283
25587
15462
18100
24753
17941
20150
14014
16035
18870
35522
21091
17473
17474
14644
17519
16619
30894
16556
65170
67110
14402
14374
18072
13771
16083
18865
19569
25991
20488
13429
17980
17773
13670
24536
17456
16550
30271
14240
14453
22132
14159
14617
13205
34381
14127
17699
12720
18119
23884
14845
15262
17140
20287
14371
12957
27004
18697
23818
14019
51157
37166
19996
14079
30309
31630
45603
16832
29001
42946
15678
27612
13708
13602
14601
13048
17502
36476
16333
23642
18620
13122
23525
14256
22589
52488
18409
17302
23395
35435
65535
15893
16286
26187
15523
27267
24463
21207
17840
17411
13686
17788
23593
30271
30132
19968
15158
24227
18496
31581
31307
18740
21951
35160
17631
50655
15572
24976
14727
23277
15431
25557
15980
38404
20623
35722
15245
33196
20757
29639
16173
15743
27611
31882
19204
24979
20646
18986
22256
18340
22905
14081
20825
18101
21951
15973
19794
19884
15493
13904
19613
26550
24639
17812
14474
15657
20812
16466
20763
17553
14533
24492
34853
38927
20688
15824
26032
29450
17282
49168
17625
13711
12645
30068
17675
15871
15606
15739
13978
24919
17637
13125
14538
13816
17588
14213
20102
37097
22068
16855
17912
22925
22839
13850
33777
18041
41245
85903
16061
17242
16711
13814
16924
17057
17695
15120
23033
20531
30622
33273
21158
14676
17013
25010
31162
23704
38972
28507
18854
20141
13657
16053
18834
15654
18566
19459
19616
22264
19324
17085
29657
16272
19704
15076
20025
22260
18551
18307
17347
40305
14420
27802
16941
17253
18952
29873
15216
22299
24002
38336
17381
13698
20882
19730
29335
19172
19712
19444
29281
13086
15227
18114
15883
17633
21332
28776
29368
41988
24417
18157
19465
17614
16433
15937
19417
35961
13258
14288
16143
23411
25284
24900
21133
14367
17588
21110
20440
16500
16137
39019
28492
22505
16405
14316
25924
44524
23455
22433
18819
21793
22272
17408
32847
16773
16883
15299
14070
19152
20357
15279
18077
16544
33094
29679
12746
24373
17812
22464
18795
13115
18498
12972
22660
17879
28889
24432
13893
35576
16591
28818
19498
16846
14789
15115
13092
21562
28426
14041
15054
22549
14586
29015
28299
15240
30992
16134
44343
17008
14443
17479
24605
31836
14228
19836
15079
22425
28262
29150
13887
15406
13053
18984
15717
20310
19583
14030
14542
14822
13470
21860
15085
15441
13811
14763
16125
29024
14929
20785
18427
15141
30439
13140
17989
23940
15963
53140
13123
17158
39956
42451
29672
22576
18771
18587
56190
22400
18120
17478
13838
19113
20292
14896
16734
16237
13889
25498
16310
19948
16885
19223
20813
22609
18520
18334
14391
21663
15163
28194
40897
22582
23340
21286
30358
17047
42304
23004
15838
24023
17097
18804
18764
20437
25176
29851
28204
16101
18571
33760
13963
22368
14785
18436
12530
23688
21807
37421
31069
17634
23642
18520
15080
18213
17136
17120
17691
20572
40803
24197
18601
34515
33055
58182
15950
14791
15683
15622
33061
26154
36146
15956
18107
23487
49595
19363
32601
18914
18495
19994
15318
16066
15798
21658
25025
27061
32232
23993
39843
23747
22556
22204
29986
14588
30507
23224
21932
37175
21341
19557
18362
17194
17090
15108
25344
66004
31355
13717
17912
18772
19848
20126
15142
52479
22742
14908
18131
29427
23886
24208
26675
22663
20639
17916
16090
14572
16085
21394
20098
15206
22590
14381
25969
15756
35341
17774
23554
18218
16019
22225
13508
14820
18402
16915
18090
16226
16347
21612
39074
44969
32488
49326
26478
19735
19268
18310
25275
35091
30339
15608
18886
15297
16125
19609
30781
16205
14599
14143
17150
24935
19714
24905
18370
40755
19649
18463
18834
13772
18547
18062
28721
25298
21072
16276
18379
14837
23153
15348
15273
26896
14385
27609
13912
41279
58865
20043
13708
14597
27434
20096
16245
17680
17478
14819
31569
28607
26378
37487
15437
16419
24896
18008
39534
16160
18270
23239
22197
18696
16961
46048
18796
28782
24901
28990
24498
19570
24960
20892
23004
15400
22124
17014
15734
19703
27065
19886
16505
22334
15266
15424
27766
32180
51515
17551
33922
60802
48017
25129
20422
20022
14857
17648
53598
29500
29214
17758
22468
14175
18842
17015
18310
31348
14434
14282
16350
13316
16188
18111
39803
23281
69835
14998
14349
19385
16484
34900
55650
20851
18551
14661
16917
21757
14717
25818
18427
17961
16463
24830
15741
22670
17513
14273
14069
17188
35803
20303
40463
12250
21227
17499
20236
29561
28786
19516
19630
28618
23763
32148
13593
24033
20695
13037
37693
19819
16484
20497
21018
30228
43216
13644
21143
37008
13522
16902
31039
16372
22819
14456
16932
18922
19428
22260
14209
13593
16340
18152
31500
23859
18438
15686
26676
14624
19020
16950
19400
20568
13680
13075
20751
21536
16531
26279
17882
21483
48537
16399
34035
44468
22723
40385
18731
37837
44606
25359
23057
21097
21549
23335
21673
19593
16592
16297
19513
21743
16418
44219
14510
15755
29413
23592
22914
19245
16388
15932
26838
24440
20698
29917
23386
16166
14573
15220
14368
20387
19222
14952
16047
21972
24110
28996
14822
21976
28077
12962
12672
18963
17599
22547
17926
34913
13608
13965
32797
25364
14206
14636
13382
22302
22974
15093
12988
13847
14419
19488
17710
29174
43379
14785
20221
15900
16401
13740
17466
15816
31423
22358
15524
19555
16233
24981
29867
20335
14943
15881
15364
16165
17081
18533
15844
21760
15303
13812
27553
20977
25487
17443
17967
22313
29541
42491
19226
22727
39802
24453
23412
21841
64474
28514
48865
52636
51352
16211
21943
23728
19204
15217
13793
44641
44141
29067
18276
18862
14461
16573
14078
18688
15363
20741
26854
91803
62115
25850
46797
85295
22600
48998
37759
107453
22988
44055
46159
30902
16352
21657
22325
29787
31598
33542
14457
19828
13192
25315
17069
18981
33166
18408
14999
20457
55854
41170
17350
18012
23105
14056
21746
30015
20144
25573
22568
54712
17977
18542
16271
23855
23232
35254
44774
14595
29493
15979
17174
13461
14787
19088
14217
28415
15766
28564
98706
25974
82925
81531
42544
30265
31614
57176
68535
20580
17143
17401
26757
22053
19398
28559
15455
14587
27048
17907
18944
33524
32608
44685
22628
20818
31778
18540
21425
17714
27186
25917
19086
18363
37848
31631
18873
25309
17280
28944
26320
15761
14293
19525
15525
21732
22795
15147
15196
14995
18150
15527
25441
14796
17229
23015
16177
17158
31666
14955
15874
17266
16771
20072
15809
40126
15337
33863
28766
23522
38833
25862
16926
60565
21232
17712
21055
31232
16844
30830
22496
22155
16030
16916
14465
13843
16431
49970
13783
14827
16895
33171
21157
38827
28517
19355
20247
28225
19896
42531
24175
20870
21893
25300
22431
19702
16907
16296
21278
18684
18401
44531
17589
24033
17730
16705
22096
19298
15659
16800
16477
17273
42715
23244
18179
25443
19204
24796
31988
28738
29573
48806
23675
16858
18995
65421
67661
36023
15490
16893
28305
37008
45040
20201
17888
28292
14737
15163
18581
15128
13537
18682
14845
16838
19646
32682
16027
18742
29569
42233
27472
16339
20799
33629
15239
15548
19523
14760
16193
26293
19646
22985
14897
14985
15106
14297
20948
15374
39953
24348
38502
18079
30361
22035
17165
19056
20586
16483
21461
17845
15140
24844
18268
19168
22605
16225
18855
15832
33057
16388
52489
19552
26310
19627
30951
44613
13947
14398
27446
16625
16434
19059
19070
16408
34819
15755
19003
15772
16831
51688
18811
20884
29962
25775
21683
14819
17896
20322
23168
18692
14389
15245
23623
17612
22530
18609
18434
21290
16972
17127
21131
16577
17609
16769
16771
14770
54817
37921
67942
29551
38549
55721
16505
18450
28337
21084
31601
25980
19774
40134
17636
17565
22094
17230
34452
33916
23002
15993
17458
24155
13308
17137
15173
33667
53318
16211
30183
19823
16603
38432
25511
22531
27356
17026
32879
19649
12764
21464
23078
15237
14071
16579
15485
15847
14250
21545
16513
30799
16521
19255
19806
16046
20696
16532
17448
16338
13501
29375
15293
18060
16259
19569
17387
17356
27124
14047
14776
17813
22895
15070
15180
24417
28337
14790
20689
18257
14401
21031
21432
20759
22864
14233
21974
13725
12486
14175
18927
14858
14367
37270
20077
30132
20096
36667
26622
18273
17295
31495
23780
25471
42504
19391
20293
27265
15984
21388
17637
15051
27625
26878
18363
17418
20564
34779
19218
20102
16147
55259
46170
17099
22342
29764
29239
56195
18424
19812
16169
15170
30490
34419
21052
27309
23318
15493
29319
23039
34650
30115
15840
12639
20215
22665
16177
20398
13596
14102
32658
17342
13961
17758
15787
21809
16985
21085
34580
16671
13717
16528
19492
22196
26504
31522
23423
16665
43872
15766
222729
18932
16020
16075
27641
22198
18357
12890
24119
27408
16882
18361
23610
29207
19521
15487
19258
48945
15853
16627
17081
38025
20705
17175
14843
16486
22054
14489
22597
19196
18288
32430
18910
21474
21170
15406
21924
15594
22699
24346
27947
17872
13772
18690
21811
18137
23349
14694
21056
15168
14578
22898
25782
17410
21130
16339
21538
16974
21483
16276
24691
17556
19328
25010
27927
21010
37734
19827
18538
35060
23407
15158
45075
33894
15260
17060
24222
22437
13883
14946
24473
28250
18967
37081
18667
16738
38213
29153
28999
21138
22203
24469
17742
32671
15321
17615
27237
25746
15323
15256
16380
19662
26752
21182
16783
13865
29982
20776
18809
14276
21307
21066
35654
18208
14200
23641
22041
27949
27991
17010
29774
51658
16830
17442
17643
40556
26749
30739
17334
14692
15198
15546
17385
21659
18809
16603
15302
14096
14937
15761
36386
29242
17126
38208
16325
17463
45579
25436
18644
13144
25777
21091
20144
14794
30539
20874
16060
22224
46766
50057
13951
17476
17682
22575
23988
14107
16437
15939
31205
14572
13088
15699
16682
31941
14106
17578
16431
21175
14387
23225
35807
15280
16219
20154
16263
16236
19505
17681
15301
14155
14887
18457
21459
24905
45151
25851
32804
21813
19277
23751
17322
14672
20723
18589
18188
22036
13854
17314
16375
24289
28871
15588
30649
16095
18774
16034
18903
19306
22100
20856
15151
35357
28452
21821
20182
19711
17246
22105
15793
21648
21034
14876
18318
17581
18322
27762
15917
16651
17901
19661
19604
14577
16742
14992
13569
18178
20880
22596
15757
23307
13593
14067
20960
17984
17633
22800
49045
13258
12863
19950
19091
22178
16317
16928
15566
16850
16061
15225
15744
20339
19779
20285
23742
16028
13519
53915
18470
20240
48973
29260
20835
19613
