21121
17439
24226
14853
13921
16095
20441
16043
14198
15001
16398
14522
17388
15114
18291
18216
14594
16790
16319
17561
17722
14580
16611
20699
19426
16086
23272
16729
14097
15817
18548
21664
15883
14632
19005
19105
20859
15059
16781
19170
14956
14967
17214
15841
14292
15087
16950
17490
15250
16756
16877
18262
16561
21054
18223
17901
15461
14428
15492
19339
16483
14443
20316
14716
18895
24435
16747
17903
23369
20383
16230
14885
23251
16143
13826
28081
16618
16154
26335
15135
27656
15999
18413
18295
15491
13853
16953
14231
15188
15635
16159
16961
19927
17068
17887
17785
26175
16193
18316
19765
15219
16311
15709
15942
23136
15302
19131
14180
14441
19517
16866
18862
13526
22082
15100
14890
18300
15704
15474
20658
14804
15599
17903
20588
21069
19301
20278
17876
20015
14879
13808
20259
17131
15998
15825
14879
13003
16275
14843
14247
28803
17458
18318
20965
14663
16800
20556
16821
17070
15057
22181
14547
15042
14653
15396
14296
14458
26625
15937
15664
13452
14414
14179
17804
16502
15236
14866
14916
15711
17875
14733
22905
15108
40056
16905
25624
13366
15882
16644
14132
23680
13617
15337
17001
13466
13398
15188
16076
14195
14504
14047
14391
14844
14323
14854
16222
14130
15470
17404
15188
16935
13174
14497
28134
19037
13436
14227
17880
14282
13820
20556
15316
18187
21872
16099
12836
16186
23181
15281
13108
23248
15187
15753
18662
18673
21360
16090
19393
31223
33711
15046
16967
30091
15035
14553
22890
16286
15132
15118
17383
24178
15441
18889
14678
23988
14277
18183
20156
14201
13501
17097
15488
18245
14094
14787
14804
19274
13961
13557
16736
13827
15482
13912
13756
14475
32326
14271
21248
21223
15143
17255
14622
15649
14588
14757
13337
23174
14280
16325
16338
19232
16912
13064
17879
15316
23388
15681
18880
14975
15426
19559
14942
16454
27618
25351
20874
17621
16478
18604
16422
14154
16301
15891
13516
15626
16971
17047
26593
14907
22372
20459
14435
18262
22853
15327
18614
14807
14576
13204
17353
15119
16685
15558
26276
16584
14848
15802
14907
14577
26511
16672
18208
13317
18178
16167
19386
14600
16565
14589
16138
15833
16209
12597
18266
14013
25960
14912
21016
16256
13347
13880
19785
16816
15326
17336
17276
15038
19382
16700
15488
12828
15991
14307
14721
20417
16370
14225
27515
14459
14515
13823
16387
12517
24141
15188
17793
14999
18949
13727
15928
25646
19889
19787
19491
17233
19569
17205
16401
16200
15303
15019
18697
17011
14925
14611
22861
15194
17294
16307
27415
19726
16596
13885
24996
15425
18225
15512
22779
30411
20174
16576
14540
15101
16828
16096
17173
14664
14071
16402
16760
19443
14670
15690
16662
25992
14998
13826
18091
21547
18589
17198
14775
15149
19820
15398
19963
17738
16047
17053
13874
17022
20695
19926
20762
14751
16504
27156
20762
14689
15069
21662
15593
14424
14798
16916
18281
15686
15756
14954
21363
14560
15936
14702
26757
15747
16245
18920
12715
15823
13941
16355
15934
18636
23892
21444
17030
18367
19074
20632
20728
19265
16355
15774
18654
19183
24242
15345
17603
16055
14508
18012
28377
14694
23758
16255
14329
14872
20915
14151
16013
16399
18879
29799
18633
14893
16778
14401
15560
17067
21404
15599
14988
13429
23854
15174
13246
14632
21921
14862
13671
15333
20121
15507
15499
17244
19164
18387
17680
15060
26155
15372
28739
13875
14539
14982
19046
18752
15038
19894
13965
15566
15005
18293
20426
15993
18330
17314
17828
15674
14983
31154
36955
13682
15407
13664
14035
16267
16398
15236
14506
29103
21287
14741
19297
14841
15872
52313
14743
14007
12976
13948
16786
17431
14333
14129
15117
17183
18207
14089
14574
15794
15973
14455
14768
17064
15360
14896
14233
17816
14385
15015
16355
16638
14813
14291
16118
16784
17348
15487
16563
15900
17789
16009
16551
16525
21170
13134
16514
30881
15826
14126
30257
16332
17169
15218
21738
22949
13624
15785
15215
15068
14844
19993
13366
14315
14316
22380
14895
14641
14691
15555
16527
19492
15253
14797
14772
17186
21156
18455
13953
16181
14424
15943
15075
17602
15673
16188
14618
14481
15956
15058
19624
15589
16488
16156
16130
15718
15255
30532
15920
14541
17219
26157
15908
13742
16588
16999
14845
21538
14294
17721
21495
16450
15514
15984
14804
16631
17546
15717
15992
15868
20588
17005
16982
18221
27758
18979
15769
17119
20501
14234
15343
15487
14325
15159
20190
14499
15069
22919
19503
16239
15564
21068
14768
17284
20146
13782
15338
16570
15921
17095
14500
17639
16281
14720
18890
30477
18279
18389
17794
13586
15030
18860
14916
19098
15753
17433
16114
14298
16200
15410
13136
14386
24108
14672
17977
16638
14841
19118
14558
16037
15964
16231
17695
14786
14931
25164
28649
19105
15717
18507
23031
15853
14942
18287
15904
14459
13250
12916
15136
16855
27108
25908
15819
25008
13978
13233
15024
14886
13721
14815
14152
14825
15377
15516
14940
14083
18967
14468
14968
21359
17880
17463
28192
15877
16877
20087
14173
16058
13800
15942
19162
24001
22895
25024
16548
17094
17577
26005
15398
17389
15357
15860
28760
16065
17412
15772
13786
28209
15824
18029
13444
20585
15001
15740
13884
13543
17003
23905
17524
13893
16605
16995
22475
14584
16858
14732
32936
16295
15167
19276
17602
21449
19769
14636
15122
15492
15147
13998
13753
17092
17339
16200
14247
15589
16101
16700
15095
28547
14776
16098
14883
18452
24825
14911
20325
17427
14036
18212
15635
14020
13817
15013
15863
13968
15903
30788
19808
14598
16138
14733
16127
15831
17153
15386
19197
16849
15813
18624
14340
15334
15978
18790
18095
15110
15708
19128
14532
15194
16142
15181
20331
14828
15036
13596
14792
13845
18909
13618
12872
24444
19033
18833
18910
18318
19177
16952
27356
19138
17840
15823
15474
18702
16480
18730
17584
12984
13658
15467
14626
18060
16087
16557
20405
22916
17470
16533
15171
18585
21044
20143
14547
17210
13878
19448
15803
14815
16285
18344
15609
15912
16316
14411
13955
13090
14453
21182
18185
23224
20838
15034
13955
19664
16984
16830
13706
20033
14149
16561
18118
18344
16477
26082
15244
18565
14166
20759
24568
19035
14673
15342
14843
18510
12839
19936
15998
18314
15683
17829
20589
16076
15388
15728
14187
14765
15442
15813
17489
14899
16811
18544
16091
16340
14997
27636
17044
14748
18844
18220
14390
16073
23733
19310
18792
14377
17647
26082
12997
14607
16545
14195
20212
34272
25818
17107
14954
17942
16505
14749
14432
31816
13119
18133
15485
14335
16073
13854
21585
15188
13741
12582
15356
24135
17976
14445
32757
16310
13745
15732
15132
16310
23139
14422
26012
22317
19715
13431
14787
15884
16241
17642
18590
14517
15910
15027
14397
14006
15960
14387
23761
14816
15773
14461
19340
14452
16909
20419
27847
22182
15601
14342
18041
18846
20512
14991
28484
39362
15033
13512
17225
18579
31588
14023
15596
14529
15467
15021
14882
15837
225710
16436
15922
14098
14848
17658
14677
14982
16263
14983
17384
20544
15230
20239
15419
15029
14869
17716
14154
19453
14674
14541
16095
14246
22821
18360
16834
15569
29228
17922
14764
14681
16760
13886
15971
24836
15451
14743
14265
14043
17165
17393
15384
18975
14172
15289
14042
15526
19209
30140
17616
16388
16268
44965
15072
16221
16506
13221
16075
18632
16008
14435
14480
13262
18742
14073
21341
15607
15644
14805
15693
16762
18094
20102
20219
29923
14788
17099
16146
16992
25757
14964
13803
19325
16416
15699
14107
16994
13937
15340
13733
13901
13836
14950
14583
18618
19459
14697
17244
14803
14840
15637
17708
30553
15925
14833
20913
18828
17528
22387
16052
19521
13102
15520
14208
14242
19336
20187
14909
15457
33093
23105
15996
15015
17564
16420
14259
17514
16547
14650
17109
18151
16638
14854
14818
18282
15424
14772
18425
16026
24832
22028
17787
14505
15342
14287
15626
14818
16326
14655
45512
16106
24182
17112
18070
16071
17811
18032
20299
23816
14188
23851
28216
16369
18699
34572
15957
15447
16425
15383
14034
17105
21095
15350
19085
15677
16000
18339
20807
18089
15251
15520
16555
14212
14295
15200
14712
15933
21188
14563
14752
19576
30983
14570
16976
17068
18824
21706
23488
15413
19473
17635
13399
14974
13788
13203
15154
15488
13861
16327
22344
18600
20357
15942
16586
16300
18043
14614
15671
16830
16319
21340
19764
14711
14955
17061
15103
15023
14623
17587
17787
14708
15588
16861
13631
14520
16061
17265
15234
28187
13989
18418
14654
22656
16826
20740
16438
14850
14462
18632
16432
13830
13522
15713
15358
20532
27732
15291
23734
20449
14456
13435
13245
20845
13997
25444
13421
14570
15695
16155
14627
14763
13356
15001
17171
18822
18009
14299
14098
18922
15542
14988
14106
15663
14942
17086
14510
15457
14472
19008
14925
19036
14423
14049
13975
14124
14784
14278
17085
14106
15335
14767
15629
17455
16751
19990
20604
14415
21109
17915
12951
17067
16457
15414
16457
22951
26185
19731
18524
14401
25274
16081
16949
20429
15469
14868
25450
15630
20538
17925
15258
21630
17052
20024
15760
18262
25659
33053
24523
16441
15667
17815
16714
30350
15899
14932
26621
19647
17831
15489
16920
17861
18178
18207
17489
13384
14644
14069
15316
19766
15105
16851
15127
30335
24285
19096
15349
16054
14752
16667
18895
17556
15247
15294
15021
14348
17029
16006
14891
17592
19925
18965
15787
24783
15450
21158
15147
21117
18554
15776
15934
29839
20421
16054
16080
18707
30493
22155
18666
21620
19043
16280
16201
16203
14428
16494
24502
16519
19637
18440
14304
17571
15480
20179
17319
14249
22186
13969
15910
16684
14956
16321
16002
14366
16145
17445
21545
22072
15982
16067
18155
15693
14122
13567
12659
14411
14923
15776
14849
17273
21876
17948
19773
13047
16901
14621
17165
14357
13751
15746
13710
14376
15321
15508
15542
27265
15309
15269
13426
13278
14234
17663
13741
19518
14059
14686
14188
19269
14619
17471
16803
17869
15779
18842
16513
15158
15477
14669
13976
14555
15332
21020
16260
14634
16443
13915
13220
15852
22133
15076
15596
18176
15521
17832
15040
17774
15175
15671
23118
23917
16047
21983
29485
23534
16810
18003
13951
15434
15701
19943
15442
18018
22343
15794
17896
16292
17804
16717
14329
17714
21839
17378
15303
24384
15562
15708
21911
19731
18812
16302
20013
24520
16871
15477
20418
16359
16514
17666
14146
19162
22321
14560
18400
28337
16163
17744
17854
18821
16822
17241
18831
14161
15099
25294
17892
18005
18250
15248
24097
14534
17951
16917
17729
21988
16432
25842
13364
16504
14326
17973
42504
17666
16322
15093
15020
14988
18606
14414
19094
15778
16029
15727
15746
14391
28030
22780
17313
17029
17422
28200
20015
20221
15194
14169
17098
19145
14940
19317
16162
19960
14378
16794
20886
19469
19579
15281
16125
24836
18699
16193
15876
18873
16100
24779
16270
14551
16227
16571
15900
16589
14568
15153
19423
25071
16698
44216
14829
21169
16928
20139
29128
17614
18749
13504
14223
19399
14770
14613
18078
20319
17247
15759
18301
17665
15244
14996
14742
14338
15426
28513
20414
15663
18827
13472
16182
15654
23038
23197
15914
15713
16544
14772
14158
16858
15736
14529
14855
21119
16558
17207
18696
14501
15424
17516
14750
18678
15511
13814
14376
21499
18277
19822
16664
13805
17051
14927
14623
14691
15807
17815
14712
19812
14374
15154
14534
14644
14937
21920
22320
20066
17519
16272
16519
15467
21672
17514
15142
18812
17947
16644
26208
14647
15262
18124
15612
21322
18869
14466
15425
16984
19106
17052
15413
15267
16800
20434
16057
14946
15210
16470
15014
15214
13967
18226
15626
15924
16252
18312
16597
16222
16631
16715
15452
16014
17287
15287
18143
14770
18121
14293
16743
15284
16273
24586
15239
16168
14338
15915
18882
26072
21188
17307
14598
19247
16736
14863
17217
15051
14822
17076
27998
20732
27687
15303
14512
19948
16503
25262
13983
16884
14712
17738
14894
15650
16914
18873
24594
17902
15938
15502
14777
16454
33701
32299
13375
19368
17114
30188
15638
16534
47438
36191
21080
15632
16303
21238
18655
28763
20310
14964
17682
22650
15306
15159
22110
14534
14206
18169
13897
13688
15171
33770
14530
14794
19978
24328
16641
15894
16845
39188
18978
15429
14157
12778
13907
26236
14157
15983
18181
15685
21163
14958
16640
16400
14923
13374
16189
15238
14522
20715
18702
14989
12032
16939
14046
14498
15794
20431
14143
15684
23015
18085
16078
25170
15574
16681
15476
15602
16102
15719
16479
16031
15290
12740
21373
17921
14548
18582
14387
13496
17903
16454
16068
16808
15605
18640
19356
19704
16786
21374
16640
18547
25284
14990
17252
16229
20876
16108
16438
15399
18313
15390
27618
14093
14690
13979
17447
17687
20730
20188
16520
13677
13975
13982
17246
14265
17543
21873
14718
16031
16220
13672
17628
16829
15093
16318
14778
18009
24548
17937
23109
14087
20169
18343
20805
15200
15267
16222
17752
18787
15071
23435
14248
15701
17415
13880
16948
15522
15281
15422
18230
15360
15502
15723
21230
14991
17943
15565
60192
34051
15850
23853
16805
18761
17544
24652
13990
14445
16919
17011
15658
14218
15162
15520
15707
14048
15024
21227
18079
16435
15316
24953
29803
21722
20026
19008
16669
14609
19706
16958
26294
15614
14423
14485
17597
20225
19377
17759
15288
17463
17624
13609
13195
17447
23236
14461
18092
15437
16005
15760
16086
15059
15017
15565
15925
20436
15403
17425
15365
18765
19334
19335
14671
20038
19553
20588
17224
17154
13934
15748
17342
21513
19322
14908
15408
14501
17437
15509
17070
16326
20127
25112
13717
14277
14789
15183
16019
17167
16377
14594
18421
20433
14510
14786
15550
16190
19633
15904
16796
27967
31203
14441
20356
18946
15711
18298
17627
15608
15169
44336
21921
36944
17078
19308
15628
14480
15162
21087
18904
15826
15293
17750
23547
12793
14101
18774
16680
15188
28474
15994
16715
19761
17800
20355
14479
16249
16144
36148
17718
14204
15487
28317
15367
15005
18523
14892
27833
15561
16251
19037
15499
16206
18702
15938
14175
15388
14511
20679
27373
14909
15899
15447
15091
15788
16987
16103
14795
14642
18687
14678
15777
15377
15106
14390
19550
17093
14331
16284
17943
16222
20852
16102
14791
15533
19013
17187
15121
19445
23416
15549
16464
16647
14766
26277
32824
31242
16234
15093
20464
21985
15917
27602
17362
16962
14470
15056
15097
14725
14883
14509
23729
15643
14533
19045
15214
19031
20914
39136
16910
16555
17733
20389
14102
19319
15028
14820
17197
23723
12667
14970
17103
16298
18075
25697
14682
18858
17032
16721
14337
16725
16009
20562
16277
16276
16373
17550
18259
21096
16917
15498
15318
18109
15996
16216
14987
13330
15141
18681
17254
18600
30116
36833
16025
15471
15422
15418
14414
17852
14767
24246
16535
17333
18363
17713
25481
14856
14990
19119
35685
15452
16274
19925
18227
17216
19544
14476
15060
19219
14050
14370
14047
16293
28718
20963
15527
14499
14667
15780
19417
13992
17269
18214
15521
22845
16342
14066
16361
18600
15391
17388
19932
14490
16746
17525
15262
15305
29277
15834
14906
14907
14260
15864
21323
14705
24378
16225
16539
18188
21461
13856
23058
22875
14398
19074
14965
16437
15495
15624
31823
19622
18030
15049
15189
14897
14465
15092
20200
15341
13007
31730
15187
17113
17684
15379
15139
14703
14422
14253
16138
15339
17350
17588
17124
15259
15181
14588
14355
14398
14827
19351
15517
15513
23174
17910
14513
17724
15736
17629
16432
17587
20916
14157
16202
25028
14254
16528
16093
13416
15442
13889
15836
15559
16058
19901
14973
15388
14646
16206
14695
16705
17943
31812
15321
17897
18035
12799
13978
25361
17718
14773
17631
14354
14262
14834
16988
16396
18098
20115
15170
16853
20750
14531
17026
15582
15387
22605
19101
18748
22944
16670
17923
16196
13730
15124
13882
23898
14893
14209
17282
19433
16036
13609
15955
17280
14125
19426
15622
13962
14138
22384
14926
18793
15952
16323
20336
14774
19637
17729
13131
25264
22531
15724
17245
15730
15109
15028
19774
13135
15539
13267
15831
15901
16242
18487
20884
18241
14565
15621
20827
16677
21006
15657
15098
15353
16352
14724
14502
19693
13758
16392
17961
14139
23139
15054
15872
16243
15041
14654
15353
18079
18543
20871
25556
16826
15519
19640
13405
18361
17398
17483
16110
16485
13583
14838
14743
18039
21504
14474
16735
16860
13703
16411
18146
17530
13530
14320
27157
13497
13068
20077
15521
25581
17849
18872
15317
15656
12775
16721
14170
17162
24213
33537
13312
16633
23983
15140
21693
17787
18362
14195
14633
18607
23195
15854
14876
14683
17456
20961
16056
36745
18102
18596
15456
15813
19017
14936
22244
13672
15463
16605
26733
18841
19214
20795
15690
20338
16613
16167
25985
16668
16642
14771
16634
18987
14812
15353
17650
15466
17513
16324
20274
15154
19157
25404
16116
20488
14499
14180
18170
15392
19607
30376
15810
20526
15711
14075
24374
20883
19506
14450
13910
18622
21023
26189
15763
16059
19279
20093
20755
18421
14303
13203
15361
15775
15502
13200
17458
17863
17664
15677
19730
31226
14529
23436
14529
22557
15246
17221
13452
18755
17411
15392
15146
15953
15170
16183
26114
15653
21603
15134
14833
15263
40645
16126
19577
14715
15900
16184
17914
14077
15287
21535
16202
14568
18354
15813
16503
15199
18840
15802
14665
15365
14086
16594
16662
17168
14128
18007
17013
18987
14757
15067
15896
25454
15724
18483
21402
29230
27509
27872
17060
17247
14636
26908
15028
14168
17226
14022
16192
21505
20992
13858
14884
15390
14814
17539
16920
18837
32879
14190
17862
21329
14766
14039
19685
14607
17933
16051
17825
19925
15547
16744
15254
14257
14475
15581
18625
13589
16277
16316
17620
13541
16879
16081
15425
16764
18242
14783
26188
13768
15718
34615
15789
21156
15806
17018
17019
18263
17937
19042
23818
14291
17198
15214
14570
16717
17996
20065
14277
15933
15969
14969
14964
14130
29307
29667
16791
15158
15155
18658
17295
17606
21568
15162
24241
14704
15547
16510
21493
18459
18483
15208
17997
18470
13011
17561
15391
13293
16694
21964
16779
15468
15269
19106
20386
14762
24803
17449
16712
18644
15658
20912
15049
16447
17804
16119
15970
22989
17277
15532
15094
14634
25112
21932
15254
14011
16052
12812
15120
16684
16849
13732
17435
15070
25646
18547
20453
16566
15944
14487
16117
18462
13038
15269
17446
14015
17566
15741
15335
15150
16361
26468
14819
16402
23454
14987
14357
15606
16003
14986
14427
14760
14717
14285
18654
16571
23732
15349
26791
16183
20635
14664
15222
19232
20079
22483
29478
15687
16285
14368
18938
14615
18957
23523
14241
17251
16129
15523
22399
15980
15471
16462
15790
21676
16423
17330
15041
15351
14181
16009
18351
15568
13666
20441
15763
15395
19884
14198
15900
16218
14942
15687
16040
22325
17564
17715
19096
29059
19228
15944
18487
19116
16006
15744
20539
16223
16402
19239
17839
14839
20381
21415
18435
20367
14581
14241
14127
21905
26929
19458
15621
15404
16564
19316
16285
14804
18467
14817
14333
15036
16563
20972
15485
14300
14642
20138
18611
15150
15723
17492
14561
19360
14144
25845
14670
20604
27205
19522
18985
29553
14719
18749
15736
14751
16383
15150
23357
43661
23719
18070
16404
24477
18879
16433
14395
23941
20976
17314
17125
15153
19279
36417
14666
13599
33082
17761
15919
22460
16216
17780
15261
17151
13504
20189
22772
14530
19405
16290
14705
15114
18300
22555
15144
13726
17822
14952
14899
20837
25751
14502
15145
15237
15253
16581
13696
43701
15053
16062
15130
14046
18860
15290
15565
21756
25663
14988
14180
16269
15223
17796
20919
16281
19036
17347
17276
15042
15808
13536
16211
16186
14941
28173
18576
18525
15810
15369
15836
15790
14825
20619
15294
17444
14982
15678
19651
21605
28130
25030
16172
24385
20507
19424
17687
22071
18054
19026
15120
23715
14708
15895
17005
16578
18592
14464
17867
29233
15809
15415
16176
15517
16040
17381
16386
15764
23271
20817
26330
14972
14256
15304
14847
15573
17551
21190
18374
16221
15299
16588
13408
16961
16082
14616
14838
14593
25277
28795
15715
14510
16141
20404
16947
14171
16768
16629
15109
16510
15606
17318
18237
15490
16116
16181
15520
16769
19247
21600
18664
15906
32157
17191
15513
15447
16710
21305
17437
17464
15800
17148
18005
13361
18289
15280
20630
17107
16539
15562
19423
15007
17720
16854
13891
15850
18022
16668
14861
13355
16379
19974
15438
14380
15485
16037
15168
15501
14248
14381
20107
14135
14269
14978
19007
14854
18190
16619
14473
14156
23512
14790
16290
16351
14227
17508
14502
16403
22161
13530
14501
19711
14251
16599
15576
15328
15755
16123
14436
27224
14657
15068
16037
30377
17001
16284
15497
16200
18320
19535
15169
19696
19985
13952
15145
13059
20944
19024
14848
17354
17580
15589
27646
25627
15534
14327
16660
17984
15935
27758
25788
51543
15797
18650
17098
27200
14044
18590
17594
16208
15822
21402
18548
13624
14343
13759
14961
19452
14682
15762
15416
16572
17760
16045
17358
30082
17943
16723
15515
15397
15413
14474
21397
25374
13562
19153
17436
28864
17301
16045
23787
13938
18473
16710
19027
14388
16483
19542
18728
14466
32027
22441
18602
13882
16136
16096
15768
26509
20770
17367
16860
15483
16963
16632
22542
15868
15082
14988
15696
31655
26995
23304
14617
18412
15390
27229
39383
17000
17368
16589
15614
18984
16550
28622
16867
17391
16920
16596
21666
17372
17703
14522
16255
14464
16532
15910
14621
15112
14430
15793
23480
21440
16711
15951
18855
14585
17764
15101
14129
15684
14849
16408
15116
17997
20535
14972
15128
14062
15339
15343
18786
15964
16812
16421
16901
14587
17284
15257
15501
17364
15303
17346
14997
16254
15755
15227
18114
24958
15598
16449
21455
13727
18840
24245
14543
12992
17374
16264
28146
18927
28632
17783
18950
18947
22665
15236
14238
17038
15311
14359
14812
19110
14553
13803
13841
15259
16832
13744
17171
22537
15213
12809
15068
14995
15626
13661
19512
13909
20333
15875
23488
13521
19038
15330
21053
15027
15228
15662
15122
14959
13805
21435
15728
18439
23050
15407
14913
22556
20030
40497
15889
16009
23163
15526
13863
15087
15123
14117
15655
15906
15345
15973
16120
22296
15422
16072
16647
14334
20180
14350
19002
17448
14985
23185
18166
16547
15167
14506
15807
17731
13668
15188
14417
17158
15959
15435
15441
15738
15031
20211
23647
13935
16091
33113
13801
16623
18414
16342
16263
18383
23988
14527
17454
16309
15347
22490
18093
18452
19901
15368
18100
14333
19847
15154
15476
16048
13683
14013
14588
19697
15965
14924
14656
14765
14409
15999
14365
14833
14529
14603
16378
16139
13886
14873
13920
15428
15450
19741
21120
16809
14310
17422
16673
14876
14447
17349
16548
16127
15306
14904
15639
31072
18741
14388
14720
13864
17246
13607
15367
15134
22510
17970
18988
15711
15650
14822
14000
13512
14785
14270
14167
22065
16206
15515
17833
