22150
26514
22104
28558
21221
17915
49256
20628
22660
19621
23370
23885
17763
24010
19149
19581
22549
24306
20910
19342
23656
28069
13068
25490
26929
20854
27705
32296
21172
15011
31317
26300
23026
20793
19833
46980
21000
23502
54583
18530
15199
20476
25556
20134
21786
12013
17319
23806
21923
30085
20882
25223
44446
30863
20128
19648
15231
17377
31619
20250
23140
23738
23361
29696
35103
21579
22702
32389
18850
47026
18896
35027
22942
37674
21831
19626
22459
16429
23341
28349
15095
19288
20707
25047
43488
25962
28584
39916
21810
22888
48078
19878
19457
17200
33556
19714
39430
22495
38856
25298
40228
21187
23492
25860
20507
26154
17017
28701
21559
25154
8346
11207
35874
26498
22836
20822
38352
23564
20443
31244
22960
30752
12948
20615
41418
18583
24401
17783
21002
21578
20105
21862
5097
25425
20876
24433
31510
24569
14881
23761
30611
26907
22819
20766
25446
30786
31613
20493
12523
21568
24542
28788
20914
37898
15667
43787
19269
34178
26362
17439
26724
16196
11466
18976
24082
11120
24638
23736
21652
34769
28604
13878
17579
22079
22337
25764
22713
29397
24607
25526
21618
20280
16108
17959
31826
46803
10844
53346
22144
18519
11707
26496
7688
16759
21660
14620
26071
20580
15436
21202
31812
24359
21676
53358
24017
22167
20522
20553
20203
15702
21207
22875
19238
34953
22314
42477
33077
21493
20599
25802
23396
20540
25131
30804
21231
23361
26230
18977
20338
22349
22627
19023
20213
23787
45077
26014
18457
20103
17875
25343
19322
26083
30849
18774
22812
22840
38863
19002
17559
26406
12944
30191
15807
16674
28275
23574
42737
21341
20448
29162
50118
27835
15502
24021
30408
15890
21800
28609
41964
32383
20124
38538
13775
25801
10878
55466
51880
15753
13996
16999
30526
10688
29111
26645
29144
18568
33837
48714
21363
28718
24004
20020
24200
42638
27470
38767
18783
21149
19630
17910
21866
20987
48269
37561
23965
32358
57016
10541
22289
25000
22381
21206
39242
23800
19764
21469
17259
25640
11418
33466
28931
20213
25730
32772
33623
27002
17974
19254
13177
20087
22964
21604
34075
12080
12741
21718
18142
32400
21202
31665
31187
12546
27696
24393
45646
32286
16224
19109
24716
21633
19768
11537
29737
18073
24662
27248
28781
18660
14861
45479
31369
14213
27237
24600
19811
24507
20613
35529
18478
18131
16493
27622
28330
32776
32908
30998
23255
20724
24655
17865
25928
14392
17176
24187
21225
23053
18239
18064
28361
23524
25128
30911
18602
18862
21267
29273
30146
27723
11322
14444
20012
9407
16873
16268
28848
17268
27404
27991
23185
26347
41393
29059
33235
17299
29601
26757
16759
18084
21638
19466
33949
26055
27877
32546
19220
39716
14479
31337
31617
35920
43921
23193
18132
17120
32920
23445
20228
31207
10088
21155
33036
26856
16500
27343
24305
26446
24526
13571
40848
23975
15484
16108
61083
17523
19468
23713
13199
19544
21420
9967
17473
18653
20179
28175
31273
20739
22525
22313
41960
23584
29963
31066
40306
21294
24588
25992
15576
21389
60245
16890
21095
36662
25193
25766
22466
33223
11118
23354
32898
27013
19726
24424
24973
26792
22860
16380
23955
19376
19259
17406
19887
13624
14629
20402
21215
19143
19472
17418
30188
25225
24939
32548
19836
24653
29069
29628
16478
22043
20213
17284
22044
6937
25101
34271
21915
11484
25667
19605
25260
38069
9031
23316
29556
20382
20015
20122
23520
31044
22294
25156
35511
28138
20623
17357
36273
10996
41590
11841
24134
23838
12490
27747
39680
21076
15652
11385
25625
27371
25632
20331
26930
18127
29470
15377
20346
20248
30010
17572
17345
21288
30873
20351
21130
17398
39509
14093
34329
39960
24554
17580
33272
25259
15745
17115
12259
19235
31407
19643
37986
22843
26253
10057
14345
31959
51516
45949
21864
37868
34250
47426
19110
17648
19602
29692
22326
17566
22737
21286
9876
24128
27071
23020
25122
18915
24889
19381
27579
29767
25270
27625
14270
21166
20680
28741
29728
19957
16238
23599
20026
23504
19868
34254
37355
25552
19722
18798
27706
19504
19497
13928
21432
34450
37736
15371
21072
18980
30540
20477
19536
43377
18421
25006
32838
16086
33471
19026
32222
26147
17726
21500
13058
40880
28189
22939
36902
28786
23055
28326
18733
19489
23083
18106
29769
22570
39768
25682
27740
21529
33105
29300
33291
26474
26253
27268
25364
28159
24906
22038
19414
19300
21000
28840
31150
20337
24632
27314
20492
43587
24407
25567
24234
13844
33191
25743
17858
21931
20779
21428
24518
27754
20245
24716
16658
30696
23554
20858
16527
23742
20986
16371
21535
17752
31389
27365
20877
33020
18491
22607
22461
23892
27071
19352
35442
26271
19300
30188
14493
24294
21679
20916
33931
37692
14673
20220
22044
22986
24134
17582
21296
25264
16832
21621
25852
18538
18252
23157
26396
13676
28684
31208
24642
33820
51431
19996
32149
13372
17830
26366
19252
28069
19630
22859
31697
42519
23536
37779
28691
19896
28926
19087
13760
16815
21705
15798
16543
17439
16786
22960
22563
36558
30020
23668
22831
25718
20311
24128
22960
20321
17477
23353
21994
17350
14811
22900
18359
18205
24374
24525
50300
23765
27816
24720
26842
29290
21984
24798
18561
14417
23073
17643
25418
23369
21487
26355
19439
18600
22628
17888
23339
15670
14111
23860
54542
29000
32864
27589
16279
13703
20033
26936
33495
20116
14077
45241
38636
29344
24616
15873
38399
28281
23895
14499
20781
33384
21890
16354
21674
24050
23014
16729
20646
15612
18705
19586
21426
17836
27833
15799
18252
31723
29523
41120
17423
31258
17336
19627
18009
19688
23747
22373
34132
23973
36134
13833
21344
20083
45557
34200
16167
21484
20226
28387
25935
20398
23845
36441
21787
41141
24693
41005
21964
38668
22620
44748
19667
19748
25306
17716
20546
24002
19633
30135
9832
36963
13043
30588
18704
22555
20102
28403
31540
25237
20630
23774
29692
17760
27040
17094
14258
23614
22419
30770
33372
17713
19135
21075
17374
16320
18965
18149
32136
28885
32590
33235
26928
34676
19152
21434
26911
22956
24164
24479
16584
34265
15561
23545
14482
25605
15758
36037
7097
39671
13821
25429
11786
23768
35435
19396
22849
21397
13507
22074
18308
23207
27748
20337
17399
18038
35796
20581
17500
24785
15352
17742
45450
22045
21516
30741
17926
17303
36724
24759
21558
34974
19151
22762
18895
34152
29742
32484
24502
31672
60183
77999
21281
20160
24355
32407
17340
27513
25817
37427
19996
25085
34788
17105
19591
29414
17603
23571
13845
20956
26253
24412
16561
14763
24836
26942
32619
18234
17992
24333
27978
24776
32870
17850
24135
31543
20013
22130
25745
19916
20505
25753
11795
24332
20827
25715
12778
19678
26162
16800
29933
16094
23780
21884
26923
27911
26373
16575
22101
18561
38682
25817
20462
18905
22332
17809
37385
13361
19367
27109
33887
21946
25168
32816
21458
16398
30002
21920
25202
21705
25186
25817
12819
40645
23689
21598
24223
25413
25439
33810
36304
29837
25630
14035
25392
38339
29151
25541
27576
17962
29337
13544
25526
15993
13067
13675
22449
24509
15621
24690
12736
27166
19040
34622
45412
19730
24566
27656
11962
30062
28357
49273
21865
18807
21736
16512
46825
51822
56833
26143
23646
15351
43037
34708
18396
17555
29844
21175
17988
22835
14796
20720
23659
23423
20224
12923
17842
26568
14553
31852
22982
30929
19046
22119
29910
35212
24106
23108
28246
14915
18026
21993
36824
14468
17353
22081
23650
28540
13245
21900
19198
24308
19073
26441
18031
19168
20987
30715
15253
18762
28111
28935
13181
19395
19995
25909
25592
22382
18896
23795
17748
15235
15978
26684
36390
17069
27732
16510
15696
22700
17679
23380
23665
25034
33875
29303
37304
5821
28894
23991
21486
20650
15363
25422
28747
18936
13470
22954
13664
17276
26590
19086
16725
36382
15657
23908
18261
16962
16671
20174
29443
22111
20642
17377
31842
18913
17062
17626
20124
23939
21135
23933
21220
23422
19500
33558
39162
38021
20489
14317
24098
24146
30391
29852
19370
28636
20722
30266
25099
19591
31549
21986
22745
44772
22211
25176
25035
19438
19992
28422
30641
27894
22120
24602
21256
32520
15198
35643
22226
19567
19520
27672
18759
19929
26253
18742
21693
29748
45740
27442
22427
26321
28519
18197
15132
16241
59117
32835
24884
22944
17737
16609
16272
17568
27006
24391
29956
23178
20013
17443
17548
33235
35394
14914
17885
22208
17616
20940
17394
17346
10611
14413
33971
15671
17782
33011
31200
21645
20827
30288
35048
31786
42004
16150
34352
21176
20714
59604
66199
65509
69575
57881
28291
9709
19621
16602
39202
19351
52762
19235
22329
17603
38502
20216
23790
26789
32009
26142
15754
25357
39655
32999
33133
20428
19460
20224
25494
19650
22811
35867
21849
24791
24838
51067
10926
58374
26157
21852
26418
34438
14431
23816
25270
27427
22253
18379
20658
22403
16451
21631
40131
25132
31223
51065
20251
18855
27605
20060
28881
20036
31763
24020
29819
31294
48556
63147
22877
30065
29188
23761
18180
19294
13681
30374
19672
24180
55527
20875
18538
28390
21516
23643
27579
20644
20873
26061
28803
22859
16464
31430
17922
21260
33859
16465
25408
19745
16810
26040
32866
46394
22108
29309
21147
20186
27131
13684
15920
42012
19000
28516
27127
21206
24243
26800
19921
18565
17469
19955
14354
25435
25141
17202
21796
41339
19777
21386
15877
30101
28228
31633
26197
21191
18280
41830
19086
25689
18481
17334
23460
23390
20087
15124
19280
21652
15219
19856
32318
18402
22758
23335
28696
33743
31413
26923
25102
33203
31622
21640
30806
16833
19110
23286
17089
36110
19214
19314
24657
21309
17451
23433
30782
19328
40093
18358
17521
17722
18458
17742
22544
16677
24952
17757
10053
35159
30376
20924
22318
22726
20940
18172
19553
24919
15328
30940
20563
26248
25592
15132
21216
33174
29556
23838
23939
30247
26576
15664
26775
14629
20793
21098
30068
28061
9847
24058
31668
22295
24145
23638
25339
20999
32108
21919
23203
19999
19999
29535
19505
28399
24763
22806
17447
22890
23119
16162
44116
45613
17396
25353
21575
29976
13444
33905
27351
26823
17052
26154
18347
29978
21469
22958
31118
26762
22868
24487
29268
25209
26749
29540
24135
43340
63176
44507
27304
22966
23624
42460
41267
26047
27652
27303
13932
14202
22916
21976
20020
39835
14497
18038
19345
41087
21678
24854
30839
21952
26546
22547
16076
19588
23840
20503
34582
16708
17812
19889
17723
27885
13610
25236
22491
13276
30959
38767
37529
17611
20043
11959
35863
21286
19496
31723
23110
42951
67687
25488
17152
22505
24802
20824
43702
19730
29796
28924
21492
18180
26015
25701
11610
17287
16391
18171
19725
28556
21231
27140
22593
26669
17939
31008
21049
27514
28308
20391
22111
19460
37652
12797
13474
23856
20301
32999
39026
24754
15135
24713
27239
20042
12335
22266
26643
23923
27568
41913
19190
36605
28152
13435
19126
23556
22556
27706
9832
19749
14624
26763
15797
28185
19272
24334
27282
30927
54443
9596
22382
22720
14528
21925
33231
24344
26320
21062
24835
21988
26362
31594
20381
14526
21925
26538
23758
22981
29776
25262
18915
20180
17974
18044
24890
16192
28630
19609
17539
27312
18067
31827
41792
58961
26483
21408
29050
15614
33711
32372
15148
26850
23040
31561
25804
24239
13465
18914
20125
34250
17096
18123
22016
32075
37033
30441
20012
19284
14882
22445
27850
16079
21642
22489
33184
31179
15852
26829
23055
21633
25371
33292
14784
16229
17819
23747
21907
18810
17739
19300
29738
24216
15947
15136
19506
24995
16654
15834
31963
25868
18704
26029
21756
25373
30607
26141
17691
20594
19069
23933
20145
28694
28041
37791
18760
22892
27914
14624
19138
35602
31990
36877
23826
25135
20605
18198
19728
32600
22974
18675
18991
34445
37068
23685
41044
33243
16569
17174
32999
23920
23700
20964
25697
16659
24947
17220
18920
19401
16561
22929
20866
20723
36090
21958
24463
25002
31789
21780
26561
37731
15594
19866
17886
23117
18504
26864
19178
23434
18379
28615
18708
21011
18943
19568
21870
20706
29186
23315
19084
15998
27304
20198
26400
29332
20559
13708
32651
15271
34060
34819
18428
39145
21859
23365
19059
22966
31202
26793
29672
15322
22254
37218
16632
23791
13644
26119
19479
18892
12038
12001
20656
17993
20363
20294
43800
27028
14517
29577
21125
24073
29382
26161
40565
27640
45325
24416
18563
20138
23525
18013
24319
20929
27039
17989
9651
13562
24503
37259
21431
30660
22951
36488
25576
26186
25556
31162
24552
22955
17935
36582
28060
28414
20717
27143
18551
24303
24583
19155
25652
39213
23598
22097
26654
24043
19697
38257
35660
17138
26380
20837
29686
23020
19661
22427
36207
14723
16083
22786
21416
19168
17946
26687
28524
32021
12661
27157
19945
19219
19379
22679
28987
40419
25493
26717
20086
19139
20765
27397
32188
26250
23374
29766
14339
15228
13557
15635
13135
15425
13258
20110
15497
21950
24684
35934
25783
22239
10829
24620
42505
27886
18654
19003
26412
22592
18221
32321
19907
24225
20037
17307
25616
24192
19907
29976
23288
20805
8733
16583
37627
25705
25779
19754
20615
37685
12369
44915
16023
35382
23383
47845
14444
24054
26519
20784
22780
29466
34294
24070
14870
25822
21033
28792
26492
18130
16163
22318
20544
17410
14542
15841
23158
17541
29213
22169
22521
34188
19118
24367
22046
38249
29262
27508
28546
15196
19353
23368
34333
27127
18494
31652
16595
19863
17929
21526
22887
13848
28760
25664
32345
17011
14781
34670
12943
17023
22975
32954
12127
19900
16614
13712
13692
30850
22666
24520
20452
8364
29547
30358
14177
18257
14310
28585
15957
36142
26943
22502
28316
19014
18668
30814
47790
85989
16057
12211
15041
31145
24366
22617
36955
24217
22315
33306
22339
23352
35081
23722
54433
56365
69876
40363
34384
22144
25322
22468
12495
26690
15492
17813
22151
14451
27977
36719
39433
23034
31365
24625
17702
17979
19184
16074
30635
25210
20827
20050
25366
26220
17828
29291
28950
27307
16596
15361
13165
24211
37234
38924
9751
24687
23769
20575
17336
23921
31140
48357
28644
42692
23538
21901
18169
39874
44546
22136
30224
21917
17551
24051
30716
17811
20579
27366
23934
36602
30663
20498
36590
21783
29047
23515
19237
22113
29014
55402
37093
17796
23137
22958
20941
26291
45061
20713
16510
21684
36928
19621
31962
17352
27233
21011
34250
24569
20812
18608
38610
26199
20041
21891
29603
48979
25523
26913
18673
57755
20024
22246
20093
19801
22639
44212
63170
25863
11344
19859
36987
12851
24633
18731
9491
19424
24380
21626
17590
24293
19532
23345
21031
35892
26139
19771
15555
17790
15293
15902
29358
19672
17058
17906
40559
24818
17743
20673
21044
33180
25217
23902
25502
32160
15962
14281
29750
16738
38539
25240
41570
37894
24280
25275
12869
23136
25914
21010
20779
20443
48522
21756
25078
19678
23658
23582
24851
19863
39099
33745
23782
29529
18977
26445
54894
11790
19212
14309
15081
23081
21977
22389
16680
14869
29973
21721
28791
50247
45970
17415
20949
25214
34294
29684
22858
16252
18605
30273
29418
29274
28030
24476
21409
18197
20762
16902
20768
20913
22942
28557
11623
17810
22128
19280
18015
28757
20127
17063
19035
13879
15738
26369
15129
18635
17723
26218
21160
25991
27211
20144
30173
27183
13019
17920
21758
18904
23936
23001
28632
25927
25472
29861
47322
29926
18494
17817
16311
20034
30524
20900
17858
29571
43914
31330
30719
21648
19560
20409
17046
27849
44621
27255
22931
20339
22214
14707
17328
15492
19280
25251
18800
26280
20101
23347
18707
31682
22670
14188
20396
28756
28207
16851
27557
23670
27550
24974
21709
26217
32425
20536
57368
22790
30806
23553
25365
20782
17612
18803
48898
19846
14240
22217
16525
40839
25530
22665
28636
22395
23760
34919
23276
19207
25596
19119
17734
20589
27650
17289
21215
13664
19430
15224
21528
16648
17858
25861
27825
24783
21295
23377
33792
21654
24192
39730
44011
17975
26738
40740
26442
22916
45116
71820
27047
29177
15872
12350
18060
15801
25647
13199
11455
17458
25198
22262
34149
28459
51912
24766
22335
18934
17791
18588
19934
23783
49294
16106
23344
22842
19009
14052
24708
51969
41928
19963
19720
32136
40183
25833
21117
51892
19908
20508
22554
14240
26928
27203
28084
27887
15568
29190
19100
26322
18010
26142
25543
10720
32467
39925
15465
17371
18303
18416
25523
20474
13194
27493
31434
19324
26352
24444
22840
25584
24891
19108
18867
25789
22258
26102
26938
26291
23468
24374
15627
24153
38054
15161
36809
56066
13504
24589
14967
26557
19509
14658
32855
47063
40303
28254
30731
14713
25517
26874
29411
35103
25196
18066
28715
20664
27698
18580
30487
17515
24508
22193
27436
29748
26796
27191
25041
42309
35070
27769
29602
36114
22714
15931
20110
16852
22284
22696
6789
21346
20713
22664
21252
18757
25696
29993
42375
20277
23457
38436
24144
32511
27301
31133
20272
40574
18620
30642
25660
23798
31418
23964
21079
20789
37472
39129
37311
25298
14422
16175
27899
25847
20584
15176
21328
29936
22170
16426
14544
24308
24465
38517
27873
19457
24040
25351
24645
21997
18861
24730
29518
22116
14305
30327
16027
13917
22946
27160
28139
27262
24367
22318
25246
16388
27022
16374
26329
21001
18795
29533
19627
17512
21343
19051
20176
23350
37707
24263
24135
24351
25367
17389
21275
31432
22374
16880
15341
23623
19702
48013
24690
17555
24167
18522
26039
22301
22478
30147
21817
31062
28207
18563
17816
38782
21633
28811
14676
25494
23302
22832
20074
29145
12805
23554
23160
21693
17275
22927
21197
22776
18063
24001
14085
27870
18343
19729
23813
15517
25525
20199
18958
18736
20477
21779
12772
29100
17599
25673
53376
26603
16477
16947
14962
24063
19442
30194
18299
20926
20995
23438
8537
25033
19858
22029
37189
26514
30372
18403
20822
22378
12518
22549
32612
20366
23079
23083
13751
18881
25004
47203
11874
21703
14348
15925
30458
20851
37750
19982
23257
48456
17589
25046
24696
19890
14254
21648
28771
17881
17337
19217
20983
17576
37553
17269
14356
23167
20841
27021
20712
23657
20801
13657
24628
37026
15706
35909
16295
24157
19930
16299
25101
25901
39457
71040
32271
60563
42332
67388
28926
21712
21525
32797
23299
24370
16905
13979
29534
22943
16064
16972
37423
22670
19346
34857
16781
24260
27295
24983
21207
24091
19003
21785
17893
28891
46068
23946
35448
16180
23707
30335
31161
19188
22699
20604
31125
37501
31293
29056
43438
10366
30781
26979
16722
20684
20503
17042
23427
19559
25644
21779
19433
17650
28111
21812
22418
41999
23774
24243
20852
22639
20896
24167
42320
23123
31708
34038
27712
23509
28445
21976
25294
20100
49521
19657
14776
17651
16096
20401
25600
20596
24690
23338
30518
24089
17620
15878
17593
23453
28349
25849
34974
31550
27850
21902
36164
16091
17681
15991
27813
17559
10734
16667
22930
20000
21306
22380
34404
16793
13999
21389
25239
46079
25835
18362
21629
19653
18003
56419
23818
23619
19446
17739
29937
24177
26909
18543
17990
20611
26653
25384
17612
9910
22205
27199
25318
36748
20306
30863
19088
27293
22634
15077
16288
12687
15139
13722
17976
30531
14250
20861
19813
13379
16068
21728
18961
27412
22044
19206
23259
30851
22165
28129
18066
46074
72162
33243
21679
16792
22343
20760
36447
19487
26982
42025
26933
23282
29850
43956
22548
20659
16667
24343
21353
13551
17868
19888
15143
31393
25029
31118
34373
29968
25112
35882
16327
26912
17936
37552
24101
18232
23197
16649
27491
23417
25671
33266
16285
21940
29043
37032
19475
17647
17802
18457
21396
16203
25667
17305
20864
40124
19321
16121
27577
15936
34260
54499
24043
16846
19308
40842
24591
24568
29859
20753
18627
24603
18828
37662
18485
34112
24409
16782
21069
21856
21848
21869
29713
14046
12417
20746
33577
21232
20536
17085
26174
9334
35826
19948
36292
18955
11732
31255
21525
21365
22937
33332
23315
15058
23044
34395
22402
20612
27689
21245
21598
21220
39116
23316
19824
22366
25206
17884
15529
22647
24923
13295
25324
15717
9597
25439
16681
18981
28471
12964
26852
31566
33235
30227
25673
22038
13294
31291
22655
18188
15135
29513
14549
29340
16776
15453
26637
30111
11363
19126
17715
10917
20363
17766
20892
41324
19811
12958
18203
22340
17992
29448
17464
18293
20149
30050
22121
23096
14386
18148
22715
14514
20567
19721
22025
28837
23989
28290
28642
34486
18858
28114
15817
27152
23356
26876
21014
17486
20715
13138
27192
16647
23164
24431
32120
12182
13762
9541
19477
37227
21975
24364
23690
18657
19397
26578
10971
15765
18571
22333
13547
20723
11876
31829
39284
22693
23126
16663
19173
21338
20918
21154
20568
13236
44390
56579
31967
29676
37401
42725
19357
28565
39971
42020
22319
45457
35327
20461
23380
28048
15845
23509
14724
20389
23590
17886
19398
19977
16717
29341
15257
18588
26819
21612
15440
39570
26295
18778
20398
29411
20228
15551
14523
24661
21707
20151
28534
28594
17313
19996
22995
22523
20207
19802
24127
15467
25939
37311
35491
20401
32436
22712
23035
13835
25195
12500
17847
17263
27154
15651
20718
21933
29060
22566
24056
21486
21107
21315
16926
20687
14922
24494
23124
13538
24697
21466
20566
27195
16365
21544
15223
22272
22415
32536
35372
23860
24259
24972
11497
21707
20289
20274
35546
15879
17024
40890
18594
20048
21271
20359
19432
21766
26415
20941
33786
30696
15290
30681
20496
24814
20483
22098
27843
13186
19109
19321
21500
15744
21325
22134
24155
21023
16963
24368
20947
28499
15674
34959
23968
23742
16348
24400
25515
20778
15384
20589
14978
21072
26738
14063
20235
20036
17121
20905
19723
18127
20384
23882
24774
25067
23589
28356
20271
28449
16178
22704
16794
17001
19060
16690
14769
29818
25835
21502
15452
15614
19440
25763
25653
20202
19612
13962
14601
16853
17275
25505
30283
26166
19651
17099
17843
26268
17337
24681
29526
19867
20223
22234
19821
24903
25874
22591
20657
22510
21089
20044
19708
19385
18667
23167
18865
22796
17434
13349
27344
14985
18055
27926
32528
16756
21659
27466
17398
15978
32081
18706
21129
19022
23059
27016
22169
27601
20257
20749
25437
16146
15539
25216
21976
13214
32046
19449
18509
18592
16469
30841
28700
12057
13119
23529
18254
30131
18393
19799
22484
19334
21685
21324
54017
13653
19959
23076
46234
42266
22776
49554
80445
83965
29018
39560
25528
13350
19756
24047
18817
23766
21984
18758
16502
24122
22112
25032
18024
18258
15884
20907
27651
27816
28143
18375
18998
34801
24703
13812
34810
15788
21148
18737
20656
20300
38034
23266
14929
22453
21741
12079
19264
13066
22658
31957
36421
23609
20069
26357
17917
24871
32315
29711
23716
14962
28169
46713
33875
14352
33402
17574
31755
27316
22766
24454
14471
13348
28965
30885
16497
19936
22377
46340
24357
32385
14090
21969
28245
26865
25207
21706
15152
12839
34082
31036
20850
20118
15070
10956
19618
24709
17735
34842
28180
21657
43387
16028
22079
24102
20710
25236
16975
23298
25120
26898
31331
23718
19158
18141
26348
48530
25410
19334
20798
18797
20521
20420
19763
15963
14783
23720
21387
24193
21758
22173
32113
32918
18906
36829
20567
25145
21720
20024
19242
36102
23555
30339
15359
16451
16641
28810
28701
17336
24070
20063
25871
21438
29009
24980
17972
31338
29050
13940
21765
20494
31072
25830
34769
22913
24807
23548
23418
27172
20523
20506
23145
30828
29648
29824
13098
21599
19587
27129
21383
27275
23367
20897
41001
22718
29114
23938
19371
37301
18282
16998
25406
17094
27199
17398
19185
20976
19477
19921
21725
20229
15605
31448
22201
34979
23432
28559
36966
24229
29715
20832
26021
19208
15184
14662
26202
14186
24892
17917
17722
24725
20108
29275
33162
43047
30367
17952
23230
21324
29031
17644
23947
19893
12731
15245
22121
34134
34143
20366
13812
24173
31673
13676
15878
38726
15015
22285
26197
19406
18538
21317
32886
6159
25753
23738
22380
19790
30973
9835
20119
24283
30663
31092
39570
23274
18175
29857
34773
21003
20478
11158
11647
15812
19512
13236
21295
23201
19482
20018
14491
31356
19633
17762
25828
24992
17385
22890
17084
35167
15225
16159
20282
22223
12066
26471
30069
19532
24890
14086
29105
16639
25802
23042
19457
19205
9975
18082
25118
39060
21656
23055
20759
17125
21948
26350
23095
23529
28913
14312
18582
16483
28811
26808
46073
22692
21002
37803
20900
21785
22860
17393
17172
18666
25534
15571
16102
29731
18837
17257
23255
17497
23115
21609
27233
43567
18009
18275
36457
22370
22652
27597
20007
24807
25807
20513
16735
40750
18205
24270
21194
20594
15867
22077
14156
17408
15120
16955
23167
17603
21800
15285
37190
23784
19980
19593
27147
19293
25479
25436
14646
32767
15074
27992
21131
27299
25293
23658
18902
17572
36895
17839
34537
21607
18325
29551
22183
32407
25110
27299
25159
24064
10515
21881
28708
31201
41955
21230
19188
25854
14587
12893
15621
28047
20454
17160
25239
21230
18201
27217
35310
42143
16703
26355
26006
20768
23033
15048
31816
25062
38243
22249
20797
24725
24587
24634
22127
30112
24894
22998
21788
25699
38879
32789
17310
29466
28090
27797
21967
17592
27594
20554
26622
17031
28351
30956
17674
49311
45819
38420
21571
24376
17035
29383
11580
23308
15773
21301
36494
19562
21373
17087
34381
24112
32702
27112
15082
18308
24848
19390
23000
19141
14738
14045
30880
17436
23654
34450
11892
20095
40753
18022
30543
21539
17957
20660
23085
34645
25465
13546
21054
15212
17328
26218
23356
21178
26636
20155
20657
23218
26638
42410
35138
24959
27330
18826
19362
17633
46256
15802
19637
14021
21772
18506
22686
13785
31125
13156
19918
34589
22340
15716
20940
11978
24979
24362
18281
13619
23935
23728
25547
37953
37837
22147
20847
30138
33069
20908
30192
21094
18911
22529
16489
20412
35960
11683
25645
24846
18655
20197
23709
33059
20358
56798
32043
13058
30268
15788
17010
20576
28523
17800
21171
30931
22759
23439
26143
22994
23262
23994
11386
31302
26151
17681
28063
26363
22624
35054
23510
24407
25141
25940
17209
19176
18484
16330
14182
18893
12659
19538
22616
14878
18199
19857
19470
14342
30844
12006
17547
44173
7088
22033
17416
33463
29083
31281
49619
13136
21319
16171
33628
27616
31761
12918
19469
25802
22224
17917
18977
41562
27787
46299
25011
23984
28137
28805
16865
37101
24000
26850
14580
29193
35410
17790
23779
19526
20620
26292
19616
20058
29452
32476
23176
18412
25371
19015
20143
14642
17991
18016
24698
17589
24065
26183
43729
23132
35004
25071
22854
27210
20054
21775
49254
24210
21762
30885
16528
16753
18124
15471
28858
21822
29911
18808
26416
21853
26065
57842
20810
18501
19181
28332
23146
10840
23256
22680
23538
18168
20641
16644
18416
20623
24603
15703
21992
27471
21129
18552
15445
18346
24231
19870
30934
26835
22498
14437
17871
29530
20544
34344
20227
26507
34168
19881
19988
46777
20326
21017
26686
35795
17821
24778
27269
20143
38207
28731
35382
21173
19728
23910
62641
70858
21186
17321
17564
23970
17880
11412
21116
22516
17352
27889
10477
19426
28903
24323
29095
22450
26547
18545
39442
23871
32996
22171
21359
23225
18966
18966
19148
20876
35050
19376
38433
22243
21219
18955
30888
23741
20114
18977
34730
34239
45188
21225
18892
20444
23734
20905
17062
26497
21548
14885
23434
17101
50999
20594
18646
19622
30158
18435
14960
27156
40719
28942
26637
23085
25927
21394
25835
20650
25584
20124
18761
13961
20893
20190
17396
19796
22721
33505
29580
33919
34128
23063
15777
10204
23394
45424
16417
24451
32779
36840
23712
20270
18995
22981
15655
18785
36098
23682
40381
20754
20041
25096
16084
21574
25116
18881
14488
24651
23839
17190
41920
21267
17619
20532
20938
23300
20884
22298
24202
31092
19059
20900
26405
21213
17957
27293
28458
27571
14938
19695
17354
26647
25081
23099
23118
51082
33503
27906
18429
18381
22841
40532
20753
36465
25991
25900
21300
18525
22724
32552
33403
20566
23291
22504
23909
20445
21215
24078
14821
13699
18832
25326
34644
14355
13606
23236
21907
19248
18919
18530
36530
25102
23429
31955
18765
23062
25835
25768
16289
36877
40465
24445
24332
19378
25070
16809
25320
19988
28133
21832
19438
28727
26337
21613
22569
14957
20382
25403
17317
14393
25041
15538
19841
13321
21487
23953
38261
23142
20261
29681
14642
25528
25067
23438
23433
32166
17933
30922
26427
14585
19032
26410
22810
24354
26085
24286
26699
13604
23424
14004
16395
37951
21427
22248
31162
28226
46655
16912
19547
32660
17632
24253
26476
17743
12787
26458
26699
19093
20734
20517
15602
19544
21042
33351
34196
33061
15884
37542
22989
16232
21757
21522
18316
14328
25515
42363
35624
32064
20303
27018
23890
25079
23927
35357
19308
15311
17521
19864
18779
28295
24464
39455
25105
20217
16425
18951
25466
23836
21610
23926
27862
15153
17934
22955
11083
31505
47583
14411
28980
25049
19205
18986
22213
17064
26621
37780
16217
35706
18674
26697
31779
20385
25230
12614
24721
18483
13977
16573
38584
21437
10410
24613
30314
21417
25008
21735
23868
28911
19760
38042
20277
20375
20839
30010
26540
18538
32316
19072
16532
19875
26931
8928
23464
17289
18011
22512
36482
25040
16081
27434
21912
12196
28742
33057
19153
19175
31962
25571
20109
17097
31687
24356
25828
24826
23842
17299
27088
20747
19411
17019
24206
26366
25210
20701
17113
19772
30197
18751
27906
23765
17217
47094
41670
20684
15852
23116
16763
14349
15653
21109
24705
15267
24298
18200
23371
29874
30242
23656
23247
25641
16798
20852
42534
15152
22146
16756
12356
19438
18741
18109
15503
15931
21570
16972
21487
25310
20935
23255
11211
25699
20505
18065
19344
23755
21865
32363
21761
17644
24746
24455
20277
28483
25302
24362
23107
27491
22068
19010
32003
17846
21088
17495
14062
24229
21964
25127
21926
24771
43622
25706
27166
18840
14705
44331
20300
13969
30276
15541
20975
16567
22224
27489
41237
40055
33711
27646
18264
18038
14807
31489
24499
32910
34632
18483
23348
15231
31008
13911
25993
29085
21765
48156
30371
10661
30529
26896
24659
16691
21522
25098
19528
37661
25138
20449
49069
23141
44122
15519
40879
26639
31585
23055
24701
31251
15818
26515
28834
20659
20639
21179
43360
30071
23359
15668
25008
40531
35344
19466
17361
21035
23659
21515
22639
13954
17287
26995
20793
31960
16429
25535
27732
19732
27033
19942
24546
24997
26296
31799
21254
26037
20162
24008
18602
23308
27882
23316
23882
19135
26911
18255
18541
24183
32173
22792
33353
40063
31503
21727
27085
29135
22235
12265
24682
42244
23529
19971
30880
20675
18574
27667
24090
20153
22505
20986
18320
17965
14098
10122
21381
21668
26618
45558
36350
31619
21116
25540
16548
18383
24243
31810
23340
20869
18522
17140
15883
15623
30532
39869
21852
11666
21866
19219
16569
19282
16423
19734
48009
20085
19383
24411
26062
30656
21698
22043
26422
52895
31199
19196
20434
44948
26260
27495
19719
23047
25111
30610
39105
23857
23654
36760
15963
13501
18435
13921
9289
16195
30988
22870
15682
12307
24541
22146
23685
20188
19666
25933
27283
21021
25119
34976
22982
15109
20795
18351
17152
21566
30451
22793
17232
22061
28354
34505
31380
31840
28253
17571
20016
23891
21799
21037
32633
35596
37172
21611
27616
33011
21163
45425
25705
32073
28890
42924
20826
20671
24585
26056
25665
15928
17125
27181
26164
23654
20970
23446
16634
20376
21585
21399
23849
25757
38442
17976
21700
36414
29691
32268
40781
12400
18202
23246
20504
16642
16784
14947
23797
17120
25313
21397
25038
26070
23382
25686
30883
52833
24094
19944
26413
28293
18450
21321
20780
23746
23079
30381
11122
22407
17577
24762
30535
27663
18947
26562
22599
44557
19566
29016
23897
17202
45266
25709
25587
23191
32419
21071
25780
24462
19549
10962
26061
12825
24091
30282
34898
45429
13579
28784
29477
21425
22784
22928
40855
30492
18289
15170
12371
17917
6054
16787
21792
20602
12046
15828
36591
22642
21841
18037
19021
20388
17264
7564
16145
21888
21692
23467
13156
21194
21961
22436
23894
25790
26242
15136
11566
21749
23761
26733
13508
18402
28091
26006
14286
18327
23791
22346
28457
20485
14066
24358
21332
17356
22132
21515
26707
21116
33446
22188
29714
20190
16575
18553
23840
24802
22177
17910
36790
52705
28400
21186
45941
23594
15160
27985
20082
23049
15797
20993
17954
18842
20018
37990
17653
19176
33834
38682
21095
18250
15021
22931
17922
33944
17783
22411
25163
32744
20234
34279
47346
15835
21442
16190
12994
18268
12760
23810
29314
35769
48456
15575
32977
24046
29382
16992
17984
24968
17290
21489
37134
24816
18772
24132
20824
13297
27564
25645
16283
22705
19419
21008
17067
22694
22616
29108
26244
41487
33209
26282
28239
19095
24418
21006
26099
19551
21591
15559
6130
23448
39394
30019
23865
40959
51887
57017
16007
17489
21795
22191
28796
18161
26491
20475
26700
18024
21520
45658
30768
18209
19824
20457
18440
19617
20458
18291
18771
25072
18938
20323
24663
21795
26963
19415
19651
34092
17913
21149
15555
22507
27048
13644
29841
15580
31261
27670
36016
25855
20534
23196
27405
26957
29043
25361
21927
38801
48520
60170
21790
31007
21831
19640
43770
18245
21182
11427
21711
18552
23276
41848
52753
17757
32435
37387
12431
17279
22255
33398
19467
18152
23605
28207
20163
20863
24831
21869
19553
20597
18934
43863
30522
21100
35090
22892
19768
23730
20802
14229
18324
11620
16944
20067
11550
22329
15527
19440
24306
20787
37803
14134
28226
16726
21110
33229
15435
25112
20247
18065
39874
49460
26454
17036
21044
18044
28825
22060
23839
18411
24794
53238
24931
27596
20138
32107
22889
20883
26040
30862
19648
12585
28949
28486
14440
21491
20651
15275
25028
23247
24080
23025
21756
48103
21291
20946
23880
28956
22756
23261
13433
20945
10106
20344
30143
23560
23839
24262
43362
56359
18216
20666
23625
29503
33976
16472
22136
26032
44973
48818
14234
16453
11146
22492
16582
23205
17368
30913
19811
23390
21774
12510
21279
22149
20235
17737
18044
18912
23009
31175
21672
23232
27748
21080
16069
20065
28213
11749
10486
14830
21033
24787
29707
20607
25425
24760
16490
33188
27579
18652
21017
29400
27681
23887
25781
27653
23735
22835
17990
15384
23773
21418
18049
33919
23314
14517
23535
26953
15879
15547
24157
22196
24984
15835
20075
25359
16665
15864
18008
19865
47979
71482
28067
20800
24512
49279
65708
23095
20787
20010
23669
27598
22219
36155
11750
24929
16031
13339
14884
19953
11784
33906
13719
33217
26836
42989
15894
18267
15914
15580
18734
12554
20489
30114
9120
19007
33703
28137
21365
24983
19746
18518
18630
14307
24343
19493
16110
34381
42147
28558
28234
27116
76943
41279
66310
22156
18770
26968
23733
31947
36206
25958
23343
33244
26666
21346
14987
19851
15565
32756
25525
39492
8943
12553
12330
23411
30158
19841
15872
40067
24651
35759
14994
15093
40197
43340
16395
24138
13715
31725
19851
19387
21566
18303
29154
30565
36961
23494
19934
18696
13473
22675
32990
11253
21043
22119
18016
19052
27632
38592
17117
25109
16759
15657
19394
30408
43232
15535
15373
20117
22670
16902
27771
10551
29428
22818
27771
32457
24691
21218
28322
25483
21775
13200
18536
10036
25605
14468
24698
17613
16980
22404
29105
25200
23125
22994
24533
22885
15640
15500
20641
19271
19909
20807
25070
14206
21371
23104
17994
22493
18400
29953
11008
23792
18181
21125
16640
21461
31027
17525
52009
55521
70312
20086
35983
16490
18361
35642
35500
19163
16513
26284
29851
23085
27301
50719
16725
28382
22210
12990
32436
20552
17944
13123
22976
31289
18288
36108
26334
17418
25878
46135
13477
22708
27213
29696
46804
20754
26794
16049
29036
24511
42149
21608
33271
25048
41515
34028
19424
22124
17524
23634
12685
26209
18600
17690
20126
28172
15784
13118
22738
18927
11483
20344
35990
33289
14070
20389
15681
18618
28138
39747
32152
19119
19010
16624
12582
19083
27193
13269
18573
25217
18411
16414
22155
24279
22589
24067
14499
19981
18845
35056
26689
28501
20519
31404
22783
20588
19378
19334
11418
32184
28243
18139
19416
21499
19866
17424
21778
35361
39030
20321
26282
19424
11791
17649
14106
24596
21899
26114
28780
29402
28216
29017
23219
29328
15045
26710
27283
24830
16802
15585
23085
6150
19619
42184
30575
24903
22435
13617
29385
14899
34667
21513
20942
30881
22655
22924
26574
24359
14868
21205
33591
22493
15417
22771
17584
17210
21777
16391
21618
16086
26633
22121
23622
33324
24411
25869
21015
27301
23490
22723
21096
16523
18733
12626
19877
35852
23227
34421
25024
34342
43094
27397
27046
21840
19886
19599
20177
14733
27221
21658
37251
23475
22027
21306
27725
12977
10571
22292
27471
20190
21289
15304
35315
26865
16220
16831
26890
25224
27986
20278
30428
27032
40053
17968
35705
14896
25605
30356
24589
20091
16013
16460
11017
22982
24922
24143
12644
37447
29943
25809
36965
26338
25503
20109
20235
17370
32702
20607
26353
20329
24856
26441
18287
24763
19212
18518
22012
22554
25945
20283
26506
17954
23073
19944
15911
26513
25044
36997
31091
29199
18756
45962
24658
18251
25016
44813
27698
20326
18094
22258
16151
26900
28982
11957
37024
22144
27912
41086
15773
17346
18591
19265
16751
19260
14473
34393
32184
20433
40287
27582
31039
17848
28553
39301
10844
18828
15241
22454
21340
22309
18023
21884
33839
41739
21770
22730
26435
19158
28006
30695
41783
20407
22817
16091
23820
30491
19288
24431
21425
24967
29551
29494
18727
21499
34699
18628
26211
16372
23486
18211
20196
41950
34049
28041
37517
14196
10984
15309
20741
45983
55119
42075
20849
30235
25684
32175
30458
15361
20703
18814
17430
14288
22888
21103
28031
21552
25439
16029
20375
17545
20963
42426
28177
24350
19169
18732
17168
20800
29375
37417
21843
35248
42426
23132
37604
21353
11041
21836
27449
38620
16993
15575
25140
16664
19557
20385
19926
33571
26928
22818
20352
23975
31303
30665
35201
15575
31329
25386
20830
12945
20887
27155
28236
25425
26879
14403
34534
17117
17572
21537
24213
17607
29312
20048
24978
16518
53945
34342
49613
23109
13853
17782
17217
17381
7906
31105
17461
28530
16797
22736
31096
29082
23922
27960
35473
16469
23276
15731
15586
45270
16660
18707
26381
16058
18404
19940
24498
20360
14430
26812
40052
19311
21526
20424
23170
19188
23687
19273
22041
5967
16444
22783
23141
36778
58094
14211
24703
15247
31069
14258
22912
25843
33546
36502
26033
51445
19454
20761
21364
15459
19300
26403
37355
17782
34607
20268
14217
16999
19771
20147
19998
27167
19053
29095
22243
17858
18809
27589
28404
26091
43365
28662
25080
24596
11499
28547
31452
26877
20428
15904
23566
23991
16399
22194
31592
25886
17125
39643
28698
25297
26056
27795
22077
27696
37825
20085
21184
37785
31452
23485
17307
20986
25110
25829
14416
15816
36902
18937
21482
32237
41108
44070
30292
38982
19523
22109
30410
29476
22232
15860
37051
22574
25619
44342
17804
29458
25112
17783
28553
19300
15185
18507
23441
13398
26992
24573
27155
19220
20616
17229
18882
25220
39602
21557
21422
27972
37687
25294
22849
19007
18569
10477
22055
23000
19930
19195
18982
20182
13954
20495
17418
16701
21183
18826
26347
13104
16729
18893
14290
24310
16590
29736
22689
16497
22878
9857
23169
22600
25045
18402
21553
20947
15845
32056
24856
22979
20522
54124
20604
30922
28511
27814
16727
17797
21528
33264
21226
19608
20525
13124
19247
31817
24178
18369
12828
32157
18973
38063
53351
38047
16984
29034
46332
14471
20412
19008
18455
26004
20546
25116
30457
17931
25786
29223
28610
22818
17658
16170
31115
23725
29300
25075
18971
16714
17786
19173
25652
23062
25768
22804
10897
22381
23370
16019
32731
12467
20220
17268
26930
18263
21896
15438
21301
38393
22736
14085
15554
18980
16070
19303
28752
13403
21224
24083
15704
26693
20064
27600
18307
12760
15757
30640
22614
24018
15473
14650
20150
14904
12867
29500
19767
23169
19872
26734
35182
13705
15054
30640
20460
16229
26539
19487
25106
26350
23735
16385
26437
17332
17478
20679
9236
31009
26925
12338
14296
17295
18321
20866
22668
18573
13794
18010
9584
17597
25714
35164
19447
17643
24129
19581
17433
36839
13175
14871
36855
29779
18448
24230
19553
25721
20028
18171
21758
14646
22550
14540
20384
22461
22145
14040
27207
25867
45846
17556
15978
28485
20925
14513
11666
26087
16675
20241
24505
20701
22553
23304
23307
24425
20405
15194
30429
9463
28108
18243
25568
39549
26017
22873
27733
34601
34891
23483
50167
74323
22192
33528
26901
17271
19163
24049
21831
30119
28179
39971
24866
14356
37508
42267
23921
18702
16607
16190
23740
27050
12854
25291
20213
20185
19414
18081
20244
20174
28720
20746
27260
19840
22998
18851
19723
27593
20741
22377
26650
22036
20863
22574
34576
41715
30611
16412
25443
15287
13981
41977
37771
8428
25687
19706
35484
20127
16975
35296
18053
20661
22779
21620
36568
46379
20313
17207
24912
33929
23900
20509
18994
15827
14207
15081
29837
32310
29621
30149
15423
17731
30172
18264
24091
49235
50323
20926
19070
32177
22842
31021
22802
15789
25727
18575
19729
48614
52118
18877
22657
21866
18461
16133
19030
23325
18264
18942
28288
19923
29779
16928
21335
16028
21245
33220
29107
53210
49982
15875
28608
26665
18888
24028
21430
24491
18898
23656
15026
20759
34734
18492
42136
10958
18164
30816
21558
18396
14976
27916
29082
23932
20205
12592
20576
19580
18119
33588
26372
15377
27151
12424
32232
21121
25245
17221
31352
15811
20576
19239
15764
29459
20575
22555
22847
22621
25270
30569
24086
25904
21199
15645
25490
15731
6882
21439
34855
15745
15779
54514
35655
11638
17354
29948
38431
33445
27284
59735
58227
89832
16439
27170
21667
28988
14776
14510
17737
22068
25245
21454
19010
6535
10982
22745
28369
23934
32694
23367
17066
13183
37269
36695
37702
20617
19914
24155
29970
21378
20241
22144
19981
12315
28938
17181
17652
13284
20731
6857
14936
13071
12708
18295
20406
14713
28451
16107
22409
21925
29687
28515
18032
12571
23646
21554
14024
24610
11255
23459
32582
22184
27776
18677
15505
24232
26906
15097
16555
14841
27708
19004
25377
18281
33041
22329
23108
11973
31932
15116
28554
22753
22196
17627
21433
20851
19013
20281
26612
18890
20446
42350
17291
24758
21452
16639
18680
15291
24641
16852
14165
19533
23107
27226
25617
13536
25296
15006
17195
19068
18511
16540
26119
21613
29532
31067
27776
34442
19101
21261
23484
25487
22811
22939
14146
20138
28422
29580
18155
18259
25789
19579
13855
17634
18510
31072
14317
31016
22110
20453
38184
20026
15411
24814
19806
13118
21907
21632
21139
14115
14831
22938
15165
16673
21214
26916
28915
19232
18323
14610
20284
26211
38382
22214
45531
18845
18591
31426
23702
17640
27700
22812
28393
16397
22219
28455
44506
21565
20834
18309
36416
53779
23488
15682
21622
39095
25234
25820
39891
21410
25033
21736
12597
31000
14718
13658
15569
24207
15733
14058
39210
18690
27880
19596
19433
21464
28778
22641
16211
29105
26230
17588
18552
34559
28869
38098
24299
13880
23821
25950
19194
27624
17244
37703
34176
13025
21329
19751
20505
22499
32489
23309
34126
15388
25328
14770
21668
19952
20195
31699
14001
28762
23586
18336
15578
37450
24112
23759
41472
30124
14339
24828
21770
34536
42221
27372
13335
7656
18697
16615
30969
34234
20208
24927
10430
21005
32384
24291
23854
28016
20525
18291
19131
17418
20679
25147
15970
22397
20397
16348
22703
13551
27381
18517
31491
18848
22555
26688
14727
26307
6755
24869
18311
29124
48346
23613
10837
22109
21812
26863
24029
21833
27066
27228
19850
17946
19464
33570
15423
32772
14637
14666
20760
17977
16814
16474
19771
20880
20059
31399
27445
12267
13867
30110
32395
19001
16201
32296
16087
22978
17340
21245
23839
36293
18314
17863
14504
19494
24320
15522
19175
24947
40319
56912
22707
15554
24262
29362
21613
19922
14061
23412
25506
38734
23662
25880
39435
57556
21647
20370
21327
34595
28117
26622
21386
17522
23635
33708
7433
15767
24311
19555
21497
13550
14162
22719
12447
23010
27301
28567
28283
31375
22312
28295
17882
25911
17617
45372
38969
24161
14039
25082
13072
6563
19886
22207
21787
22308
23751
37424
19792
29320
30686
26905
26512
19580
24927
38366
26917
23266
22484
23917
18940
26498
27561
19116
25195
23132
25170
22895
25177
26816
25849
27407
27207
19882
30276
17218
45044
17803
26221
15542
20580
17430
13078
41687
17043
14494
19084
19220
36023
23805
18553
16170
26565
13536
31564
19883
30894
23943
22098
18768
24190
16491
28047
27216
19325
29411
21432
22270
21473
37399
13866
17636
37160
53921
19946
16995
22154
21412
21561
30732
22783
23829
23703
35868
24275
17966
22624
16201
17806
31880
19705
23137
25701
30286
13723
21753
29506
34496
21646
20609
22058
26830
20950
13569
19107
25176
21086
21228
16944
17336
20380
19203
19485
19909
23841
15249
46046
24537
20938
12203
26021
19600
23664
26319
26991
23999
20272
32073
39103
26182
40937
23657
36413
16279
22249
39266
48581
17334
20277
21579
21814
17372
16977
29212
28909
21175
39095
17037
30959
25604
27565
15449
20315
14954
25643
14564
29407
19678
34362
23435
27273
24144
16083
35716
16525
18242
21705
15044
19320
23483
21810
31054
54344
15720
24599
20758
38832
23000
24153
30412
17352
31013
43916
16065
26220
26091
24904
16871
32870
23359
25679
27074
35381
34991
19131
15909
16198
16459
21575
23675
12230
10417
18120
21350
20235
18080
26965
16944
22223
16569
33040
16636
39723
23135
22363
24215
31198
16582
15447
19666
17046
16158
23217
14216
25201
25891
17880
20971
21132
13868
13271
23774
46205
17241
25780
13444
20325
18603
12613
23667
27818
42234
19544
13971
12890
25017
24716
33671
12663
18407
22462
30045
43654
15606
29432
25851
17898
12572
25805
11512
21484
33607
23116
12731
18739
15251
36982
22378
37398
27681
17083
15393
22177
17663
26748
22255
26137
24009
20918
15832
24584
35952
27729
24596
27788
22746
22214
9857
19917
33735
18065
42951
50288
23836
17003
25225
19044
30227
20779
23779
16945
16216
17893
20056
36365
14361
17578
23496
19535
17615
16633
24483
21717
23019
21947
18648
14532
24077
12656
13361
1415
12416
22735
38471
20358
16223
20846
20487
16989
14627
10722
23077
24596
35080
19479
23544
21760
19489
28763
13585
11375
22655
17875
27012
32600
17215
23869
19511
21848
11757
24297
22505
18933
25981
16892
31059
9664
39469
18946
29932
24941
17645
21188
14176
17219
21200
21438
20907
31257
48897
20327
24666
27815
22846
51180
22688
17408
22069
19333
21164
25350
26539
18711
17620
15254
20153
15016
26439
17940
18380
14765
14868
18018
16406
22404
24478
20807
24471
25571
21602
20014
23756
17727
27247
29766
39488
32204
13079
24683
24426
16677
33072
27246
35959
18164
23187
15748
13431
23729
19278
47479
17069
23701
28410
16560
13695
18277
32928
26543
54066
21856
13305
26777
24323
20705
14221
22289
22535
25851
17281
19506
17140
22952
16058
14988
22695
20877
21468
16278
21951
25563
51038
41390
25432
20491
15264
32374
48863
27776
16602
18889
15912
16373
26340
26319
15425
18056
39689
26566
16791
12455
21005
13984
31365
33949
58174
27524
24934
18557
27576
19239
19277
18442
27505
29390
11726
25613
18988
14506
20329
21537
28116
31279
31907
19843
32399
15777
11880
25284
26882
32689
22599
21066
24023
24518
30957
21323
25207
17821
25518
14678
27141
14243
26974
16438
20986
14354
14051
26472
20946
24065
20765
21220
15721
16856
25442
21460
13366
33880
17623
6790
22842
11220
30568
12111
22969
22333
18863
19241
18414
23096
19201
15291
36385
49271
24092
16666
24092
22161
46195
27066
13957
32415
17720
20082
18197
21545
25948
17140
18250
31403
32343
12074
23742
28973
19329
13825
20923
19085
26373
15165
26033
64829
17534
22194
26740
22467
25884
36152
16106
24330
21951
23273
32197
22320
16922
27364
33080
24723
53666
21468
34157
21335
21221
19088
32490
27709
28262
18992
14041
13698
14846
22242
23270
18478
21336
20560
26357
48653
32387
20579
17344
21343
14880
24856
21548
17419
20133
11011
27236
34078
21437
18194
17126
19231
9558
15546
21224
16159
21378
25769
20970
17394
22277
49095
23879
24191
40697
22198
27130
15873
16999
28686
29632
15641
35254
30300
35516
25213
18677
21412
6957
13478
27532
12673
20334
31984
33987
39847
20588
23881
10883
23006
22801
17654
19953
16896
19691
14589
21407
33708
19147
20965
32933
15792
19016
24187
18939
12174
22212
16462
16119
18066
23738
17484
27955
44404
20426
16767
22470
18777
24091
18625
24937
21068
25445
16972
18584
14248
20546
20185
23819
24969
40599
30525
18457
24512
26247
17567
22693
15907
43098
30122
17576
25247
23940
43813
22462
22402
20927
22590
17507
17907
16581
19677
25999
20907
24741
34006
22730
20547
20319
20780
14824
30865
12354
16372
20465
32272
22309
29835
12877
19359
25310
19893
24322
13216
11842
30630
22020
17739
22137
22360
9651
38594
25764
44703
15552
18898
15867
15966
19613
22177
19090
19895
21842
26533
24691
29018
33705
29393
22489
14666
17083
14316
17529
20405
19809
19819
22334
29831
13364
21046
19400
21057
29264
21504
33230
12349
19793
39864
22286
27470
50346
17027
29545
19092
19392
25852
27992
14426
28386
23012
26662
35621
27107
28630
20343
19772
19805
13734
24330
22199
19378
13418
19088
21318
34382
15560
27324
24108
22800
37969
14973
13584
20306
21047
13338
31406
21340
38658
24943
25780
31548
28527
26692
21949
20231
30960
18715
19183
22644
27662
14348
11366
19436
16418
23012
22795
16981
10837
18476
19726
13682
22343
27353
29043
23101
16126
22521
18120
22659
16518
16894
17271
22836
23981
24132
23144
23824
27613
14206
22688
23978
19668
20700
15756
23503
34934
21519
21173
40303
28830
23781
36411
24017
22807
19531
15516
22582
17121
23908
41796
22297
18925
23178
15295
19038
33243
25883
29408
17080
33391
31585
20414
28988
27160
23908
20772
18268
24178
20963
15981
13145
15842
31668
25353
20731
27474
22178
12088
10491
19054
51307
22529
25595
16472
21993
18482
39291
33115
26706
24963
13156
22512
14295
16254
24973
22764
14476
30658
34062
18402
10491
26065
19353
38183
33494
79622
23722
23837
27403
22135
20356
21421
25575
14741
22325
20148
27590
17885
33078
37925
15179
27110
9106
21648
21544
18096
18348
11557
15119
33785
19601
28894
22810
37555
24483
23429
21276
16888
17029
20345
18830
18140
17537
10184
21472
11263
14906
25280
23443
28196
18071
18459
32736
30361
12288
24813
12686
31628
20852
26950
16659
14844
24367
13292
21259
22886
19592
46802
48966
14822
9466
16117
21667
41151
59575
33427
20950
22181
37214
33623
17686
23075
32272
22919
21604
35363
29229
25434
24106
18179
21057
21810
15546
24415
11598
22721
20979
19032
21490
31272
21972
26834
19622
24649
18904
26741
14014
21389
12999
28180
16392
22749
22085
13428
13881
25527
9410
19405
25186
11884
16101
28157
22715
19808
17214
18805
23030
25247
22019
29070
20040
19189
24617
21423
10711
24127
27748
62545
29000
18646
18367
18519
16261
26144
56098
65039
17972
16868
14509
20894
27692
20670
16038
14642
19059
25271
20108
34994
20744
24059
13162
16456
17412
15037
21813
22520
25439
18765
19142
21717
18165
24560
6960
12890
26275
29115
14708
23069
24233
16069
32426
34365
24579
36868
11314
24501
18735
16085
29739
21931
13700
29605
44631
21395
15242
22818
18819
14578
17098
31302
18331
22942
37146
21367
19513
20391
15738
19709
21083
20827
28153
23730
25416
20700
19296
16797
21567
23353
21908
22459
23837
36244
25745
31418
13123
16715
18521
19515
18359
16497
20776
30253
18359
26235
24329
23951
27362
57641
33656
36887
20067
13431
10170
21784
19584
22115
27801
17967
34283
20911
21417
16693
12954
21009
18842
26165
23577
20008
18381
19936
17203
22905
31484
16585
25633
15831
20689
28039
39205
29911
28619
45488
58302
20925
27405
21912
47013
23247
26061
16762
22972
21021
28278
17425
30275
18294
17256
22401
23964
16221
48335
23019
20704
18829
19571
27399
16288
11677
28039
25699
43117
25858
61252
15045
22887
15088
21670
16896
37765
26553
29508
18271
29731
19577
20294
22004
33765
21589
12719
30506
17675
20307
29904
32786
46639
21334
38546
16171
25174
20443
14938
11932
26468
20005
24004
21518
23237
15019
25398
16254
22825
22256
29188
13569
19209
20782
19842
21952
21452
32527
50951
20755
58153
36447
33881
43347
32496
55600
17309
30808
25340
17682
24942
17013
24051
19960
20143
20010
13155
25767
21037
19320
20137
17838
21218
14021
21163
14715
22428
22911
23772
57003
34483
21506
38310
31934
27448
17483
17291
22981
22890
18453
24743
21395
19249
18160
27545
31075
15294
22537
23836
30692
27424
20758
22572
30826
17169
27401
16629
9188
14739
20789
17374
23021
29832
25286
25040
13407
19236
20121
14828
30898
19543
30362
40772
55900
27946
27171
27851
15228
10813
15902
12404
21803
23992
30514
22154
24878
31075
20889
21332
25616
15871
23698
18786
24204
22617
17481
21030
21283
25963
20413
19028
33111
59159
16989
8464
24112
19438
14853
26756
19098
42082
25159
20899
42315
27278
23952
16499
19735
23167
21171
15813
20920
21564
26407
26666
30740
18292
19184
23967
14048
29925
27396
24462
26141
22832
16699
19234
17999
23389
27998
14574
16435
32056
35372
21994
25651
47512
10924
18391
13830
23112
20905
20223
39040
26919
28424
15075
33145
24987
28784
26924
26570
21352
33355
46612
12257
28509
20367
14842
17865
21444
15843
10596
19534
26027
23231
32495
53636
53381
18418
23093
23977
16612
17944
17072
38735
27092
24721
29399
25399
21567
18569
23004
17034
14689
15152
22029
11339
28037
46929
33224
31555
16177
19998
28602
43024
14981
24521
18034
23972
21801
25086
25141
18230
15613
19034
35352
24495
17416
31437
26017
17802
18130
30044
40205
24859
22079
30239
19302
25924
28859
43411
16580
21263
23741
20483
15346
21348
23205
18726
13921
31750
19764
32076
19800
19298
12937
33579
14133
23596
12081
23501
20684
34700
48602
34410
9507
13876
16406
21671
20479
28360
38252
28088
23347
22351
30191
34360
23765
19707
21782
29374
15148
17990
19282
14963
27678
18679
25627
10954
20172
17530
23117
22040
17720
28692
15689
35651
13939
18746
18919
21624
19992
20705
18943
20855
20296
19809
17905
34281
20480
30075
20527
35647
12906
21024
35472
52055
20412
17724
28543
24077
30431
14267
16093
15634
18080
29390
29417
21048
27004
24556
20624
23591
33518
17599
23684
23017
21094
14161
20637
26038
14371
23642
21557
19896
13466
18541
16139
12515
22837
13566
24084
25990
50269
9296
17441
16828
18711
25531
17313
28951
21017
20147
21560
33234
30495
31585
19889
32596
22725
19065
20204
18320
19336
28944
21163
38313
27911
15144
17889
18554
23702
18705
25330
20326
36411
19079
34360
13149
22499
18058
25755
17864
16402
26776
21894
26771
13428
26495
24761
19229
18941
10195
17833
15331
23730
20916
26522
32530
27364
29733
22354
21889
33398
28973
33097
20826
24981
27143
26463
12940
21005
25865
25392
25177
29918
21682
20263
39941
20429
22306
26673
34924
17102
21712
18914
14883
20496
18743
21402
24779
24673
27398
24285
25791
28381
35432
27526
32109
21817
24498
25190
24055
17268
17480
22090
17248
30869
44692
17112
17145
36311
15542
19999
29162
32836
20237
12619
19382
28181
15426
22353
24476
22873
25244
22562
27728
10318
20069
12994
18545
13381
26187
17999
15990
19189
10788
20145
22343
17378
16433
30511
15286
17688
19755
22838
28402
26840
17364
13031
19124
27357
18101
21833
33620
30494
32529
15136
18652
13515
13071
22785
24341
18344
17119
19596
16118
18360
23755
19156
17961
24971
20542
24963
18928
28161
26628
10863
23186
32931
13618
17266
18359
21903
25781
16447
13495
19486
22016
13108
20132
19778
23091
18221
24662
27552
23901
19286
17881
18272
20379
17984
21964
40378
18320
35591
19315
28411
20013
20853
19649
22022
17696
24132
20664
10376
27140
13950
22244
23409
22343
32769
19373
31233
15227
13456
18720
17481
23524
9580
16757
30194
16500
19551
26549
32757
18495
17236
18312
17073
24656
22286
25859
23844
26458
18133
17960
15103
28145
18643
13547
21594
22765
23486
17470
26054
34744
26456
27134
36750
21131
39076
39197
32534
19448
14845
18620
14841
20821
32378
27296
19717
18366
38035
18610
37879
12808
20798
22721
39718
25627
20221
22372
32234
30200
13693
15740
21301
25845
17575
22534
15677
16083
22139
29956
18447
31608
35671
7834
15354
20791
24794
26755
18234
12680
29265
33874
41001
59119
23308
33333
14493
17038
17811
20001
23293
51217
27114
57519
14583
22485
26915
17027
32986
31457
17994
22303
20217
26396
22824
21763
19879
21276
22924
17494
19052
26681
18020
12958
18383
23014
18814
21513
36309
18707
30328
45832
19943
26589
19156
24867
13916
27379
12797
11567
15899
18809
24523
18787
20507
16042
23063
23619
29277
40745
16096
18176
21677
23119
17978
25190
37626
32970
24584
6625
26547
24589
23354
25635
28704
19907
31405
21161
15876
20468
23422
25753
16465
22325
23972
35794
25992
19662
19463
39526
36916
16889
28014
23587
20560
25624
24975
27167
21329
16169
26561
18344
16747
17540
27958
21770
12661
25090
20603
20687
14334
24692
24020
15492
23157
19380
28849
21470
17151
21756
18192
26731
17872
23505
15511
26677
22333
9740
18229
14610
17996
25882
19896
23285
16271
20928
11098
12708
29574
25237
27864
20129
24548
21533
22891
29227
26864
26110
17545
10794
16612
23325
30445
16390
13921
28001
43580
27792
45587
23637
29211
25139
25014
23801
25307
14447
43745
30303
26064
19024
17722
13696
23240
34983
19370
20878
22093
13958
14638
14539
22027
19753
30567
24307
19681
36634
33078
42459
18632
16466
15375
21366
17208
20191
21364
13260
20868
32711
23294
19967
19884
22877
11668
22328
12089
19321
15392
19069
19295
22448
14419
27014
21703
19125
16066
20606
17175
18579
19254
20688
27525
20345
16949
21689
20861
29130
19784
16464
18365
28171
35404
14902
28383
21809
23783
15877
37881
23490
19424
29782
16429
16120
15357
36873
18641
16122
17794
17677
15580
20753
24282
29402
22711
22092
26371
24441
22780
19521
26729
23394
21049
24919
34175
45267
22086
15420
22691
27808
14807
23651
17815
22928
20127
34160
35441
27279
25805
23662
26164
16181
29347
23854
15926
23274
27708
31068
48006
32497
28755
38210
27345
43123
26822
28915
23147
30979
28759
25501
30232
28145
23161
20668
30502
11609
19530
21617
15780
19834
32287
15204
25879
28115
24345
23165
22161
29393
20559
35915
15642
19484
23309
20397
30532
20223
10890
19988
23872
20132
20303
17584
19312
17445
51657
22035
40272
20868
18412
20374
19919
13911
28002
15548
20902
33389
42797
22880
15944
29049
19811
26999
19237
38167
14714
19695
18980
28936
17382
26204
29263
35824
17972
14545
19842
20443
23909
15436
18282
23985
14128
25461
24065
31817
24434
35641
19323
29393
51271
21247
26930
20210
28317
28343
25634
18113
22615
17315
17914
17340
14468
29047
18535
19114
19389
27679
23243
23780
18176
14266
22617
15432
17506
23655
18296
27255
15427
15514
25677
45098
22595
19822
26021
20493
19955
29650
26290
22147
17854
23183
27501
27130
26265
20423
22153
21364
18357
28721
22821
22261
14769
41985
20753
20749
29256
22082
21430
23386
22564
16325
14266
9962
27462
19039
15959
27505
17520
16805
23746
27447
18400
27374
34569
21324
14840
18440
16633
31530
18687
22623
46613
20580
18660
14250
20119
19016
22429
19883
20230
14375
26342
18680
22554
31208
17145
18905
29341
23007
21663
26432
28796
33656
23719
30977
32383
16598
21788
29718
13315
27323
36601
15185
34964
14683
11802
21194
32456
17006
26935
18758
11820
22594
28728
34853
21506
21556
19767
18911
30484
51314
22419
22549
23845
37286
52900
23964
23275
23473
14439
23793
15637
18034
24398
18563
23191
19228
25862
18696
29093
27962
20682
31776
11962
16163
22833
31124
28744
20287
17522
29698
26258
27600
21345
18868
19101
18843
18901
20138
14490
29236
25098
41998
16192
6906
20894
22201
21914
25393
24923
23058
22017
24672
18451
15752
7110
10943
21309
17061
21005
21283
30822
18745
30247
23095
19138
17471
19523
16565
15842
25294
24393
25833
22320
11116
24751
22179
16567
22443
30272
27928
31277
18356
18519
19559
20025
17853
24458
29578
36988
34149
17380
16114
16964
17497
37791
19825
25791
19755
20041
22790
36051
40712
28182
16570
10517
25099
25599
24194
11610
17164
19252
33896
39019
63224
34196
74728
94905
25277
18480
27655
45555
21677
47574
8928
19250
29962
24952
28048
18746
25661
22485
17673
26904
30057
16400
15043
21014
23330
18993
32268
30319
25108
13041
17359
34188
20588
25053
28733
20428
35860
16237
16302
15995
15220
16778
11148
25728
17436
24838
23640
24256
34718
28224
20707
15496
15776
16907
19939
29379
17708
24493
18192
34155
19975
26843
34360
25359
24928
36456
21972
19412
24850
30270
21989
22846
13565
27054
13625
24065
27149
17235
26330
21989
23955
19728
17301
27733
17804
23572
36824
39528
50580
45727
37272
29636
27217
19576
24234
23937
13000
24019
17983
14896
24693
25815
22751
13657
18446
30907
20586
33956
12607
17699
20880
21677
12416
18316
10615
18755
21440
27481
13294
31444
30709
31276
23733
31756
25565
21699
22543
23947
11816
19522
26993
19413
22234
16898
20439
20380
15759
24012
32978
18676
22220
24398
17996
21173
14918
27170
18426
19062
21260
20973
21352
33472
42038
29582
21349
39817
32166
16778
19360
32186
29582
22219
18199
24184
24448
38362
26831
36543
28590
24069
17162
36296
19619
27847
31432
23530
12931
23394
21548
17096
17878
23619
14863
20226
15925
19010
21911
23035
13422
20090
21510
16401
13478
22209
20289
18851
23166
15832
10815
20529
29527
24368
20455
27408
22965
20505
16275
21629
39607
34118
18363
15642
28186
23237
35130
28791
25839
30035
27525
33283
55188
19429
20162
25439
23080
28177
19147
26884
14994
19649
19895
26086
22565
19637
30730
19866
16420
19718
24674
28915
24760
38160
20037
15846
21987
17293
25143
30548
19911
21546
16363
26376
14976
22249
15470
14591
33038
18821
19381
18388
12925
30674
21195
23657
17120
38962
19180
22717
14685
24127
17748
20768
39489
46295
64543
18149
16612
32614
30542
16488
21969
15387
25868
17658
18978
28070
20846
22237
31560
21952
18731
27029
19007
27901
12070
20255
16545
17443
23215
29759
15379
29679
46807
27820
16055
24888
21468
23213
67555
15262
38524
18776
23429
25060
32834
24558
17047
24703
14061
16141
19483
26293
24241
20902
18304
28243
17629
35492
21066
27416
29501
20707
22292
20133
21916
37609
38178
29609
16111
31562
21067
21714
23458
22461
12494
23567
21636
17358
29107
46061
12928
24640
17612
35223
17956
23229
21642
28846
12091
27056
24257
34863
16036
31182
22778
24701
19096
13325
17765
15541
18746
18609
26238
21877
29518
21961
24173
17142
16360
21655
25256
23804
19595
19883
25472
17118
26158
22284
18718
10097
11917
17490
23871
19355
20665
25182
27978
38180
21938
11171
26546
17009
23173
16085
16884
39790
20353
16621
23374
11587
16319
23537
16127
19333
26526
21869
23000
21263
24281
25808
18912
16651
23498
13840
23992
29383
23380
19272
38340
25620
21794
15271
18921
23776
34655
18069
26352
42716
28395
40795
47752
48255
51323
17857
28048
28836
31992
21435
24482
32413
49935
21930
32237
25085
21866
24563
20755
17201
14977
19964
21773
24018
32506
30035
19843
15502
24466
22971
24638
23186
34193
21780
14846
27785
27894
18964
15980
19200
12057
26151
19486
20713
22931
24636
30999
20284
29202
12062
24073
46549
13160
17222
20239
18859
23364
27591
44539
18747
26286
15884
13889
17164
19447
18081
17812
36811
32905
17525
17324
17182
18774
13173
23095
21673
21004
24878
12700
17823
17206
23624
15851
19145
24818
18764
16025
24209
28529
36028
16948
18500
22562
15201
25880
21680
27501
44806
23112
14681
15848
36093
24252
17118
22464
30249
25451
19507
23688
34147
34373
50129
55932
23786
15248
28040
30551
23928
28939
22243
14771
12584
21720
37829
18511
33227
21104
40106
30351
21387
19872
24379
17502
21096
20533
27273
30697
19039
31131
23933
26284
17543
20998
18441
26024
15147
16296
31090
18248
27491
28237
38221
18708
26523
18426
18516
22758
26522
34852
26546
38802
20452
28411
31799
29940
29534
19765
44612
22492
20864
20743
23532
25247
25390
33967
22211
17218
17305
15671
17741
32992
47455
18422
32885
21003
43252
19580
24381
21205
24325
32556
18893
27061
30404
24132
16581
16614
20896
23399
12204
35509
22932
23012
12976
25420
20768
23008
15282
10942
18574
22231
23183
22570
26211
32213
20282
17790
20555
24334
20352
16637
36671
38333
23763
16463
29460
24941
17685
21507
29121
28050
25725
21349
15407
30589
26679
17173
32896
18000
26862
19810
18805
23415
16701
17053
16365
25770
15620
15765
23441
27145
21088
21294
23357
18819
37416
33864
17643
20757
19229
21193
23847
25473
25223
23046
21591
33314
20512
17719
20926
49108
16876
25636
19353
20222
17979
31189
24455
26699
15227
13118
50585
25767
35607
16856
24884
18369
23529
16549
20806
18970
16880
22108
12796
31152
15343
13889
23326
29535
26847
16791
23792
29735
17388
22189
13663
33988
33995
27151
27069
18762
20344
39152
14865
20498
19355
19682
24065
17388
26734
15670
29472
46157
22847
31389
24310
16594
20161
22140
18174
22722
17317
26678
27269
16715
15876
23883
37699
18885
18652
26482
24362
18596
19126
32881
20422
14311
16136
19699
33447
20310
10802
21560
17198
9705
19766
15381
20487
22615
25143
23621
13395
35327
29955
15764
22515
20167
24050
23092
17003
17971
17277
19661
28058
44317
32782
21571
20546
22939
36549
17886
16113
18948
18672
22999
24441
17525
19320
23217
19262
15407
50206
65711
20653
24931
31347
17898
15272
19012
39422
58044
43355
68212
34910
48029
21091
21824
16859
18329
18603
23230
31940
19164
18628
21212
23404
33631
24230
19187
19822
17923
21031
18854
16744
28404
24131
17795
19500
20447
17215
10263
17000
22884
20736
27954
19705
29914
21128
26014
18567
21883
17933
17340
22978
15630
28619
28870
23734
17042
22540
30970
18783
23736
23816
21771
17242
25760
26201
16052
20407
10542
24811
22324
21253
30479
35082
21807
15391
22753
21480
28138
36803
13810
21798
18502
18905
23187
23710
25739
37808
16831
28759
35594
27974
38804
17887
14817
32816
40982
61787
24106
19554
19443
22275
24156
21107
21740
25243
33642
26430
19151
18090
22223
23933
31305
15757
22492
16779
24156
28567
17408
14999
23420
23391
22315
18234
21603
25573
15688
35940
25115
33175
22173
28605
25648
12863
10508
14832
23107
22902
33913
20125
28376
48106
19875
20977
15755
24135
21610
27324
22634
19446
23238
28166
39995
20670
22790
24622
12803
18356
18904
27203
27540
30347
28129
28128
33503
30302
29709
19119
23524
19428
40722
24478
20913
29124
17401
22732
26211
12767
16846
23619
28225
20086
33735
32729
13935
17402
31513
25174
23221
35044
28837
26848
17457
20187
27523
18019
13770
10361
19637
27801
20332
23077
20438
21544
34505
19624
23404
29284
16586
45245
22541
19211
19963
24017
18313
23174
23923
21277
15728
23009
25819
17880
20265
13219
14849
12709
20626
14645
12737
20542
16656
29438
19886
18184
41334
37019
58503
26055
31788
15857
20046
33956
26909
32245
27252
24074
22594
20360
14763
14469
18056
13822
24531
44817
51214
18934
17021
21946
18160
30657
23075
22448
18863
18894
21135
22548
31090
13700
24866
22977
46697
19748
26519
16676
21505
24443
25180
26751
21036
20154
27344
27285
34319
20963
15246
14161
20292
16943
19445
20330
23298
20626
24219
24039
18998
19241
15834
20183
22387
25864
24332
14673
18162
16782
46481
23566
21488
24815
17640
25249
25933
20579
10448
17266
20289
22382
30032
16019
24682
12403
11579
15439
16111
18461
22343
29953
41153
18510
24010
16358
36153
23039
25495
30338
26915
27259
25284
27026
36510
13866
22661
25274
33343
18528
25960
32607
14835
50565
15043
14618
19354
20110
14702
28979
22902
14877
28922
15754
25416
30369
24524
22461
19319
26387
37449
21260
26511
26449
10336
19691
25298
20904
21344
14733
48704
21177
17614
20645
17276
23324
29622
23433
19252
29162
24500
33133
9206
23494
19694
34695
18031
15246
32313
29466
20870
16981
39899
18766
18544
20201
24207
17926
29788
24987
32785
20042
30078
23875
35073
14617
21018
18458
26046
14175
22602
28992
26696
17243
17700
18873
15461
19266
24964
34938
17984
25623
15161
15440
14032
14827
21374
22510
17792
29664
20729
15385
11666
15101
12516
18073
13108
21971
20634
30751
13257
20970
22454
20248
15544
17829
19902
25136
24516
28738
21364
20478
42811
23314
16784
14754
20843
22503
27251
42436
61796
11521
40679
41794
24847
19044
17704
23193
12175
18186
22257
27523
13221
11197
28367
9811
23337
26746
21439
15374
26911
26768
19040
22372
26606
17133
19198
19752
30207
21536
29229
43632
32046
13243
17372
44397
30174
39040
20952
16089
19831
21123
28068
27785
23366
25548
30639
31886
20487
24323
13905
27288
16412
14403
26082
14506
29260
39230
19937
30921
29347
23004
21408
28307
12690
19955
27212
18374
21262
22288
12665
16703
31032
13303
16272
16898
26890
21353
23671
22744
12865
18359
15851
13915
21195
33632
44791
40760
15957
13855
17081
24052
19215
21914
26081
17703
13786
22455
16340
25621
23244
29066
17475
50313
21445
17034
22983
20515
21001
32040
21826
24173
17574
17739
20781
15092
18502
20620
18063
21179
43136
22472
31792
20192
23490
21864
18732
27317
22146
21615
34390
40151
21491
20281
20486
20552
16508
20686
15496
18722
22783
28614
9211
18506
21018
23009
13951
26780
29338
25665
15184
24909
13727
18930
25627
21569
39581
22698
14602
18999
29867
31021
18685
43905
17581
27141
16742
18338
16547
19311
17296
18568
19765
21399
17886
17386
19217
20389
18609
31302
27441
49814
26301
21200
18617
27326
28129
28840
11992
31017
17166
21296
19076
17645
26612
17648
31219
36201
15350
17905
13140
24205
18789
19398
43473
20277
20766
23850
26780
20418
10394
19463
27493
18975
26613
25285
21701
29015
30115
27155
16565
25252
23307
20638
30382
28541
22964
18539
19406
19984
20114
38452
11825
13650
20867
32020
21947
24122
25153
16267
15841
35481
18417
18791
25962
18472
18518
35142
22814
27215
31182
24011
12417
14045
20514
21815
30363
42682
26094
19666
33903
20734
15383
26642
22530
18796
15567
10838
16250
24124
16929
18142
18530
22333
22705
13014
26416
25867
19061
20138
11159
21133
34697
18494
39584
16032
17440
19488
48677
45787
28662
21394
19980
23618
16328
14513
37994
40435
19873
33622
18450
15953
11284
18275
42714
20390
17487
21838
26372
23298
23743
20994
25840
18372
23084
19994
18272
20878
23666
28438
45665
18119
18929
27097
27495
13010
19013
23955
21621
36601
27253
20240
16660
20689
19691
15798
18150
28675
20249
25939
22797
27436
17835
21521
18420
28748
26378
35703
36004
22040
19849
19404
26667
40111
24985
25453
18979
11200
16636
22583
26089
15883
22958
18374
36135
23099
27790
25827
22363
17807
17377
19578
42258
19537
19125
15826
28741
23827
21940
22211
19686
21370
10291
20162
26966
21576
15739
24679
31969
29625
55181
20678
18039
29953
19464
25513
23216
22146
15718
18668
22894
20105
29823
28261
16868
18099
13044
21343
19946
33312
13452
22183
13634
30912
17102
30113
14653
32060
20981
30132
44183
37009
55204
23259
14370
30211
43041
22151
21603
29810
18540
24461
13608
20547
25409
21745
15420
35067
22028
16652
17759
26459
45140
63309
34613
13540
31369
24195
25663
24672
35358
22394
23788
18601
15316
32322
18484
23316
28799
50688
16210
22279
20041
22251
20087
25329
17277
41827
18875
18838
30541
29296
18994
18320
22286
18787
17663
21946
21577
23672
23524
17879
22285
40815
28576
17188
30474
19385
21400
16801
29765
11120
19057
22026
35605
21564
21476
15504
23239
13512
20763
44966
13848
18564
15535
17493
24771
21978
21499
28178
28318
25526
24006
20616
22149
48583
24887
19456
22294
37255
20170
19258
19705
22971
16428
23205
20873
28704
18241
23292
11530
10753
23079
21599
27114
44748
18887
22724
24608
12928
23906
13743
22043
34286
22276
18590
17176
15986
21428
19794
18875
23275
20405
29469
23805
22200
17143
13043
25759
23213
12738
25819
23204
13921
21878
23002
12323
31183
30260
36058
19343
15174
18553
20133
22029
20043
19541
20619
22075
30495
21444
27332
22274
19669
15839
29385
15316
18906
21886
19361
19648
35307
18079
27241
6864
24057
19268
17594
12788
23636
19610
11264
18422
25542
32335
18258
21471
36689
13895
34642
26343
22721
21211
21590
17277
42523
19019
23949
41934
16507
21639
16726
21446
20625
25400
15257
22042
21558
39900
20710
20325
19049
21859
14225
15040
16219
33076
19785
21846
25374
24172
39011
22314
21779
18098
18333
33669
64833
46354
14118
15410
29312
17760
11574
12285
25017
28988
27934
18673
22583
24846
13301
26033
13475
10604
23010
15022
21294
15248
24029
23036
24052
27112
23053
21448
24244
25055
34368
20845
24800
21666
32074
23921
11862
13061
23189
18822
21167
26532
27117
25271
17077
20870
17837
28488
31492
22707
18349
18939
18729
19203
27354
19116
26024
29903
24568
45223
14987
20318
28014
41415
17196
21404
31470
45278
31816
28516
20027
18785
28519
14697
20591
31638
14656
35151
16500
15294
34234
19650
20163
18637
35682
31587
19001
17815
49028
17986
21651
17607
12762
25307
17578
19541
35346
33515
35362
20433
30501
42403
31793
15235
19881
15471
33997
19073
10612
29058
17397
20405
20238
45669
18372
36267
22476
27548
14022
20737
18600
34158
17640
19439
27080
17395
18454
19400
18443
20562
26689
21934
15194
22114
22102
22594
19171
14882
25606
23071
18453
18975
10430
9689
21607
23367
29397
15597
31157
15065
14049
20921
20892
19030
23841
29703
22140
9391
20436
22464
17575
16797
18589
19390
14454
21292
16763
16832
37274
16720
26776
19494
21444
18582
21185
15189
20151
27123
9450
11977
16611
23060
20874
31901
21327
14360
23367
19348
10578
19843
16847
27552
17774
21854
12519
23441
20564
25417
15954
20406
25659
33906
22922
25017
16290
19157
20952
19687
21374
17284
19417
24309
33861
45378
57940
10189
23238
13870
11090
26454
24577
41818
11746
9438
27256
36276
15136
25755
19599
10406
16791
20953
31975
21306
17628
20217
21129
15805
15958
24133
53569
16626
24679
16440
29423
13770
15193
12152
17296
30731
19514
23452
25323
21021
26493
19770
23534
39243
40416
57001
19619
33763
21042
26717
29163
23244
28104
22083
27373
13900
20592
28357
17507
13861
21286
26483
27681
19457
14992
49277
82529
64264
62829
20561
28615
17539
19467
17766
18366
13959
14919
16324
18287
17888
21471
23304
17640
30827
19920
27374
17491
21730
29858
28802
14857
16388
20190
18495
21082
15310
18683
20337
32309
26518
33442
45822
47210
22713
18042
15607
17989
31212
33643
24344
13174
14910
19124
19658
16131
19594
29424
26728
24056
33133
41407
22904
41348
26399
20665
17130
37146
18237
19220
30979
19389
19612
27790
19223
20612
30372
25199
21899
20692
25941
39430
15954
24615
23407
29637
27336
34453
10621
18919
29910
15786
17568
26417
43945
24837
11416
33848
17468
19643
28680
23665
30569
20760
17902
25272
21194
25004
20225
35813
29157
27613
26433
25660
42883
26999
27432
26276
28491
54807
29357
20381
15450
14571
22157
24761
29393
23500
17767
19992
20001
26051
20383
22349
21495
21755
15869
19466
19130
13980
27791
30031
14708
28026
19948
17628
14019
15558
17365
27301
34727
16559
18081
16997
10936
17367
27557
19115
19564
18893
16445
22210
14496
23949
13990
25451
19340
21586
22073
21317
25317
21568
30434
24265
23005
14734
17866
25446
15438
23604
19853
37280
25104
10484
21732
19899
34071
41827
21568
18873
13202
18427
20113
18736
26990
12416
27207
22704
23532
24540
20550
24090
19739
25663
21935
29025
23196
27061
43514
32808
35144
27732
27421
16382
25681
13967
19801
41575
19247
13126
18919
20942
24811
21220
21099
29522
19831
35626
14941
19259
30329
15762
19718
20615
23544
28739
22889
34087
21515
18710
21079
26022
35845
17839
23512
33897
18663
23934
24255
26624
21127
19640
22259
14096
22009
27884
32837
26153
25991
33227
48566
18517
12688
20477
20751
22422
35405
17692
26988
40921
54798
56432
78984
80969
33752
20566
10795
24737
32837
27917
21902
20456
15945
25181
18434
35193
23958
55890
20145
20636
21054
22887
35285
19390
24651
32195
21048
13568
22820
22973
22547
24270
26752
21531
18703
18219
28517
29855
26135
27739
16596
16870
18286
21317
23479
21159
20123
19137
18338
16267
12903
16561
19890
18030
30246
19482
12217
21073
16267
26934
20077
25196
22229
17210
37366
25233
21421
39228
15024
24887
21687
20683
13927
21001
14943
19052
15969
20850
31424
21003
41806
48882
25908
27175
19978
19287
31488
20805
33204
21902
17726
22380
21818
25760
37683
15638
13181
19853
23555
16049
13321
19786
12159
30723
16900
15461
16074
33474
25883
21460
47854
18315
33853
28052
37326
24209
17104
14054
23340
17649
19013
16855
16914
32164
23576
29435
17946
17857
23646
20591
38706
12609
16916
25958
17702
24623
20307
26323
32079
48058
23538
27535
27273
19778
31579
31544
23183
28432
18816
25957
14795
29902
14817
24473
17466
24306
18974
20371
33567
19668
23634
21900
25422
15735
23788
20644
16517
35928
35347
15126
18699
20173
23002
24903
15809
17439
23221
34964
17225
30388
22721
21548
20670
19124
27209
22560
26173
34260
17459
15649
23985
16183
20523
25218
32479
22277
26479
22956
13804
23817
23128
20802
23666
20008
21534
27504
23909
10918
13428
20008
18875
19072
16110
23530
39642
23686
20543
30670
19497
27264
24796
12391
10787
15578
24604
26953
18528
19050
22483
20576
22018
24957
31169
15893
19895
27570
17585
20218
19890
18116
17572
30862
26813
31349
20504
25633
18814
14772
14506
33036
12307
12563
20822
15818
29004
41540
26189
32043
19326
17610
27530
19328
17754
22143
21687
16986
20422
28657
21323
21048
21145
19574
28183
14545
17473
24815
13939
20859
18351
23343
25504
25219
35868
14862
43377
37462
10756
16246
12429
28071
25602
23915
16748
25875
38304
13467
26143
19042
30667
17064
22612
23502
19971
19884
17960
17977
17319
24373
26208
21583
23212
28996
18977
12930
12742
38091
22886
33230
20552
10418
25682
19560
18639
14845
27633
15429
20084
18930
17352
19588
21922
20718
22114
37847
23451
27468
18716
32938
12657
23699
17679
30242
24429
19682
22152
16068
17673
15969
21340
20837
20546
18209
10669
17240
15002
12770
21657
9466
23358
22308
20816
18478
21733
15071
22888
20090
13815
23827
12466
22494
55267
62423
73058
22449
17340
28177
33298
21904
29288
50518
17029
30842
32244
73242
25378
16424
22310
19823
14040
21296
17001
30742
20457
12375
23633
23738
17595
13796
43127
17254
26613
18386
19585
15737
22390
27407
16922
23637
18217
36451
15802
20840
23653
15274
16302
33191
19237
18915
36859
18941
26803
22437
27789
20027
19208
15786
20524
14956
19239
17902
11509
17554
22540
18648
25484
18993
24960
19202
33582
26511
18349
17384
17185
21567
26103
26643
45837
25242
24768
14902
20808
10000
21407
20619
15978
13479
34853
16606
21211
23843
33495
33058
16577
28150
32785
19989
16384
21284
18104
14690
22272
22042
18637
22547
13370
25034
20696
14097
20363
25025
17640
21991
12883
18188
36617
28967
43345
14466
33193
23591
39767
18830
22211
24344
24027
21357
29158
21257
18272
10694
20924
26219
17101
17242
12248
15187
19636
22604
22759
18029
22713
12584
15562
24293
21985
16490
26248
19024
21455
39684
19174
12558
25253
32983
19128
19655
29352
21607
58274
18827
14859
23296
13602
28800
13872
14711
17153
14359
18228
20799
22803
30270
17080
21177
15411
17242
25195
22169
19401
28950
29843
18308
20168
23070
20624
22931
19501
17086
20088
14429
19938
19736
20186
20715
19587
25324
21570
14501
26219
22601
16436
20672
16214
27073
21489
23915
29950
19533
29375
22601
28012
23061
19710
16510
25360
22936
24978
20205
27085
30928
31729
22667
25264
46966
30823
19256
22997
21481
18741
15884
16290
30920
22535
32490
18093
24337
26351
27876
34894
24074
53505
35701
19460
12738
26146
53450
8977
22670
26474
21699
21158
19183
17010
9152
26108
25181
9475
16501
19206
26099
16089
23337
25122
24285
19725
28443
25201
15774
17122
17338
16721
34855
18956
17226
19480
24096
16560
21374
19804
21460
20884
17159
25098
18883
15395
17651
25766
32477
22010
39444
20453
20975
22069
51042
65182
24581
38983
12287
19806
27166
25557
12952
29210
38212
41259
25879
25315
22746
30308
22442
33694
8052
22695
29188
24783
20737
24170
44084
27011
20798
25444
21972
21087
29787
22226
35261
28915
28390
33776
50290
62859
21286
13687
23559
21530
17898
29616
22285
19241
18167
14085
12447
27450
18062
22359
15172
15921
26841
18093
16541
15434
20354
13177
19258
16568
22192
12711
28772
15208
23616
31612
31258
10936
23274
15604
30436
44712
14483
24336
20975
20114
23855
18279
27245
20259
25514
33984
28748
17528
18918
21090
25667
26759
52504
43967
23448
23615
14623
26240
23959
21758
23456
21583
14447
10904
18963
19505
18944
24478
47824
15847
20364
16466
24015
25374
17790
21361
14292
25267
23638
26345
33525
32030
26766
25487
24360
17930
28532
35080
24420
23568
23441
36169
41956
20389
21511
20812
21755
28921
18029
24249
24219
15583
18002
18503
16869
18149
23083
23064
15124
26377
24333
17714
35582
20045
20874
23303
20329
19551
20810
16055
16604
19294
15601
25234
21223
20515
40817
27503
15110
18504
34117
18143
23740
21557
15750
24108
16041
13822
22811
23604
17485
17917
13188
24637
23984
28531
27990
36385
23305
21875
26587
17941
23098
31563
27651
19609
29092
25287
33479
46428
16750
34096
26105
16393
22474
30788
40048
22872
15135
25875
18460
18065
17593
22603
16289
19122
13455
22800
25371
26387
20468
24550
17297
17222
17185
17323
31493
25433
26473
18223
18053
29868
44994
16120
28427
27675
17980
17794
23106
22546
20301
25144
23155
11298
14006
18141
15244
13790
18534
23039
22193
17304
11304
26731
23623
13936
23160
32730
29887
16911
16486
22009
24836
33641
21598
16979
22065
21641
12929
19502
21032
24014
19221
21990
28757
15441
12289
19641
30901
15521
22401
30058
19590
16033
13283
15224
17450
21715
23220
33191
17824
40313
19126
18231
23400
32125
52155
37826
16779
21909
26615
30345
22408
16024
29808
19314
22457
15451
17923
32192
21212
17108
14493
19075
19025
27411
18188
18907
25822
28245
14049
31370
15261
24378
18156
16782
14353
14482
18590
26691
16956
21216
33718
26761
25214
19353
23217
21186
30863
12102
20065
26809
17592
16573
34891
26847
17669
18335
41514
27217
19979
22885
18908
30453
52283
26214
21977
38893
20319
37641
21978
44258
24307
17243
22707
17452
36622
22059
23071
16929
21763
11590
19697
29644
15855
37486
19391
16741
23420
19592
28532
17767
12572
20567
12830
23260
27972
22346
20400
29159
18797
20010
27271
20871
33457
20160
20052
22094
36750
21472
28128
26153
37617
13786
41741
21094
24784
23060
15853
18490
17808
21937
16767
16194
24528
28015
18683
23706
25199
29472
29394
23545
21586
19073
28059
20821
21281
22002
11384
22410
15310
27781
18869
14046
24999
17996
17712
25354
22459
58893
57855
21811
23747
20302
13566
23550
24877
17865
15033
19996
34614
40476
29772
33252
30290
16231
19858
16038
20875
23605
15571
16766
20006
18602
26571
26711
15870
37208
23703
26279
21680
11544
26836
24448
12632
18218
20491
21115
21157
29364
13954
21058
20228
18255
17820
18712
21213
19148
22905
37835
18739
12325
25749
33913
25148
20989
20680
21703
18103
13816
26527
20564
27948
10581
18670
14709
20572
44525
41997
16634
24186
22677
21781
29538
40062
25277
20677
13157
61539
16497
17698
18379
34086
18281
17455
21385
23517
23920
46066
16799
35325
18581
15423
18495
25072
20060
23745
19692
23857
18498
10835
21591
15684
18655
16445
23510
17286
19337
36130
25021
20997
24072
11550
27266
17829
36005
24755
18875
14315
11523
26374
21184
24730
20957
30086
19345
32905
20666
22192
33147
17768
11931
29625
22957
22932
21961
18768
13216
41559
64022
17873
22938
18586
18477
17729
19326
23868
21036
17622
12001
