19344
21247
24614
16312
32616
26884
14019
30784
17798
23512
15070
13951
14263
19600
22540
14065
15681
13840
15933
23123
21271
17674
16671
18523
15395
16592
13725
28351
14034
13718
21666
13063
15832
16062
15743
43678
27528
24512
38087
46420
20336
22895
13983
28831
36770
33688
44544
32930
42663
64318
49964
14956
26066
15549
17411
14793
14309
13447
15283
19744
24613
18068
26113
31602
43592
22096
15761
21425
23164
18052
17086
17907
15632
17098
14797
30020
16773
17763
17482
20845
15762
17252
17349
25166
12450
53637
19225
21355
26281
22065
19330
25478
28029
45327
54645
26389
18364
33104
25697
27445
22540
45075
44018
14577
23608
34853
25086
27817
15246
16077
28097
29292
33334
20008
33408
17180
24422
38953
13691
18607
28764
14959
18062
15813
25311
14881
15691
26464
35467
42327
31321
20295
25169
26763
42614
21209
49549
23724
16676
26926
23177
15941
14401
16538
26941
15001
13919
19369
14546
23288
14651
13614
45422
22971
17862
18242
14722
15147
18142
13640
12244
16241
27021
30712
56724
18139
20322
30254
15023
14389
18087
23102
22344
15344
38173
14696
13794
24745
18254
12930
21505
19622
27255
25108
26279
28938
30486
21737
18862
25696
16694
23449
36817
34522
26952
30281
67689
19104
15837
29907
38412
27605
28455
18364
24851
24141
22479
13683
57044
21475
14725
21174
21268
24184
16324
16686
34799
19907
32053
37026
24484
17518
18848
26308
18516
26716
26182
19304
23933
42633
58743
94350
101328
30293
19831
39083
42119
28366
24168
15561
22371
14492
42857
26002
49182
23324
16203
20397
22439
13663
29697
15213
24313
48030
27177
35914
29198
30500
31326
49807
17731
34199
19764
14240
18256
32021
24771
41632
24230
48827
62566
16846
19181
35618
37073
17845
28498
15990
46459
59925
27001
22056
44035
44856
23557
33498
38018
20641
15402
20630
19578
23399
19240
31113
34920
20851
17126
41427
14353
42814
25012
22703
29325
15137
34036
23713
21069
13792
33236
20541
17182
14248
56761
28501
38061
38197
21566
20658
30608
49934
18618
27803
13024
66804
31525
14030
34855
26497
42106
23665
36990
16250
16421
39124
15035
51791
81541
13896
20963
19855
26715
16936
18049
34741
13253
39218
13797
29196
20892
20771
27064
21559
19750
13693
31908
30803
14279
50208
19496
22348
24222
32838
30101
14705
31827
21893
17672
26946
23209
23195
15115
21622
39185
24135
14948
23941
39237
21807
16090
23514
33336
27844
14958
13369
61037
23208
15585
27718
23622
21948
34044
25082
16990
18847
41377
28802
47835
13870
16277
41712
61027
18758
26482
14054
28557
14917
17093
15852
38315
21595
19405
20681
14565
24152
35457
41704
32833
20127
40345
46324
25112
57671
34994
25228
27628
32650
17009
31938
16594
26887
19108
14471
22682
31151
44666
37387
24239
49520
48447
16413
19586
23848
32724
22126
25252
39416
23258
14364
23668
12938
35796
16525
30099
16946
13714
19269
25001
24027
28816
17723
28686
13111
22364
13543
36668
20513
20604
25051
39203
32329
15073
25519
19474
17281
17671
47878
18151
22887
19034
16205
34869
39561
49549
15413
25344
28211
33082
20108
38784
64775
15898
37332
31945
16589
17913
27307
14730
19446
15879
21456
19430
15736
15616
36028
22403
27271
39001
20164
35583
41261
17453
20436
27120
15629
21733
47900
17212
56710
36863
15588
16563
33716
47120
14750
22224
36441
18823
24484
23344
19999
14722
17660
29528
23661
23583
18455
52087
21614
16000
15744
38453
17968
23835
17370
14816
13417
27488
31489
42633
39436
31507
34406
18279
14644
14608
17721
32693
16069
24780
14500
14963
31274
28882
31180
40919
15891
16599
15978
22650
34575
17879
15016
17618
44331
17395
19718
32283
54736
24615
24859
28611
24152
36930
19449
30514
32339
23059
16858
13895
14702
15457
26665
30907
16945
49107
16808
45262
34968
27427
19889
45829
25100
20473
30114
34811
24101
29296
33697
78616
15193
24319
46480
14860
21960
21847
16504
16409
18550
19000
23749
43390
30327
25692
49951
21288
17861
30603
18676
33733
32116
13834
39369
12979
22245
26777
23721
13762
16416
32628
40929
21222
32119
59060
19588
14952
14272
31989
56320
15013
30842
19689
36494
20564
21885
19610
17231
26144
21923
18219
18476
14064
26167
18194
22168
40012
23293
43328
14504
15130
30017
27819
28812
43106
21178
35072
34432
41086
15404
18601
16625
16616
35112
17775
30316
14106
34866
20934
26279
29176
27060
14725
18022
21210
24724
15024
52688
19348
13284
14239
16761
15453
21961
13633
14162
14713
27908
25205
49194
42732
18963
31428
28037
28915
20913
20808
13737
15345
19864
17978
29447
46772
17813
54928
39257
16800
32848
33394
32627
28505
32987
24142
36524
28264
21935
37587
45002
50336
35600
249058
18111
32632
28946
25553
30169
69334
24005
35338
52693
28551
30132
19393
28890
26042
21822
18909
39277
42818
15608
17110
14381
26148
23647
27891
17896
20121
20771
20024
35131
21823
23197
20155
18842
28014
26211
27445
15563
25516
23256
45779
20351
15633
14634
18535
16291
24692
38898
24770
25829
20356
15688
25294
18004
17058
29029
17868
17810
29902
20508
20163
20295
21032
41138
32784
25645
52011
32829
19098
15857
30030
35007
32913
37172
46204
20678
16097
21782
24686
16944
25242
17321
38490
15902
20743
27001
21181
18090
27989
15853
48040
13889
20440
17149
44191
14038
35850
14864
27714
17930
32195
14056
14692
28459
43538
24956
22513
28937
27673
21561
24746
39977
33760
19658
23937
40850
24337
22850
17438
19725
14810
17875
26693
20522
34150
15432
33284
27065
22204
17268
16224
16469
39502
14857
13674
28562
25253
29897
44129
15579
24963
32321
52227
20761
16215
29019
20365
35919
26512
14107
23407
14080
16745
27527
20723
43646
16184
16381
14524
31240
26437
19331
34679
16666
16101
14326
22515
42919
17334
21024
39533
16512
14958
15510
28583
19560
15919
29028
23730
13239
22886
32582
19292
17067
16862
22438
26284
13172
13661
22291
16655
19011
34812
20568
13573
16215
18552
29106
15164
14523
27890
15079
24489
22631
15831
24285
51794
16977
14506
24323
26317
40273
42971
18754
24365
20560
18767
18275
38770
15918
22704
32176
29359
29408
27450
15443
17479
22468
31362
22063
20422
19394
32004
16372
46748
24079
13558
13773
22647
31546
23477
14425
27285
14664
34919
52742
19532
22205
32937
30775
22993
23150
21359
16993
15293
33120
32796
23534
36970
50283
40871
19747
20684
24483
46642
27165
25140
19325
28920
27971
47654
18729
29816
16218
18337
23055
36520
13817
22323
34027
14826
28744
20363
32474
31219
13841
26162
21419
33152
14089
15215
27974
21545
17782
32598
20362
26341
20445
27204
15160
21903
22866
24628
13716
36498
19664
40538
16013
14871
20197
14250
25451
23047
38374
15312
22768
36054
34138
27972
15669
49405
13362
20073
44481
20526
30903
17388
33351
26107
15853
24046
14641
25641
21748
31970
35598
39244
18154
35789
26535
50891
14901
80016
52705
59244
17961
18296
29034
80788
14739
27078
17003
18154
14931
31847
17576
39005
14537
31013
25360
17396
17697
23574
26010
19884
22479
26638
39089
57075
24026
36318
13698
28221
16930
32535
22282
14761
17698
19363
20597
25569
16779
15947
46102
52157
33981
34236
28161
28210
17707
21841
50094
35155
30824
14428
24008
22072
29160
20467
16415
31034
54086
23778
19857
16977
27286
27958
65194
25763
36617
27095
39396
14694
18870
19700
15786
20417
14283
24989
22925
32011
20928
17515
16053
16184
42896
22739
18289
15423
31017
26144
27690
34262
17388
27634
26414
23739
28888
19694
33975
21337
55201
22905
19517
17297
41847
27197
22397
13183
28830
16581
16402
51161
25200
48044
49737
32308
26763
16483
26728
19720
24513
24303
20829
20035
21434
13721
20797
25504
36872
40763
17973
16415
33526
25393
21715
15809
20036
13276
41374
16368
21641
19402
16875
18559
20225
18096
23867
17609
16180
16630
17047
17187
15305
13451
22982
18325
15605
18228
31158
33197
46603
17464
18071
20867
36646
18600
40295
38679
19257
14244
18008
24276
20400
17118
31007
32182
35681
33182
62405
20694
24458
15985
41743
67920
15931
15291
39813
22640
26265
18369
19393
21587
32014
40247
15307
17588
29368
26343
32498
20276
17366
31031
29553
39611
20986
60944
47689
25008
30259
28904
17957
47180
37914
15610
24840
18596
18377
20675
32273
26221
32046
15924
30410
20160
19076
19819
29641
28402
21574
51620
49891
35396
25420
14205
18356
21645
62316
18770
31204
23722
27848
37518
29954
27506
24228
36102
14835
19183
14215
39056
15052
33015
31398
49986
48943
82064
89720
38234
28928
42224
28270
38560
46315
17260
43784
17617
31151
16230
36035
14914
29015
21418
25196
29527
35591
46634
41803
51885
23699
21721
29945
16245
30734
28939
43060
20210
20880
39196
24641
26343
40614
41100
22868
43673
55910
25036
35671
16581
16853
15911
31400
47554
20149
14527
47805
28927
15888
35158
19310
19605
18917
39603
14185
57779
16237
22195
23123
44852
58854
27175
19824
15061
55151
74564
23480
14133
52991
15172
18697
28539
12896
15473
18269
16945
19549
14871
38271
22196
25714
37152
26923
17542
34376
15913
16297
25246
17563
32647
17490
17418
19341
22806
24899
48005
52422
30025
32141
24615
22257
23859
21578
27988
28112
29441
32536
16459
16809
16482
35563
16934
26061
16212
16966
15464
29048
14596
17659
13105
17430
21351
15923
24533
22813
35868
13142
18691
23233
16951
26743
18760
23977
21140
26076
17393
18671
34801
16227
18387
60499
20690
49816
20707
17301
23773
25125
27045
30083
18206
37212
15414
34182
31408
19745
27701
43920
22272
19936
22908
31615
36944
23345
46358
30372
14182
14507
23545
28004
25045
33089
17245
24445
19789
21014
22924
20517
16717
17725
14991
30333
46972
24805
43718
32720
20362
25234
42299
32832
20134
23532
14847
40238
36844
24444
16904
24347
21839
30045
25201
27638
29227
13979
39146
46104
19194
30463
25311
40047
14543
17832
33104
22855
19551
27114
33566
16515
14822
18862
21387
29149
27388
35730
14420
29832
24430
22382
24234
39626
15973
46378
27328
23094
19760
21594
15839
15750
24202
38107
20960
19658
16742
13455
23458
28347
15918
36030
26619
21029
44933
16504
23909
28497
81874
97387
53583
49985
19572
15557
14430
26478
26189
28066
24492
17044
21228
15122
15398
30754
50461
16032
14049
19498
17199
32175
18337
30694
38730
18689
22027
38726
19513
35563
38378
40875
19957
29114
20704
24507
36372
26704
21697
49203
34303
19195
20132
15479
17328
20439
16982
34212
16836
15687
34805
12751
17913
15518
16215
16533
26552
23298
20990
23783
34034
39697
13913
14062
25743
44620
55829
26870
18147
15514
24979
14124
23295
19206
25528
27418
35942
35906
15159
15224
27801
75657
21985
17099
21706
13971
23108
21372
37583
21361
23092
66721
24927
32210
15106
39674
13789
30501
17586
22704
26662
19382
22311
40483
21947
41409
29886
33161
13596
19325
42355
40312
17279
26052
35404
24844
16638
15109
16263
36177
31153
16461
19676
31631
16062
18688
17330
53045
28164
17393
20591
19290
26466
24414
25072
19165
17165
21751
14652
18113
26028
19664
22724
20418
16372
27706
62134
41441
13923
49994
51694
24654
19428
15657
43213
33797
32633
31866
22070
21637
25453
15334
18587
17871
23399
33693
36006
27347
28267
51984
37220
40397
59524
16418
64958
39993
16725
50136
19762
25680
21012
26427
13776
33278
22090
23629
19432
15954
35727
37645
28032
22441
14177
23806
24244
30947
21694
14620
24148
17238
23580
13792
22460
32883
32654
13310
59101
16883
26595
17987
39178
39298
21615
16992
35763
54146
26184
14166
18446
32590
20944
18953
17244
14736
12950
17719
17965
22674
22185
22350
13823
28866
19522
14502
31177
27508
27744
37868
31524
18733
30533
36382
46517
17540
32883
23997
23666
45869
24520
20828
24096
56413
18266
28442
35848
44225
16568
23504
31456
27831
21271
26321
16633
20295
26067
22727
21877
21907
20519
19565
44573
17311
16277
15078
40057
29523
18326
31737
18333
16893
22994
17068
22749
31490
39107
17456
30127
48035
26271
29614
30909
19313
20218
41369
38607
19640
14452
36642
21147
79122
26087
14840
16580
13842
17920
14331
35360
46330
30712
20271
20758
40303
20733
15470
14871
13304
25504
22509
14645
15627
26397
19477
20448
23056
22684
45728
19666
16591
22882
23289
22753
30484
23540
15757
28320
20684
18289
24778
16724
16164
24152
25681
17214
16337
22173
38668
28162
32902
26082
21242
34849
27639
19301
17742
27026
23120
20191
17898
35453
14540
19036
19804
19239
29409
39765
29532
15225
15556
20042
15062
16347
26861
26209
22161
15153
20873
18658
14412
37380
19743
17707
22480
14530
18624
24841
13602
16005
14935
14873
22532
29769
31752
21258
19023
29696
20734
36476
42821
17130
25040
37672
33986
14875
23062
20448
19885
21120
25169
17389
47252
18959
18403
28131
23531
39737
17575
20183
19479
27502
29910
25597
16825
18759
20464
29732
24900
19562
23960
36231
14628
18447
33716
18767
25038
17531
19381
20559
31601
18826
18299
25990
29803
16043
21703
16958
22023
16062
45107
20739
19580
25390
24072
14555
36993
22898
21710
30417
26843
16060
34469
21222
24417
17396
30586
28726
34676
17422
19740
22856
40448
26030
13726
18847
13710
15819
21480
26502
18723
14485
22978
20929
17885
21391
26541
15508
18997
23151
21521
20760
28760
37947
22404
19958
25091
20730
22368
19410
15603
16571
20402
18299
22844
68513
19022
18741
14124
25746
19292
29851
78405
20162
21210
20721
13653
23255
14799
24946
18591
18884
19985
26295
20328
33159
22142
23448
34311
43908
35860
44696
53863
18493
20509
14383
14033
16703
49808
26257
17140
36450
33517
19341
32825
38124
51394
25015
16605
32158
21941
34250
30539
45119
22931
38494
43890
15176
14635
15235
56158
14268
27382
34429
59863
45755
42459
24390
70184
17295
24212
26501
18175
24649
14863
20474
21006
62105
21405
15900
12860
25576
24654
22733
13438
25586
37670
33886
29656
32855
48263
22028
13830
17359
17384
15205
14175
15292
46147
68383
33633
20797
20741
15445
15127
24113
29650
29872
34096
24613
28178
15851
57910
17429
12942
21677
20874
21897
33393
22818
38503
22620
35168
18712
34496
18186
21467
19459
22208
13993
17742
20954
45549
24885
41212
40002
18575
37463
34296
17954
23011
26395
26644
16935
18220
14396
18090
25404
26167
25351
14509
16130
24234
35806
24929
41496
51468
37623
30941
22330
17810
21959
19985
14871
23919
20739
31419
25649
18670
16931
31287
27098
29308
27547
20317
20894
18687
16359
26911
32877
33683
36330
12995
15868
13761
14396
40070
24699
28304
15584
18388
17921
44987
15524
36832
14595
31256
30740
23965
18725
19118
35204
25224
22185
19581
34428
45231
30116
38402
18429
15197
24737
29413
26725
43086
21553
18650
24691
29316
41050
34277
31399
20435
54284
30768
21338
33771
50226
85662
54586
14381
20570
14951
30221
13885
26998
16816
18125
21555
24258
21481
25169
23473
14934
15733
15265
21354
21089
13601
25444
19355
26622
15498
33060
21523
16318
30883
24388
24462
23755
19748
17134
17610
15951
14199
17048
17650
18226
28033
15485
13440
19189
23241
14982
25941
22222
20200
15561
18849
14908
23018
33698
20254
21259
21972
16015
24593
53927
30318
41644
29843
23536
28247
34036
63708
48757
54342
14907
44486
33007
17774
43593
67312
61867
16676
27216
19013
23326
62466
20842
69255
19744
33791
59155
21626
25760
17425
19500
15270
24452
35789
16821
21470
18207
20364
18769
19021
13817
33139
27970
21435
14027
15181
48269
15906
19736
27995
14300
13074
27188
23609
19051
59394
18024
21975
15094
24884
33626
26136
15913
53035
47951
25152
23105
32318
56146
17288
24175
25175
49233
14530
28113
14089
26202
15202
22645
30416
16279
18284
28862
30330
18863
15871
25408
22215
25393
20084
18018
18707
40523
34299
16141
18822
16996
19839
19955
18500
46857
19922
27618
14409
25470
31155
21539
13602
23571
21204
31942
16439
27721
19558
13266
15494
15021
15037
15834
42301
29489
18700
34957
25008
23271
28960
28238
23882
21829
19687
16042
23432
23003
19452
44556
13898
32062
17584
16545
13144
15073
37237
15991
22357
33582
14059
19957
15526
20726
33640
28079
43819
15901
16136
21108
21727
28708
15326
15919
23887
28389
47812
18005
20915
15251
27821
21613
48051
19830
15252
20651
35711
19913
18907
20393
47544
25007
15300
17032
35970
29286
33957
19550
51412
43099
21272
31467
21856
13358
30096
32919
17880
29260
14475
14546
25487
35590
63893
34653
16279
40662
15587
16714
20307
38835
14384
47514
36772
18280
17176
23834
32601
54434
26247
46789
27798
19915
15618
23553
17690
25879
47293
19049
32954
18528
54423
48720
36745
17758
30949
17832
21788
22511
15606
32622
16424
26864
38627
24072
18616
16741
28343
35880
21736
22275
18754
17976
23392
29153
18871
43829
18318
14339
26258
16740
15785
14956
24364
53419
27918
15134
39792
15480
24896
48548
13650
19683
21766
32677
19392
19437
16437
18838
22909
21706
20730
35177
20109
18847
29137
21434
30576
14917
18070
19177
18899
19356
38472
21030
42260
28625
16973
34288
29905
26566
25183
19058
25475
25762
14623
20301
19607
14006
29039
32799
22748
25284
17170
25086
37718
20051
26427
19914
16234
23538
22782
30272
28993
18325
33692
41155
38502
46726
30428
17268
16558
18724
14673
17982
20785
26126
28726
48491
16811
25138
14911
17654
35354
15865
24355
21844
19366
15148
32431
30845
13548
40275
16299
17508
22904
16791
25785
24054
21702
48677
38663
19880
18241
23146
16739
14414
16059
17023
27336
26635
30312
18632
18577
20874
18396
26770
16291
18802
17230
25874
43116
27502
16250
25313
14389
23665
38349
28133
33727
16129
13980
61929
15281
32554
18376
33150
23987
25690
16959
24231
34987
29902
24270
19441
38323
45527
16252
15740
15694
25070
19604
27586
50978
26176
21941
24597
16143
17138
19149
18449
45539
25162
25877
22605
22151
23630
19978
16862
27156
26376
56521
18210
13908
38777
13561
17109
18841
31861
25523
17315
35105
16830
20461
56528
28038
15247
15448
35366
28803
24148
15918
35410
18177
24257
16737
20279
34921
56240
29045
24712
23708
14715
24691
14658
21976
47423
19186
15430
22648
43203
20431
17981
38487
32425
14783
22763
14564
16828
19785
38017
17135
14256
28354
59292
224499
228086
181025
63587
14656
25048
23663
31395
28619
248121
18239
94596
17122
233177
101506
249461
241930
44115
17140
20703
38581
18784
32910
14546
35525
22838
227178
55255
58574
26348
224455
61676
27253
18086
23647
20219
230744
79105
44990
16703
24522
38277
43463
259634
25373
14084
20503
29843
34920
17675
25883
24400
41507
34934
37709
21936
14685
24184
26536
25520
40217
62585
27226
16731
31171
56095
20785
14985
17249
47568
33559
15240
23131
16584
35035
21767
19850
19860
49593
27682
33431
19299
30976
19518
28492
18468
22130
13867
16680
31783
66459
32661
13742
16027
28279
17825
24649
27120
25137
47736
14959
30122
22013
17026
19626
41579
18950
24510
14972
25541
25444
18716
18449
18648
54079
33457
14725
15467
29627
18882
16889
18998
14848
20072
18399
35617
17340
13405
19505
18662
42676
33487
32715
25032
22067
29513
18794
21103
16479
43045
22859
27579
25426
34953
39701
16999
21593
19107
49935
18474
21280
42429
16770
37909
28490
14883
15339
15329
32827
21357
14822
18716
13167
30391
31972
18245
24962
14264
21151
21977
16084
37687
16677
13452
15086
17731
16520
16764
25899
38194
26923
21046
21638
34047
18945
20339
15489
30367
20353
26329
15261
20706
15029
18295
20616
36067
14991
15279
14144
30354
57747
15491
16357
14372
28248
41736
17141
29606
23310
24711
30511
17415
14340
27280
32079
21462
17504
17375
14943
28623
19248
24112
15090
25626
17743
17276
35980
15721
19780
53077
23815
27087
38632
17023
34000
26658
20227
28838
38871
15276
26336
16866
36259
13492
16697
17028
45142
29783
37375
36128
26229
22922
44720
22890
47668
14905
16276
81691
25937
41771
57803
62695
18581
22803
35653
24081
28097
21011
18855
28295
16377
23343
25968
32078
18572
30926
15452
18734
36940
15040
22970
27602
18650
16548
51644
13985
21940
21935
20672
19111
36010
20830
15471
22416
32640
18735
14561
14966
29199
18712
14116
19968
19272
16384
24236
15961
17741
23306
27748
23194
31064
23104
41989
15555
16907
25376
32717
29366
37372
31339
34323
26608
19076
17322
43273
19995
16295
26866
18821
16152
18638
21757
24557
20271
41233
29959
24023
16366
13752
35313
23736
29270
38330
20425
19769
16445
31000
37191
15744
25914
26880
13550
41791
52777
28524
35522
16375
25458
27219
16426
20317
62912
16396
23191
15153
48030
30533
14676
19922
14002
23211
21992
24724
20315
20395
16382
39206
22314
29056
35316
20325
19563
35995
22277
14218
32749
19109
27675
20011
14391
44675
26705
35269
29095
30605
14279
50376
15265
24483
24116
14620
39376
43423
31315
26004
23623
22038
34926
21652
17723
44201
24572
19738
21839
33822
43952
46943
41738
14647
22097
36336
62996
17524
23683
33050
16770
16243
16420
22027
14109
14549
22887
25762
17992
50700
23759
19414
22464
20194
36374
61006
19465
15547
15732
17643
24625
14172
15039
48596
25830
24831
18480
28864
16211
41160
19114
18865
15871
20976
15782
22915
17605
18683
33247
28112
14938
19993
29726
29006
26330
36799
17696
18319
18336
14714
32605
16490
14843
18220
22000
18312
35903
32584
12899
17426
32508
21737
23298
23564
15631
29602
29539
41189
33767
32131
46001
27422
14454
18559
28541
16655
48754
13935
18003
14758
16811
22244
20055
32932
12482
23170
24232
23155
21276
19379
44721
13976
18705
20544
53006
14492
39615
20861
14326
32383
16896
17100
13478
18743
24952
28476
14381
18955
26654
14129
16026
36802
22561
13717
20852
26195
21888
13678
44812
25439
35838
17060
27574
18189
15446
18857
18427
29862
26366
36939
40227
22027
25049
35335
55398
35995
19382
36437
34325
22317
15167
32265
22500
52045
34734
30315
14189
18132
33672
26580
29042
65930
19401
15659
49620
14358
26925
40836
39787
33039
20911
16510
31583
17619
18154
31193
49432
59799
16801
36240
27163
16547
34572
34008
15579
23348
14319
38287
23176
19601
19267
32844
18051
16487
23428
23433
43963
30528
17918
16052
24292
18081
40415
24465
35016
22280
15336
15094
33785
24122
19304
27924
27507
26474
15882
16348
20183
13151
23958
18406
24228
20179
50380
23622
42588
19852
29387
23790
31847
27555
22748
17338
22657
28474
17398
18749
22362
15342
23629
26951
17861
32172
20345
24651
45063
25303
19569
24324
26905
39742
19229
24050
41678
20150
20116
17615
17513
28922
17816
26883
18603
15046
28109
12974
21126
15189
20641
38155
23928
14854
14800
23386
15174
14147
21591
25610
18721
14947
20103
32117
19768
17341
17364
16540
27437
39746
14790
41752
28695
21570
35869
71165
16257
34192
24780
25027
22654
28873
29061
14860
31429
37873
28265
30625
52732
28013
46558
17182
18474
22410
21277
23839
17696
34779
16309
36769
16634
19443
48091
16620
15010
19390
39750
24805
17596
23744
17140
29946
33262
21727
15810
33314
19118
37746
17443
44032
19205
17786
56330
21319
16794
36493
15236
19461
43518
33268
18387
22299
19807
45539
23295
24700
37878
16972
16167
15726
18975
15583
39779
20162
16212
22936
18151
35400
41988
36245
20211
14831
23053
20993
25186
20375
17924
44455
27584
34001
15820
19457
25206
24340
13212
29785
17780
21644
25883
23195
16396
25866
24923
14381
21464
23620
20363
29958
14257
16547
25083
18420
20046
25827
23358
19046
34927
14824
40047
29748
14840
22123
58101
22053
29862
46017
15270
18242
26929
15319
36213
21396
28475
28796
46570
17724
20820
34260
36152
23074
21685
46970
13511
23207
17276
19443
32841
23729
54004
35265
19259
14301
15780
16899
16843
20059
31879
28231
15870
24410
30046
13208
21641
27637
32270
38753
38508
18118
23529
20631
15101
33139
14836
30007
38252
14993
14355
19632
20004
45909
20542
17184
13745
27560
15178
25598
13293
14798
36852
18089
20191
46899
15988
19613
17235
40534
21142
15797
15020
14909
23045
37251
51743
32072
15601
14971
20790
27945
18435
15910
15735
27515
15623
19956
40362
39292
34727
18815
16295
13849
31496
14300
47477
28619
40560
15157
15176
16453
29035
15668
16098
22114
24605
21582
17611
35842
25857
19244
25442
51496
22787
27759
40933
17990
17152
17707
33207
13849
22467
17186
16241
17879
17108
28591
23832
16025
24013
18230
15408
26331
31228
18275
27526
25283
27844
30852
34302
17131
39005
21866
15810
71169
87544
72654
23805
21020
28951
58352
37396
15115
43458
15313
24762
28937
31865
42034
20150
48839
28996
23240
33190
41295
39954
23300
16477
18573
33446
29494
31271
25901
20150
23377
30715
25235
27523
45044
24445
20393
14427
34051
17647
44787
17354
17564
22500
29377
25260
39326
30475
37903
60587
16539
46449
41398
15804
17097
38159
33750
43430
43830
21307
36369
35684
17232
19932
24953
34101
41214
49250
22742
32425
20830
23257
14871
46662
17140
18620
18864
22307
20499
20495
23741
46793
33087
31868
33421
16362
36873
26339
16348
19101
65491
14289
17376
16847
19523
17911
21058
28848
22564
30013
16832
16633
17526
18173
16463
18219
42949
15551
18673
18514
15702
37748
21509
13897
18260
27232
26782
28380
14870
16830
39178
19294
27265
15429
15885
23599
23998
19692
21466
28322
32538
16893
18853
29706
14041
22710
14562
18900
44524
35572
22598
31261
32042
20242
23491
22003
27636
14432
19754
14121
24070
15055
24008
16546
28709
35498
17954
35099
26451
24120
26923
17527
24539
14582
17156
15829
14600
26258
18894
44287
34510
20617
28329
28384
29838
27799
29101
34187
23883
27049
25524
36416
21912
50951
19921
20010
41588
35912
21205
25833
17315
22433
13184
37537
21813
15616
13587
25143
22913
21516
15707
21941
16984
16930
21933
45603
17538
20689
17110
23760
16738
27820
24481
24734
40218
38890
14691
33572
15550
25614
15439
32997
15218
35393
12779
18803
28898
27894
27889
18171
17423
30970
24596
23687
27687
16259
20979
40838
62527
78512
21949
34074
16080
19481
13402
17546
18459
14814
18185
14231
29337
44207
24317
18796
36406
19983
23226
15016
29600
61303
18574
33492
29146
27396
15096
29431
23805
28419
15487
20804
18928
20147
13597
29204
55258
27075
68131
18276
13681
14178
16579
36503
35484
14754
20733
14868
31209
22574
24128
18603
13753
21340
56772
29339
17598
51844
19792
15353
18569
33015
30116
18719
37303
14489
16995
22044
26511
43884
19844
36387
24921
35783
40223
63288
58354
21589
36814
20321
17172
23284
15251
22744
41504
17889
29571
22487
34154
44624
34902
59091
23860
24002
34493
18435
21200
24838
25187
22003
30015
27695
15018
21202
16889
29618
22531
15728
23065
17819
30529
38870
14431
29437
53048
23957
46097
27684
34631
20834
28005
16447
18851
24846
48074
25158
14582
24898
45812
14955
26503
22197
24683
26077
37994
34949
33984
35512
72772
98830
64529
21918
18400
35192
25228
23423
29969
44270
31194
20165
31511
23116
37652
75957
32435
26526
17297
20387
31391
29062
16165
31730
48924
33376
20411
21907
24786
46966
18414
28430
14258
16121
25902
18340
44396
20103
26044
19841
18391
36638
20232
30712
45779
31229
30948
19515
39446
18520
23559
17761
44583
16166
25456
37648
22896
37018
18324
28836
28025
36665
17387
21292
28193
21184
47523
27058
14126
24680
22530
31762
20650
28113
25787
18286
52605
63596
20796
49166
32503
40938
30739
18112
15703
13307
23774
16754
19083
23924
22711
19228
25843
23184
36292
43887
34104
25313
43150
14857
17774
21497
14497
32119
28721
44103
68474
16607
14125
22817
24027
24762
21865
55369
33308
13903
37144
20342
14714
19826
19321
33020
20574
22428
16546
15825
16047
40999
19051
16096
25973
16883
15831
30283
18767
15424
46158
20682
14032
14683
13907
14578
48029
19086
17586
25313
16032
21510
29365
19449
15874
16769
21267
16128
36400
25374
20403
17109
22434
17750
17706
15966
23456
23266
26943
17419
13184
46462
72971
23940
17762
17547
48529
18897
17448
19510
25472
15212
20052
24972
42888
21148
28112
47873
14913
28499
26219
27555
13809
16179
20576
24526
37720
16936
13562
21747
31029
33843
22476
22519
28711
15060
16975
25916
27277
12975
23669
25742
40245
32904
28491
17350
17062
28319
33224
15614
19637
30271
14564
17230
19170
25961
14096
17520
18212
46375
15962
19114
27342
32587
21314
17737
33553
22104
15977
18447
25712
17185
14056
20266
35948
24244
28279
22975
106970
45843
13603
26395
15071
14796
24188
23565
22373
18786
23014
15936
32595
15903
19732
35806
48062
27151
18898
19708
23613
23229
22322
40013
36624
42071
21690
25017
42089
25000
15347
18285
16240
26320
19001
23515
20308
29994
18518
99390
20377
36991
28123
20361
18442
15427
15717
23036
25931
49808
12640
18184
13386
18098
56159
39335
23016
15311
19678
28659
16678
45308
15277
16955
22238
21333
27429
31209
45848
52163
28514
17215
33646
22423
18754
23810
19972
41783
29904
69466
32968
18739
18152
28418
33952
22566
14308
24748
25052
18818
18056
32117
45247
36275
15537
14933
14537
23076
16921
25356
35341
16608
50422
24729
18154
29386
16316
17307
18818
34795
25871
43335
18538
27571
17677
40630
78426
38363
29527
17276
21653
24654
15816
21445
30246
36663
24421
16083
35514
23760
45650
18062
31919
23646
20110
41900
18758
21218
38863
26563
33181
37499
30277
20335
37479
35053
28743
19970
64171
34106
24740
20174
23445
36574
19074
14567
19729
36979
20618
62272
17978
37054
29153
44962
13497
20925
27927
44610
14496
16003
24672
39697
27881
38974
34631
50201
20726
25766
20106
18607
22133
30554
27910
18981
23833
27839
25889
49949
37351
29881
32995
13734
14914
40295
53568
54600
38489
26219
23242
30053
52442
28806
57866
47145
17819
16476
28097
18699
58407
23165
20139
21564
25298
25969
17871
14070
22048
18077
27213
22119
19605
25866
17425
25019
15511
20358
16749
17071
29681
23277
24394
43749
14818
21599
197140
14461
24403
17574
18122
32117
17765
26458
22653
15793
32489
15457
19852
17653
22277
16842
31428
27026
21656
24056
20575
41513
15990
27686
15580
13697
19533
17154
30185
19030
16737
15863
17757
25079
21061
16225
24136
26354
40305
17878
36397
77927
14228
22334
15060
20756
15106
24821
32320
36414
21864
18513
15360
30573
16313
18258
38135
16602
23575
15814
25643
25359
16067
16936
61346
18029
38791
47276
32064
38366
40543
69122
43629
47434
24992
27991
14871
17734
28915
24122
16124
19734
21557
24517
21620
28601
13305
19279
41052
26585
25708
40404
23351
47879
58800
25443
12854
18664
25880
15241
15618
45744
24396
15231
17691
48219
63818
17216
24551
29403
15068
13339
15018
24058
21042
12985
23829
14877
33968
42620
22242
20812
52073
19134
22692
20445
23346
18673
24576
32450
16954
61785
73481
30912
17203
23263
19891
21799
57539
14594
30431
17419
45719
17403
14502
22279
25175
50212
50679
17674
22187
23873
48394
21997
17951
50688
48022
14777
30358
36444
23256
24602
23519
34769
23479
18070
22393
27553
28513
19984
18259
23620
14693
17641
14270
21892
17539
16472
28615
31087
26547
22020
19893
25465
18108
24808
24097
33932
30067
19131
27753
12742
40778
43743
25165
20696
24365
20932
30379
41789
16232
17733
20129
15674
18131
26528
13618
24503
16436
19199
21045
35556
31629
23938
14478
17930
39547
20121
12242
15133
23917
54727
15251
43885
16795
25195
20757
22490
23205
22879
15521
19506
43140
17203
19543
19607
12759
17694
24470
16183
42387
20794
25271
26520
20981
35293
21442
31150
15776
15621
19341
17954
32601
14260
23680
14364
15169
46459
70926
16092
41185
15438
17945
16819
31066
21488
30211
22743
31960
21239
34156
16195
29010
39035
19515
16474
47154
37095
26771
31458
15535
21536
18871
14743
21606
23916
14910
39557
57939
33578
50497
74389
36934
22552
19487
19839
55737
27840
28442
18597
17523
21455
44085
15338
53920
18265
19964
24673
25812
22062
21712
16729
19836
18568
19242
18415
13521
14245
20625
23942
19697
15784
16155
20913
14822
24156
17456
27479
29370
37558
15601
16276
19107
16038
15997
24978
14296
22436
22309
36273
21386
19954
20453
17975
47160
21667
27084
52376
30065
14134
15749
24576
19507
14746
17813
16486
27860
16244
13321
28929
15072
18025
22435
26886
44331
14368
35678
30233
43714
15594
16408
22794
30772
22606
64549
28569
14845
20150
14836
16728
39286
23264
15829
19522
14633
20482
17796
40092
38528
23577
33118
37408
14456
27399
37339
31276
33794
16643
24385
19767
27400
23015
28679
25797
46091
24814
17386
15001
15055
19729
13535
16875
17165
22914
13733
19002
13063
25478
22522
22925
17901
28776
15927
29489
17555
13668
20940
20044
33288
18218
18120
14431
27985
16570
39547
41974
42445
17422
14705
19595
14560
26670
30938
14354
15893
23314
27037
25613
19736
13080
18040
18198
17179
46817
32276
22769
30412
15106
21595
32480
34700
17985
27242
17992
23346
14238
23056
24466
18145
18775
16366
20329
17651
18044
15001
15712
34583
19231
28211
15628
14424
31512
33490
16783
30434
23456
19413
22387
62980
36749
23102
37082
17467
16959
22497
14435
18907
48688
29467
19842
35870
18226
40204
23848
17649
27260
21633
14916
20866
16276
27330
30074
23441
36577
27447
19096
27161
23217
16393
18198
41579
18739
44637
24798
32292
16953
29619
22412
18357
14886
23523
25474
21013
21821
18639
25295
28321
35622
18256
31359
18885
28892
18288
23327
14312
32809
16238
27547
16512
49259
31034
25775
15850
15201
17020
15948
14533
24890
34064
15812
24251
42938
24079
16450
14995
38526
25937
22833
13669
15830
19116
25822
15180
32119
14855
15623
16159
30221
21282
12622
33250
52988
30300
20407
26553
21342
13805
28401
46085
16210
23000
36044
31143
32996
19553
14269
26529
39902
28117
27867
13656
39321
16656
20009
28303
39952
51921
18459
19758
35127
21181
23661
14068
15903
14858
18626
15825
32871
65937
20188
30697
20476
17833
31853
23049
22884
17888
48164
59843
32535
26695
13734
25948
30170
36617
53360
28893
41112
23450
27728
26014
29426
22988
18071
18626
54702
15828
23520
21584
53469
57706
36106
19743
35810
30318
36772
25021
14815
26395
23442
21245
37607
45826
20468
17365
22977
17785
42078
40379
44665
36313
21591
25620
16041
19229
31696
34006
24611
31093
17948
18102
25300
29694
27160
28594
48835
13263
20604
18785
15776
44950
17676
54310
38395
28016
38157
34693
27500
14149
42942
47470
28716
42166
50216
14451
40510
16827
48342
26083
16405
41775
19082
17746
14396
20503
15916
58641
57072
18535
15330
18950
20322
37907
26455
19232
22593
22280
49632
34362
32127
18999
14936
37064
26211
19363
17798
17878
29969
20455
32265
46772
30252
18823
42028
60888
26211
25919
29602
36507
27022
25215
41796
27342
40307
22572
39600
33001
16678
31499
24732
13143
22461
25118
19694
30671
15669
39765
32527
15351
19378
15726
28693
15733
42936
24678
18076
14870
25921
21581
16080
36872
18406
28581
21241
14149
16917
37814
30904
19603
16031
44594
29218
23208
42779
14465
24382
25624
34914
16081
18312
24528
24992
22047
23658
25252
19421
14504
16467
21341
19061
16455
16543
40500
36484
19616
15671
27382
23971
15294
29632
36032
19005
34370
21056
18230
14844
28522
17647
26951
33402
16284
19734
17812
34301
22189
68532
18443
33003
55295
43668
24302
29410
14814
27210
20233
15315
19831
15765
28944
22410
25126
22589
17911
24683
14446
19548
23590
16715
14025
14186
31023
32050
26539
39183
20585
22668
25629
16366
16964
26224
16501
29893
25154
24113
26139
20981
18822
22476
32607
24615
33487
25329
15619
16311
21120
29133
18505
22213
30231
13142
18734
14564
21393
25198
34389
50652
30394
58215
69604
21892
36988
16860
32592
50907
15336
29957
16209
28671
16486
21088
24219
20843
31241
14267
22512
29891
23955
30548
24684
18581
45187
25769
21732
25128
16310
26244
14819
23871
21659
15882
20534
17828
54912
36095
19540
23818
46484
24687
45372
39201
17652
50928
26737
22925
14806
17823
48084
57315
33847
26684
45142
22706
19550
20098
27814
75908
24829
17489
46810
48336
70671
26624
15158
40133
14407
38937
57832
34606
34113
22819
18985
15493
18148
21224
29905
26629
16778
15733
20279
14909
20954
20420
20755
49587
21372
30547
28675
19042
13526
14104
21577
21549
21162
33723
16435
18883
26017
13975
13307
15663
15942
18379
22257
24311
29769
28330
14829
19096
21400
16049
35947
25744
22478
17852
51342
19332
16480
17810
23843
17338
19808
27663
15073
20800
14871
20322
23337
16095
17612
24575
15149
25747
15159
42149
19767
40916
26634
16011
27230
16323
20711
39685
31261
12989
17869
18361
21749
15802
54540
70003
26088
35019
35529
14958
17122
21583
13712
44263
32643
20368
19697
38851
23569
32371
32892
13438
14301
15040
14380
30819
16309
25033
29445
27144
21464
17374
16815
41388
22445
26923
36177
19879
27618
15695
40373
14849
20840
15170
17375
24631
18213
24675
21284
18273
26755
26480
15620
15533
18500
16689
15736
29609
22063
28240
16552
17409
25119
33189
22237
18995
14513
22445
25162
27179
21873
20244
15338
21752
35979
25404
21518
18561
28142
19888
18831
67870
14334
23695
21132
24029
13944
31121
36359
16258
16833
14554
21784
16228
17141
13371
34353
23871
24541
21633
21702
19328
21993
13814
16400
18869
14428
17215
28153
30525
52935
17022
27339
22987
25289
46500
21057
21062
18953
16534
19795
15850
14260
24345
22666
17649
25523
18509
18868
43961
60348
18730
15021
15775
29994
50359
30474
40826
38659
39082
14697
18108
24815
51121
85598
23037
19224
42537
37817
21757
21094
26105
39620
16720
15877
14793
21727
21043
19575
15864
21532
33829
19934
14039
24782
15654
15895
17123
16747
50575
13975
15167
23941
19919
35089
42267
28660
19161
16971
34980
44854
63635
16354
18953
14120
21017
51096
33614
22167
26187
28259
28836
45944
29340
15643
28591
24876
48027
54960
26328
36092
38681
17358
17774
14481
26894
39347
15572
23767
57508
31051
33213
18474
16036
19473
14285
34598
17025
14870
24400
20769
71880
28394
44940
33837
23526
66300
18680
23533
29747
30161
23047
19133
17456
36086
19087
21796
29669
17940
43715
16360
18350
25102
74071
20567
18869
18834
61046
18061
33266
26705
16173
19529
27233
13499
40617
16267
30481
27294
13253
18407
25477
23505
16219
21839
37675
26256
17578
32095
26356
23338
20271
16473
15570
19861
