38389
17332
36590
15923
14817
13482
16569
20907
20840
23422
18062
20321
17409
17660
24877
17022
14260
18657
14095
15777
14489
24275
23084
27758
14225
16105
19289
28254
23019
18101
20267
15121
17678
36827
14118
17249
14544
15146
20458
15632
14050
15464
13771
16045
15676
14769
18848
21983
20979
25429
20549
16094
16450
17365
16067
16194
16161
15471
23659
16782
24283
14029
18959
14522
14452
18214
30524
26060
23592
16418
15897
13317
19584
15107
13128
15952
14986
16485
17805
13803
15146
18334
17411
18111
24550
14834
15070
14977
14439
23537
20545
15384
23843
15816
21233
17463
15796
14600
18028
18166
20680
14556
13917
17525
15793
17169
29289
15332
15287
14851
19942
13387
28114
17029
17825
21447
19359
14994
19908
20675
26480
13413
22762
26439
24090
20214
14546
16897
17978
22227
15156
14643
17620
15390
14637
20022
13221
32933
20423
14788
16233
15122
18139
15141
18990
16930
18261
15788
22046
28298
19568
19993
15819
17726
15197
29744
27034
31914
21892
14154
24644
17914
18139
18453
17588
15626
13793
16199
16517
20344
15240
21692
16857
13987
17150
23545
18628
15410
18329
33604
16818
17710
16505
16331
17749
19804
13912
24262
33783
13612
17836
15471
25577
13062
22262
13675
20213
14747
18369
19799
15324
26164
15381
24963
20993
14937
14653
26220
15718
19818
14177
21248
32983
26026
16398
15254
14591
27869
24439
16664
18086
15097
14502
18407
17955
15649
21189
14589
17140
15338
17326
23422
40179
23742
16809
16830
28864
15743
36813
14789
14782
28081
16521
16621
14761
14447
22264
25290
14902
18605
15379
17289
13323
23280
18044
19634
22242
13747
30966
16153
15145
18096
22239
13649
22871
22230
13200
38135
35915
43187
41726
19831
23125
28637
19867
18691
14506
19000
20905
15714
15423
16363
32480
14965
14623
21247
18507
16468
15790
19208
20348
16721
18031
23074
16499
15259
34288
15193
15191
13756
22604
15417
23795
15846
15790
17638
20959
14092
14194
15395
17851
15491
20125
16690
17048
17938
14043
26030
14961
13591
15909
15171
16369
15410
16045
22213
15584
28460
19627
14206
14784
36362
32889
15804
14606
19728
14651
14933
16892
20520
27395
16349
15739
19754
24729
15592
18207
15700
15708
15105
18151
14828
16272
24756
13859
22637
17756
23693
23270
22801
15491
15978
18041
23872
14584
14766
15977
19099
36394
34867
13868
17448
14950
15712
17218
14924
17446
24821
19741
32577
24663
18565
19439
18151
19247
15035
17672
14690
17477
15013
14525
17317
16446
15502
20383
19510
14474
21992
14553
21120
13880
20660
25671
18804
29339
30504
17429
14238
20806
23064
20050
13261
24979
16048
22814
15047
13970
17631
22751
15122
19802
19816
18445
14399
30957
19654
21508
16571
17442
37981
16469
13817
21162
13661
14629
13334
17406
23199
16735
21282
12154
17295
13386
29663
12609
13126
16274
21925
16552
14847
17934
14055
16818
14074
29709
18653
20631
13983
34398
26822
19525
15552
13619
14126
13968
21052
20949
15726
20201
17887
15191
14276
16619
17091
27435
17285
13451
19155
23721
25800
42837
19716
14237
15672
21738
17139
19870
22848
29605
40605
18296
16952
15084
34831
22775
16968
15058
15070
15473
16698
21155
18508
21585
16492
16938
16551
21167
18187
26533
18932
21450
18854
15152
14969
14352
17480
16869
17041
23624
19386
13700
19311
16652
14908
16592
18301
20847
23522
21307
13489
17903
16644
22663
18395
17607
14833
20103
31718
16885
24911
17025
14264
18015
15869
17553
14542
17313
18266
29180
16366
24965
15325
14110
18797
15437
17441
19405
15099
20960
15411
18091
17562
17574
17393
13525
14437
17723
29521
18240
19024
13665
19080
19900
19549
20079
14582
215512
227411
166423
56371
14519
15076
14917
16867
16161
15785
16715
17686
14611
14204
25858
18425
13161
15728
16351
20918
22130
17818
16821
15522
21548
29842
13805
15116
15799
17035
13911
14127
13854
19480
14383
18313
15593
16641
36534
17465
16181
17274
19749
25635
17513
20313
17067
14222
16777
18847
14253
24539
14957
32153
16738
15705
17698
16965
24025
15073
19232
16674
16214
16777
15361
15971
17726
16841
17162
22616
16081
19440
17571
24586
15054
14150
16006
14362
16268
24558
21820
14991
15429
15088
19681
23840
21203
32949
18722
20333
30768
37744
20458
23010
18229
20065
16128
14067
27983
32519
17130
17940
14488
13546
14817
16469
21324
19983
15175
14598
18113
22926
17574
20315
13412
13277
18192
16037
14162
34629
25176
23428
33625
20297
17122
12945
13600
12930
14623
23514
25214
39488
15763
25031
19368
14905
20625
38788
15136
15056
18653
14018
17456
22872
21688
28828
15335
16027
17011
18290
14133
17299
15258
14849
15245
16841
22208
35159
24961
21655
23124
24949
16935
17390
16595
15918
16099
14313
18265
19610
20591
18497
16806
14435
13372
24063
19298
14019
18158
22782
24968
15544
13901
13592
18575
16120
14873
18964
25749
18694
22094
48244
13942
16624
14393
33127
19916
16401
15648
16994
20700
25920
33104
13813
17627
22603
14703
19849
15476
18807
16097
18524
19322
19267
18697
22540
18242
14367
18099
15810
19066
15937
15586
16636
24857
18331
18621
27335
20242
17164
14244
16976
18155
16990
19226
17829
15809
27153
18223
15717
14081
19047
25090
22823
23652
17195
16827
26623
21084
18625
18110
22699
15481
18522
16573
24065
17184
13326
22520
18217
20047
27729
17331
29014
15883
14063
17330
13977
23008
26209
15974
16798
19395
23940
18585
19959
14373
21718
15510
13340
14496
34033
29746
14179
21301
20027
15227
33670
37264
21627
20317
19240
15008
23177
15953
22720
15000
17748
14148
17275
14037
20865
15633
18778
15925
23582
17944
20436
15778
16745
18809
18779
16128
16182
22528
14230
18015
17095
21827
19237
16196
16130
15920
23885
15450
14295
18909
29468
19092
18798
21943
16026
15108
20800
27778
15457
14803
31861
36547
15707
27427
16603
26490
14887
19109
17910
14282
14505
23848
19046
19050
16378
12876
15713
13784
14107
23732
19726
31451
18731
16397
15774
22654
19812
17093
17936
17808
13916
18620
15687
14671
25246
15941
14111
42974
20801
28596
19169
15914
28333
20488
15136
15576
20988
18889
18087
16077
13990
16726
21353
15959
20114
15851
15476
15013
16000
15428
18613
13711
26577
20102
14306
15499
17340
18178
21321
18412
15290
17546
21269
16606
20832
18026
16319
15230
24193
18374
16477
15198
22699
20754
16491
14174
16047
14440
20551
14694
23653
18750
14788
14353
24801
15644
16528
15229
26552
26165
16535
17084
25381
16344
17223
14772
14737
15098
16512
29131
15286
17217
14688
22193
16862
16040
16371
13666
13863
14558
12230
18472
18575
14432
14865
14279
20062
18880
13536
34098
19271
14130
13287
14018
13666
18521
14843
22726
14482
14355
26313
22338
16691
14636
21469
17168
18596
21044
20994
16817
14950
14749
13831
14283
17807
22269
16740
16489
24960
23301
21738
14326
20080
19113
15417
15204
15281
14742
18783
25376
15952
27111
18951
16232
19096
24449
19473
23796
15790
17465
19903
14922
16861
18279
20535
17504
14751
14969
18613
20722
15170
22157
40991
17363
17839
14106
23177
15444
18883
23343
36664
16071
25660
32776
15347
14824
15535
17963
19993
13645
21310
25709
14942
18055
14190
17583
24525
17439
17904
20169
16169
15053
15039
16474
16192
26269
18920
14315
18166
14111
19790
19397
16869
15379
17255
13209
17906
16625
18098
19801
15373
14506
16240
14471
15804
15723
13764
15896
25693
15770
14539
16301
18309
17885
15679
18909
27981
16171
21827
15572
15850
14403
17436
20509
15350
17148
14789
18348
19815
22584
23284
14077
28416
14364
16860
19696
14842
17569
31116
15954
16032
14358
19138
17561
14174
16688
21770
20302
17376
25506
14465
28688
19573
13743
16296
14934
17175
14237
20247
14129
14334
14864
23317
17004
21278
14662
15172
14871
16862
16112
14157
24313
15573
14904
17166
38428
14099
16527
19158
13750
15721
15302
23974
17039
28485
14291
19017
18212
15728
12934
19416
18792
22066
15410
38111
24128
21247
16431
17642
13621
19068
16178
17141
20361
14529
14429
27525
17549
14995
19124
16033
15277
17068
15211
21030
21770
19005
18684
17942
15218
17220
20887
17609
14162
16379
18746
22693
21372
15923
17803
14443
17084
18894
14705
15866
24446
13090
15575
34156
19094
22495
25846
13805
14409
12971
14623
13452
14187
13311
16326
15051
16096
15576
21373
18402
15915
13738
18444
18721
14243
18754
15456
18395
32500
14810
16000
15968
21044
14377
22124
19438
22707
13460
16668
33021
16386
18305
22264
17626
15168
14457
25868
28490
20936
33632
14783
19700
18809
16443
16054
19403
15061
13721
16110
12634
14224
16236
16756
17263
15836
33102
15747
14508
19980
14266
15428
15340
16194
15920
17939
14906
13945
12839
18101
15133
15928
13530
18910
18370
16938
16890
15661
17317
15075
15035
31282
14631
15744
25717
15136
22568
12021
15959
16180
21264
13588
18229
30930
13931
16459
15820
17960
19126
18486
20977
19141
16316
20772
29306
13219
18122
19264
15341
15685
16738
27104
16221
25083
18071
21993
38608
20815
22185
21760
15503
15092
17907
16432
12914
15179
21112
20262
13427
13810
16786
22060
71505
16487
15713
14392
13468
15068
13011
16960
17039
14527
13805
13414
20408
14501
19615
30173
20502
13914
24407
14681
20168
15471
13592
17924
32659
29866
41090
15305
13529
14329
14656
14238
23153
15331
14400
19773
20719
17432
26060
34614
15664
16421
14421
16411
17968
16990
15318
16487
22993
19600
26419
27112
17463
15281
25330
17101
46699
29852
20958
14524
15199
22473
13523
18665
15590
16377
13902
14383
12225
16444
14563
13656
20209
17140
16659
14782
24078
14971
16619
16035
14474
13873
19639
22063
15416
16174
32606
17155
20431
29888
15339
16312
14329
13153
21508
17430
15884
16697
25200
13714
14786
15406
13897
14142
15844
19774
19596
18957
31884
18813
26306
14469
18137
23561
15660
22106
15463
21417
17907
24949
17128
14028
14923
17140
15176
15003
17888
15047
24685
19018
14869
17894
14995
16563
14980
16530
18687
31991
23847
43769
21741
19532
15338
15374
21751
19858
20100
19573
18500
25566
28485
15428
15508
18015
18264
15480
14737
15378
22831
14723
19490
22478
15708
13687
15274
19104
21029
17250
15651
13063
14351
15307
15821
17396
15937
16301
16205
17287
19644
15065
27380
18409
13022
17046
16784
14627
16027
15507
15113
18118
18695
33775
17402
21227
15106
13636
18028
15548
14883
15068
16084
27131
18534
21120
13666
20711
14859
19073
15781
18798
14073
18937
41140
15430
30133
22050
15319
16041
19139
14331
20605
16225
15773
19197
18973
16657
15472
27720
39728
25579
17531
16807
22095
18983
14667
15931
29198
29338
13815
19099
14335
14483
14027
21814
24037
22104
22808
15919
18485
16171
15507
25376
32985
22531
23747
15020
16788
17465
17410
22765
16429
16300
14725
13970
14556
16023
15869
24871
26023
19083
23254
16857
14830
18701
15110
14579
16332
17367
17653
20469
16237
16403
16936
33482
17662
13667
13753
16480
29978
23589
15877
13750
31340
21926
19324
14246
16855
21469
15921
15431
22716
38234
28401
19434
17570
18704
19484
18997
14306
14757
17272
15841
13815
14271
18326
14233
17239
15952
14702
18854
23509
15857
16780
21586
18476
15202
16247
14453
28462
17543
20244
17515
14332
17864
36184
16873
20874
27480
29281
49153
19700
18475
18972
16332
16021
24265
14482
17267
19280
17319
17447
21893
18616
17571
23999
19483
16041
12980
17700
13991
17675
15759
20292
14494
27259
41933
25259
19524
16660
35606
15447
21522
16821
37750
24687
17162
14013
15116
16156
16705
21116
14269
14248
15899
12309
31702
23318
18971
27744
20033
16262
15357
18388
14215
15038
20645
17263
15688
27938
13603
17134
13359
14629
16932
15037
16680
15014
20185
14492
21217
13648
19833
17017
14726
19654
13985
19175
15096
13741
15808
38092
19494
17492
16537
14288
20510
14599
13882
16474
14050
17310
14225
15510
19546
17724
24190
14619
16497
23153
23559
14975
15284
16314
16877
16457
18584
14256
20130
21590
19131
16652
30737
19031
16361
15245
22190
16334
15222
17202
15723
23778
23454
34636
20011
17070
14067
14007
15366
20870
20671
17395
15841
21332
25623
16780
15330
18029
17715
19548
26522
21641
22881
17139
19142
20667
14769
17785
14399
14089
22680
22901
22109
17834
16384
20606
15279
15357
20808
15249
14774
22090
19745
13496
15110
19143
18160
20123
16483
24497
17088
21973
15194
14202
21127
14928
15404
28952
27801
15676
16029
27969
20538
17309
16741
13447
14180
14046
19245
18336
15930
22057
14793
33469
14042
17472
21161
18668
16010
15275
13754
42647
20708
16872
14480
15011
15470
15415
15124
16041
14585
16325
13530
16096
16090
14421
20456
15941
25130
14606
14508
27007
33179
18622
15415
15802
19994
18396
20789
16174
16286
18023
16740
15878
14265
18860
29744
17314
14919
17409
16895
22706
16408
15456
23166
30817
16882
14837
17718
14871
29476
24868
16727
14928
19616
41619
15900
23037
14606
19973
20624
30451
22066
35791
16081
29258
30321
16992
23370
14157
16534
14386
24519
32150
19857
17597
18798
24867
24475
16746
20255
18949
16954
15344
29889
18891
20113
16574
14311
31890
32335
41417
41519
18388
19658
18192
13775
15561
16727
20484
22677
15006
33850
40490
24717
15120
14943
16058
19561
24859
15494
23622
15879
14635
26555
13888
15032
13561
20904
15609
39865
12635
13589
17654
15394
16448
15129
16492
12668
15628
21868
20661
15887
20314
22603
22207
22581
15088
44427
22187
16580
15098
20780
13789
16060
15540
18152
22179
15259
15417
15730
19705
16123
17891
13683
15750
14793
19461
19383
20673
22072
20150
17267
15214
17012
16111
14822
15515
15193
16244
15477
17633
15168
19063
19347
29359
22512
16184
18139
17739
16531
14698
17869
13885
15635
23650
16379
16508
15420
14189
16073
17681
13380
13919
31348
16277
21637
25767
23400
18666
18794
15100
17661
14372
13913
13580
15910
15118
25536
17913
32116
19931
16272
27141
18470
17825
18005
32380
32811
19181
15421
34080
46686
15864
29366
20730
15720
18908
18338
26988
27834
14446
17609
17768
13708
14230
17175
14947
32485
19287
15483
16976
16337
18506
14495
17671
19514
18540
15759
16210
21522
13379
27452
15594
35951
15080
17548
20416
28153
15007
17344
15014
17120
25526
17743
17130
16006
17079
16629
14127
23480
21614
14964
21647
22884
20941
14728
13928
13714
15126
17317
15658
18815
17418
15273
15986
18827
12775
13794
14164
16361
19469
21765
14396
14906
14423
18911
14630
17738
19671
13447
15575
19917
19884
15195
15718
19133
16116
18215
18834
23925
15748
20044
22306
12832
21171
16472
20386
18079
14739
22209
25293
15720
15223
20957
13600
14750
14563
15489
21180
22956
13472
15004
21128
30953
16461
18527
14571
19156
15826
15394
14619
13127
19696
15736
14810
20101
18169
14147
18872
15392
23247
55677
18055
13955
14239
18772
16094
16082
14709
17029
16778
17061
16361
18385
13585
32761
41311
21780
20455
16787
14460
19038
13803
21828
17603
14027
15678
13396
15442
14738
18170
14150
23046
17075
17570
21205
14427
19971
18264
24343
18400
29268
18745
27695
19125
17508
24911
12590
25628
20454
22790
16013
14294
18252
16955
30866
14254
16468
14472
17258
15992
14422
14411
15614
42461
20146
16520
19323
14867
14028
18942
27630
14669
17388
19359
25650
14955
17689
16841
14452
16304
13228
19933
14501
14486
16833
22757
13669
23144
16828
16766
31605
15860
14577
15075
21842
29511
25632
23391
16712
16565
14720
28522
19176
14777
17077
15378
19632
14390
16669
13181
16222
19252
18898
17393
13573
18845
14785
13819
19277
18828
13539
15471
18032
15983
16002
19138
16753
13236
14060
18201
16234
24041
15057
15175
17253
16030
15571
15312
18010
13567
16970
21512
15644
15376
17961
35233
32844
35715
20647
18801
17017
14671
27594
18021
14926
15902
15850
17263
17463
16160
22741
14201
19951
13261
23480
15167
16572
12644
21672
14399
19829
20653
17688
16709
18861
14718
18728
25743
20449
19507
18313
18997
17875
29208
20845
15592
15383
22163
14732
15278
15489
17794
17336
16884
16214
16569
21203
18459
20764
27443
28333
18442
29832
22412
29900
18077
19987
16748
21063
18180
20293
16941
19922
15059
14624
13955
15038
16818
15179
15737
15996
21915
21969
17761
25112
16952
14205
16076
14065
41665
19057
15046
15165
16348
26294
16227
18744
18113
14623
15138
18358
25757
16440
14956
16910
16567
18886
16151
20870
15453
22815
37795
14765
15461
13635
15547
19055
15586
15478
15640
16368
22472
16483
17798
18807
13555
14341
13608
22967
24195
15310
17994
19051
16908
17975
14611
15838
17747
16657
17462
19138
19340
14794
17603
20531
15496
17314
14173
17161
16335
14689
14952
15778
20025
16497
17666
18834
17827
17019
18867
17586
17841
18559
14317
16363
21339
34239
15656
21764
16527
18190
15599
13266
23298
14100
15259
17018
16010
13221
19038
23824
28580
19382
18029
16541
20533
33361
26229
18974
15976
15659
22888
17938
15734
19231
17635
14889
13496
15245
31936
17690
19306
16961
16918
14880
15032
24181
14641
23318
27231
15585
16818
17275
21257
17033
17652
16806
21866
19768
24041
25133
24316
18444
28203
15501
17955
25413
20970
14344
14509
15080
14041
21896
20698
218496
117814
14288
16016
15311
14628
14698
15571
14600
17110
18345
17668
27676
14862
16062
25247
17254
15736
15472
16012
23476
17064
33684
18742
12537
17428
14839
21154
15422
14966
14839
22380
16186
25897
13997
18310
16593
16852
17932
21317
23522
26580
17874
14710
14790
14449
16180
14242
15553
17415
12725
15062
13657
16865
18546
18042
14147
20428
16083
17280
15575
18050
18295
16370
14855
21043
23197
17639
15645
14833
15327
12847
26819
18741
16226
19333
18130
16342
14685
13945
16262
14987
18603
22075
17733
16271
20977
20791
20353
14004
15446
13746
15802
13069
14878
14742
15019
48694
18258
17370
16416
16115
18329
16578
19306
14510
23461
13624
13290
15678
22944
13894
31265
20980
37118
15913
14993
21920
19123
20671
21469
21150
15129
15360
13804
18516
16256
14700
25953
17259
15277
13768
17133
16723
14658
14106
16895
18800
20790
31612
18765
14854
16471
14930
15519
14022
14295
15380
13142
21542
17075
19698
18973
17369
13848
14688
14183
13620
21801
20658
16380
27654
14601
13115
19703
16306
16725
20414
13163
14915
13515
16324
19148
32628
39779
17059
18331
18834
17683
26158
14817
18236
33568
43875
15314
14807
19540
17768
26749
22960
28642
40475
16460
17491
17010
47384
16874
16177
20067
15437
63600
62214
15553
28567
18837
14177
16990
15337
16544
17179
15577
16979
18398
34422
21103
27414
23176
20258
17149
25112
19009
14870
25661
23064
22519
18775
14161
14966
15850
16358
14196
15383
13883
26586
15047
13770
16492
31969
19545
15698
14117
18276
14644
15487
18047
16557
17657
20534
19194
17450
29218
14436
13363
19904
16235
14053
15198
20754
15461
15786
16964
20749
16010
15641
18980
16534
20308
14206
21837
13880
16166
20376
34009
17052
13736
16592
18991
17511
19546
14446
18714
16699
18276
21233
19762
16697
14242
19457
16513
15176
15970
21357
22340
13711
22000
14936
15183
16603
24017
17081
15260
15546
17067
20364
14776
14564
20438
26008
19438
17834
15524
17699
19211
14756
13273
21916
17688
14268
20949
15110
16410
26681
15923
16523
14056
14024
12970
16250
15221
18412
14645
16646
15199
14514
14520
21238
16820
17960
14490
13735
13944
14200
14926
17358
15027
15509
13421
17716
40012
21165
20613
12844
21064
34705
14491
19766
17383
15841
15966
23132
14409
15496
15328
20850
15350
16541
14448
15780
21649
33245
14579
15458
14045
13896
13607
16283
15780
14425
23361
22374
20451
18485
21343
21195
14752
22242
18826
16235
16288
13261
14272
14673
18845
15133
15889
13897
15903
15905
16723
16671
14521
13783
14688
13668
18531
22472
19802
14440
13665
17590
16312
18512
19677
27781
19115
15653
18668
20449
16712
20098
44704
19043
21014
18315
18925
20901
15062
14559
15880
15555
15836
20790
15951
18030
19828
37128
13566
13446
25331
16072
13993
14321
17067
17306
18697
29677
25881
27782
19340
14626
19229
18955
14758
22455
15889
15849
13988
18518
15655
36303
18085
14152
18151
18224
13631
15062
14689
15118
14116
20063
16867
16351
15972
15308
13972
46603
15975
24715
33097
12933
15781
14304
24816
21578
15506
21874
17737
19773
14824
17006
22627
15674
17215
16086
21044
16261
19174
20315
15194
14111
18246
16411
30361
18314
18368
15555
17222
18517
22926
19769
17560
21864
17635
15971
18597
18228
21710
17020
18617
26989
16506
16733
19449
22684
20083
30634
29746
20853
18613
18794
17266
20503
18318
23574
15508
17247
17673
19416
15554
16046
14674
18431
26247
13941
31046
15045
21441
32706
19190
17577
24294
36919
16233
14663
16205
27524
14938
18500
13768
18420
18288
16617
18207
17642
18105
13210
16080
31580
37111
16699
21347
15610
14691
19325
12889
20865
18916
16962
17256
39619
22481
14326
17082
17865
13024
27550
18581
17734
21814
15100
15427
33011
19687
21193
18906
16643
18559
14125
29250
16152
15752
16559
14045
18458
18875
17995
16683
21263
20117
14723
42667
29905
28889
19086
16321
39586
23390
20276
21605
25115
17471
18815
22842
22649
16042
23096
13869
17610
13286
15212
16887
23348
34880
20152
16060
28695
15898
13160
25539
13581
15834
13033
13330
14508
30001
21660
14399
16050
17199
17859
19388
12543
15614
17819
23031
16541
20962
14426
13434
12471
20478
18262
14979
14375
13328
20059
18187
17482
16681
15470
24622
22355
15992
16577
16907
29071
19426
26614
18111
21549
27506
17204
18255
16207
18789
14381
31978
20109
14024
16451
16918
21468
15169
13589
19618
20977
15690
17138
15798
15659
17935
15823
21404
14261
15031
14900
29203
22189
16595
15155
23433
16444
17315
14698
28048
18637
13271
19417
20158
18816
18275
19079
20477
24356
20476
16042
14591
17157
20277
22816
17474
15565
15043
15680
36087
28817
18327
14817
20054
15289
18437
20365
14524
18596
21021
16982
14228
14064
17849
15299
17332
17289
16001
21678
13553
14620
16634
25491
21814
19480
12815
15495
28957
16443
21063
17942
14754
15747
19054
16557
21437
17671
18251
14308
15827
18919
16368
16158
16971
27906
14742
30416
26100
18432
17508
15286
16950
12844
17822
17799
14808
14922
15126
17108
16662
13561
19678
14853
20499
32667
22319
13002
20593
26991
15443
20645
15203
16566
19232
13914
13953
16461
46777
18612
41986
20810
35400
15317
16286
13516
16424
18441
21442
22251
19107
13759
14459
16234
18861
14657
22608
16136
15829
13620
15045
13448
13919
17722
16101
23605
18289
14457
18117
16822
13463
28145
19212
23649
18241
14116
20372
18330
15832
20398
15538
25813
13945
17729
18191
14925
16144
13316
21434
16119
15020
20285
17148
16582
22960
56834
17458
22394
15615
15207
15790
19345
17167
27425
20383
20648
15772
25452
32295
17838
14848
21899
19052
15562
16372
34104
17473
14059
33090
19858
16039
23111
26774
24031
14211
15464
21834
18375
18720
20291
16555
13857
16009
14418
24258
37185
15465
19588
13780
15946
15343
14520
13978
16090
14437
16703
15914
20342
22155
13847
13646
14715
16196
24270
15055
16861
19736
20497
16754
17596
16647
14042
20798
15254
21619
13287
31280
14516
16661
14072
19889
17355
20804
15866
16430
15876
17388
15316
15823
14801
23194
28914
15681
15230
25174
19548
13180
36172
16232
20691
17925
16601
12252
21161
13327
25940
25697
13643
13632
14358
21981
15920
16848
17090
16244
14220
14484
19784
16836
15298
20281
35038
23444
14851
12644
15924
14286
13239
19965
32073
20119
22935
31084
16572
23029
22591
12062
16347
32042
37822
16840
25219
15739
21622
25288
14963
17046
13704
15834
12440
14489
14359
18649
13750
23938
21955
18153
20989
17469
15231
16602
17092
15734
20379
15031
16102
23589
19780
14448
15698
17642
14321
20731
14628
14897
17224
18961
16192
14664
13977
23297
32392
16114
13532
15015
15616
17579
23806
18042
13149
13735
20827
13800
23797
17115
13706
18816
18009
18887
23775
18709
14165
20513
18631
15246
14688
16539
18574
20989
18111
16769
19762
25283
20526
15052
14164
27855
17257
15742
18387
27951
13621
15771
13707
16805
14072
18311
32404
14832
14653
23939
15951
21502
28131
23187
15768
19137
16173
24107
14731
17094
15767
16086
14574
18938
19690
22080
35200
13477
18845
15227
19051
25883
14161
19372
30020
18878
12348
14922
14886
15138
16314
17133
16587
16392
16550
21223
19085
17756
28445
24451
25805
17034
22483
15282
17799
18268
17664
17223
15612
16629
15694
18072
15538
14784
28889
22417
14916
15645
16172
16250
14678
15741
13911
15676
13188
14019
15222
23433
15792
16882
13533
23839
42066
18635
21975
19596
34171
14866
20245
19863
17384
15423
14966
16480
17997
14095
16102
17679
13223
19572
32781
18206
14828
16361
15879
42487
21743
27254
19693
19310
19004
18944
13138
14981
19513
15263
15260
17588
18358
20016
17444
14626
13314
23679
13122
14522
16726
13698
16338
20640
15773
18552
26499
15863
18842
14451
21886
20682
11904
23830
14165
14234
15733
19449
14753
14742
14013
24433
16193
15797
13544
18779
16359
17674
18667
25839
17814
16377
30313
22093
12962
16431
12379
16667
15500
26072
17702
15433
31804
14107
16883
15785
28826
15257
17779
17103
13867
25303
16188
19722
16921
16127
16725
15359
15143
20243
24823
20657
14846
17426
16280
15119
17798
19803
18374
20155
23187
13577
13052
15991
13441
20366
13275
19601
19239
24166
15954
22221
14050
15773
17957
17396
22669
21296
21294
13262
19006
12986
15429
17538
14630
13815
18106
20046
13374
17899
14074
20179
19487
18462
19438
18641
15739
14718
16408
13298
13345
17371
15479
19383
23874
36943
17885
13476
12826
14714
14428
24287
13574
15395
14848
14664
26653
28794
13354
21909
16220
16337
15788
14169
30200
16654
21534
15107
18792
13843
17855
19283
16716
14760
16620
19744
15915
16712
25588
17274
16810
15539
15845
14356
15932
16825
17308
26672
16833
18046
14325
16995
23522
16131
16692
23437
34322
16883
22251
17928
30771
15508
22364
13391
26256
16731
12679
13165
16474
14307
13238
20927
15441
14208
15580
16314
13151
14360
21278
18833
14440
18266
16537
21052
29596
16394
22303
14626
19882
16394
29183
12076
13670
11918
13211
29990
13712
13843
17771
18925
19792
15062
17391
13506
13689
19774
17727
28137
36697
18452
25420
29379
14073
14668
19297
15221
14392
20468
21196
19467
14919
23897
21232
22927
22746
18218
43028
16340
16786
15241
16578
13356
15454
28004
25765
23526
15354
25830
19930
13957
18127
20544
13431
15984
16162
14563
14691
19025
16273
15855
20755
16408
15520
33010
30250
14261
18992
25952
13598
18071
12517
16305
13322
19015
16422
15649
21277
15766
21732
14192
18916
19024
13450
21188
14354
31091
18635
14770
14967
26037
36989
26947
21986
14135
20393
24717
17998
14862
17448
13565
15600
15851
16233
20550
15039
16062
23778
16342
18734
17658
26117
15533
22543
21909
21131
14230
14998
21154
16438
20547
22673
13817
17858
15084
14041
12955
12614
20580
17601
21057
48312
13129
14207
11732
25745
18196
29779
20640
13306
17821
15306
14694
14452
15352
16332
42468
14387
14954
15446
19034
18441
16202
14653
15770
19608
19782
21397
16172
25219
15936
13979
15513
17524
15536
17406
13025
14840
14754
16147
17938
16093
14389
26583
14494
26529
15730
14259
20377
23520
14132
21647
14789
14205
17068
14178
19537
15780
15337
13962
16310
16840
14405
18169
13849
15635
15336
14267
17744
25296
21680
17854
15404
19832
16664
20563
17481
20972
19930
15263
18620
14084
19338
16367
18634
16639
21500
14550
17319
17768
18132
15984
29414
22327
17980
23968
17400
17104
15775
22785
18320
20080
19012
16136
24791
16438
17923
14031
20014
16527
13562
15013
28392
14771
16106
15480
18307
13908
17364
16902
26387
16293
19042
12938
18445
17548
15758
21501
19079
28130
18804
16024
13972
13743
16535
223684
17087
20111
14515
13756
19231
21971
13251
26073
15360
15267
14060
15209
19450
17669
17001
24055
19842
16438
16539
13797
14285
16506
16637
16874
24820
13916
13476
16428
20375
12292
13901
18453
15710
15165
24120
14252
16278
18445
16296
20983
16318
14277
34672
22289
39709
31542
29358
14011
14600
17682
14137
17490
18186
15217
13885
19092
14564
16066
29779
16852
17379
17128
20974
19220
14201
16923
15502
32563
34234
23300
24568
13323
14634
63273
24350
22022
23024
24332
20068
12675
15334
26976
20135
18927
13664
14950
15635
17435
23670
39384
39339
14857
13862
12733
16536
12884
23165
25859
21919
29732
13795
17943
15744
19392
26007
15522
22240
36720
19018
30149
25758
21336
24842
13615
17847
16367
13059
20450
17914
19060
29288
37619
27031
25651
22879
20080
22061
13480
12664
14263
15634
18724
18436
14841
17400
22873
18984
18733
27158
17896
21557
16322
14142
31690
22309
14647
18212
17909
16614
14349
18768
16842
25001
17708
15461
14222
15855
17990
17442
16084
19065
15282
18187
13928
22102
20511
21605
19308
18124
15583
16909
20199
19951
18234
13984
14889
14669
15434
13891
13932
21263
13352
14296
18922
16759
16466
22088
15026
29835
16115
33534
21076
17364
19561
19889
14593
19298
20377
16864
16754
17044
15316
19587
16460
15536
17093
17607
15972
19971
14163
28890
14973
24791
14436
30747
19136
14562
16466
14054
17454
17834
13820
15729
23015
20806
15843
18458
19986
20675
19331
19071
15971
23051
22223
15854
22726
20230
19417
16234
30555
15389
18500
16946
15620
21927
31117
24621
13571
15742
22003
20497
15407
15548
19056
15166
24265
14794
17077
32332
18898
21821
14902
18778
14226
21165
37939
18433
21000
15440
13648
17750
18766
16281
19535
20790
17707
15317
14802
13687
13688
15693
17244
20353
18026
16607
14806
19638
16869
21909
19996
17241
18000
15160
16934
16537
15081
19033
16325
17603
15545
16261
14729
16180
17759
20485
15826
14062
16022
25931
21279
16616
20728
14603
22164
17119
13300
21520
15026
15463
17805
19099
15097
15144
20387
19247
26457
35702
38542
30305
24938
23486
16194
14085
23610
14975
14740
16197
26988
19423
38344
14934
15156
19530
28904
16473
15210
18209
15661
16587
18686
13908
14271
17060
21158
15442
14954
16410
15409
25912
38293
15495
14018
17002
19253
19250
16140
26880
33177
44861
16726
18761
16264
16987
18878
23243
23790
22753
17144
20112
16197
28668
23758
14684
20942
35811
25381
15385
16610
15008
13847
14969
14308
16948
14842
14084
34099
21437
34342
20082
13742
18438
20627
17484
19537
14743
14267
17185
28987
18448
15753
26403
14625
20301
15800
16346
14935
22138
16345
16113
16847
17401
19537
18993
14736
12731
19120
15838
14952
16921
15318
13761
18249
21935
13211
17155
17627
16908
15324
18811
15173
16755
13830
16528
40563
18191
20032
14164
24531
32680
15637
14756
41423
34055
15862
15500
25220
15771
18962
19475
18373
17233
14532
31501
22119
16578
12984
15985
14034
22676
18209
16466
14000
16239
23871
15017
24024
16660
24873
17321
13895
25952
14009
17062
15245
20273
22027
19163
16611
13883
28146
29667
24724
15297
17749
17539
23988
15293
15257
17395
13946
22101
14260
21660
21231
28508
16649
14433
13554
21593
13000
18493
15481
29647
18200
13457
16207
14906
14287
13819
20477
19432
16457
22017
14066
21612
17397
16022
23749
16202
28197
18570
16861
13270
14028
17938
13804
15205
14703
13738
19209
15611
14158
16437
24369
15313
16523
14945
17068
29520
22091
33231
19348
18500
17151
13863
18081
15906
21274
16187
16859
14766
19849
14270
15331
15757
19636
14533
20097
18621
26606
33925
22537
17470
27858
13586
20009
14015
14671
22832
15432
22569
21230
13944
19771
30489
39158
34165
13314
15322
14735
13474
41364
20909
17166
17802
17243
24726
17363
14754
19593
15294
17039
16599
20348
17443
27723
17766
17362
17272
20179
15495
20500
15324
22697
23696
18008
16777
17202
22851
15345
32269
20561
14120
16239
17446
16033
18032
24625
16176
34295
15273
15274
15669
18110
20276
14392
17186
15957
15483
22318
13660
22496
17933
19411
25361
21301
12937
17234
16516
19788
15040
14054
15270
14929
28939
12632
16497
19215
30697
21969
19915
20414
21309
15035
12864
22104
15499
14854
15367
14855
14701
16566
14756
15071
14383
15490
14799
14515
19791
16908
14177
15393
15587
13840
16116
15714
21856
14983
14569
15199
15818
16944
29004
18690
17681
15151
18774
17540
14834
15714
23072
15417
25872
21746
16795
14995
13962
18019
20131
16673
15644
14593
14931
13827
17104
14360
19041
18247
15544
20450
16844
13951
15283
14825
14263
17306
17270
17876
16837
18877
16710
14198
21170
15416
19571
15462
17747
18059
20968
20788
16545
17583
13117
19398
18460
16270
24731
16208
15214
15607
16950
19444
17378
18772
18274
29521
14320
23346
16534
14944
15396
23304
13050
15995
16748
16271
14388
18659
17805
14138
20020
25595
18369
15158
25103
16935
15168
13771
16910
16331
14344
17932
14877
21979
15631
16290
18472
15234
28063
14285
23542
15950
24186
16298
35720
22009
14545
27130
23628
15760
16042
19145
14185
15701
13821
16296
15350
20933
13543
17645
14900
18145
16177
17117
19239
14383
17526
15802
16915
15159
14721
14279
17489
14605
20472
23963
22302
14080
15270
15356
18601
13080
13214
14992
14333
29296
22764
26767
13891
15296
16339
15769
17231
13902
14902
25430
18937
14923
20826
22210
46282
23512
21601
14188
21335
15095
14885
21562
33066
16712
12833
14663
22712
16538
15402
26134
16060
20762
26989
21109
19037
18167
20895
14068
21986
16274
14381
14178
17782
14825
19553
19655
14798
13604
17692
22943
15085
23109
15870
28694
22294
21655
14212
13666
25328
37583
14276
14008
18160
16321
13714
30011
15673
17009
29560
12908
14933
29985
19121
18387
14420
24872
18027
14560
21673
28984
27660
16534
17103
15979
26865
14414
18735
15679
16703
14561
15103
24338
18513
24374
19640
14737
16374
16167
16846
25856
18220
19481
15075
25098
15499
14841
19641
20933
21021
14746
15693
21663
15459
21261
20292
15162
13974
14925
15952
15329
15513
27903
15528
25728
48757
66742
14041
18246
24694
19218
16946
15562
14530
15786
17444
30890
17981
27814
25513
17064
15686
20101
15316
14850
24082
17292
21478
28352
15389
35921
13997
15393
15301
14578
16935
33063
36465
14787
15155
15434
31390
24563
28835
14208
13665
14029
20397
15423
18303
13812
15395
22384
40025
23097
17544
14733
18920
31885
16458
16527
17790
12783
16606
15357
16260
20526
15651
14373
14129
14600
15610
15540
19328
18686
13859
20522
26201
39713
16926
19366
17966
17131
20442
27316
14441
19421
36890
14323
17457
16722
16290
17707
14452
17570
22271
17415
15876
21329
15502
18001
15976
24753
17481
14262
22129
33987
17860
18265
19906
19190
18699
15211
14044
14974
16454
20920
15339
20453
16624
13807
18132
37458
36919
12659
14677
41542
20987
14211
12975
14394
21950
21340
20949
30517
14982
24991
17997
26634
20911
17967
16645
15034
17095
25354
42732
16072
26047
13658
13621
20677
25782
16430
15534
15458
15810
16787
15657
20663
31588
23992
30680
16341
17367
13582
22788
21900
16538
23864
20531
25659
15631
14638
18956
14963
14501
15756
17241
19743
28189
15167
18840
17810
20888
14544
14069
16404
17470
48556
21465
20362
16081
17653
16926
16108
12595
16241
17965
16916
18599
21973
25879
16572
15119
19694
17518
27082
15540
14404
24749
14607
16426
15923
17712
14994
13655
24871
17599
26895
15123
25234
21196
30227
16489
21769
21900
20575
16085
14850
36731
38829
15474
15099
18411
17891
14601
14383
14420
17302
14117
13798
13440
15981
15535
27655
23624
19722
17736
16101
23055
13869
17857
14149
18284
13625
21984
16204
12868
18912
26093
13529
16213
25555
17131
18615
30290
32596
14320
15475
33410
46772
17678
23633
16993
17696
14562
33511
16848
15309
18174
29590
17825
13495
18281
17010
13089
19720
16221
16554
21980
14602
16485
18985
15748
22992
23743
13473
19869
25805
16508
14009
12467
25666
13735
17446
16157
19727
18851
14010
17592
15298
18503
24778
14108
37621
15341
50835
37900
19921
18289
16871
14867
12997
16039
14540
17340
21871
15588
19789
20352
21411
15358
13951
20658
16187
14296
15371
22741
15496
22045
15386
31359
16733
19011
15226
14877
18532
30761
14718
35944
14953
14410
14555
19400
13934
19266
15008
14821
23204
16630
16841
20660
24796
23584
19710
15542
17622
17874
13060
15863
19173
16342
25298
15559
13733
14310
18750
14237
16539
18524
23814
16104
22257
15871
16746
23433
19933
21895
16362
19157
15620
23781
19211
18973
16406
15489
45372
16893
15662
16578
22427
29210
13159
15270
18879
22079
16254
14510
37298
47290
13034
16246
28240
14965
29897
45177
19033
19516
15292
27316
15606
18178
29972
18655
13677
14741
17628
15102
16387
17924
13304
19463
30170
46768
23223
16151
13883
15065
13924
16262
16684
20896
23345
16333
16441
13154
23983
23518
15995
18560
13939
15307
26717
26774
13302
19502
22163
16182
12857
15782
14918
13855
33198
13502
13238
13723
16545
14238
15152
16926
19574
21492
19959
18328
26085
17611
12675
20215
15882
23667
21346
16369
14292
15548
17987
23273
40480
51338
14433
44624
56624
21959
30837
13551
20472
25665
14293
14771
14557
16935
21339
49324
17573
16504
16394
21136
14825
16079
17167
13300
16911
36527
40607
23451
20325
14607
13767
30870
41539
22126
14462
16343
19937
19186
15826
17869
14438
21794
16856
19921
16020
14759
14424
13581
16731
15738
17917
18139
20983
15938
20230
14105
16874
13639
20970
16174
16179
17553
15990
17758
17165
21784
15418
15573
13903
16101
21056
24485
18402
14528
22473
19593
14409
16125
13733
16189
21520
24337
14697
24595
35279
17973
15148
17472
15521
15483
25600
44498
24062
17975
22385
27146
20885
15621
14863
15402
15896
17545
17843
14886
20413
23873
18725
19922
46431
14849
17706
15928
17784
15102
22020
18456
14275
49598
13061
16294
22470
23397
25459
13829
14636
13493
16616
13650
16387
14250
14707
22516
16957
26748
19823
26380
20192
14691
20891
14985
17434
14698
15744
41110
14422
