18692
16146
19374
21418
18061
38634
17386
16188
16513
28196
44408
13334
15030
17215
15119
16579
14871
26978
17800
18872
35910
33992
16442
19086
15570
23152
17640
15589
22819
23743
22258
15461
28355
20028
18439
14330
44607
16236
20148
19469
30735
36133
20387
19626
17650
21008
20078
15404
28621
19282
14398
14975
16461
16762
15335
19083
14691
13158
16747
45272
13543
20422
15677
14308
13161
17747
14764
14859
16346
18796
18965
12371
25274
15422
17350
16128
31249
40524
17591
19516
16719
12765
15137
14722
34266
15209
17250
13775
27617
14506
15431
23048
13670
27682
27479
18544
16916
30508
19606
14667
18102
16736
15171
33903
40522
17720
19469
16111
28393
17540
14039
22885
33227
18034
17449
15601
15787
23710
23062
17674
16721
14924
19937
15950
27788
34720
18080
16477
16240
16151
16148
20487
31586
21262
20614
33511
20294
28109
16835
18540
16727
19319
17090
17014
17026
18972
29578
31702
18593
21701
18047
13112
15384
14717
13819
15636
40392
17411
14646
22289
20256
37366
17193
29012
16278
13791
14832
45348
13629
20209
16497
18737
13284
24063
21182
19039
14610
13760
14067
16861
25508
18583
14385
16436
17995
27854
22009
14701
14078
18869
27302
17064
18534
17173
16076
21652
17872
21582
25211
16287
12842
20047
22419
14911
42157
16368
16100
16326
14676
14279
20767
40837
18427
15414
22880
17415
20500
14936
14811
20670
15443
16261
15047
16780
21173
24324
16639
13607
21646
21121
16612
17286
30930
37814
14876
13800
14062
36414
21315
24501
52089
22136
32261
19160
18811
27020
21202
16437
18448
13546
17482
30906
21998
18134
12021
15579
15367
14419
14679
13393
14356
14440
19592
39386
44542
15561
15621
28074
25122
14477
42110
14889
15225
19040
17930
22807
20817
20690
15137
19317
27816
39550
15800
23330
19582
20270
27919
30740
27226
16626
15650
36466
17582
25690
15988
17065
18028
24869
16052
14946
15747
18725
23834
17471
21626
24697
17961
17322
15430
14410
21685
13473
15583
14701
15696
21964
21287
13883
27894
16949
17185
16672
14054
26442
13768
18976
27899
22936
17285
18681
26632
24089
15893
15103
18509
16128
25774
16881
14116
23726
18598
15425
21820
15078
15248
34121
18517
25077
13785
17512
18828
26471
17484
17195
15318
15572
13673
13490
16047
29564
15518
18243
13808
15358
15395
23257
26947
34519
15354
15419
14679
12123
15544
17110
42179
19835
32759
14984
28808
20826
14435
14797
17317
16820
23302
13693
35302
15478
15669
15436
32955
16124
26806
13779
16993
16258
23140
16523
15246
27379
19897
28284
21512
28063
19536
13221
26322
14974
18059
15937
39268
23880
25460
19674
18549
13212
23960
21583
14646
16306
25816
33927
14161
15795
11256
15462
15453
21847
16950
16797
16159
16839
24726
13761
17539
15750
14123
23034
18062
14358
14120
17128
16233
17985
15992
27447
20944
25119
19528
28442
18685
13923
18550
14103
23490
20833
17013
16745
17208
15124
14838
20968
16087
34879
36715
20862
32955
40056
36091
19290
13877
29036
16583
22180
34993
27251
13440
17956
18400
15098
22888
40321
14901
20821
14494
28203
21338
25888
21805
19108
26881
16652
15977
13555
15192
16074
16356
16884
34622
22672
18136
28860
28571
16104
15295
16274
20855
16854
18548
15961
21835
22699
20248
15421
29011
37286
14816
22874
16693
15035
23213
17563
17786
18769
20292
16467
18579
15401
19811
17675
15149
17819
19506
21457
15539
22189
26177
22394
27842
15430
25199
15618
18392
25696
23454
17211
18651
16753
29973
17127
24154
13950
20519
15263
18733
17016
14059
29635
15730
15847
22742
18670
30802
25976
16665
26777
14922
37621
17960
16888
17554
21218
12610
17056
19934
18931
20666
21314
16925
14572
16387
14490
15101
15833
30767
16286
14427
31588
20589
21096
24292
15206
15908
17468
25395
17469
24305
37276
20859
15565
28641
15797
18150
19950
15728
22836
28872
18405
18459
25850
15065
14200
14863
69731
85209
21208
18722
20052
27947
21299
17669
14800
30585
45838
13509
24576
14260
27085
13753
32572
14005
26139
21402
24806
15594
15602
13706
13466
16014
13668
25948
27584
25451
14213
22580
18267
30321
14716
30995
14078
20047
15739
15044
17704
17715
29713
12476
14043
20861
31278
23147
15293
23052
31069
14959
14143
16357
20514
29101
37863
19395
32349
17279
17333
14794
53119
20309
25488
15385
14665
60307
18414
19587
14074
21090
16450
17832
30649
19384
36901
19930
16959
36387
20236
20565
20662
15252
19739
15906
31752
30297
30892
16365
19222
22375
40386
25178
15889
13541
16531
20860
16086
17827
19468
13888
19485
30779
22099
21508
16667
13893
26407
24869
20642
27054
33607
17030
17230
15808
17163
20368
28612
19370
22286
17644
14041
14788
15687
16154
17894
21513
22020
15699
24068
18186
16147
19210
18265
16785
21691
13986
30918
14015
19851
16387
19559
15851
32628
16165
18342
14307
16395
23677
13946
15381
13526
15927
40356
14313
26190
17667
40249
20499
14581
16557
16678
31756
14001
16317
18842
12631
14055
17622
17441
13348
14689
15976
15774
25526
19355
16272
22363
17248
34753
28416
29094
20616
14754
15335
14336
43315
15448
15436
15748
16530
22809
15905
20795
41715
16573
37759
40361
31706
22912
12885
17967
16267
13449
15326
18387
17428
42546
26768
18169
19675
14696
20635
26364
14834
18619
21174
12601
16569
16710
17539
13731
24575
16566
25512
12830
14895
20175
13025
14861
14211
14879
17122
32753
15653
13771
15740
22261
27701
29089
24651
17947
30570
17663
19084
17262
14210
19050
18941
23116
13711
17307
18705
27985
23025
15324
16361
20859
18520
20697
25918
12987
15649
15749
17265
18882
15821
23651
18518
14168
22268
15347
16714
17974
16348
15658
14181
13087
19645
25380
25822
21015
15326
16708
16887
27312
19642
15547
19078
41284
21243
16081
16855
16745
18003
27087
29239
16885
24366
15158
15949
15982
19968
15734
22932
18821
22890
28042
19918
15198
29645
14719
38789
59630
17619
34381
47982
13356
14255
38172
16523
16846
22190
20206
20962
22431
38971
19995
16063
17940
15991
19496
26482
41226
15070
27992
33540
21211
27120
14490
20784
15469
14242
15679
14593
28203
15327
18698
17062
36576
17859
15069
28582
31506
27008
21906
17858
17461
16734
18769
22904
25804
19316
17814
17872
13905
17782
18737
15134
14561
20087
16151
18115
34179
14630
16700
16763
24846
14536
35016
18761
23885
20434
14552
14744
25325
15631
16619
16651
16524
13787
19104
48441
19763
26478
15427
16848
24615
15109
13108
18620
15634
17032
14521
14203
23069
17766
17435
15952
13310
18205
15703
23546
14036
17771
14627
16661
30714
18154
23625
29884
16671
24227
15236
15257
47235
24967
17285
18161
17813
17444
17229
16045
35263
15593
25414
15861
16321
33100
18336
23868
25527
39478
15747
23083
19631
22252
16247
17709
14271
20307
14417
17756
23867
15550
18234
23074
15437
15300
32627
36355
14064
35997
16499
19466
15090
23143
18893
15465
21161
19220
14855
13013
15052
18844
25890
23205
15749
19624
18109
17636
20573
19296
14045
31568
17411
17169
22673
21381
13765
17312
16470
37059
44366
27588
20838
14935
29521
36304
16627
18907
14279
16115
27203
18298
20410
28503
17615
18992
20948
21150
15675
17651
17909
17330
32895
20550
17781
18521
18094
17369
15892
24581
16166
21981
27574
13658
26876
15942
16930
19460
30207
30372
29298
14215
24765
18537
25173
15401
16091
14199
21150
25825
17834
24760
17762
22874
36286
19560
14716
14697
18249
19873
16811
20227
16331
17111
17903
16508
15345
66056
31354
22680
15668
14131
15492
15619
26366
18385
14366
15436
17211
25047
18400
15429
15271
16913
16965
33752
16972
18752
19775
17053
16357
20056
23705
22529
14953
14835
15461
17152
33693
14813
52412
14784
17124
17164
25233
14019
15035
36106
16188
16402
16554
44979
20796
24070
24132
20053
20873
16866
15141
19414
25136
38674
29286
21668
24735
23899
16749
16137
14875
20379
27324
16859
17715
72796
17481
16055
19576
19041
16062
25283
21656
15967
30634
15386
23406
34057
18161
22166
25059
31031
16364
27781
24464
29122
14951
17271
16331
14531
14936
14879
16957
18761
16071
16536
20064
13987
16239
17340
15755
17254
17451
21454
17614
15872
20438
17350
50842
22556
14447
34591
33985
18590
18702
15967
23025
14174
15334
17021
29508
15281
17471
17533
16788
22695
15024
15669
12591
22580
27611
13060
16171
22754
14648
17607
17007
21094
21638
17333
17407
14970
13274
22633
17475
16898
18079
16992
16357
17149
15484
14862
14336
16421
34167
14614
16338
18667
21459
19064
16067
33644
35229
16131
21926
27187
15967
16579
30895
14362
15823
16774
15146
26883
16862
15201
31960
26772
18401
21309
20516
38925
11834
54537
29457
16080
19809
19794
18111
19864
14499
16965
14764
27413
14416
15947
16878
16687
17740
17163
15188
23873
13490
20835
16586
15486
23165
32213
32397
31194
37474
24660
14094
16701
16861
23593
17976
16296
13657
13927
12790
24777
14024
43649
17365
17629
24826
19080
23312
31516
18478
14279
25186
23451
18116
13861
18431
17760
15488
22551
18524
17230
15697
25135
18555
25629
18169
27350
14258
27879
17738
17540
16744
22556
29014
34722
19555
29222
22038
21929
35858
18540
19594
18513
14793
17768
26317
16153
14642
14851
18552
41755
55035
50738
34877
28984
15997
21930
20428
21545
41217
21935
17988
13932
24555
35181
58738
43353
14653
13387
15029
21020
30577
14984
19871
18534
35213
29389
15921
16189
22388
32736
52948
12585
19568
15499
27477
15814
22206
25855
14027
21532
14480
21457
16743
33067
16263
17384
14256
24378
23425
23593
13327
29509
14050
14555
18527
15139
15421
25100
19605
23672
19448
19108
15404
25836
17111
19092
14770
14835
13967
14532
25525
23587
16753
26100
16538
16231
19720
16044
22851
18138
16435
15700
16546
14688
15397
22218
14309
17356
17266
16321
40564
19099
25268
24332
22550
16146
22942
19618
26068
18659
15841
23897
27961
16790
19064
26980
18812
18662
19209
19465
25297
15788
18205
19385
22640
19099
19490
18861
14765
15306
22823
15492
29064
15539
24416
17505
17606
17927
23365
19948
18045
24062
29032
27602
13647
21094
29681
55839
18329
29200
20606
14111
20610
16915
16445
26069
14437
16558
24163
18512
16777
15275
17704
16849
14104
18992
20477
30562
14604
20478
43698
17665
15494
19635
13860
21182
19472
14311
14775
23575
14146
19536
15183
21739
14788
16936
17796
20668
14151
18603
26461
18388
28915
15287
15247
17364
19574
14681
15417
27201
29134
37440
20473
14432
14939
18559
26318
13849
19461
15079
19749
16882
15125
14519
18898
18396
14083
14522
16884
15366
16801
16616
16730
15192
21354
18549
25305
19079
33721
21921
49011
28614
13454
15180
17108
14846
12503
17471
16410
29652
19840
24225
15444
13437
14912
15164
14796
13464
23356
18344
15873
16065
14722
14782
14203
17977
26287
18025
15157
39275
17516
13747
14031
16098
32662
18325
15319
26000
20030
15250
20876
31888
15106
17582
25027
16516
16339
13993
25225
15729
22327
24638
15083
16837
15247
19561
16111
14016
15307
17747
39435
14505
17320
15043
15929
14840
18680
15202
15429
20328
16357
18425
16302
20904
30909
21425
20112
24163
15142
19477
21312
22687
32587
17807
23800
14464
17693
18784
40968
17801
16761
46976
14605
21104
15448
16208
18419
20059
23549
16215
16071
34892
36245
26535
14442
18008
15004
14177
16412
14371
23072
19541
32792
43418
20324
15291
13097
18619
20202
27753
21953
13430
22964
17603
22856
15656
24172
13700
14618
16005
13250
14750
22442
14417
25571
21176
14715
25296
13976
15590
15118
36940
16476
19112
14953
17327
16494
29202
12988
17202
22839
23122
24053
19703
20651
13765
14284
16541
21273
17633
17498
39630
40053
15193
124172
71398
74764
27317
40016
39815
14210
36599
15024
17341
26909
15735
20069
16583
14978
23614
25368
14613
12460
16714
30763
18528
25773
14877
23605
38027
13601
14553
20771
14341
24460
22055
13574
18050
31977
19034
19527
15781
17172
14908
16141
27731
23613
35273
29126
31198
15955
31960
25695
31994
13294
34445
21299
20881
13959
14832
14367
15514
16171
13722
46287
20005
21670
14387
16158
27588
19877
16710
16503
24391
14027
18400
17492
29147
14953
16862
15005
14091
17129
16366
22248
17211
15433
21919
17224
20677
18585
16475
17417
17842
35549
14913
22715
21471
13799
16330
21632
13990
34579
13285
15180
19527
19336
12606
12729
13285
14514
18251
19006
28264
16267
14633
17738
41085
20114
21860
15100
20649
14576
32476
17930
20148
14664
13606
19541
18245
14545
13999
21255
24702
15447
18523
15527
26713
41383
25755
20309
14396
17707
28390
29136
15810
15727
20813
15993
19669
20668
18069
36145
15260
19762
14534
16068
17571
18720
14939
34391
14526
22448
19094
23879
18890
33344
16407
18405
23313
18403
16016
23523
14306
14738
16507
14274
22120
39398
17099
22341
18719
15835
15328
17436
22334
30402
18249
14266
18887
14092
25258
17546
22354
19163
19181
17321
14459
16112
20111
16860
39161
17630
19175
14218
24248
33789
13030
14778
17390
27872
13714
19378
18495
12768
15508
18275
14559
14001
21234
21767
36727
15824
36597
17788
26244
46541
17042
24782
24273
19899
18641
17207
27669
21762
13046
23419
20416
25649
18488
16105
15911
14773
14825
22264
14772
13159
15378
20487
21787
19186
16486
32234
22848
17416
16009
17682
19300
12953
14468
28675
22426
20018
14204
28820
13374
18828
15342
28304
20641
31159
26549
26928
15255
21993
26283
21908
25369
17649
12471
24502
14170
20706
14755
17224
24891
30224
17571
29402
12906
17446
20580
17649
20460
22110
18952
23200
51613
15236
22935
16022
19298
13819
17872
25905
23708
15970
16863
13102
21966
17931
19343
16606
16677
12773
28133
32960
23917
16253
37248
21856
15603
21776
20582
31886
13679
16216
14106
18110
18912
17398
14129
19909
22648
31095
13475
17626
14618
15725
53154
16544
16305
21822
31183
29011
20894
13396
14828
15685
17980
27314
24357
30410
16387
14183
56304
47008
22716
14250
21821
14628
17082
21379
36984
26047
32469
25028
16312
15417
13784
18682
26354
17861
17336
20206
17385
15462
22643
17851
18934
13356
15861
13575
17813
18017
19015
48381
19615
14566
19721
30717
19228
16924
29830
15496
15842
14444
16520
17486
18345
13531
24627
28907
16560
20151
36235
20299
22089
18159
41937
14854
17311
18629
25268
13070
32741
23803
14627
13012
15992
38768
24958
15503
16033
19554
15379
16495
20317
15974
24862
38521
23225
19231
15212
17146
16502
21118
16120
17045
20954
20667
32138
32615
15809
21525
21301
21175
20296
21120
25726
15784
19228
28565
26606
18580
15656
28414
28652
17819
30791
18331
28687
23271
18670
15916
14107
14871
22847
17497
17120
21193
35710
25537
16438
17170
17113
44179
15972
16677
28052
33269
36543
55797
16019
15993
22432
17981
27233
17700
31347
18267
19747
17551
42103
36026
28330
18132
18810
14474
19354
20361
16248
13428
21909
15146
15959
19033
57126
15637
22906
27081
22378
15785
56401
16778
14607
36767
15518
16249
21583
15399
17240
15473
16633
16660
21541
20722
31397
39378
18345
16375
21085
18501
21885
15209
16180
13382
29234
14292
19769
57460
14903
22384
13485
27877
17386
16698
20722
23881
13889
22117
27145
13442
14633
30294
17195
18790
21363
34037
21796
25580
23060
12549
15015
15287
15905
17268
79220
29516
17737
14364
21065
13898
14678
16981
35239
15673
28229
17450
18403
24602
25766
15954
20078
20716
23294
19239
29208
12775
16742
44644
17847
26350
18559
13684
15541
15471
25586
14725
18135
14999
24106
14167
29762
13053
23299
22020
16640
19718
21644
17977
44774
21547
20991
17925
23426
40978
19776
29674
20891
28279
16467
15770
15267
15079
27494
18404
16424
17399
15911
22772
15806
21385
22688
18072
15075
17282
13917
19582
17433
13820
14874
12081
15653
13747
17262
18854
14956
19336
22580
22698
13175
15008
19887
17501
18391
12932
21806
16822
22623
24107
17554
18846
22570
40272
15887
22029
28509
18265
24444
21349
19834
20178
16472
26935
18258
21776
20556
18923
23360
13305
16003
21973
24381
16270
16816
18322
22152
28802
38438
21302
14516
13617
17647
22509
16255
29698
22424
23471
16594
15449
20082
14575
32049
18352
22973
42382
14520
37384
55023
25548
30839
34951
25487
16607
19055
37594
15816
18879
17226
17249
30212
17124
17602
17241
27761
42940
19718
15890
18896
25110
16546
14229
15228
17810
21545
27579
22162
15478
23010
14140
17683
18199
22612
23157
26462
49383
38662
28041
37102
15619
18931
21658
16998
23145
15028
13686
19483
24484
15690
22358
18076
22051
14856
34924
18055
25120
15034
21898
13492
23404
18391
19245
17729
24423
15456
23133
23865
34445
19303
18302
34804
54344
14810
41710
26502
34547
18143
15369
15982
18803
34176
18495
33249
20811
20932
29117
18537
21914
15648
17945
18615
20660
43287
20972
18067
27358
15073
16971
14923
14458
20267
22217
15927
17599
19947
27615
20008
15210
14625
17436
20945
19691
23911
14809
22895
23641
15524
14221
29188
25576
16410
14361
17174
24864
16893
15238
13694
18624
20381
19408
19265
21362
19954
19146
16694
16665
19703
15086
22837
14126
20301
23087
26523
12738
19338
22182
24275
20752
16695
19494
31327
15069
16735
14044
15689
40445
71273
22814
17355
17091
13856
15547
16482
14007
26168
24126
23645
15235
17905
36145
15883
13076
13262
13675
16208
54089
61877
20518
36432
16279
19917
18770
16013
18238
21095
15655
15196
16949
21339
33531
30926
23517
21767
21330
22907
15877
19985
16486
18610
19085
14913
23536
27888
40127
41034
28884
23494
18090
21102
17355
18267
27772
20118
24661
23437
17583
15385
25443
15081
17417
14467
46879
16038
22227
30728
15591
32104
31907
14038
15445
14641
13743
21993
20158
23980
16506
15961
28069
19904
23252
20387
18736
18813
21566
15544
14901
22022
27069
16365
19131
21727
14485
30557
23965
14744
17185
13606
23713
20398
16014
20081
19110
15719
19728
14876
23771
18536
17260
17170
15895
20494
19344
33005
15174
16606
17662
35109
16866
16896
21585
14854
24276
30314
13072
15181
19398
15224
19124
14920
21159
17867
15927
14816
18907
17729
15210
20316
34323
13492
23032
18279
32721
24526
35277
32463
15542
16426
21575
15584
14575
17297
21241
17629
13491
14323
18232
18017
23143
16937
23751
18424
24298
19582
17875
12919
44580
47290
52457
16336
16928
29105
15393
23854
15932
18209
14653
16296
17828
29013
22233
14316
21062
33802
19693
17941
22982
17987
19241
13540
14168
14023
22980
17748
17865
16545
19055
15002
16045
18681
17944
31076
14806
15745
30156
17417
23638
21885
20967
16179
18844
14855
16555
40079
41722
20330
20137
30494
16122
16432
15832
17057
19604
31699
20653
20541
19725
16992
15771
14038
17393
16838
26781
32091
15317
25012
17360
19648
32068
17372
19190
16216
21610
19897
35461
17765
14995
17146
21255
16554
16979
15029
21956
18245
15764
24759
42290
18468
14663
13892
26243
16721
15032
30442
17476
17537
14486
18188
14729
19139
20299
14792
14425
18340
16452
48453
16069
20371
16767
16352
27223
27429
15368
16674
16198
17310
17979
15926
18738
15580
30521
17833
21922
35761
16884
28488
16944
20287
15536
14565
21223
31912
15934
18616
34700
50191
30078
20715
14693
16611
14468
17466
16684
40746
34327
71111
70960
53970
24833
40756
45648
16632
19435
15719
14637
28699
17987
15526
13572
22265
18693
25079
26128
18166
13690
13590
29694
29096
17324
15785
16693
21276
32524
21675
20257
25144
16733
15741
20279
24664
34327
54291
14581
31300
17206
13364
23320
16524
13069
15830
12949
17396
15950
28099
14317
27989
36809
14684
14511
21013
19304
14681
16817
16647
19878
21118
15474
18004
14710
19518
57181
64371
19615
17419
13316
25248
14405
14002
17862
15855
26519
16681
13815
30702
15332
18062
14895
18752
13353
16478
16580
16779
13677
14689
26585
17977
13339
14997
16355
16746
14678
16172
14100
22189
21298
18710
15594
14088
21708
17403
25017
21011
18533
19847
27476
19433
36775
17897
20061
15495
24630
21123
14362
22158
46008
16481
15483
19110
14143
14804
16455
15921
36266
16168
13646
25289
19545
17036
18520
25308
20535
17257
31463
25090
20757
34323
25240
16443
16464
18349
17819
17485
16090
15177
16325
15707
22592
15235
16380
13708
25388
19599
21334
17998
18329
15424
13821
15005
16554
25882
14265
16128
15750
17882
16031
18823
25917
13880
32778
18540
43681
15680
25270
17038
14178
14151
13720
13629
14403
15037
13149
17147
21654
17661
17302
28519
15272
23239
18955
14888
18982
18387
36608
15706
23577
18367
18682
31879
16991
33298
13093
13377
16403
14351
15324
15487
20604
19625
20611
28117
15704
18168
15304
15393
29617
18375
27492
15281
18933
21034
44238
25552
72404
17727
20902
28759
25188
14826
17962
13874
15772
26006
16404
13423
19041
42719
21167
14171
22865
17807
28032
16851
18762
22816
22955
21494
31620
15250
16571
14685
21726
16272
15843
48582
14061
16148
13907
28618
18286
20427
14047
13173
16932
19774
16206
17524
15528
14535
28444
16041
16094
15158
18778
29863
14232
30408
16588
13897
13607
15159
20766
22734
23222
21559
14132
16398
22495
13748
16032
16796
17668
18753
27181
29135
18980
39761
19139
17436
19201
17721
17576
16434
16761
19664
24089
14456
14344
16639
28612
16316
14151
34087
22555
15766
14215
21473
31434
26164
14612
17148
17680
16575
13630
19913
18692
16465
17178
19342
17586
20823
14099
14292
14007
30053
20515
17365
14120
17588
15816
22571
21714
35990
29499
26216
16412
17900
21954
13956
13997
24234
16632
15914
14780
24459
23606
30269
28268
15551
16265
14831
31447
14120
18261
23721
33562
20303
14702
16793
14769
15944
17120
17539
17993
19220
25357
19543
20511
26922
16483
27518
18573
15149
15234
20515
17785
14298
28362
19735
17176
30306
23899
22132
16007
21765
15886
17705
22642
38020
16913
15286
14640
17550
38533
14255
18487
12834
17305
28191
30059
13327
13600
26895
18526
23889
15924
29658
15846
16965
13914
18113
20368
21557
16086
21332
17116
14606
16152
14986
39544
67431
15786
15059
15376
28602
16030
15922
14943
14952
21051
16503
13821
16667
31663
17508
16029
15300
13580
16059
16435
17014
16917
18332
20092
15061
14302
13942
17822
14234
15713
21241
18707
17260
15559
15818
13605
16764
16394
16637
17309
17784
15555
19364
24388
15430
18159
19501
19203
21443
29633
14738
15648
17940
19834
15072
16203
18577
15108
15284
17186
23201
18886
16701
16375
19001
14338
21825
14774
15722
18229
17722
15834
50179
55799
15148
13002
22965
20252
17304
17396
24473
20307
18870
23759
16195
15883
29088
35976
19745
17810
36964
45958
31928
17159
16117
20919
20231
23958
19862
15377
15231
14393
26566
17497
16090
17202
30632
22717
14429
16237
15940
15489
16124
15108
30382
33708
15460
16986
36285
21288
18391
47239
20045
21880
34575
19263
18689
17905
19166
14250
19800
18011
20428
13833
14526
18077
16712
16463
28439
14782
28000
21011
22227
19313
18504
13590
20299
18421
22523
37985
24730
20083
14897
16336
23021
31099
66015
14327
12382
26669
13796
13316
30158
233065
16328
15559
17604
13633
16867
15174
15736
21652
15003
22943
20279
21747
14334
18191
22944
22111
15597
17220
13585
26824
18316
18735
25475
23991
21349
24238
16632
15818
19836
34906
17505
17690
31435
21530
22047
23351
17056
19556
14836
14856
22982
16076
23685
24997
29399
17348
16641
39726
37870
17816
22363
17837
23918
20836
16440
15328
53406
58434
14040
19711
13768
15389
18315
16859
18065
14538
15695
23855
37753
33625
13657
16024
14496
15611
43693
18235
16950
18343
18311
13742
19245
15805
20304
24448
32061
15271
16414
15190
21105
13449
18047
30249
14105
14121
34535
16258
16619
13452
26146
19297
29018
16147
14394
18120
20440
14524
14676
36798
22483
39908
19274
48803
21669
17709
53167
14168
16015
14549
17277
20074
14532
34709
20486
25325
38694
19370
19163
41670
13630
25887
24192
14452
14956
30210
14101
18801
16436
22867
16727
15424
15814
20746
35194
39222
15026
19276
25596
25347
18740
20081
26116
23787
58276
35192
15460
16790
20740
20130
23117
16718
20099
23665
22482
35256
23442
19356
16475
25807
32578
24502
14948
25743
16350
14752
21296
14316
16533
15182
21713
18041
27104
13728
17467
36130
14878
15407
18102
16903
45233
39414
35868
27767
35422
15011
15857
23019
18353
25553
18438
18707
21032
17665
16534
22069
24199
25746
14340
21089
13117
18740
17900
13140
14398
40727
36752
44546
17724
47938
15749
12685
15037
15610
20723
13870
15447
18820
20613
24035
15593
19327
24539
20343
13881
30958
32166
15741
15989
16407
19916
22221
23554
40003
63552
22281
18932
19195
21855
28821
16810
39130
15910
16400
14945
17145
19001
16363
14777
16237
33796
13773
22371
17934
15218
19246
14690
14437
16730
28994
21209
17340
25105
15446
27011
15225
16807
16239
15014
14904
15995
26426
15867
27474
29428
26434
20025
15637
16397
23189
19139
16945
21005
34373
17306
17909
12995
17726
21684
17616
23332
18081
20030
24608
15598
16745
16234
22404
16052
25904
39618
18376
17503
23673
21668
15249
15650
15310
15470
19977
23124
16458
19834
18058
19674
15138
17971
15728
16543
21644
21169
18042
17723
15780
14584
14556
16790
13828
21868
22799
19098
19851
21899
17223
25701
23066
22148
14518
22857
26616
22500
17253
14728
21799
19095
31749
26538
16588
21054
29549
20223
25977
16574
20858
26838
24418
16941
14909
14475
17083
21394
20302
33135
20271
25511
36358
23808
24361
14338
17705
14240
14931
26643
23138
19163
14696
14821
20642
17173
18982
17457
14845
23699
40809
24367
19506
18329
13578
27637
18406
20963
20330
19883
21409
17524
18430
17601
18572
21547
16894
14599
19147
23380
23517
37241
31400
22190
13652
14154
18893
14792
36658
17182
28293
17772
14060
18117
28450
21350
15841
21490
17498
15454
14108
14577
25119
14787
14980
19927
42790
19218
26754
16868
20317
16388
18713
15035
20229
37853
16733
25036
18589
16243
28702
19262
25897
17046
13967
19107
18083
20291
49722
20429
19047
17066
20155
19754
24956
20255
22607
28896
14574
16927
15290
38493
15383
14025
16508
13586
20670
15300
18386
17472
28005
15683
27105
31537
13894
18365
23814
13333
19587
19025
15225
18409
20773
18966
15284
15219
35878
21017
19172
17103
31310
30012
16152
17725
16611
16785
42394
23337
23937
41651
14925
32525
16419
20017
35112
13341
34441
23365
23530
21112
33504
17863
29238
19581
15460
19092
24645
31872
18389
15485
19358
15067
16549
18028
15508
22582
40992
22341
21420
21889
17387
16396
40127
13619
26231
18177
14296
33861
22703
31020
17705
31020
40818
33071
40988
15816
15957
12863
17929
13423
27611
38511
23630
22105
19725
15580
16892
17915
15807
19096
16478
19373
15798
19722
19645
18178
30306
15861
22245
18132
16857
22187
19573
15362
15397
16693
19691
15612
15078
18787
23153
89148
87698
18844
16602
14858
24842
26750
14356
19999
25750
17253
14716
19001
15184
25438
14040
15344
20083
14550
16137
23651
33703
13591
16325
15942
14697
17236
16129
15672
27104
14626
14097
44874
19135
14077
18338
15490
16533
26584
43912
21151
26847
32424
21031
22608
19600
15805
15565
18092
14190
16307
20112
14418
15362
22570
15889
14376
18124
25591
20580
15435
15806
15159
17060
27598
34710
33535
21923
14214
25649
27020
14192
13915
18371
16616
25812
31509
13760
18998
25152
22011
28213
16953
19487
19348
38275
20924
21588
30711
18755
20285
22681
42614
14521
16303
17655
16564
13586
15582
14032
18890
14385
19245
27256
26884
15097
13580
14522
25225
31322
22272
17721
21568
20963
24913
35448
18805
15385
19038
19090
21589
19489
19187
14671
21816
20713
15602
15870
34586
15424
15238
12758
18312
26590
33330
17942
28040
23283
15258
23877
17837
19761
16016
16960
28498
16382
21606
22222
19187
17366
16577
54661
14321
14745
17788
20968
15967
23806
21056
19343
30126
20990
22427
30182
26172
21527
22517
13770
14597
18366
29427
24049
20895
21460
14393
18620
18438
22920
24969
19055
17547
28904
30595
19476
29632
19011
27484
36701
14590
16970
17412
26057
19570
15819
16113
16019
13671
21910
17576
15382
15769
14447
20892
22657
37660
13843
19119
13467
18279
19202
16573
29506
16435
19505
15175
15376
22060
15286
18765
31857
20160
18818
18064
27260
13504
23110
14264
15187
20407
28078
15566
17658
25759
18282
23408
14488
13416
25670
18779
15777
20243
13516
14404
29402
37506
18222
15777
18003
29595
24005
23806
16425
28750
14405
17548
13408
13875
26442
31416
15506
18388
19588
20925
17657
26455
24471
36663
16348
17457
13983
21940
32948
17386
18811
47357
17305
18896
14028
16782
14508
18580
32364
28085
35308
20322
14097
14765
15161
23086
18735
15044
14681
25720
26210
19183
14425
18100
18180
30362
14669
15001
41587
14021
20555
22044
21857
14846
14471
16425
26313
23065
30009
17204
15625
26210
15152
13464
16506
16929
33505
15568
30640
21229
18383
14043
14936
15985
14801
15322
33418
38844
16573
22909
19948
15882
14046
18261
15469
34439
17453
17905
15380
22586
15446
15623
15103
23591
14798
18081
16302
23570
26643
18727
14155
22208
16905
14936
15075
21436
24835
22453
19565
15678
21585
15703
18249
18211
22029
17905
14993
14662
14851
14184
17869
15599
39287
21095
21567
17156
22058
51381
18462
15188
21887
15887
18214
17712
19317
18652
14151
16101
23114
34599
20278
28766
13685
20456
18411
16505
13927
18433
16639
14773
14430
16724
22481
15989
14231
14706
19213
16213
52792
21769
17132
15915
35932
18899
14580
42875
14920
17234
17157
19056
17480
21088
14550
40183
15098
17626
15900
15564
16621
19305
15296
15456
13645
15578
25175
32254
64575
35978
16264
14929
17086
18164
23021
24518
18241
18118
19329
16640
22317
14967
17472
20716
29168
17444
16846
30785
44990
19121
13446
24040
15315
38126
17568
21188
14170
16865
16829
17705
21915
24530
17405
15249
14392
14077
38702
14273
18945
21299
16001
18548
15534
14313
14350
18317
19290
40461
13465
15686
29389
32435
39015
13829
35613
54917
16599
15763
21905
15246
16014
14967
19928
16252
20180
18942
25868
14922
24121
23718
16171
17289
14238
16233
21044
43475
15415
14985
14144
20944
16604
20104
17090
25642
42182
13908
27906
42577
14239
21704
21481
16512
18748
23586
30650
20574
20564
16245
14941
21656
18121
14273
22974
23220
18266
15899
22919
26851
15365
14658
22000
18149
18535
29451
48691
33387
27283
35335
41467
14706
17855
16491
17164
14318
13980
19452
15073
14826
18666
21923
17929
17832
14693
20259
14548
23454
18571
65040
36637
43179
66207
74924
35549
17898
20014
18789
17993
25167
14528
17181
15740
16141
18894
21111
21377
14533
41227
26673
32658
24847
19548
23248
15669
14128
19880
14433
23908
16477
18774
15488
22132
25050
18563
18475
26730
14536
15796
13440
17512
20253
19684
26776
17358
22006
15367
17703
18039
17232
23461
18405
39779
52515
15177
19632
17009
39384
15993
18295
15149
14325
14341
14251
15343
27264
16906
14802
16277
18986
23025
13837
21444
15139
17104
23325
17217
36022
32519
16412
17593
15533
22536
14167
14308
12907
21721
15808
29483
13967
30648
16290
20139
23991
17120
25677
15629
19689
19981
36266
15712
15903
15914
15605
19867
18755
16227
31507
19839
42189
30331
24337
16486
18054
14023
22386
18022
18094
20879
15883
18154
21039
13630
13361
16139
50846
35582
18171
37854
21606
30679
39312
17997
19314
17436
17812
16097
18624
19623
14388
23386
14720
14181
16241
16304
23525
12730
20946
15965
15965
14451
15745
13830
19304
15138
17423
14131
15596
17735
15713
20896
17423
17709
16695
12849
15451
17296
21273
13795
16344
20170
14608
14757
17547
15377
21299
13950
15473
14921
21911
22883
14777
17438
24738
16327
29392
30842
16604
14157
16560
19612
17242
14947
21528
20905
23303
29153
15567
19683
62070
19605
15586
21568
37382
31071
17391
21635
17872
26027
15798
17971
19849
13211
29571
14688
14216
16519
25278
25731
19010
21759
20436
14049
45707
37407
38731
18241
14361
25628
25277
18791
13792
17904
19885
21913
17357
18776
12733
14461
17460
18105
32973
16104
15420
20469
17920
15213
19204
23596
13886
14793
27850
25644
19644
14454
22371
13570
23364
14375
14879
19809
15307
14237
18284
14312
19751
14484
15493
18175
14569
19759
38643
14333
22910
15917
22603
16589
16418
17569
21087
21851
58041
16025
22943
19120
29446
29909
19906
25127
17559
19199
21626
17438
22268
13291
42536
22397
18992
31973
30474
21461
16035
15166
17853
13499
14192
25963
25394
13472
20604
15631
14219
21437
17071
18313
21548
20629
20097
44477
31729
24751
14712
21390
24526
25171
14366
15432
15518
14745
36553
25944
16106
16096
27357
15789
17795
15659
20893
26998
28980
14345
20439
24530
26379
34802
18266
13211
15606
14568
17898
19523
18875
17780
17704
16215
23390
17161
16136
18244
24415
24400
21319
13853
15285
60252
49024
19407
60698
29016
16404
16069
15356
20779
15024
15996
13645
18943
43269
28432
16846
23200
17899
22099
20856
19776
32414
18105
17918
19212
14916
18558
16612
13978
16004
25177
16182
23996
18865
15215
14079
29295
15344
34095
18217
17029
19438
15079
18748
16642
18554
13417
13303
18192
21011
18105
20074
15847
35919
13117
15433
16773
21235
15117
13342
13718
16462
47240
34324
51381
27147
22495
22708
38348
15849
16372
16152
16148
20650
15855
21485
30979
21910
18829
16271
31031
14757
35059
20987
20006
15784
16648
17330
23229
14749
16115
17888
18585
30181
46623
15115
16708
15027
18602
16809
14279
18204
16995
19330
13968
20396
18909
32272
22839
16508
16716
23897
21865
15473
32619
23124
17731
17423
14841
19148
30527
18159
15463
21631
26847
18108
14524
24767
26223
23579
16632
24158
20084
16150
16821
17813
19311
14181
16520
14650
15398
17440
25621
14652
18696
14108
20857
16031
16366
55102
60517
14709
29659
30072
15310
26648
33765
21508
22784
19993
33560
21912
15708
39943
15601
16973
31320
28742
22091
34725
18187
19727
14872
20142
19411
17996
18205
25857
15284
16595
21205
16141
22460
14752
18122
28332
19783
14324
19203
12988
14656
29123
30914
15027
18980
39138
18722
21951
16948
18869
28805
14839
19921
16314
18380
19527
24054
24199
15822
13911
13230
18275
15062
67460
29480
19429
14696
18678
15371
19988
25293
18059
15134
16632
20573
16562
53230
18584
15647
16879
14130
23769
20467
16762
24099
16107
14744
20968
18906
25566
20769
13757
14270
20631
24034
32375
27369
16283
20695
16851
17936
15467
15542
18086
17552
28682
33991
30400
22698
25942
17076
16935
15489
17128
22482
15900
15635
24587
13992
21816
27049
15280
17383
15228
13840
19578
26960
31483
18296
15341
20224
19352
14166
20739
13363
20878
15666
20940
18273
15169
18522
16019
18355
16508
16423
17047
14648
31339
20531
41249
16543
15041
20401
25991
18679
14565
29185
17683
18607
30598
24024
16706
40790
16501
30534
14158
16517
22582
17586
16479
16645
17243
24833
18875
19014
22181
17479
16065
15781
20470
15047
14294
16667
22239
16776
19582
22422
16502
28789
21400
20566
15306
16327
18569
18748
14246
18764
26121
13763
14400
21405
15958
14979
15327
15741
15951
15824
23425
15578
29078
28640
28916
15680
41763
32399
42535
16107
14951
15656
13405
14704
16662
34895
28134
24526
16777
32462
15356
15569
15926
14794
21433
17139
17994
15643
28799
15780
13132
19564
14267
22745
21699
32723
23130
21927
22949
30022
24821
18159
28893
18849
27476
19743
38091
18617
15596
17947
14799
20251
18925
22900
15368
14101
16322
14724
35245
14356
18719
14430
14289
18040
19820
22276
29811
25408
32002
14503
18487
41085
15114
25645
29911
17142
19892
14648
25436
17646
15028
49731
13361
20229
36251
16578
29679
18299
19385
25299
21371
21830
15586
15884
13423
16125
14934
41417
45665
43307
23805
17754
20534
18079
20388
16785
20102
13336
15520
26223
25158
15729
16325
14989
27446
20328
17043
14213
25532
19835
15065
19178
51068
16214
14293
15284
17808
25795
20826
17395
31274
17840
15704
67992
19309
17100
15167
16151
21658
20100
12774
32571
16243
30497
22078
34882
15708
26391
22411
16631
15770
19182
19443
15463
28457
18841
22268
33701
23746
24529
14991
17762
14933
21883
14322
15468
16646
19153
17151
15181
17701
16811
20123
26939
25020
21016
22270
31970
15892
13360
15985
16644
19329
17957
25529
16993
20284
19183
14425
13603
58159
36316
14369
23325
20787
16526
13945
16928
19626
14054
16286
14961
14948
18759
19226
28292
19381
21713
15605
15452
15562
14616
18267
20193
23901
26813
32926
33232
17846
17740
22411
17298
30407
19222
17306
36130
14529
18648
18312
31974
23273
14441
15689
13760
15238
16537
23376
29945
22780
14451
24086
60639
14336
37652
16380
29414
39651
17127
15056
16127
14496
16130
15165
15377
20141
14960
24164
16062
19026
22681
22163
19989
16055
33468
15225
15469
15903
15844
18139
21004
16646
19059
25854
20291
37208
20968
22723
19268
17311
18708
15996
19829
16322
18435
13871
21469
17835
26324
13347
15601
13500
19730
19613
15090
17993
21709
16398
16094
26112
18610
19743
19474
24231
31265
31189
16547
22524
14560
16762
23613
14786
18290
26807
54975
22579
18199
26399
15095
18284
13830
15596
14738
26359
14355
17459
19009
14173
13852
16292
16596
17927
18276
21797
17319
16944
36058
17408
16306
16323
16925
14619
20427
21477
15166
14401
15109
12752
13453
17432
30207
14731
14692
15176
20852
34990
14554
26254
17787
14492
21406
15559
17066
17393
17897
13570
14286
18077
19864
16476
22524
36657
14863
16931
23160
20889
15203
14549
16191
26562
20857
17827
15043
18715
24550
16358
25847
24216
15329
20160
16586
14733
29016
15158
15301
15843
15752
14389
15854
35582
16213
19111
14383
16096
16558
15385
25536
15669
35384
17836
24007
15929
24277
16254
18074
27914
35934
20096
13735
21925
17029
20147
18173
24007
23957
25373
23187
14071
16908
30745
15241
16528
19587
20522
19490
17525
20865
19274
24161
21867
19620
18820
18759
28808
15133
17959
14840
14224
15677
17552
14959
14222
28800
20710
15365
15622
22675
67003
19554
14779
19230
30875
33616
18591
15136
13646
19682
17869
20095
16065
63263
18972
17629
14927
52748
47367
16651
15131
15896
14260
21483
35651
25311
19481
31906
15855
26701
35599
21621
17101
19370
15499
16844
19150
25379
15668
13760
27792
15416
22782
21749
37988
20138
14934
19629
22816
38781
21993
15430
12393
19741
22124
17682
20249
14491
21676
22823
29867
14738
17501
16415
16942
35649
26982
15109
14449
15373
16227
