15339
18511
21538
13894
18688
19915
16847
19190
16620
19558
21268
19076
14416
14559
14469
16558
12993
19153
14517
26310
16223
12303
17097
14678
14983
18497
28004
14069
37159
17786
13797
15667
14283
18462
13365
16836
22543
18352
18845
16188
21990
28349
25384
14354
13797
15426
13661
14989
13792
16681
16536
16571
18963
13752
17425
23488
12997
20974
27725
20914
15686
17604
17420
20978
17268
42830
25718
13946
16922
15701
43131
27686
17598
14628
16798
13949
14304
12258
18141
18803
14783
18672
24059
20368
19349
18787
21254
20142
21633
29209
42526
18802
14665
16181
15993
24096
14876
17778
19752
14789
15114
18683
17934
18449
13761
18900
21067
17856
26277
15544
15955
20678
15769
22955
16108
16000
15140
18666
21906
16590
16609
18552
33453
20137
15345
33044
15651
35753
13204
13278
19995
21550
19144
15794
17953
15367
26462
23056
18476
21829
15301
24744
14251
23058
16798
16251
14312
17352
34959
21387
25144
26664
14788
14027
18679
17498
23712
23049
16650
18611
13797
14454
22287
13247
17169
16561
17645
14940
17336
25805
14135
17356
18171
19941
17055
14926
18261
17669
29237
14158
17419
28487
18524
20425
15453
19006
21012
25888
15208
18236
24541
17424
16877
22969
22187
15654
14821
18558
16645
14545
21311
14330
27762
30418
15174
18924
16735
17554
38178
26294
20895
17325
24322
17277
16530
16319
18725
17430
15534
15165
18942
21159
21796
19680
17913
17248
14568
12692
19967
14951
30191
21713
23495
16172
20205
29267
24122
18724
18612
14180
15506
28707
28593
40603
15513
15992
25870
17866
19462
24212
13519
19675
16960
18500
15449
23254
14732
22312
15571
14270
15525
12794
15514
23423
13673
21002
13729
14885
47008
21461
15450
39909
17014
17186
15980
17213
16319
14517
14880
18153
28634
18876
17467
19738
18649
16579
13467
29623
16614
25164
15023
34465
14732
20756
15571
15719
30136
14284
15526
13746
33039
14474
16288
20209
14299
14486
13444
20313
18920
16606
22404
16130
13774
20092
24563
25574
25875
27634
17775
14992
16039
30848
26563
23263
20663
25364
34282
21413
39659
28382
15644
17563
14576
20062
20057
36250
41883
14579
28187
15340
18274
15736
18999
35698
17189
21759
13451
17625
17572
15315
20350
24788
14982
15621
15110
21358
21934
17457
16352
24287
14345
37764
33285
22159
21807
16979
15325
24586
49986
17995
32275
19538
17255
17902
20600
32344
20280
20975
43059
16149
18776
16715
20428
24903
14204
23808
35672
16771
18097
15286
13724
22878
17513
15379
32824
21142
29829
14939
17777
22273
15778
22188
30945
14853
30097
16881
18655
13232
18260
32703
19347
13844
17524
15809
15163
16807
22268
13296
22455
14041
13217
16078
27348
14875
24340
22825
14374
18056
17271
14932
14782
13614
13783
17077
14714
21978
14268
13566
25724
13401
18093
16007
15704
16916
16238
18660
16997
16345
14964
18593
15666
18364
14345
15873
23391
16109
29051
13582
24576
13710
28136
14527
19859
12639
16560
21291
17338
13749
13548
21781
13463
23147
28765
15627
25966
16162
17243
13929
14943
14616
31581
27937
22952
15530
33091
13654
15788
14454
26886
15630
16295
13753
17177
15806
27654
15313
14180
17130
18088
14773
14216
12889
27216
15441
16427
18979
21822
15828
18071
16424
14281
13881
17326
16651
19146
21269
13412
16974
20467
15684
15907
27667
14025
16718
16493
14783
14887
15180
23312
15888
23365
17447
18452
26973
14873
14510
22133
26572
15669
52132
30075
12142
16212
13508
17438
34673
38117
17600
27906
21840
15505
13822
17234
19390
19409
29303
15706
14375
15740
18058
33837
13831
16081
19379
15435
18228
15553
19494
14504
15091
13816
17208
14944
14387
22469
15786
14734
17245
15295
29020
20069
20653
15603
20545
15242
22099
17679
38634
20898
13535
15093
25543
23617
22946
36358
14149
18549
29142
18856
16498
16733
24722
24386
23173
18311
15395
18881
21161
17167
14341
17080
15182
16746
24059
14861
13654
13337
16896
16829
16544
19259
29061
19094
22279
16928
21268
22801
22153
17736
17845
18113
24815
18220
21409
18004
16933
16792
22245
16210
14764
14721
13292
31931
13665
17181
14772
21074
15466
14375
20219
13160
12209
15234
23756
14839
15227
23801
14651
15462
17934
15208
18459
18297
18587
19386
19817
17212
25190
18430
45503
21696
21578
19751
14868
16647
14609
22980
52321
41760
13900
14513
14496
35367
13762
15110
14740
17471
28715
17319
17620
17210
20570
16014
14322
15282
15363
14666
19914
22267
24756
12919
19945
14087
21542
17568
24183
23093
17192
17187
23855
18315
14925
20787
63495
84368
27937
20311
31033
26412
14994
14427
19105
14575
14227
18529
15663
25688
18118
14187
20705
25052
51858
18193
38576
17090
16399
22189
17409
22904
14151
13489
19290
16882
15299
16288
20196
14321
14994
17519
28279
14535
16612
14231
18570
17705
12575
18013
13770
35624
17805
17732
21559
14846
13434
21694
13855
19842
30659
13444
15921
14899
17197
21150
16718
15246
19838
15560
16627
27455
30954
25322
15242
21689
13273
12754
14842
14444
19107
24094
15920
14453
31897
15295
19962
34724
15354
16898
15927
14973
14514
28870
35963
27324
33462
33776
18138
15613
16078
18874
16150
16724
16199
14134
19644
14528
14108
23115
19565
13173
13060
14683
25033
14700
15747
19484
24591
23424
16153
18888
13888
13323
14317
35326
20802
54639
18125
28856
18444
16355
14259
17911
12485
17899
17235
35169
17789
41275
24349
21620
29270
18399
16484
13587
21019
13676
21956
34062
16051
21011
17932
13561
15438
16872
32507
15048
18183
28452
15486
24191
15631
15826
15901
16628
16206
18293
16877
15665
13963
28363
23606
22682
13569
15735
27748
23641
25752
26360
26192
21756
29928
21300
14094
14207
15251
13860
17299
18897
32689
16367
28033
22799
16502
19185
16065
21400
20580
31834
24919
14216
16134
30387
17537
16647
17779
19142
20638
15485
20695
40360
17933
20243
17358
19475
14356
19532
14109
17339
15774
16947
18491
19703
19892
16149
13546
31004
15463
32856
17167
14377
13785
14013
15008
13376
19169
36334
15384
23046
18751
24453
16504
16834
19181
20046
17836
24121
20177
16419
16164
22268
15701
14343
51189
19042
26899
19583
18559
19009
29641
24676
17528
14836
19671
15672
19328
16926
18279
17177
24307
18302
15645
25756
22107
18764
15019
12915
14292
13010
15753
24174
14982
36342
16626
30123
14995
15234
15805
23445
14729
18758
17223
47849
14757
15117
15714
18590
16459
16765
15073
18555
33795
15135
14241
20392
16925
13064
17781
24025
16600
27892
24619
16280
26396
16920
17832
29419
16448
14200
14041
14599
15554
16384
29089
36724
31442
34343
24158
17831
20763
13599
33156
14112
13606
15119
13636
13154
28339
14917
25440
23087
20643
35298
18780
20851
15884
15968
21429
15829
26066
30723
17564
19248
18612
15488
13537
20974
14113
14307
28634
14893
21068
19008
13772
23135
23500
14648
19167
17159
20490
14830
26549
21376
21905
16770
16161
15600
23608
42752
33683
14921
20567
16805
14708
15629
34425
29857
20171
16512
14440
16552
28546
18453
17432
16145
14644
17020
15164
18421
16247
30325
50559
22098
18580
14723
15080
16414
17144
35450
14837
27063
13804
27385
14349
14556
13571
15229
18541
17269
18815
23551
19756
14880
14446
16039
15573
30589
15299
23159
20173
26813
21130
25509
14034
26262
293650
20100
14015
15700
13540
18682
16567
17095
31167
30467
15071
17375
20896
19219
25593
25122
14890
35666
28646
29780
26809
19074
20072
22111
25109
16298
16177
17930
18041
19632
15334
27982
220557
19988
59949
23272
50822
14153
16843
16956
24458
14588
14089
24961
14071
28162
15805
13925
21422
21651
17515
16363
15689
19706
16874
13867
26528
19324
21501
15382
14417
19121
13190
24144
20356
17891
21472
43121
45565
221933
183305
16624
15969
30611
21659
21192
18854
16436
18334
20620
13903
15810
24329
47242
13846
16595
20406
29143
14360
22409
238758
82237
19857
15889
21032
15755
19713
18608
14167
19527
16993
18896
18520
20021
16297
21728
17262
24606
13988
23377
22940
27897
15950
13516
24657
13991
228233
26189
17846
14078
16035
20566
15901
18505
17792
24018
21626
37928
14924
13882
15085
38618
237330
14135
12931
15032
21359
23764
40877
20186
16346
14770
20241
15921
14473
17922
21702
32450
20736
26450
22778
15547
15678
21182
19836
30792
15168
15981
14201
12986
14660
21389
14462
12953
15440
226513
60400
15214
14479
14195
19650
12448
14989
16583
16201
17620
14910
18605
14667
19394
19021
14522
15004
28630
17094
20843
20394
16204
15942
15211
28808
16898
14695
19050
21368
19039
14055
16574
20789
15246
21662
23251
16440
13624
21917
17597
15589
21967
29507
76006
14479
15812
13956
30487
15387
31431
20488
24246
14523
20319
25535
30676
47440
19082
37404
32921
18587
23700
15154
15389
16702
17818
15135
17661
39043
13452
19875
20484
14233
20123
22428
17140
27853
42253
16752
17063
18497
21482
14058
18429
17718
17526
14439
28504
28771
15275
13993
20821
22229
19461
13990
19835
12182
17716
15132
27757
17018
15459
20401
13484
52260
15219
16277
15213
15011
14081
16396
15438
16703
28224
16321
15474
15530
29422
15866
45169
18952
30329
26549
16584
23225
18153
23643
18497
14370
22670
20483
13439
17426
13577
12669
13941
26946
16566
16833
21004
14639
15082
13260
25235
18071
16167
14098
26515
20843
25131
20555
17161
12646
15307
13883
16901
38974
15544
19526
13297
14656
14244
15383
14400
15442
15052
13868
18835
20629
17147
16609
17398
14575
20909
15136
35140
15997
16718
30393
24125
17365
20513
15188
17900
18456
12525
15374
15272
12801
14771
20025
14513
15823
31313
14626
21376
26928
15244
15918
27517
18910
23962
15124
13660
16266
31747
13571
15113
33273
23080
19741
22318
20696
16651
14732
16129
13326
16352
23532
23191
32403
13071
23536
24665
19831
33932
37221
20603
14570
12497
21487
18349
22722
14769
20524
31669
13509
12425
26989
20849
20255
24534
20171
14943
16112
19349
26960
33187
23788
16035
33017
19477
14270
27976
23484
17596
15301
19069
15656
15531
17200
15979
33693
18362
23591
25191
14477
15453
23383
14129
18839
17867
21595
13628
18864
15663
14270
15643
13950
22771
31170
26035
15079
18912
14053
19361
15477
20169
26388
14569
27662
14695
17042
21141
19114
17969
25463
29920
24986
21839
27440
15074
25274
34644
24639
16658
13577
24820
14391
13472
16119
35163
39118
14990
33443
15468
13443
17355
16742
13940
13363
13270
23421
16806
17399
18303
31168
17176
14757
15061
14720
13247
15928
17297
14590
15699
15337
15090
15100
21859
18827
20732
15201
15485
22631
13246
28242
14683
18616
17799
17892
16201
15786
22920
25369
15612
52918
23303
33036
17238
15506
14753
14357
14385
21469
16196
12707
14092
16394
16241
15919
18481
13761
16057
25836
18174
24133
23341
13029
16989
15422
14200
17008
14908
29417
42655
18573
17677
18577
20906
14687
13227
25124
13534
22313
18920
13099
15943
13211
17580
18108
14347
20026
16414
27735
21899
14649
19335
15426
18600
18489
14816
19801
19582
24075
32187
18801
17802
16584
30977
15286
19302
22833
25143
14303
18250
20099
25210
18047
23406
15965
32674
77628
46584
14095
14979
18062
16679
15011
24221
14367
14329
30686
21138
14905
16793
16652
13430
14691
25115
31267
33292
18014
15119
20027
45322
46327
14605
17359
22603
14360
13290
12718
21532
14785
16886
15376
14482
14889
14680
17933
20200
15060
16388
31353
20425
16908
34836
26444
19826
14934
31673
19696
18591
12497
12918
18518
14493
14558
18040
13415
13906
13484
14238
29304
22446
18932
13811
17374
20407
21317
21016
14823
15866
18761
20131
35393
56211
14400
24585
18244
17168
14394
29222
13914
14533
18617
18143
13509
16951
14699
13967
15287
18030
13354
24002
18421
31405
13275
19646
19463
18495
24755
14126
14235
13079
15108
16238
13471
15780
33781
15427
13213
13714
30550
14473
12889
15537
19713
14291
15331
16574
16039
18038
17822
18643
16791
19949
13348
41845
17782
17962
12903
16293
14833
14941
22958
19335
27019
16172
14833
13081
12997
23415
13492
14035
16907
12979
23981
13972
14748
28892
24423
19572
20741
15681
14412
19358
25572
18044
12836
32104
26133
22964
19175
18301
16097
19709
16166
20704
34524
15327
18928
15018
14027
15469
14919
14498
33885
15356
16002
17672
13523
15014
13454
31896
15719
25744
32404
15319
21303
13494
15361
23989
13383
26254
16132
17223
23816
21286
19988
17811
15412
15193
20753
14091
14856
17134
35870
14855
27869
35732
16452
16455
15931
17450
23851
19879
17986
13815
14490
25996
15468
25602
13478
20340
28280
17931
15961
25062
17570
14788
13455
18292
30612
18886
14938
14398
19452
14548
31604
18837
15149
21166
21463
14117
17099
15686
14191
14625
23912
17295
13324
30292
24003
38578
19685
18645
22548
24746
19951
17423
15293
17453
25332
13511
17980
15927
13986
13778
14996
16870
24014
16928
15036
18235
20257
15780
16148
19980
14605
25606
14092
13703
14169
15680
16099
14195
14573
23395
24133
22853
20626
31887
13797
13862
24176
14258
19170
21021
25851
14038
16540
20453
22269
19664
21731
16782
30172
13368
20287
16576
15760
18273
18780
33829
14570
15353
14558
15144
15134
19325
14599
16180
16360
23930
36239
24000
14682
13694
13980
15778
14310
17178
12999
13963
28634
17506
22543
17538
21291
26907
15807
13962
14454
21143
16203
12750
15949
31037
17037
13567
16417
13776
15522
15580
19107
15072
16929
13883
13333
22566
18331
16068
20992
27711
20600
16257
19885
19478
22194
19163
14577
18441
14930
21315
15025
18048
13645
22670
18476
14626
16839
19888
16572
17420
17766
15716
17374
27076
14662
17212
19507
15454
14890
26990
22788
14553
16423
14037
14731
15744
14456
18979
21477
20874
13558
21523
61186
21112
38566
12050
12498
21585
15484
19896
13675
18176
17265
21201
14471
15467
14561
18984
17213
19725
40871
49170
13623
17833
16862
13006
14715
18141
17974
19822
12370
42777
18593
19174
20184
25890
14979
14815
15646
16526
15068
29196
33139
15565
34223
18066
36736
16329
14172
23094
14824
18329
16101
13386
22603
26651
17789
14199
15102
27160
19187
29615
25602
26337
16097
20721
14779
17043
12738
19545
15104
29463
16088
16932
14103
13606
12354
31042
16727
23929
21107
24010
14759
16589
19330
40942
66198
14650
14837
16620
18806
29080
16271
29023
23463
32560
24953
20690
16704
14656
16057
15184
15141
17732
26426
16422
18009
13260
14761
13946
19839
14696
20188
25616
25332
16977
21116
14581
18332
26504
36776
15988
16556
23879
12390
14838
17005
14572
16577
16648
12974
21447
38945
18380
14318
15383
27238
25956
15640
20674
13678
14404
16190
14139
19379
17748
18832
24962
15597
13676
24417
14214
20922
18854
22838
28744
14324
22295
17151
16747
15597
15591
13582
24707
26176
17724
42862
18263
22104
20187
19288
17186
15930
14637
18810
13547
19368
20158
14085
15487
24392
14674
22025
26956
22662
13898
16042
20800
27144
14249
16962
23727
19919
15322
16467
18201
20440
13555
16034
18411
21471
15035
20493
20796
16985
17358
227262
15105
32246
17387
18892
15743
25996
20259
17960
28532
17870
18292
19695
18645
13890
21181
17365
22389
18246
28597
20967
16942
18575
19712
21839
17384
30100
16770
20655
14518
14578
16633
16077
18843
14794
13283
15911
15322
14108
15154
15047
14348
24933
16137
16184
17909
23142
21698
14443
16379
19527
13970
16928
20606
14003
19722
27096
26087
21369
18040
15625
24796
15159
16850
25057
14230
18299
12446
18865
46891
22437
15212
16154
14900
30559
15713
23778
19866
15443
16473
22355
40552
22268
20450
24031
23425
34234
21654
16687
30987
16180
13477
35440
14791
17745
14567
19437
17136
17590
15977
18901
29239
18323
30544
14363
17124
18456
16898
20035
18417
23461
15618
15045
20908
15002
17818
22079
16089
24297
13588
16442
15526
18323
16678
14625
31760
17312
17700
31270
21266
14781
13994
21978
17257
18196
13867
15488
20137
15487
21773
21962
16632
18014
15240
25263
16157
37240
14130
15311
13264
16849
14733
14242
13019
19795
17346
14563
21328
13891
26296
16685
15908
22771
16988
17436
26422
17740
18007
14999
18604
13088
18762
19853
18579
16064
23070
12065
17028
13997
15240
14499
26618
19466
14773
18898
20270
16069
15249
18927
31301
39151
41762
20451
17378
16537
16575
16656
14103
24056
34183
23541
23407
35950
24997
22852
14782
18620
26154
13771
19924
26708
27948
18727
14622
25123
25109
40710
31958
19404
14614
16665
15523
21317
15682
16628
14271
16049
13063
15668
16562
22230
25850
18694
33117
17350
19062
13974
28041
16064
15703
22255
27545
15778
17722
13784
13696
14615
12020
19904
16342
23290
21321
18544
27392
22433
19204
17583
25078
24332
16654
18967
15000
15907
15349
31156
21967
28580
17834
15753
15328
16463
18829
15664
13468
20410
18372
16073
16874
13274
15863
22774
25472
14590
19566
21207
13673
13825
14440
14410
14310
15870
12854
24994
15742
18034
13308
19930
13652
13904
17321
20583
27828
25252
15192
16480
14767
15998
14553
15472
27235
25060
16645
15508
18639
15529
12911
18090
16451
15966
22336
35600
19669
14938
28472
18517
19660
17025
17036
22612
32629
15121
17562
17408
23405
17434
14468
15177
20106
17785
15612
17069
14960
14377
37358
22566
27542
39151
16519
21634
14929
22973
26883
13159
16496
14151
24044
19491
33737
24839
13759
15347
20029
25709
22140
32413
13329
16255
13795
16007
21942
16346
20019
22865
20853
20066
15867
20144
15418
43799
14215
21622
20327
18711
17846
17007
22841
16767
31441
14724
14639
13655
15168
25353
14687
14542
17702
18954
19643
30801
16953
30907
16500
13747
18401
21846
14641
19392
17152
14130
14246
25361
17501
14366
16378
16355
13467
16212
13797
18950
16457
14163
14234
15009
20362
16960
15136
15302
18895
14220
15181
12967
28068
14187
24665
25505
14636
15695
13320
27723
13819
17605
26336
13195
18860
13778
23418
14708
26078
18607
20295
14940
18676
22731
12588
15520
13667
16199
15001
14576
14028
17748
14584
13405
15300
13384
15098
15228
12249
15417
16594
15258
14098
17476
36737
16667
13984
14741
21352
17676
16856
16156
21642
16814
17346
16339
17416
15216
22905
16574
16842
21902
18464
23583
22570
29833
22669
29476
17232
14150
19954
16640
14954
14988
15181
13971
17892
15211
15115
18805
16032
18350
18371
14365
14033
17331
13807
14983
18989
14003
13417
18049
116648
39583
15017
22750
19404
14836
12098
15628
18558
20444
21245
23775
13004
17878
19649
22481
30100
20539
15826
18336
18783
20121
14373
13563
18701
20632
14934
14175
14676
17071
23754
20405
20303
20961
16224
15270
20978
14208
19246
15460
18182
15622
18826
34427
16622
27103
17136
18099
16261
36292
15805
15462
13964
17320
12975
18695
17382
42926
14713
17090
36283
17513
39660
16797
15284
15606
15691
21814
19065
19226
14595
23209
22325
17893
22863
20100
13694
29595
18677
27562
15284
19048
17468
21466
14392
13409
13549
26396
44886
15909
16287
18458
21629
27482
28360
29089
21576
24213
38536
17806
16934
14243
13856
14677
18594
16784
18489
27016
20046
16093
27984
21457
17985
16160
23922
15044
14164
23603
15656
15016
25202
19817
23226
38278
23023
34281
25959
27357
33581
13206
33373
15206
13589
13896
19507
13957
17326
15840
21145
18410
35016
15696
16419
18568
20039
34363
13606
25584
14057
16882
15903
16434
13949
23015
38964
27459
20348
26477
17032
31218
18107
24974
29108
15077
17249
13255
24739
19702
21521
16952
16350
23001
29619
44178
16620
14800
15256
29112
16740
14506
29685
21426
18729
15456
16965
24814
16948
21415
15042
13407
28923
21766
30006
19865
27673
17160
25082
24586
17914
16189
27289
20297
16858
30597
16581
18580
17361
21240
14706
21553
23695
19502
14987
22686
14368
29429
16836
16158
31510
19228
16304
17437
20871
16966
16793
14834
22616
33439
14704
20702
16153
21509
18917
16007
35922
16487
16392
22762
16728
24895
17521
17738
17933
27716
27353
25451
41163
34554
17134
18315
15334
17847
18077
21889
23013
25789
30716
18919
14198
14391
14212
32268
18402
15475
34294
19842
24087
16144
17056
14035
23519
18836
14188
16697
15746
24375
14872
15148
15625
16529
14850
18939
23555
16417
18062
15090
16046
17328
19497
18937
22360
13567
16901
14631
18563
16067
14503
17500
16372
23534
20517
18482
15926
13506
27674
18715
17248
25464
41769
44723
17132
37586
23558
13950
31029
17241
18639
22828
14536
18467
24967
23559
32555
19343
14503
25885
14788
34499
14353
18184
19345
15498
37459
18539
16575
15148
19379
19556
21543
16284
16777
16632
22530
14872
15028
22222
17011
31011
16747
13978
14878
21998
15120
26014
15128
17271
15603
15683
23443
15626
15298
20668
29267
16349
19823
25144
16923
21002
24671
16077
15197
33130
16334
24137
42599
20317
17285
19400
28181
17637
21822
14773
16434
15051
20332
15397
23056
13698
14514
16061
27988
17048
21560
22895
23119
15644
13798
14534
16706
24224
20395
29230
20894
17471
21203
20070
21491
17414
16232
23002
19224
20136
21840
29654
24962
19730
17347
15753
15525
16380
16614
19503
17209
25157
16007
21766
17697
24720
15444
14825
24003
22612
17160
16685
30461
20028
18641
23364
22635
17208
16598
14769
41847
18600
21562
34855
18877
17028
30890
17495
14167
14950
16031
14193
18508
17715
16511
14497
14914
16859
14568
14300
22504
14362
17400
22164
20739
15938
14961
18944
35576
21872
23732
18770
20381
18160
19070
26721
23185
18793
16166
12920
15249
16674
23574
21222
24364
13809
17526
13771
23161
13660
16832
19828
13923
19553
22936
29348
25350
19320
25421
18554
15820
13064
24633
243476
196495
19869
15773
19511
14672
13814
13736
22714
19823
24283
17671
21714
15938
17187
17617
16917
23341
15769
21032
22190
17927
16566
17756
17311
16091
15288
15291
16608
24866
16923
16185
25963
14949
17255
14844
15222
19773
27069
16850
17093
14810
14452
28620
13252
14960
16305
16439
45389
17304
18079
21218
13082
15074
27607
16873
14786
19206
23549
18051
15524
14095
13959
15997
15496
20327
18870
17330
34578
35024
48026
15172
16574
19088
26114
24576
29180
24987
14681
18604
20323
14932
17258
15834
22922
16009
15651
21209
14050
14702
15377
20621
36035
21866
13978
27394
12894
40469
15526
22540
13327
24039
27828
14485
17508
20527
18526
25154
21171
23315
16306
39116
16567
13130
27998
14156
17630
15785
15582
30053
13373
20805
16805
33712
13948
19783
15819
15649
16823
13990
19609
15591
15872
15796
16853
18747
21270
27438
15733
15934
17443
18577
16135
16014
17587
21940
22882
17626
20991
25088
15053
18282
26726
21140
14939
34666
18059
14248
27521
18806
18709
17628
18112
16581
15708
17763
14921
16219
15645
16548
18362
23528
15699
37027
20143
15692
32363
13899
18593
27755
17510
14015
18004
13793
16033
19894
17907
19902
24659
24966
20065
18713
20568
18168
18147
19925
13898
17892
18284
21738
15146
14824
14292
17233
18361
28646
16487
28061
51989
14432
14481
18856
14157
12490
13923
16989
24709
43803
15656
17630
19681
17800
20334
13063
13989
14352
23304
19111
23514
21204
16337
14436
15191
16600
14869
22847
15325
16604
26792
25250
26649
56269
18257
18307
21752
23354
14438
18711
16276
14238
14958
21222
16668
31959
15220
20065
15588
21558
21996
24209
33864
17101
15961
26128
15443
16644
15159
28253
16003
14005
23018
25846
18017
18439
15904
14386
28285
14188
15915
12603
15041
15657
18085
13870
13840
15875
23865
16180
15125
25244
16403
18422
14223
13612
23123
18106
26998
20644
15334
17010
14334
15766
15971
15056
18852
14912
17147
23940
30925
17549
15339
20717
17005
16417
19109
19905
15872
19259
17547
20241
14685
22058
43200
19360
16662
17609
18890
14687
14282
15421
15563
19786
14632
15947
14566
25437
21242
17136
14116
17543
14142
20181
22137
24294
13519
19113
16521
13959
26103
12684
14021
16502
17976
17004
16497
15030
15460
34259
29343
14218
14349
19009
20989
17096
19742
13908
29810
18563
22683
16689
19297
22950
15631
17044
19304
17686
26696
14599
15017
22316
15250
13019
14657
20911
24788
16849
19488
18357
15948
14570
43361
15010
16743
17601
15136
25776
20188
14031
25125
35120
25076
24562
27785
15043
33797
17165
14968
13697
16867
17406
20520
18803
13991
14287
16834
16517
30338
20920
14001
15076
14650
15452
19803
15384
40354
23859
14988
14221
34342
32776
51934
14534
30764
39500
18495
17444
20067
24662
25149
18648
19187
16658
13275
20301
19405
24336
18816
15891
15360
13646
16260
12977
14660
13761
20884
16251
19425
14169
21052
16678
15680
15661
15951
23692
14811
15898
27403
15783
21699
19648
15949
33987
14668
39085
19707
14202
17092
18078
21490
14453
14701
20213
15723
14280
26539
18999
16300
22839
21171
17013
20902
24564
26143
20207
17209
14860
22589
16074
15453
16657
17753
24363
22308
17970
13537
28583
23693
16851
22060
20066
29787
14971
27514
20865
14139
14197
17524
16512
13293
19263
15511
17083
15037
12357
14945
23052
23544
13924
13018
14201
15882
16130
14366
26641
16332
14511
23756
32682
38447
17153
24581
16129
21384
20535
15328
16763
24144
20420
26246
13910
14306
19919
20691
14294
13409
21184
18461
15051
20162
18107
16601
23761
15509
16317
37025
14911
18941
20856
14276
17146
24267
14385
15724
20501
23133
16965
14612
17574
17555
14012
17063
19752
16161
15338
19299
21165
15220
17703
14946
15053
24451
13378
17021
14087
17336
24182
13756
19474
21087
13984
49727
17510
20014
24422
13067
23047
13493
16922
24615
19962
17522
22316
17982
17263
14684
18371
15608
14207
13668
13851
15244
13601
25948
15318
16555
19129
15580
18721
36873
13595
20224
12576
15738
17220
15036
15091
21924
15628
18325
16752
28742
15126
15536
20555
15314
17983
20594
15743
15410
19538
14816
12972
15352
14478
16695
25175
47513
17771
23845
16013
15991
20484
24662
17617
27049
39693
20018
13971
15422
21442
14234
14510
16155
16179
14140
19173
20251
13773
20986
16768
21724
20522
19303
16639
15430
20999
14848
14315
37865
46339
19430
17570
23377
16967
15514
13920
14108
36673
13561
17175
16916
14262
18966
14822
14847
14266
14442
15890
16161
28860
17989
26012
24180
14400
21650
17133
20093
13252
16051
20187
28555
19557
15712
17792
13219
12191
19918
38535
17628
24422
15446
21659
14683
22198
14463
16135
12859
20452
18940
37936
17730
24484
16696
16947
16350
17389
13503
15772
15935
23475
15420
36100
49165
15042
12342
27239
33313
12850
16777
12996
26086
21939
14522
17818
15241
14320
18338
21166
15824
18423
20939
25628
24324
18361
27994
14350
17424
15590
16336
14133
16298
13666
19727
17745
13428
14452
23637
15428
15484
14478
14768
16146
15591
26791
15143
18937
15045
19699
16972
42731
16089
15056
23171
16740
22914
15453
16907
17170
16858
13241
14776
15607
15396
14901
24350
17396
15704
15219
21752
16880
18469
15110
14139
15856
15646
19698
26720
15324
16012
15388
17773
18563
14088
15004
17998
14526
14951
15995
15189
14755
15836
14325
17106
19193
14748
15908
15385
17572
18348
26045
15966
19210
24804
16278
38673
17525
19738
29002
17178
18002
18305
23787
20540
16030
24241
21294
14465
18203
28893
15291
18491
15206
21217
22812
17030
47111
15238
22977
23820
22229
23607
14382
20044
18558
16436
14401
16674
17572
15754
14089
28958
32144
16235
25996
16729
17706
27311
30288
15082
21457
23864
15871
15131
21174
13120
22149
29071
20566
20769
38785
24896
18611
38028
14572
17254
17899
20826
17325
15486
15552
15199
16389
14829
15209
21203
14710
19976
17356
15947
18691
22209
14325
14045
52465
18723
36658
18130
14838
21571
15567
13339
27658
25802
36508
15725
25762
28229
13994
18605
16419
14461
16335
14876
13244
16846
30706
27773
16499
28501
28815
20982
17985
21606
15245
17107
15122
19605
18416
29590
20229
16561
18590
14149
17485
14151
13548
14953
16873
18537
22937
13404
15159
14582
18944
20640
16283
20993
15371
14830
34177
17284
19814
20803
14335
17805
22963
18548
14744
15072
18241
19397
23827
24748
16789
24742
22779
17127
18381
18045
22529
23173
17122
29569
25807
23615
18372
21510
18088
22720
71266
20986
26709
15470
14591
13509
18304
18560
20800
33577
25407
16202
17032
29589
23581
15930
15049
15899
17519
31846
14786
19714
16501
16408
13982
23088
14812
18768
21626
16010
28354
21883
38372
14750
20392
15272
14621
17715
20618
16003
14229
15460
21111
13685
14329
16557
14306
19912
16893
17238
14448
15129
25959
16469
22972
17540
20080
16277
15929
19552
14306
24056
17649
13282
16478
15292
23806
16473
15066
14162
24302
15441
18957
25260
14409
24620
21468
15823
19024
19728
16696
17729
27587
19653
23693
17245
17899
19138
20313
18333
28613
14206
19802
18513
28561
15430
22514
15576
25810
28851
35831
14119
29956
15428
19164
15236
17325
18195
16880
26622
15436
13948
14326
20084
16759
15894
23057
14669
28682
14746
13736
15388
16273
17421
19716
16361
14633
18381
18081
14862
16912
14957
28797
15164
15121
13758
16092
16879
14764
22626
36492
55541
37086
20786
18714
18497
14784
19034
12766
13671
26526
16498
19480
20809
17204
20428
15040
27382
17366
16018
18424
15234
22088
20666
17018
23082
18496
24504
27226
16021
18946
17148
16873
16535
15479
31580
19331
15711
21378
19610
20230
24095
15893
27019
27271
20525
17564
25704
17235
15614
32366
20352
23573
16009
19172
14110
19876
22707
16618
13827
20075
16553
18734
19713
20936
14717
19651
17550
21530
33922
17846
18237
13376
15051
13166
13961
18039
19221
16307
15202
37254
15325
15357
18455
15813
18334
14006
16621
36276
17272
18219
19474
24742
17001
15492
13947
17810
19005
31908
15685
23375
14013
26997
18549
26749
22016
18003
22289
25894
14762
22773
17031
13374
14007
21123
32548
14645
14002
15005
14122
15363
25160
21917
23777
17803
18099
26506
20042
28426
29039
26548
17082
21327
15554
13969
19413
17698
28431
23510
15896
12501
21805
23453
35274
27763
15454
22170
16295
18625
23372
15397
19463
18805
18355
27720
16638
14142
48302
17015
19566
13563
25315
20795
19685
13915
18844
15151
16174
27854
19032
19392
14924
17769
18894
14433
14949
14591
23914
17270
15300
21431
19563
16654
19527
17346
18522
22492
25700
20901
15273
20101
16956
13527
15129
14581
16400
18515
14492
17972
17422
24990
19292
18206
16466
15609
14901
15848
13052
22262
17915
26328
18880
13392
24038
26828
39000
18623
22043
16005
21442
16899
22831
14666
25397
15197
14655
17639
18245
19869
15033
13798
19770
23977
15585
18579
14356
17014
21084
15030
13289
14683
16666
13673
12888
16726
19234
15140
19271
18184
15648
18330
15734
21195
18013
14916
20232
13676
15483
30126
32284
14310
16445
35220
38123
14858
19971
21698
13615
14685
19358
14147
16754
13751
20158
29279
30129
15104
24520
14299
14361
15751
14928
16691
14084
15501
14166
16267
20752
14699
21732
22639
22422
16559
16680
15567
15557
16114
14499
14509
13759
17287
17311
19780
16218
16241
17671
17378
18171
42253
15620
18900
20041
14385
21645
13892
24097
14872
22347
17982
16203
21845
17831
14310
39357
15714
20293
18676
17246
28392
16528
17064
18735
37562
27558
22455
18360
16980
39383
14947
20463
31171
50540
17188
17649
25579
13632
17740
13871
16164
16145
27361
15950
14895
21994
19262
14539
16277
15469
13765
14171
12859
23983
15860
22839
14596
17925
16360
16432
20221
27072
26879
17814
15645
37163
28583
24628
14874
15439
14106
23215
14711
17411
16056
24625
13768
14859
18041
15870
22139
18276
20908
15332
21807
16569
21519
17373
15559
19127
21929
30279
16016
16255
19705
21065
18115
14660
18735
14009
13760
38685
43473
16233
16738
15910
15391
18814
17462
18269
23685
20261
17034
30188
28917
21087
15266
20239
15460
38227
30241
26794
18366
19083
26715
15633
27086
16153
20427
26108
15517
17726
15311
23574
16373
17642
16664
39746
18417
19384
18234
15279
13609
15252
25312
33195
13551
13814
19693
18741
13749
14738
20979
15066
23461
14315
27387
16603
32331
22322
32528
18044
13650
26669
14346
25704
18657
19470
20450
15549
22857
21406
22861
19044
14276
20044
18701
32484
16846
21717
14991
41147
21655
16987
23306
55550
26179
13966
24713
19082
16472
26117
19498
24499
15156
28475
13982
18023
16802
30583
13618
20329
20132
27650
20754
12980
19030
32157
16271
13626
14052
15314
15038
17820
14472
16712
19335
17047
23405
17233
17954
25806
16911
18734
31483
49783
16552
41267
24956
14453
24804
15497
22536
14859
15146
18700
15455
16634
15890
16978
25423
16093
41502
13508
23378
14046
15901
16088
15701
23055
15731
15039
21221
16532
14344
15990
19159
17017
15224
16996
17813
23182
36421
18275
21548
17999
17574
13282
19077
15571
22573
35393
22649
13981
24444
14773
38510
17277
22650
24973
29492
16747
21206
27106
12845
14045
26103
24174
18029
15885
19933
14031
23579
14173
27976
13663
17645
14711
26178
34907
19326
14003
24227
28065
13887
15728
19718
37025
19265
17066
16711
15655
14216
18909
13982
21084
17286
17138
17603
15607
20553
17600
19582
18055
29548
19829
20969
32915
16405
20353
28537
22394
27824
17033
18002
16819
15168
17966
22113
19487
14680
17701
20914
18830
14688
20642
13377
24915
14260
16456
23647
15062
17039
13048
14788
19194
19438
13983
15304
28689
21512
17080
15657
19358
14769
19325
22865
14890
15650
31634
25178
18042
14463
15355
15252
13743
16052
28859
17246
13917
15266
19741
14912
13494
16896
17846
23954
21158
14485
15651
24160
18058
25345
15464
16622
17031
16038
16400
25895
14752
13144
19856
15708
29143
21331
14355
16893
17684
18386
15708
26370
39394
13977
21325
16333
14286
16100
25704
21424
31986
18941
13821
22641
27217
21528
22206
15066
19071
15379
15999
17096
17182
24381
20636
23654
15083
14418
18061
16562
13669
15556
15914
22039
21566
32067
15016
33867
13069
18623
23676
15900
15643
28805
33293
16134
15202
16645
14736
14896
15485
18827
22147
22375
13991
13021
15102
13684
30584
17169
14038
15177
24096
27356
47658
17298
17046
14384
14778
14145
13394
13011
35164
14742
15071
27988
15044
14266
15819
18406
18065
29585
20448
17127
30960
15949
16118
16585
14447
15188
17424
29129
20153
19759
17399
14883
18289
21167
16909
17690
18404
19255
19428
14621
17247
18247
16182
15648
13925
17484
16002
26585
25963
19833
18699
29256
25616
23119
18744
15587
15312
26847
18149
14791
14567
15931
15947
16752
18540
24395
15552
17639
14778
22117
15720
27652
15693
20363
16660
16328
18639
18157
15743
24059
13849
22866
13981
21521
20455
15331
14256
18512
19836
22713
17477
23054
25483
15552
19958
20959
18459
18785
18387
17493
22267
19381
16357
13029
26088
28081
25821
21065
23296
26459
14056
14863
25048
16584
15709
19896
20128
17101
14362
19880
15013
15187
17491
16873
23361
18426
23760
18328
16474
29739
18907
12946
19893
15788
24072
16905
21937
17034
16419
22971
13455
16353
19368
16761
18488
16108
28818
24879
14607
26166
24740
15825
30597
38233
22616
21563
13571
20299
32965
14187
14928
15713
19775
20988
20271
19572
22162
14825
15212
17345
17447
32505
16188
17731
19116
17454
18641
20983
23033
17167
27194
17163
30962
14805
19132
17621
17281
25280
19766
13480
26438
15395
27836
14920
23165
37615
15526
16703
19342
15231
22596
17792
17108
29697
14783
22011
31826
16423
16471
31980
28668
15825
24383
14613
13796
16405
16282
15118
16077
16030
23938
12698
36730
20011
23790
17821
17081
16217
16119
14497
28188
16879
26311
14603
13584
26822
15539
15351
14481
17969
29187
22722
18311
15373
15903
35159
21151
17200
19176
14144
15264
16262
21494
23920
14396
20478
20478
24243
20681
17641
16134
16998
27120
15914
45012
25740
27215
20874
21004
25674
13541
57180
22810
42119
15934
14844
20049
17812
16755
13343
14942
20382
13604
24021
14954
17729
15526
13684
14509
18736
25663
13490
21168
17673
14666
19857
13922
14500
16035
25121
35633
14934
16221
26794
21477
13634
30447
16731
22775
39779
36912
17084
15030
16132
17045
20140
15654
24531
23596
15114
19279
31117
16062
16344
15911
21190
15646
51635
13721
18023
19523
14960
24408
14395
15607
19096
17947
23663
15386
34510
15246
14524
19075
19224
16318
16318
21657
28056
24080
19111
18585
15826
22541
16021
15581
15139
27369
14499
15148
25138
15637
15749
18373
15845
21412
20442
15265
14031
17301
45942
20472
16837
14311
14452
22817
34910
14669
16128
16018
16468
19281
40495
17580
16481
17253
16290
13121
20673
14678
17275
40336
17450
22139
19499
19556
24703
16965
16642
27486
20471
16909
25130
19860
17607
25371
15082
16370
23126
23087
23715
19643
23957
21519
22679
18073
18355
28950
15755
18336
35414
29175
14820
40980
23978
15266
16409
32231
17381
38970
14823
23258
14434
15863
15398
20151
29086
24115
30167
15837
20097
16168
14841
17352
30078
18120
24812
15663
22170
14343
16902
15320
24914
27322
16361
18579
19694
16930
16789
16388
18583
15651
23924
16905
13875
18396
17537
15276
14735
24862
17689
18886
18628
15955
19724
23240
32730
17874
16619
17636
14076
15419
15316
29671
23932
17771
18918
16069
17609
31271
21982
18682
24229
14098
17116
16753
17042
18756
17955
14078
13036
15410
19527
22953
23278
32816
23863
15045
15999
29743
19527
22927
15352
15414
13736
37070
17972
33307
15033
24911
33455
31891
15944
17297
13888
23724
26809
38341
16149
24302
19719
17711
19790
32388
15368
20953
16107
26478
21034
14383
16553
14882
13399
15326
15735
18855
15269
16728
27912
15109
17639
25197
24531
14139
16704
14043
14877
13989
14191
15139
19335
49945
21093
17793
16132
15505
21975
16461
20973
15289
17251
16061
15891
14240
19084
15030
13694
29645
13884
16830
23377
17034
23977
17686
22010
22998
17204
27964
23224
40719
26429
22775
14484
20637
19739
24474
16309
17310
17771
22658
15600
15447
24934
16729
17138
23252
19278
23145
31466
17917
19570
19161
39228
24673
31284
21502
17914
18882
13870
14454
20924
15380
14307
14242
14753
25708
16538
19334
27977
13839
19033
17046
16689
14929
33304
15065
17664
14460
23048
15146
15530
17744
19092
21755
14956
33364
13726
19165
21164
20232
19051
17731
14761
18222
18769
18975
17414
15571
18507
27153
13428
23635
32351
45611
23940
57208
23278
16469
14612
16948
15867
19221
20421
25182
20379
40829
13219
22376
15505
13852
19164
30235
14767
15554
16788
25457
24759
16314
14612
17949
17432
15540
19790
16451
21516
22880
34950
16628
19365
28068
21110
21550
20635
24875
28887
22010
17583
17749
29283
30541
17593
20190
15151
15008
21795
