20191
25963
27276
15741
23776
18563
18437
14607
14929
17708
47081
31921
18614
13139
24269
15507
39440
17013
20469
16322
30834
14117
19400
20007
14376
20014
19930
14103
13704
20744
18129
13693
14614
35013
19174
14815
18048
29858
27356
33217
33936
13557
18384
15265
21231
19818
17841
14611
19229
28312
15160
21947
16093
31843
15153
15605
15926
15982
13961
13405
14227
21177
16172
17716
12392
32911
15954
15861
15548
23709
33826
14614
15768
15693
25597
23844
50193
14776
21849
20882
21996
31321
25879
30631
27855
31589
30447
26364
17937
21406
13459
17341
36404
19325
16397
15546
17293
15027
17204
38562
65632
17653
21260
13177
18126
14588
14294
16519
18730
17018
17507
15044
16324
18774
14588
17485
23636
22965
17434
23565
14035
13593
13532
14805
17494
21850
17324
30812
14131
25780
18726
14013
17007
33739
13486
15350
13533
14353
15655
14472
16238
17866
14822
13137
20009
16124
13421
26397
35137
14103
23646
13824
13445
14674
36344
32493
18937
14188
18181
16259
13641
16702
17368
18476
19281
19780
13416
24530
17634
14503
21016
19981
38083
21759
23227
20188
15192
15079
20888
19567
18293
19790
15651
19609
23294
14889
56444
21007
60071
67401
34028
14848
15170
19868
22632
21777
21209
17376
21904
18057
255308
230037
194021
172219
15541
16602
16077
14887
42223
14879
15000
21604
17924
19585
16892
17538
16935
19962
14225
13586
12734
14077
14658
14064
19768
14059
24175
25040
28627
13812
20855
44766
18026
16547
20680
17691
16050
35081
17198
18071
16025
16238
12598
19719
23606
14445
18834
26751
18454
16116
20185
16156
18303
13876
18220
18660
18025
16066
17632
19282
18880
14363
25112
13579
30346
15382
15355
21079
13022
14278
15542
15853
18278
27128
36698
19357
27120
16198
27555
14952
18572
39395
14592
16056
14657
20441
19050
32244
17595
14355
18949
17412
14280
20651
18309
34433
14902
20172
23585
14951
19307
12944
23101
14001
26097
15657
17567
13901
21159
17654
20515
16995
14153
16683
17148
15029
22585
52496
16089
34565
16963
25290
35189
14066
17348
14126
18741
39851
18360
23428
15184
24678
18053
16599
18147
16792
23133
23277
17448
15390
17797
19407
20562
18375
30424
14177
26521
15688
15627
21202
17260
16572
16769
14840
20146
15908
15805
27648
17201
14288
19083
16710
25275
24317
14780
16566
24151
18815
15398
27068
17025
15498
19274
18846
18694
26652
23751
27283
16781
14869
16573
17731
17786
28376
29783
14949
15476
14961
23559
19382
15920
222564
17208
17954
20027
23362
18288
14826
14166
18913
20251
16114
23145
16892
24170
18130
23684
15140
36618
16400
15483
19044
18579
13829
14604
22755
31514
27673
18746
15770
18247
39685
23531
24871
29711
28063
16589
17284
29794
23014
18218
15693
17010
19606
34347
59756
15231
13771
17582
26238
17028
37251
25710
16347
39488
15348
15644
15564
13127
23033
26563
16331
60331
18377
66859
48071
17933
15528
21726
21008
21647
17268
20045
39419
16162
22018
16569
16281
20613
16583
15232
19659
33304
14969
219756
15780
35345
14673
18762
17338
17918
25312
19810
23556
13158
14186
23188
14254
13547
35129
31032
40096
51859
15614
14195
14796
18975
15656
19790
18710
15369
37951
23759
15411
21571
18445
15975
20752
27577
14785
22562
26555
15462
40207
21702
13540
21735
14104
21337
25692
17994
13807
19627
15989
23649
15693
23879
22294
13339
14742
16456
22349
22255
19270
22348
18338
18532
24697
21566
17997
17164
14299
15985
20617
26429
15111
17790
14743
16872
17829
47155
28131
22582
14745
19822
16650
15038
14662
32534
25736
14436
18054
16881
24002
15612
23508
32047
28104
16724
16409
12026
34525
17677
17510
23631
13715
15202
13649
16829
26769
16527
36091
24696
16318
20572
18322
16665
15130
24721
14084
29615
34479
13791
13179
15981
19491
39841
16956
22857
25817
12705
17951
14225
15568
14601
23713
13222
15660
16192
14131
12764
14693
14331
16124
14821
14277
12863
19110
13777
15515
17334
19130
20740
24088
35695
17343
17076
13994
25587
16922
21136
22217
15953
24029
15471
14409
13654
23236
22310
17789
14706
13456
13379
27089
14685
15927
16450
23504
17206
19768
18515
14204
19585
16713
216358
202488
20443
21443
14416
25275
24974
21153
20496
45263
16728
18207
12964
25255
18018
17558
15758
13929
13778
16034
13976
17007
18382
21110
26186
17098
24136
29954
18100
26309
15572
14769
21508
25966
16527
15041
14936
30820
16290
31831
23979
28200
17714
15989
14232
18317
24977
18378
16102
23228
15784
14923
25560
17824
19567
16952
13372
32406
25412
34056
21115
16599
16232
25999
19679
18763
33660
17768
41272
26187
17860
16403
20972
16254
36550
32173
39350
62224
15504
30858
14932
18373
31150
20165
12431
21870
26677
16898
13385
13654
16206
25240
22499
16667
17112
29217
13881
35378
35691
24648
17488
13091
36035
17159
15489
17588
16912
18945
18352
13166
25680
14764
20194
15283
14112
16383
232754
13692
15598
30515
46123
19910
22865
17653
17931
25924
14993
241527
21882
19206
34148
28320
23343
56843
27210
20567
24540
39432
54680
13939
16446
15606
21480
16061
17362
25409
34433
14451
24998
15737
13880
16759
18899
22458
14441
14058
18504
23962
17143
25457
20026
18824
21439
16195
25637
16894
16099
20197
20682
21072
14970
21412
22961
23876
14381
33610
14194
18743
26208
16008
19161
13213
16607
20643
30125
19101
19942
18500
18027
18582
15552
35271
15371
14616
16466
18661
13919
24874
14891
32107
27438
16750
16049
17620
14635
24692
27726
14810
27291
47022
26398
19701
24631
19537
23103
23998
18210
19904
16838
27974
24905
18157
25902
14607
22232
14457
23960
16573
14894
13484
13587
15411
13991
28396
13965
22250
17655
37714
15385
15456
17319
22730
13865
12124
14207
17890
17983
16363
19323
15282
18845
28992
20433
14893
14938
13522
14877
36187
15988
15166
13914
15985
15051
17102
25714
18602
21225
15086
15336
17458
14969
30486
16406
16870
41879
14036
20408
12873
20044
24301
17717
26449
20861
18900
26950
14547
15684
15626
16729
15059
19829
14507
26280
15235
19279
18251
15961
26834
39896
18464
21639
15115
15237
19163
20859
21102
22844
25511
28028
31938
13794
37493
34552
20174
27360
16931
53048
23026
32856
16264
14829
55502
23944
41229
21724
21261
14683
20911
16950
19228
35304
16351
22662
23632
18355
19801
19675
14134
17389
27346
17347
15638
14473
14077
14286
27296
25686
25895
20618
20000
17174
44940
13003
16504
16292
38476
14824
28551
14652
20873
16792
15860
21049
17979
39780
15058
15441
21431
21632
14661
17194
27752
14890
23624
20341
19323
22970
31349
22968
16072
20717
22467
16871
17847
24017
16520
27957
16911
21119
15299
22503
31979
15186
31665
40722
73816
17302
14367
20594
15369
32914
15252
17136
13925
16087
22097
16041
14214
16572
19057
17144
21100
19012
26452
16157
13784
14153
20220
22461
35505
14638
17829
20891
22950
13251
30000
26185
18237
22919
20254
15492
19020
18180
14833
14350
15948
15810
12989
18255
32319
20641
15840
15318
18206
14746
16246
19190
16407
17724
19742
34518
16948
16664
23535
18562
23777
14625
17368
19927
30694
20508
31980
17241
16762
21061
15641
24586
15493
23474
19711
23710
17693
13977
19331
14102
14157
34514
17201
20109
21270
19081
31250
16542
24371
14737
14991
20604
17119
29236
17237
13376
23206
31728
31611
22565
14570
218804
43135
42574
61519
15598
19395
18193
15196
17309
20038
27696
22900
17626
55192
25393
15189
36645
15148
18924
20504
14634
17591
20184
16432
13788
20837
34391
31849
18409
15059
14984
18021
32304
30231
20856
21831
21506
21073
18387
25975
21308
22526
27083
27754
18730
21804
20658
28770
22598
14865
24727
17409
21524
19954
17441
16821
19815
33994
26404
16135
27230
17181
16125
18349
18834
17025
18523
43737
30200
31461
26739
15313
21644
16100
16241
20921
22571
16155
15150
21774
15632
39506
16578
14555
31546
17700
17040
13798
18707
28127
41806
14464
27051
22225
16706
17078
13255
13721
15294
16198
18579
23803
47248
25631
14292
18729
18983
23680
14919
24295
17051
21591
20500
25443
16672
22564
20844
20861
14638
22117
15475
25185
16258
13966
15943
15762
16332
27448
17725
21667
36887
14977
18760
24937
19568
18993
13645
19557
17510
15863
14681
17412
34354
15885
19761
20029
19870
27503
14565
17279
18813
16246
17494
46927
15189
19750
21940
14784
34893
41749
26214
16771
20540
15885
29483
17820
14310
40697
15941
24167
22716
40265
29987
18366
15413
14308
17734
21897
18996
16622
13588
19416
23450
16493
13552
14513
17346
25492
15615
40422
15432
25709
15400
41688
14409
20631
14524
17538
31590
17537
26091
19405
16446
26308
12928
17562
18887
14899
26786
15840
14717
13947
20302
14216
22612
34720
13929
15437
28658
41463
17802
18288
18392
17247
13135
15297
35990
15413
14671
16087
14963
14839
14248
20150
18976
18646
16240
19758
18602
17637
22040
17928
17326
13439
14042
18585
15169
23424
13922
19257
21155
17131
18126
25898
22068
13768
28483
18393
15759
19889
20880
14599
14082
15618
14085
15903
17451
35257
22022
20740
16913
17306
15669
17296
24438
17642
18881
23838
16485
15792
21299
19477
32983
15889
28746
33281
15963
16403
16282
21784
16490
15001
15082
18954
21292
36122
51477
17816
15077
38370
13548
15401
20364
12366
19039
15224
22340
43612
16767
14384
13474
22507
18209
17934
45155
23541
16506
15016
32707
23869
40548
29061
20719
13307
16112
23501
16013
18972
17145
23546
25981
21675
19318
14691
14778
18601
43363
16670
16458
21294
17040
22531
20375
15702
26358
20530
16206
13237
25321
29489
13954
24699
32556
16904
15006
16799
15243
30556
25954
29155
13987
19428
18138
18650
15335
18071
16633
16369
17669
14177
16394
18541
22541
30528
14705
22011
13797
32623
14022
15418
20036
15794
31890
19330
15109
13608
16347
22457
16359
14675
21869
27627
20132
26919
16576
14489
27462
17126
15210
13699
23207
27925
23786
18633
20919
18702
15861
13850
17301
17954
22139
15984
13723
25025
16451
16694
16270
19939
26552
31238
17193
17156
14595
24181
14059
25532
19730
16711
27718
18198
18607
24219
15861
17187
17449
16925
15833
18623
22181
23310
18925
14741
14851
16797
21204
14327
23334
17623
16739
13430
15501
18409
18629
15933
14601
20346
16950
16076
17083
16643
19107
15665
14365
24018
22230
17735
20823
21809
14341
16507
22830
18868
13924
16871
14645
29172
13930
15786
14917
13561
15460
26462
22030
56584
21217
16686
22831
30319
17179
15298
30260
44376
23744
13187
14768
21283
18483
27565
20389
14192
37093
18339
35920
16326
13568
17076
15265
18754
14294
50621
14353
25800
34867
20146
19168
19079
20902
20868
19202
18112
18500
15539
17282
23329
14582
15471
22220
45241
28561
18624
16918
16960
17218
17214
15814
12829
14926
29557
18872
26663
15708
14915
41548
60231
26485
12696
31101
35790
21450
13059
16666
24896
21155
34798
26566
15053
16732
15211
23509
14233
16298
20070
17951
15485
24554
21081
14065
18841
13752
15079
16094
15680
14707
14812
18020
18064
28028
15926
18597
22734
16462
14735
20173
38002
19325
16394
13680
16156
14688
17318
46670
16386
14155
15168
15370
21023
16511
37813
13569
13010
15768
15236
13693
15922
19699
20389
38976
16165
23452
15442
13532
17255
13362
21010
15037
14709
23005
18361
19138
16900
37524
45318
18968
26313
13913
19587
24681
20235
28664
19233
21570
24685
39357
23350
13531
15530
23358
14966
21281
18066
17649
13601
20241
31888
18687
17886
17524
17190
16045
16914
19676
26153
15751
16110
17669
20389
16192
17279
18789
13951
18339
17959
14930
14131
15396
27360
21940
14872
14668
13559
14366
15991
15864
21169
33877
25414
23833
17731
13532
14305
14800
18736
28934
15890
14787
16304
24950
14073
13105
14922
16025
18796
14017
24262
18849
12722
19556
14533
27748
16811
19516
19102
22378
47435
17952
19881
18674
18154
18961
18142
15699
16091
16031
26347
25576
14859
16978
21546
14165
14755
23810
38404
25889
16408
18070
15054
19138
17521
17412
22159
14498
32395
46481
28969
20234
53760
14891
15565
27283
19282
14867
18175
17405
24098
13209
18146
15418
18353
14825
16416
18868
17821
14812
13847
14690
13431
30394
34059
22925
16491
18475
13979
19120
23857
15755
16227
13911
18652
36087
32099
14225
18637
31250
17718
22125
11793
17973
31247
15093
16862
17345
21674
18085
15786
36108
18818
26439
22817
23360
29928
23466
29322
38869
17526
15241
24926
20789
15807
15818
16470
14870
15964
15330
18292
16664
15274
33229
17572
228968
18030
22278
21711
58293
15911
20591
31102
18383
20385
14130
14832
23744
17096
21846
20784
21688
18965
17676
16801
18586
26135
17534
14708
16181
15980
30886
14895
20861
17183
20481
25312
17076
34099
17045
17496
17184
15964
28136
14283
26719
19988
23320
13530
14692
21870
16317
13001
25828
37496
21141
15678
14780
18520
14967
18610
14434
42740
17567
38841
16787
31201
15719
34377
16999
17999
22372
27906
15316
17252
16638
34116
23565
16340
30132
26891
15051
24511
25623
22881
17730
17957
33422
13960
20181
14256
33985
24525
15842
24272
14208
13783
14792
15537
16062
18548
15953
31495
16550
19932
42678
16123
18047
35544
14763
30255
15702
19069
22842
23528
17261
23931
22903
16320
18618
13207
28927
24950
18374
24562
20951
16668
39279
16141
19861
25071
17744
16846
27547
15465
18990
13913
15648
13407
29999
15164
18829
23832
20969
14365
16456
22132
19330
28306
14271
39410
48158
15576
14467
25787
16771
13725
14649
14847
14040
15804
21705
23353
234179
147479
29161
17218
33424
26846
26131
16315
27905
20931
14590
22325
25715
17963
14989
19869
21146
26964
25735
32780
22772
23830
29724
27951
16719
24501
15320
42123
15468
25252
18227
23266
22311
20259
14408
17461
17473
19172
15876
25018
21185
32452
22594
16364
16929
28593
20124
14397
20126
22127
21036
14119
17651
17661
14360
30532
40861
23213
14165
15889
23895
15274
15931
20892
18852
21927
21449
18570
13384
13797
34122
45768
43711
17278
83351
21792
17861
13530
15082
27445
15414
17501
28843
20191
32166
19345
22284
17313
18632
15566
15853
14640
18885
18011
19726
34102
28326
17082
31814
31223
19089
16203
19780
22568
17216
17016
16564
16257
17487
27158
19097
27052
24364
22395
14979
30751
16172
23615
18610
18711
15993
16341
19204
16610
18960
25624
18948
20541
26176
14662
21702
15852
18240
19185
26109
16845
14494
14721
18526
14104
14995
19442
18038
18210
20048
14810
15160
18753
14119
30026
15837
15328
32780
39293
24844
15475
15855
22654
14750
14694
18628
14189
15918
16607
14949
19006
14971
16507
45658
226363
218078
221061
14025
19039
14588
19019
17324
30589
22255
18307
20868
42360
16897
18020
19638
17334
13808
14787
19149
19624
20904
25597
44915
18009
15901
13963
18042
22217
14167
13924
14472
20770
17309
42475
17716
28216
23715
18727
19635
14592
19886
15318
26141
16327
15012
14858
25051
18486
28511
14473
18737
37451
15059
45582
17549
17301
24439
15743
41868
74764
17276
18565
14914
24684
29528
16325
21753
19761
13832
14752
15835
20535
19967
15764
23967
16585
26978
35551
16576
20011
16603
16042
14657
15772
23726
20105
16832
15346
16504
24145
18053
17158
25212
18577
26430
16066
24350
33740
17387
19144
16879
15403
14905
23802
14240
17181
20370
14458
30980
15719
14059
14711
17959
22226
17456
14564
19361
21651
13588
21723
17808
17573
25622
16955
17930
16618
27593
15313
17097
28086
18473
16554
34781
17445
23274
14247
22487
22896
24026
16090
16772
19747
18733
25172
15750
15421
16152
15109
50393
22872
17088
16146
14689
27655
21202
15705
15982
33232
14861
19838
36668
22977
21584
13725
23904
15548
20100
18571
19672
19269
14133
16699
26201
17796
16166
14186
15737
39654
64698
105058
54890
44768
17742
14487
15542
17144
19563
47935
67603
31744
21996
16686
17176
21244
21551
17289
16140
16162
15401
21030
44454
42885
35183
18550
22087
15162
17633
23628
15673
18732
17945
18003
15671
34738
50626
16064
17622
21039
15415
15040
31178
18864
28960
17058
30167
13435
22865
19781
45026
15144
15508
26487
19913
13827
14153
20530
20020
17886
19650
32228
20801
21021
22020
38006
16437
16588
15682
33067
14795
18614
25168
28531
27414
17782
22342
16499
27316
22895
35314
15638
14125
13767
25749
14695
15378
14578
20296
16301
13933
22342
23355
15741
15378
19190
18068
15525
32258
47581
30882
12829
39205
15169
16624
26421
14296
23884
21397
16963
18542
22079
20469
17043
18967
16236
15985
33183
16586
25741
17432
46070
12701
16529
24460
17130
19457
15307
18522
20635
27676
30406
12746
22911
20882
16203
15120
15479
20800
14974
34856
25687
33457
13765
13888
17474
20517
23435
17298
15684
17087
17329
20593
24810
17512
13596
13882
18549
28371
25587
12902
15718
15415
14660
18190
15558
28592
18648
20720
16535
22409
23414
19253
15740
13433
13877
15570
19999
22810
26772
15718
16354
32298
22694
14297
15219
20989
15638
29350
14133
16987
18767
33741
15381
12073
14202
14449
18159
17780
14767
20435
30177
17232
16619
15717
32028
28632
28849
21985
15342
21146
26450
13489
16520
28684
16306
16353
32058
17034
26315
13320
19359
20853
28357
22876
13874
16230
16339
15328
15763
16773
23260
15822
16269
22528
17916
17613
17787
18562
19237
18093
14835
18580
16704
18382
15458
13550
22477
16488
31180
26347
14955
23774
17049
19631
15479
43438
20130
15017
16520
15631
19432
14670
20897
23415
19246
14494
17176
18453
14210
22594
13968
17210
14405
28775
16479
34196
15630
18226
18692
27635
16611
16583
17478
15249
22889
13770
14528
17751
16047
15160
23786
18429
14475
33102
26708
17578
16463
13416
33198
33379
14779
17037
26145
32807
30701
18681
17996
20623
14745
14633
13627
24237
16696
23550
29574
17984
13920
26073
20674
14194
23304
14845
35295
21300
14657
18745
15739
22738
18166
16024
21076
20212
20946
15085
21118
18527
31148
27759
36199
21020
15604
14308
17115
17008
31947
21218
30148
30081
13515
15967
24317
23112
14974
17328
18258
13705
17759
18266
31213
17378
21780
36250
16748
13104
16373
20265
25635
14660
14839
12381
34357
19219
14251
18421
16472
22816
13234
16040
20408
12998
21254
15111
27198
20549
21548
13203
26372
24329
19732
16938
20125
16881
13833
21014
19335
41445
14059
20682
22871
28065
25190
15807
15909
20962
15318
31967
16315
19645
17686
12737
14391
22278
14496
37179
19861
15720
19704
20357
13967
14873
18088
14120
20409
19943
15146
16278
21356
26648
16434
21452
15801
14134
14157
22380
17604
17166
17188
18997
27812
22226
42425
15205
19052
30623
16180
16637
16611
17138
18372
14809
18655
18128
17128
15583
16589
22012
16715
23602
22160
14865
20789
19825
24816
14983
16039
16438
13770
18285
22776
15606
19249
21823
14304
13994
18391
21734
20862
15935
21487
14175
23846
16490
20512
17418
15186
21325
14755
21087
25410
14541
17325
15654
21509
12761
47509
29872
16117
19122
23734
15394
15995
20643
18520
14298
42720
13987
14980
15107
16587
15337
14498
14769
16050
17822
15784
28392
13277
12466
12372
20901
18235
19445
14796
26440
14562
26107
28884
23856
13739
36844
25146
23726
15387
17631
18999
14805
17627
17515
25167
15537
14334
17502
14568
19239
15993
21040
16500
29723
16084
18410
20966
22278
20342
15057
19384
55492
13775
22410
30149
16265
19216
14987
38750
19444
16143
17822
13995
15469
14426
55077
16682
14133
15258
13848
18674
19578
14555
14674
15147
14029
22903
26993
14435
20476
14258
36892
13709
22235
70424
16076
15190
23691
38085
14461
28270
14260
17096
32053
16578
16321
25105
15776
23469
19564
23402
16846
20590
29471
21478
18040
20355
17450
16435
26354
18135
14538
24910
14929
20489
15611
20528
16254
20750
17725
18736
19294
24114
17452
25431
21437
19595
14866
20110
17767
15828
16506
21502
31924
15976
13210
20705
15689
24211
14889
19016
14255
21887
17846
15725
14904
18594
24305
19320
20535
20995
24087
15406
14715
22574
29941
16294
13395
15234
20723
29914
13619
25037
12874
17121
29490
39500
14219
19948
16053
16641
16664
17171
27899
17725
14692
14892
39900
16771
18515
29381
15625
17443
21892
14182
17356
21860
16015
18923
13637
15306
34160
14850
24355
13737
13323
14729
19080
16412
15014
14150
14662
30476
17771
16646
23956
16452
14181
14682
21086
18536
16585
21654
20192
15849
24453
17891
37139
14027
15268
20421
12057
15050
17211
30836
17055
20292
19685
18311
22230
43976
22839
16537
39435
14339
18678
20511
28510
27978
36092
18759
16410
16962
20244
13453
15006
18210
37347
19665
18018
19609
14238
27889
21638
18247
15873
18840
17287
16499
32655
23094
29430
18421
21761
18747
17296
22368
34276
16960
23172
16886
21864
15891
19919
15182
27905
21998
14158
37322
19640
27359
17224
29133
19533
14597
17018
13825
21345
14368
18543
15675
14906
16247
34390
18398
30998
13935
17974
36670
16037
14552
30641
47610
13419
17309
13761
33069
17277
15673
15158
15087
17032
30879
15417
15922
16694
15900
21567
16222
17583
21443
13722
16106
15093
21244
15034
15336
16351
15659
14472
13900
15424
14123
15314
17774
16128
16714
17524
16952
14520
19807
19887
17058
16265
23273
21945
18627
14586
40990
18696
14812
24403
18892
17255
17912
18660
17713
23036
14652
14789
22036
30439
14278
24038
22363
17450
13852
18116
15897
19122
14965
15276
19409
14222
15790
20213
16797
20330
22103
24956
12486
14924
19184
17427
14615
19679
15834
32185
13752
16203
23871
17124
14955
29606
14387
15968
13539
14509
15060
17884
16270
17172
15298
16596
16522
19519
77390
22206
24787
15134
21674
19270
26413
15857
19809
15095
18982
26632
21959
14388
23543
18857
31174
16853
17206
21012
14691
29729
14456
23494
13900
13644
21588
17115
28130
15179
20397
21804
13949
31042
45140
19081
22941
15829
23962
18746
16989
15274
17470
15831
14643
15807
20674
22058
29023
13882
14224
15912
19231
31068
22022
25363
22352
17943
13916
15631
14643
25580
23746
23701
15967
23944
22916
16142
26728
28721
24126
15280
40878
23500
13016
29205
14992
34648
34397
19554
18930
18109
16880
22193
18251
18006
14955
22868
15497
13293
22536
21019
24206
20150
15948
28803
21164
26288
16262
15170
19007
16731
15720
19014
31321
15912
14083
20125
16964
42861
19523
18456
17928
15849
19986
15582
30255
30680
27126
13327
13266
17979
19040
25975
15312
14481
25104
15015
31552
18488
25539
31090
18088
14482
46419
19548
20268
21153
31407
16461
18521
28492
15952
13848
27867
35919
18694
20760
26445
19424
16538
19927
28278
39226
14470
32151
16360
14841
18996
12991
20708
16144
20585
16136
26894
33940
14479
17333
15867
21905
16468
23154
18414
32770
23041
16139
16245
17704
19008
52989
47492
16652
14918
14319
14279
16562
18148
20133
15134
16697
18146
24121
16975
21046
14913
18848
17271
36165
13890
18096
15413
15510
24575
15210
15750
15422
21172
21909
19014
14048
18770
23250
25822
15320
25131
24765
42611
18662
15995
17895
20857
40225
18366
20622
15187
16010
16819
29005
19189
21306
29587
14373
38610
17125
17092
20242
19067
19726
35265
17815
17442
24150
16737
21087
14700
25127
23751
19219
29893
18948
15804
15574
24145
21221
22653
25759
19595
24632
20726
19955
13131
18385
15072
16092
28158
31148
17757
16606
51907
27386
15798
31022
21066
17299
24425
17526
14992
20580
15971
20946
20795
15857
20412
15959
21628
15732
26953
19269
27089
16846
25257
16254
20761
31557
18308
20952
16457
22115
21583
14763
17238
19946
15333
16102
16496
17148
15026
16193
20263
15111
28773
26148
14057
66219
23567
22653
21673
15509
17946
19022
55979
22161
34270
28692
14637
16913
15050
13830
21327
44098
16602
15604
16775
15948
16454
20163
17583
16271
15456
25109
14838
15431
15075
24126
22033
30036
43662
18229
17832
15380
15993
15059
16200
16132
15922
13452
17701
26936
19274
33698
43881
28051
43716
31759
19948
14788
20766
15824
36303
26267
14170
19388
24821
20597
25008
17774
25869
18214
20909
19588
23815
16781
14836
24005
18693
23857
22015
19996
15541
15654
16643
15866
46067
16825
20477
33666
23710
21875
28069
19074
28329
41265
28180
28099
233013
77410
14792
15316
27351
16097
18947
17259
30585
15765
19021
16100
17472
31759
29016
40986
15871
13984
17000
18917
18612
48581
19105
13888
15899
47779
18694
19342
15905
27788
28208
15675
54953
19017
23689
15723
14918
16834
17217
16474
16130
14267
19362
23340
18767
24390
18976
16252
18123
16418
20759
25790
18939
17175
18227
21762
13077
16787
15130
43570
21029
14399
15595
15235
222666
14427
17816
35366
37341
18055
15096
46805
29335
35028
16897
17810
20741
13677
22931
14397
16586
21973
19604
34342
15138
20087
16987
20848
20239
14228
25312
21233
13072
24537
13695
14874
26343
15255
16118
23522
27495
26145
13867
20893
33949
28404
12745
21665
16916
14138
16951
16769
15321
20206
14414
46965
15623
14155
16003
23273
25742
16439
21468
18784
43459
40732
22332
17804
16396
15912
16859
23024
25069
14905
22844
14301
15358
20655
20460
26022
19697
15398
26501
14690
22227
24044
22413
14271
15003
14938
17936
15344
25624
25535
24339
34426
18143
16626
14462
16127
20528
15213
40691
18965
27951
31396
16026
16883
15067
15550
18735
17438
25548
32682
16321
25096
14574
14255
14400
29497
18614
18047
15340
16719
20157
25115
31327
15023
14769
20644
16715
14672
14543
15101
28618
17274
16098
41677
20050
15831
43243
16097
22194
14194
14731
12728
19044
17244
16474
21451
16501
15426
19047
17039
13755
22535
20481
17964
45054
27515
18147
24968
19266
15792
15478
27673
24242
17839
15880
14803
16596
16239
16795
25666
18674
19219
14447
18726
17390
16403
28757
27407
15310
23366
14017
14964
15269
14833
23728
16520
23703
24229
18078
18957
29547
27235
23573
16348
13967
18123
30835
14531
28253
37832
14895
20310
28096
14782
19864
15982
20156
25548
18475
14407
23073
15567
22585
42068
33778
17093
16948
22483
28128
20750
22893
16547
17161
21342
17156
17389
20719
22540
19295
15676
20370
26192
20296
28268
32979
71146
21081
16297
21782
14037
17735
17015
13924
22785
15191
48316
29070
13934
17102
16386
18883
25258
15211
15561
19562
21337
24411
15277
22482
30305
14444
43034
15471
23401
19381
36316
25438
21283
26003
14548
19744
20119
14546
13888
42821
29202
18580
15631
30792
14398
16002
16831
34565
24487
45577
17263
35030
16570
17072
22945
15638
20150
41991
24198
31521
17817
16350
16396
15394
19587
29003
14273
24257
33052
21257
15647
18073
15682
18612
12897
19417
13991
18368
15490
15147
15538
29942
33744
21587
14666
30153
21435
15364
24208
12818
18471
23722
22060
27520
38789
15279
19403
27486
16098
19513
15121
29515
20414
19587
17761
13991
16857
24371
16119
18953
30504
14662
13498
16952
21942
19565
13502
25019
17407
13857
24752
18165
16785
13712
16354
17271
16582
14290
35342
25185
15190
18295
13314
17406
14632
15197
28813
32135
22203
23009
18048
18100
14777
30657
16149
15061
16776
13461
34342
13273
18079
15232
40539
19131
15262
20901
17401
16003
15033
17898
25484
36378
24105
13344
18524
12959
19984
18698
18146
15405
13214
14401
14762
21141
15131
13939
21408
50498
27483
17150
29805
16291
14211
19134
15351
19609
28714
24845
25732
14685
18907
34063
14526
17036
41822
35230
17896
37566
17248
25203
21523
14975
12999
17820
19471
21577
21465
24176
18765
19152
15840
13964
32189
23967
18653
15178
14890
21045
20144
15136
13629
23701
19761
15003
14026
17323
24029
33964
14658
20176
34453
18234
26684
15348
18981
18670
18419
14880
16363
20754
21454
33437
18130
14357
34757
29520
17358
16607
20083
15085
16487
13670
14770
23777
24396
30932
15448
17764
22033
19876
15350
27408
18869
15605
18027
18726
15286
13288
19528
12423
16730
17210
26191
63183
18653
14077
15078
23710
17851
17730
19203
13948
25952
18966
24399
14042
16627
32902
16857
31686
17352
15705
13363
24960
35583
19862
14327
23945
23550
18050
18531
15829
14450
14635
26316
16130
18696
15100
28379
15059
13589
16748
13863
16329
14340
24824
38321
20214
16793
15110
16331
16698
32010
15689
15924
14268
18447
15298
15678
25951
13038
16343
19379
16815
14239
37478
14196
18954
20568
16520
15768
13588
27009
15173
15082
21456
25873
31568
16288
19893
18716
18267
17282
17264
22572
16847
18749
13864
15789
19355
27427
18083
13596
14100
18788
28440
41618
17304
14653
28105
33898
24348
22106
30785
17185
26009
19709
19660
22693
19297
20409
33998
20997
16801
15691
12377
15471
17067
13328
18081
25549
13698
15072
17002
24188
17652
17889
17927
12417
22563
22774
16875
15616
18194
16174
16719
15995
16912
41488
15000
24313
23931
15817
14296
24276
17004
13953
32204
18131
30643
18014
35342
16300
15996
14833
16144
18385
16476
15343
16810
30614
24726
19376
31228
23217
14675
18418
18597
27004
28514
39857
15780
17133
16428
14336
31442
23839
14505
27308
16071
17749
14036
12396
16351
18580
14674
17778
21229
17569
28771
39756
20672
16571
19720
14184
13810
13414
23502
17150
23088
17790
16209
25820
16507
24491
19314
27054
27064
17391
23490
27418
19949
14002
16599
14519
15711
18575
21932
19982
18299
22676
22092
15861
21157
16230
16566
22791
16437
19310
20594
20562
25613
15504
18604
15967
15842
18612
22326
17260
15237
28783
53309
17615
21956
17804
16997
15985
17265
15957
20798
15592
16768
20821
38057
57456
15445
16474
22311
21956
20715
15703
15974
20851
17675
14719
22902
19300
24648
24265
27128
15147
16649
16105
17538
15536
18113
29586
14599
16116
17792
24217
21994
14340
21787
40895
14293
21396
22094
20959
17212
32376
20741
24294
17467
28292
41302
25273
14636
31767
13678
18494
17263
27801
17095
20281
15647
17580
18978
21628
29323
13681
24865
16988
12404
14624
16512
19298
17785
17215
18302
17142
15171
16374
14805
18036
14777
15560
48291
14944
25848
17078
14464
14219
17444
14956
17721
19300
29263
23619
26559
36401
14318
15545
22147
16404
15726
22818
14917
19085
19563
21455
21976
68812
42387
16061
20731
36743
64211
14189
15738
13170
23710
22246
26296
15702
14057
22761
22982
29701
14082
13888
14990
15506
15319
14071
14274
35544
16289
25308
15715
15288
14915
23978
20104
18147
14500
27005
18274
26961
16605
20693
20305
17458
17640
25229
20955
36026
17163
17004
25714
19329
33302
15015
19397
17404
25375
16170
30278
20608
17045
19518
17170
15356
16017
31800
16216
18853
18983
16841
23051
28284
16366
13916
12553
13283
18334
16902
16157
21471
14950
18258
15069
22125
39194
19957
20163
14365
18017
20443
24788
16419
14556
25396
26756
17969
14941
28603
12741
13156
17831
36028
17568
27025
16565
20035
14172
15954
18222
18560
15851
22814
26948
17173
17906
17312
15791
22894
16128
36145
15028
12934
21379
17785
16382
19564
30873
34959
14366
16517
16930
17082
17574
17865
17292
16977
34822
21016
13489
15276
19050
24213
23504
16569
37878
19186
14470
20464
26018
14682
28129
23517
15220
14857
14116
13771
13047
13687
15332
20398
37767
14209
48195
26518
18374
22568
18367
19177
15580
20377
16703
19284
21760
15213
22228
21783
19284
21138
16622
15968
15569
41867
35921
20947
14274
23726
40968
28277
13573
16654
21471
14838
23096
17531
16910
18001
19361
41899
15506
19366
15986
13869
17716
37394
18720
20607
20328
16060
27838
21190
14981
20301
15505
17639
24528
18270
27754
13789
15654
15401
20182
17359
16824
17456
30298
14123
18701
15204
17428
33322
24597
22592
16416
44123
18505
15059
13727
35141
26832
32519
14426
14884
14232
16808
42334
30658
28925
14981
15200
18879
20127
14363
16645
16538
15309
18789
23355
13545
23076
18920
14951
18884
16027
24464
22784
16846
16280
15152
21408
20771
13818
25282
14531
16672
14176
16701
35094
20280
24792
16676
16323
15084
16047
21117
13412
17386
16540
21352
29881
16466
27732
17353
15742
15661
15344
18079
16629
26237
18439
47962
24450
12630
18353
15904
13241
20410
15673
13797
18525
20268
14985
27607
36476
23321
20515
40168
57162
26977
13232
25121
14574
18745
24304
26884
34647
29030
32613
17838
12926
17312
13034
36946
21381
22238
19141
14821
19099
22886
14564
15677
18777
17959
16717
15365
13836
18552
28085
16558
37309
17007
21937
13615
20672
14990
41413
15456
15452
17708
20294
17430
16266
18642
38395
30925
20195
19832
18568
15618
15642
17424
16526
13739
15814
21389
14650
14335
13176
13583
18208
15594
21394
18366
16895
24849
15678
13884
16417
17401
16788
31321
28488
14716
17456
17044
19436
21150
14029
18277
21983
49002
34149
16312
17297
20955
49452
23639
15833
20646
22727
18574
14330
16943
14146
18968
17213
16390
16131
23697
18325
20552
15795
36886
40563
16963
21994
14006
17819
14610
14745
17655
14685
13751
15566
16089
29853
15439
19650
18313
14808
25580
31731
26749
30370
17209
18023
18978
28728
31073
15107
29253
17270
19325
18893
30997
28852
29787
19279
13820
18860
18207
15698
15021
26272
16911
17384
20098
18555
15352
15534
16773
14785
13697
30373
17714
13792
16413
24478
20095
17355
14309
33704
22650
24162
18121
36751
14906
20319
34164
26696
15862
16595
35223
15071
34343
14668
15205
15112
17493
15097
14216
14425
13545
19351
19080
13637
19892
26173
16304
18624
16469
26547
14002
14915
29240
14629
14502
24442
26353
15564
13709
15297
15366
27128
13032
11957
14052
25242
19073
17178
28820
17421
19182
14481
14299
15519
20516
22004
14620
15202
14872
21718
20317
13828
16379
18804
16917
28955
14708
14589
15631
13439
18641
15809
14236
16953
14390
37539
30137
19483
14157
20631
21818
14660
15961
20894
14675
21261
32101
14414
17083
16420
17021
15368
21786
60002
53789
13807
18615
17531
16133
14918
20007
26085
14997
17822
28929
17579
19439
18988
28932
54382
26976
18893
16864
13355
30676
14435
24149
19224
15407
23493
15273
13973
18104
34002
22322
13130
13738
23645
14726
15657
19174
17399
14530
23767
17939
14143
27297
24342
14862
20022
15315
27102
14779
23031
15951
31948
38272
25701
24857
14258
15102
19742
18448
16916
14008
29729
21088
20999
19413
13779
14246
22027
14626
26532
17113
14427
28160
14251
17963
24175
19630
18908
19588
16432
30285
29663
13015
33351
16080
13506
18420
14778
15638
23167
13073
26358
15881
17698
15007
17430
25939
16364
15020
24843
16125
12847
17440
17143
16586
24896
34592
22974
14384
15674
13080
22659
17770
12777
13377
18706
21298
23657
24101
20057
17614
19133
16823
25781
15242
14120
14940
16430
28792
26114
37838
15252
14836
24263
22914
16904
16641
21979
16771
14208
17950
19397
15986
13643
14179
31524
30714
14406
28755
18390
15073
16572
14856
24879
14414
20490
15000
19075
13139
16866
17821
13821
19849
14029
20013
15620
24459
26306
14631
18455
30401
14481
21152
18676
15025
23513
28291
26173
25232
24879
37368
22524
14347
14243
18416
14167
21627
27327
22940
32195
17890
21267
18791
15070
25050
15483
16192
17113
20196
20930
14753
28839
16602
20133
13427
30404
31844
18573
20503
22266
25964
16751
24990
16230
28109
20029
17652
22062
16535
20298
16620
23444
16439
16491
13411
35753
24880
22492
19914
15972
18546
25384
43616
16973
27434
17556
30756
16429
24665
19677
16446
25371
15581
17841
20283
16290
13704
22300
18420
17805
23240
14569
16579
19961
38969
16748
20861
13733
23891
17503
16926
36791
22166
12481
18049
24428
24733
17729
23626
21977
17945
36126
68009
18509
37437
14048
15939
18781
16400
28175
14935
54530
18705
14221
15128
13766
22119
14902
16625
14418
18034
33074
16649
30908
63660
14344
28088
16234
26201
52553
22407
21789
14989
16453
26833
17015
16232
17281
17555
19179
15067
23274
17298
14599
16958
24902
47565
16240
15775
19746
14864
16147
30068
15858
20430
23754
15556
13012
15527
14618
23382
16220
29546
15150
17536
14573
24394
22645
52762
29067
16303
24697
31020
12916
13785
15928
16268
25465
16389
15509
15225
18954
16051
31080
22282
17672
21204
33347
29860
13511
14161
34727
49397
19286
28564
16963
24939
14749
17488
15256
27621
14001
18394
17792
14780
15572
26872
20058
12972
18337
56772
13384
20073
23940
14340
29224
24156
16956
18516
27581
21438
18568
15070
16879
21436
17004
15809
19368
19458
20552
28224
27096
15549
19570
14459
20700
15249
17355
14293
23271
16489
18103
15779
16324
18375
17894
16064
19649
13545
15362
15428
14625
28603
18962
12241
17369
18005
14933
18999
23225
31457
23402
30925
16600
13761
20033
16857
14542
15939
19759
14641
14890
16964
21214
15553
17715
18504
17553
14630
16329
16401
15617
15783
16201
18643
16237
17507
15904
50447
22804
17343
26282
15244
20684
25289
15065
22447
22798
17582
25821
20296
15267
15696
16867
15223
39601
13982
16293
15005
22702
14832
15630
27821
15615
21392
39039
17044
15950
23560
31224
23160
17558
39465
17389
32842
16967
16660
18820
20914
32706
28958
16877
17080
16661
16695
35074
26014
22040
14045
18028
23472
16841
27482
17259
15417
15467
17214
13998
16641
13868
19107
17032
20635
18634
19110
38729
38148
15565
21011
29452
15146
18822
16303
17123
35284
16498
14336
28253
21861
15540
18361
35570
15735
37457
16797
17517
31711
49668
18583
14743
27376
20053
33545
16838
14207
33020
29601
15919
18894
15087
18694
17662
24744
18263
20359
14183
15630
14338
15831
29309
28843
12727
19070
16682
35108
13770
36640
48852
19619
26648
17735
26621
20409
21382
20344
32742
18759
20057
27097
25121
19334
17133
16526
20528
21702
36863
21366
15587
22326
20723
17517
22352
15671
18266
46557
19365
20959
13098
15967
20865
14909
20837
14196
21802
51839
66742
16907
20693
22425
15784
17308
13552
15613
16156
20429
23070
17746
18059
25915
18817
17636
31409
15562
15835
13914
18999
14528
21255
18794
16516
19017
30271
18011
22201
48172
15907
57197
17780
14123
15974
16059
18506
14548
15975
22076
13864
12989
13940
25668
15512
20575
25862
23478
16098
17694
16984
51025
22271
15323
16638
29218
26789
20435
21796
16755
17194
16547
23986
18741
30652
18982
18345
18756
15659
19447
15091
19957
30929
15791
14599
13298
19355
12689
19091
15087
17500
18157
14347
16706
15100
20325
18230
14223
23643
17379
37623
41274
19383
15838
16657
23845
28517
14423
15872
14343
14958
19535
24813
17589
13650
19595
14025
15516
16097
14550
21492
14773
21336
17621
18382
27993
18820
18882
39765
27632
13631
22857
17481
13969
14538
17751
16223
25354
18073
19301
16287
15313
20748
39096
24577
16454
19668
19112
17887
15221
23834
20481
18729
20869
15030
17751
21001
18120
23586
17429
18223
32256
16168
17686
23449
16894
29212
14862
27571
15221
19158
29718
16865
15187
21214
21626
16771
19042
16007
25888
25050
14123
18927
17233
15707
16219
