19305
225663
193885
33559
16823
45905
23536
94135
60726
30236
38103
24552
21529
13500
14179
14811
20607
15153
13715
17416
15730
14246
13035
15901
13581
24038
21241
19026
18383
13483
31526
16294
14988
18871
29797
16399
13510
48355
37364
14083
28309
15815
26342
19781
28565
18621
23317
41343
15002
17410
15773
23091
25978
23167
33714
13034
17413
12811
15567
14425
31221
24799
14999
25634
16364
19619
17634
15454
18394
14271
36810
18287
17266
15691
16251
18579
31451
14801
25497
13270
22662
15848
23199
47242
21493
15143
20529
22200
13954
16046
15525
21894
16666
17423
15109
27364
14743
14600
28834
31147
13421
24062
17239
13966
16772
22147
27388
21683
14053
16464
15302
40146
14082
20852
21359
13115
17484
14944
27819
22691
18782
14281
26755
25488
13862
26321
15897
15389
37222
15775
14470
14356
20913
15656
15554
18711
17160
13182
13285
26372
29686
42398
30111
15045
29129
25951
33303
13983
18384
12967
16504
13940
14715
16067
13965
13762
27899
20806
17150
19255
20141
18346
19956
16415
27870
17066
16151
21264
26389
21482
14524
16879
19902
25988
20477
37774
18771
17004
20562
17582
22783
17996
19911
17177
14363
26621
38637
17191
26737
21099
25040
16268
13115
24121
20912
15268
14810
16747
23095
20634
15207
15625
16101
24378
41414
26389
14068
20854
14919
17452
13620
23264
15232
40742
11886
18846
19926
20023
22460
43834
20274
18468
20723
26276
19481
18700
28429
29636
14283
16552
18398
27473
17430
20560
18093
14556
24938
30193
15538
16027
14160
21110
17024
14907
14710
14203
17828
20935
28131
15221
16771
28453
38748
14602
15275
13998
38078
30465
18515
17305
13760
19581
18994
17187
30482
17913
15189
25204
18343
30083
15892
14498
18689
22101
15791
29386
19311
14582
13642
19426
14335
13450
12595
16580
29292
18369
14665
13305
17312
28448
14758
14493
18885
18942
28478
16753
25331
14711
14865
15891
17622
15759
20505
23418
45264
18642
13685
48707
17486
23138
16118
40811
16268
22656
26171
16124
16164
17552
35370
26633
13757
21839
13074
26338
33081
44153
20825
27475
15188
17692
19025
16026
14429
21109
23378
41477
15135
19433
16003
16646
14396
15814
29018
23375
18767
13617
20803
14475
19373
31109
18769
16125
15420
16216
18333
22533
13178
21874
15518
19232
26137
15075
14772
25507
16131
15130
20244
19242
13892
16433
13514
15156
13569
27721
16022
15742
15997
33241
24407
17802
16985
19017
17111
25328
46871
46612
26774
18986
26445
15009
18267
26144
19349
27320
24504
28228
15170
15782
16116
16461
14179
15350
17035
14677
27416
15932
23798
17324
15575
27917
15310
16464
26510
15468
17985
16076
21254
19936
20042
36858
24156
25320
19979
19006
18353
14982
15740
15418
15709
22735
18902
14012
14195
17898
14015
15673
20274
16492
18450
18439
14160
24852
24583
15217
17260
17174
40645
19180
21939
30202
44185
29665
24407
27323
29378
31041
23054
13975
20997
16319
46027
23095
15074
17044
18611
14752
25439
20566
19574
15954
16342
17541
15791
21360
30595
18886
20096
14031
23237
17484
15219
33129
16231
16963
17363
21940
25140
15463
14703
18515
23909
23366
16685
21992
26612
14996
23689
13888
14629
25434
20423
30025
18758
18407
22494
30128
22649
26755
22329
15843
18626
19532
17590
22878
14936
17633
14776
17921
20078
27416
21136
26829
26220
15979
16307
18177
21407
32096
13988
17503
14332
33116
34704
22478
35040
35677
21914
38633
17521
20157
15403
15017
24727
32920
14983
19026
31036
22688
16347
22982
14641
16320
16358
15390
39087
16033
24235
48628
16638
27149
16380
13873
14455
16673
17492
25716
24116
17552
15198
17332
18162
19865
13799
15548
42072
14233
15195
13745
19778
34329
15478
19260
14493
18438
13413
13527
25674
17165
16682
21994
14179
24951
19624
28494
14892
27914
13591
32817
13378
16607
18305
18502
16145
38970
33164
22544
14865
23824
24615
57358
23721
30521
29813
37908
20709
17193
15494
16954
19084
31399
23269
34742
19753
16676
25461
40878
16641
17006
28895
20703
21319
25470
24121
20087
24584
16514
24752
13183
14689
27154
18748
18427
23759
37529
16159
23298
20444
24492
16423
19118
28578
15759
14840
18587
20105
14197
27223
20975
20486
32456
34708
13766
20493
31704
15847
28675
23389
19233
14637
13646
18657
16413
19178
15797
13122
18116
21576
14490
15442
16903
28283
21725
37001
19774
18209
27382
15337
26859
23164
14192
14043
16374
20949
19947
17807
32288
15841
19977
15429
24415
19108
21677
40061
15734
14337
18390
30433
17117
41582
17342
18381
33858
16585
16413
22751
17460
27965
19635
43848
14649
21422
19964
40244
41481
14958
26701
17808
17592
16101
22753
17421
27111
14493
23088
15978
15482
16947
17819
18495
19415
22612
15287
19658
21854
16915
20855
15425
19142
44784
15910
17487
19153
29401
50671
28584
14902
27357
14003
14976
23500
14098
21747
29306
15090
15184
25510
24654
23130
22834
49833
16086
15750
14664
16583
25510
12857
21667
13205
19848
24260
19228
35103
22028
14391
15456
18697
25775
24546
15310
15000
15485
28668
20448
20223
15869
14371
20220
18763
13775
14447
18052
40127
42464
16925
37748
23343
19805
20669
18984
17265
14712
32916
34380
65037
13347
14563
20458
24389
18202
21050
15182
13447
16370
17141
14849
16907
19781
45880
20655
20684
21369
16096
18924
15590
19414
15963
14928
19268
39469
21196
23621
15217
18031
18837
16466
26583
17217
17511
21039
26400
20007
18603
27514
18245
22113
27598
18207
19566
17867
25968
27119
22164
14399
19448
21918
59588
24760
18236
27864
15179
27708
19608
22430
17594
13251
14756
25742
20564
18672
15308
14523
25312
18469
22860
14164
19020
15745
25766
15619
19794
37688
40216
21586
16273
13070
22907
17791
16854
24319
25599
21497
31856
33821
16063
15140
31038
21774
42499
14976
21870
18356
13575
13318
15749
14446
14510
15110
14671
21830
19516
18460
17077
16434
14821
17683
13757
26702
19393
19335
31530
15627
19310
19150
16702
15845
22396
39063
22746
18747
15471
16765
20006
19939
14765
14724
30034
29762
16189
19669
26799
15877
14576
32603
24715
21236
23399
32707
32203
23747
17993
22164
37309
24664
18885
16740
33262
40473
18283
15549
35475
13829
15528
19682
14999
22754
16056
22506
19680
25483
29970
21392
30427
20443
26180
14807
15746
15043
18491
19335
24309
28093
33786
15145
16464
19324
16495
17654
19352
27290
21380
15503
16182
17890
26638
21897
21570
32660
16185
16046
18300
25564
14316
28510
21171
24580
32064
14662
13220
26149
15717
14977
14308
16419
47653
21785
19891
26930
18818
13157
22682
15409
25848
15339
21680
32564
19544
24940
16630
17599
13565
16268
25240
17949
20058
19099
22276
16914
17355
19269
16103
15305
21718
39886
78252
30883
17029
17861
13333
16623
20346
13960
17868
13872
16249
17616
18104
25424
27224
23477
13722
28598
14469
14788
17572
14134
17080
22690
19888
28944
34147
17221
22824
43861
20257
34076
25050
16175
25405
30191
28160
19037
15708
14699
24395
21014
20114
17503
19851
20685
18229
22525
15236
18730
20126
33368
15084
25718
17760
20157
25288
21602
20679
14205
20487
14871
23485
35544
35148
39459
13692
13275
20835
16347
19695
27254
17855
16340
21553
23876
32179
32587
21245
15392
23032
14992
17263
15389
16762
22001
17366
34365
23859
18151
19130
25475
19743
21066
13728
17503
15863
38147
33805
34208
15196
18219
15360
13563
15555
30724
22269
15917
19922
25826
14560
16389
24908
32554
17605
46124
26032
24342
15332
14892
16066
14681
19205
15184
14784
19237
13567
30660
13966
21380
15633
13773
19586
29567
14168
14512
26028
19495
23974
24364
42896
35730
14893
24784
13916
17473
16095
15377
13725
16345
27861
14278
14161
16671
27611
15038
11905
17019
13255
13421
15200
15559
14747
20074
20268
23445
13162
21294
14605
21104
32781
14886
16383
20109
17777
20002
18288
13598
18015
14141
13574
16334
20272
16713
20998
21123
45451
39282
18486
30970
14514
23069
17916
21306
13255
21383
15213
15773
19117
27470
20085
15537
22985
15181
16264
50367
15688
18928
18638
18732
49499
14524
14548
19339
22504
20377
17828
15462
13958
17919
14199
16999
17939
14899
17758
23826
17155
43772
28953
14903
20618
21507
15271
23253
39914
13430
24406
19248
23943
16368
33113
26984
18666
13302
18491
16881
22447
17612
42835
18624
17838
13259
21884
14283
17418
24936
16280
21132
17073
18793
15473
23642
17707
31086
48493
14786
20217
19066
16344
16803
20951
15552
18761
18278
19140
19009
24778
46384
21754
18057
24509
14725
26575
41179
23578
15227
18855
16913
20002
23482
17245
13949
21123
15539
41055
37978
15743
40730
41809
22017
16201
26271
17826
16451
16816
18946
18104
16339
18785
14264
17251
16485
28785
19027
17799
24518
15255
15849
27995
19368
47924
24464
13812
23409
18310
17299
18631
33959
16936
21708
34541
13888
24183
37406
33622
15313
17936
24613
14851
23057
39399
17127
24289
20833
15222
26089
16677
20030
15502
38928
38783
17243
22112
22921
23221
17195
24200
27870
16230
20684
27114
22335
25103
26046
14525
23004
19399
17327
19861
16503
14189
27983
16819
32830
14017
17306
28999
17101
14252
22610
33321
26104
18073
19531
18777
15313
15171
14673
15984
21694
25170
15073
24178
18397
30891
14868
19537
27698
17831
21451
17949
17428
14425
26510
40322
19903
21425
42524
15445
27772
25656
19642
17081
25692
14500
23852
21580
14812
20696
20177
16758
14940
14753
17468
21905
14175
14646
19204
20028
44239
25587
25982
19770
28534
17544
18000
29563
26858
28116
35861
40825
18280
20010
14677
18703
15633
15852
28024
36903
17680
59391
29232
17420
18846
17178
22204
15592
26211
19558
36027
21391
18248
16212
20717
15068
17424
15977
19134
17964
27308
31423
13879
21606
22392
26308
16126
15595
17316
14434
15379
24532
16875
13663
16460
27594
19770
18608
18584
18578
29160
19665
16992
18603
16088
17329
26916
23463
29123
19757
22921
17596
13228
24616
14548
25613
31940
33871
24437
14871
24896
36999
19347
16032
19188
18589
16573
17233
14590
34152
22110
17459
34358
19990
16773
34352
22823
20905
18334
30940
17699
13628
27202
17386
18974
14585
14473
25131
19557
18101
14007
16828
20396
31833
26308
22407
20602
34416
14087
18917
24843
43952
15145
17177
14342
21133
18215
23407
23616
18255
15421
20812
14590
27723
21900
18148
33370
19479
30559
17426
17616
22694
21403
18889
21214
18447
14035
16839
18792
16895
18743
18208
25523
14500
17172
17589
20326
18566
15419
22177
27655
27939
59928
18394
14128
22274
16991
15197
25878
16303
13558
13359
23435
15860
20157
30902
25074
14124
27982
14991
17971
14811
18523
19619
20526
20268
17735
15056
20419
22090
16205
14384
14112
21866
29732
18121
24889
16597
13156
16489
29513
17039
14138
12520
29359
20145
22021
19634
14517
19620
14828
14826
19397
21198
13986
22427
20384
16053
20954
19050
25837
18430
18323
18992
25237
24989
27598
14852
13333
16929
32006
25002
21854
24728
17995
17614
47373
48424
42572
32687
20578
15212
15144
41631
16673
20396
38045
18122
13847
17233
13421
13535
32445
42064
15391
19389
17030
19241
17809
21431
20347
14913
24225
21055
22043
20555
19775
47305
17612
15293
17968
15496
12866
18488
21259
23124
14435
19654
21800
22202
23720
25706
27156
21319
23695
19183
17694
13227
17638
20920
19557
15352
23518
14936
31686
16518
16863
23861
20165
21473
30689
16074
35500
14856
16534
34828
19673
31039
17570
14122
14892
16550
15815
29560
69047
28665
19678
17168
18976
35308
15593
13437
25859
16007
31887
17381
12975
17461
18282
14721
14206
15784
24233
17509
14691
19829
14771
19088
16026
22498
18979
27902
15760
17496
39662
19054
15391
17325
14190
28524
39297
14760
21565
29900
45462
13512
17489
16498
35977
19239
15058
16146
21658
32446
29971
17834
21392
19551
17414
15749
15908
25811
13849
18905
17137
26299
17699
20839
20993
32957
19052
18922
15120
25907
15270
23974
20054
30627
17456
16185
29866
14254
18296
16755
13570
27024
23044
17717
17204
13392
25844
24762
25777
17939
14569
16294
22882
16804
17501
21096
14485
20392
19257
23237
22901
12856
12601
16111
17436
19838
15665
18780
17856
22997
21365
18539
15691
21829
14490
43998
13360
14591
17050
24251
19457
16846
20815
23299
20703
18608
12636
53577
27133
18625
17653
18749
28574
16662
18061
23966
20555
18596
29067
15739
18221
23503
17777
27481
14762
25860
15872
17594
15696
15813
13521
15111
25599
17754
15766
37670
36911
24630
29848
19251
18475
16120
18313
20132
15756
19166
19431
32896
17097
19259
27882
25069
13332
37952
19514
24578
25118
17944
20250
14961
15753
15212
43450
53578
14177
34979
34642
49621
24654
55449
13603
16152
18509
19132
15077
17834
16900
15864
15331
14678
14074
21343
23243
16560
16270
21562
19425
16360
16869
17538
14673
24713
17940
24454
14584
14483
15728
23578
21753
41231
15725
26256
17656
25915
17326
15202
16871
20485
27866
31724
24885
17023
18127
20589
15985
21579
14533
13238
23499
23624
15174
28234
19027
23756
25133
17498
19340
27703
36807
28192
21584
20369
13375
15091
16887
16842
14067
15824
15222
14519
17176
15436
26334
26658
22048
24647
17045
27839
16993
33029
30892
19530
19692
15649
18348
23317
17686
20425
19622
36256
22186
16848
13360
15941
20708
22797
22851
17024
36520
14900
22476
19667
20777
26816
28051
16001
16130
24079
14285
16709
15482
24403
41008
17361
36893
16464
18787
18975
30067
23174
19622
18220
18478
22087
18843
19305
18116
35108
14301
17935
31934
24256
14587
19210
15445
18545
35384
18304
15460
44070
16372
22336
22398
17034
21339
30563
17831
30509
15305
24770
14825
17081
16674
27010
40930
27805
16968
27476
35832
19393
14383
20332
19680
14401
15139
13998
20823
17057
25010
17649
18986
31530
14264
20727
23365
18019
21444
15994
39074
20934
31375
17274
15773
30532
15212
24585
18210
16163
14997
33930
16073
13763
16492
18539
21472
30249
17709
27228
17857
14635
16337
18597
16487
20471
18695
20119
15479
16194
17492
23183
32987
15528
17442
14126
19064
27849
39592
32999
21501
33733
25636
17900
18842
18641
14227
14217
16541
34211
20415
16144
14188
18143
21684
15703
17519
18760
24625
23599
32771
15718
16870
34979
20732
30643
25784
21455
20020
15846
16821
22431
17399
25818
12275
22903
20681
15192
16166
20381
25194
15940
22354
20857
29666
25006
15230
16299
25352
25364
29257
15214
33663
19286
14122
13466
21079
22449
13719
15007
25295
12762
25560
15475
20851
23022
28098
14526
18004
31066
32903
18744
20750
25865
15390
27334
18134
17158
18357
15075
13986
15737
18160
12607
14108
15577
21718
18687
13348
13527
19321
14584
22017
14889
26081
21469
19974
23708
35765
18925
16093
21244
25209
16658
27707
20268
14835
13941
37975
15490
19029
19711
24420
17694
16380
25673
17471
18000
15733
18482
17698
17523
14273
17570
22124
20953
13688
17983
17882
20987
14560
15214
17507
31868
21571
20911
16895
18154
31994
19041
20670
14889
16796
23659
14508
15705
18436
25303
28481
17258
17743
14992
14933
17523
14123
14266
17260
20346
33214
18133
15308
16304
25092
15006
17821
21385
26953
14471
17189
17754
14540
23642
17621
17966
18450
18149
17559
15088
23974
18366
17964
13187
15491
14954
34865
14915
15339
19865
32669
15047
20322
16057
31801
15330
23276
17700
29733
15314
21330
29572
18558
19877
36878
18107
17540
30357
14518
17597
23517
19325
19335
24146
18132
14754
17602
26273
13944
13749
33812
27136
14473
22704
16733
23009
27985
17020
17287
16126
16615
15092
17999
17608
16114
25445
16034
16048
21142
24252
16531
20273
21405
17697
22137
25936
47759
24058
16402
14666
35104
25680
19230
27844
16096
18931
19221
18409
15324
29941
14435
25576
18106
18241
15381
16837
13791
24491
30714
18143
28069
24239
15136
14103
20325
16637
16369
22432
36627
29315
28853
21051
24443
22991
21368
15516
13547
26306
18324
22064
17599
20681
18355
20141
19649
14822
19138
21076
15010
19028
15927
24829
14581
13751
21188
39326
18075
13998
18664
24255
31203
23035
40222
14021
24393
15228
14742
18556
14673
17682
19706
14909
13958
14798
17765
19820
15628
22503
14481
36465
41149
36677
21300
17543
31495
27685
20726
14367
20740
28662
22244
24759
22108
15635
22133
24363
20777
15538
21396
28271
16454
14392
15353
17781
17957
14043
15940
19886
20546
15436
27774
26130
16531
19436
24035
14336
17369
23067
13451
42752
16496
16112
17424
15991
21826
25268
17588
21084
18127
24018
30600
19133
19721
19980
24622
14330
12780
13003
14927
17252
16726
38364
14641
31815
26709
17014
15781
19389
13860
19348
17329
17520
16837
13234
33355
20001
25810
13839
19984
12914
13894
18398
27061
14860
21271
13947
34858
31487
24217
14655
15290
19467
28837
17413
18975
15951
16904
15251
27685
42965
49497
24261
23353
18775
19904
15953
31569
14073
15152
23116
28014
23557
17251
24344
13888
17367
16791
14889
26401
19945
65758
25767
18930
19740
21432
17792
21548
15598
21413
22891
18661
15166
23150
18094
19764
14671
22070
14279
14999
22735
15555
16238
15032
20542
16260
15684
14972
20732
25233
14951
23761
38517
23256
16439
16697
14347
42683
15074
18188
13841
17035
16983
13256
25568
17599
13595
33681
16770
13593
14264
17983
29824
16590
13702
32064
16994
14374
15169
14179
24085
32162
18213
44712
19319
17983
20932
19415
18760
16113
14367
15087
20187
20330
19050
26225
14851
17053
16066
17468
14472
35989
32003
15567
23389
23993
14974
22568
18358
13797
18477
13143
44938
54809
14876
14620
14340
17578
16382
18986
18616
19963
21695
21537
16949
14499
15456
27750
20115
17658
18212
26445
33369
26188
28687
17984
17325
20662
15582
12739
14753
20111
22841
18142
17674
19315
18560
18797
25046
23273
20101
24568
18503
14726
13928
17539
18085
35992
19510
19174
17528
16109
15826
27502
18374
14606
15602
14340
34287
34833
22748
15158
20954
19309
13849
27785
22817
13251
14609
15049
13908
15420
15074
16665
20041
16042
12401
18281
13863
17300
23128
18130
15045
17569
25491
21197
15362
14934
14099
16463
17801
18814
20743
25114
32593
14034
14980
14798
15091
18436
32971
13577
14830
15139
13445
24881
18859
12940
15879
18310
15597
19288
37819
14240
15664
17342
22545
35151
15533
26431
20975
23258
20735
15501
16259
19168
21239
36761
20518
29077
21588
18953
27420
24351
20699
19393
18141
17795
12731
18330
15914
15874
15195
17065
24683
19035
50341
13348
23953
15970
13787
13998
22210
21449
23687
24870
17273
13801
15154
18770
16727
27683
26650
27040
25649
24216
19363
16486
18593
25155
25294
30933
19635
15094
30083
16494
13672
16100
14284
17939
19692
21259
16948
20699
17423
13825
21501
22044
13278
26745
21568
19213
17561
16254
17100
20739
25935
25072
14870
22029
17503
17867
16624
14058
16516
18534
20782
15129
20027
21447
23753
18323
21572
18894
18769
15937
25376
38778
20980
18239
14167
26706
15636
16530
20491
21234
20332
14217
14441
22314
20919
14417
15022
21636
29434
16883
18509
14590
16425
19855
20098
30374
22986
16712
13913
18727
32962
24446
18556
15842
14814
19533
16133
15071
16707
13331
22592
35512
47813
15504
20063
40512
21613
29993
15402
21208
15181
35330
32535
16998
20407
19157
14327
18754
15639
22344
23280
25991
16021
19008
18912
15948
28727
23385
18132
37164
16102
16838
26364
21888
14524
16292
27060
19736
17440
19358
24842
18596
23484
16235
14277
17839
19690
26506
23974
16671
13807
16637
15729
27760
13918
18204
15700
15477
20485
17627
34131
17032
20459
27022
20788
19188
16105
12664
42127
17548
15926
16561
14286
21225
16455
23398
14817
28693
15035
13617
32718
16745
25226
18817
15990
33307
18593
19537
15756
14901
25618
33344
30915
13555
20211
14597
16529
42322
15572
21967
21511
45282
47679
16611
19856
18087
32033
30399
44259
18985
16026
20354
15434
18641
19487
16690
20581
16843
16132
24247
45084
12753
22076
14866
16345
26555
33804
15938
15280
29606
46897
14925
19310
17273
18866
22049
15296
32318
29007
25076
14672
18749
16733
15719
21930
17866
14402
34203
27866
21748
27573
15087
20866
19416
22525
22817
17852
17505
13634
15748
17288
14506
14364
17324
13448
29337
16153
20136
14451
17421
16375
21708
16487
17118
31694
21398
26642
13498
15392
16006
19004
17184
20553
30989
26634
32041
20376
24282
24882
12314
17151
21376
15518
21526
27267
23711
15333
19751
22723
19256
15686
15040
16357
20692
15070
16405
26656
28499
16138
15052
15711
20927
20301
13375
17961
15369
18677
21552
19906
25001
15380
45381
46683
24887
36735
14236
21288
23984
18595
13991
19205
23867
28975
21231
22198
13627
25218
18499
14563
38527
13623
16512
13000
30427
17321
14053
16094
15291
13846
19837
21381
25567
16176
14829
19029
18001
16814
13312
24745
18199
14325
38577
14289
22688
13387
18166
13142
44360
14925
29008
22276
17043
23046
29035
15970
14521
13556
39297
34036
16013
13951
15442
19668
13086
17763
21909
20518
13430
16096
20414
18099
13543
12838
16759
25188
24561
21859
16295
16919
15324
15240
20326
31482
13848
27393
14561
13118
15552
14114
14664
21516
34722
22918
24270
17803
20843
20609
14658
17230
16185
14821
26525
33209
15919
15729
24489
21575
21333
22264
15719
26480
17545
16654
15617
15813
14640
18177
19894
37413
14552
20067
19340
16636
18591
18084
14517
19694
17886
15075
14884
16575
33255
21506
16828
23324
18582
16270
15029
19179
15371
16008
26994
14495
17436
60592
19130
25629
22068
14730
20461
15179
15265
16352
19587
17424
16105
25261
14054
16020
21823
17964
17222
27532
25611
19390
15729
19709
16774
49512
29132
17963
25817
15686
35740
19494
17037
19075
26793
19595
16345
29663
31369
25926
17411
18059
13369
13337
17454
21863
13823
24251
85373
13198
18485
18320
13849
26847
21169
22601
23222
21493
44662
16195
14023
21461
16942
15692
20680
28380
29688
20557
18482
17904
28696
15976
14482
17186
17849
31649
22493
19495
22401
15492
21589
18351
32933
15129
20610
15722
14563
14807
16443
16527
20471
14451
21201
18996
17611
33196
21949
17123
36851
17449
14862
20282
14757
24716
20872
21067
17820
32628
17701
21155
29727
17148
19943
19562
17031
31463
20417
20761
18488
25827
28572
23402
17862
15515
18137
19286
14610
15815
24157
25565
20575
15832
23628
20239
47240
15543
16736
19821
23514
16400
25858
20708
33189
24749
23691
28326
27123
17679
16111
14190
24896
23053
18008
15286
14532
15536
15110
18369
19861
15790
19354
29645
17380
19853
18658
18530
21328
16915
14863
13761
19445
20500
14173
22766
17245
18873
14436
30423
14456
16975
15742
15190
14993
21900
16683
17402
15170
38299
15478
14222
15926
40435
21356
14600
22059
14410
32939
15364
16763
14833
28295
33593
16495
16269
21066
23088
17717
15405
19187
23725
16438
14291
22140
16398
31650
35486
26347
24437
17687
16093
18721
15523
16058
21896
18167
20681
33867
18419
20703
14832
20283
17131
17316
14718
27612
16252
26760
13861
27831
18685
14465
29264
29684
24177
15674
20727
21780
18628
19433
17215
13968
14597
22492
14128
14975
16724
17745
14678
19250
24240
21904
16188
16564
42342
14975
27462
20006
24733
15292
19921
20787
15852
18943
15295
25160
37740
20407
20904
19570
14337
23868
19934
29710
16607
22780
17816
14003
20637
32203
26645
14074
14378
17781
26822
24148
28786
21713
16387
13634
23477
17243
16686
14219
19847
13238
16996
17370
13327
20332
15183
19511
19620
16965
32632
15781
22711
24982
18253
15220
15269
17035
20115
17180
16758
13290
16224
28738
19992
18845
20049
17121
29049
25437
34851
20917
13516
20640
20515
36343
16345
18631
17345
17198
18228
22050
14270
19130
22989
33214
22822
13026
24606
26340
16751
14707
14117
19268
14205
19936
15443
34268
13388
25551
16448
42535
15714
31258
20913
15513
18101
13850
15596
15412
17228
17995
27912
16805
19360
13013
15599
17293
18739
21637
21066
40624
34747
19597
16053
19450
20214
19208
14164
33989
24470
26524
16090
14873
16402
24879
32245
14586
17310
27277
17017
17000
16301
16757
17108
14435
22320
20512
40099
27096
14954
17493
14896
20419
16760
13832
32166
23261
16825
14909
13773
25036
28590
19985
16299
15192
14141
22641
17640
17607
31660
12617
13618
27600
22514
26338
15606
18194
23237
14343
17690
17713
18632
18971
55441
13740
15971
18628
15813
23046
13296
14181
14914
16059
16960
17250
36287
23424
18628
26517
15988
17903
21254
14069
15131
17233
17348
14071
20863
25265
16754
14081
25868
19782
23326
14694
36964
19887
16191
16623
25655
40981
19405
22952
13615
23159
17517
38281
37203
38474
15728
18369
27899
20682
18795
13393
23146
23643
18029
16284
17537
22765
16454
28968
13614
16632
18981
17339
23565
15409
14442
17455
17157
16189
20697
32641
37878
17891
16057
19832
15345
14403
22489
14238
20059
35918
29208
18597
21228
29897
15546
20900
21008
16858
13618
23811
19552
21097
16863
18274
22694
25215
30774
17970
25631
19880
14288
18151
17914
24889
16835
27553
21601
24087
16765
18099
25915
15085
15891
15800
15317
14563
13291
13274
13786
21974
21497
15880
13923
14197
18426
14203
14307
14203
24015
23097
18333
24118
19927
19675
15203
25409
16375
14956
16562
15537
19644
40234
24875
15013
16628
14340
18124
14841
22516
22328
31298
36509
16449
18635
15405
16762
21862
14427
22040
17670
26639
15930
52312
16585
17366
20904
30510
36030
16736
13040
36830
25966
23237
22141
30513
33716
19149
17267
14160
15462
19519
19423
15600
18968
15311
20115
19296
20747
15002
20957
31444
13690
15687
21091
21135
15979
18637
25144
36214
15078
26062
26860
15208
17051
17033
23218
13106
17595
15600
15863
15927
24409
17813
13375
19972
15756
22380
15124
15303
15586
19435
14050
28939
15284
17550
19977
16765
18461
20468
28691
23359
24580
21084
20448
16690
23603
13367
23688
16806
16488
17160
14392
15654
14244
23129
14785
35907
25383
26338
19728
24345
16927
13731
24213
17593
18802
16532
21187
15050
16981
16604
19542
19477
14557
22507
23360
22594
32641
25313
21735
16717
13815
16625
19560
15032
15449
21009
18212
22060
29044
21230
18321
17622
23321
23071
16508
14820
15439
18508
14089
15693
19577
14860
15360
26061
16221
14669
39892
15500
25621
16245
26190
16304
21074
27118
15034
15557
20712
17594
17685
17991
28691
14745
15624
37677
14020
16158
15962
16816
21199
17630
23325
15114
17250
26589
15435
31220
17513
15992
23436
29328
17169
18933
34599
29500
17526
16018
19869
14339
15570
27053
15312
19958
19435
32611
17993
18176
14107
22228
22508
22581
16718
18812
17676
22921
20315
12942
22230
14096
17329
16293
27206
25794
17901
21575
14901
16567
15705
21119
19383
16316
14233
16828
14578
34650
14945
20798
15240
20296
15236
15282
16288
13575
15283
18080
19879
13334
14730
15539
21088
21267
23006
18373
17399
32658
30562
17468
20310
39876
24549
39126
17077
21155
15166
14289
18290
18211
21494
14748
17817
29284
33583
17632
29983
18964
14871
21038
29058
19629
16580
14291
17648
16013
21218
15986
15484
15393
20590
34246
14463
25473
17275
26759
20983
14544
13848
19350
18469
19201
15357
14924
20686
22397
26693
19015
20147
17851
19767
15601
30960
22461
17587
18985
16233
17099
17679
15566
20000
19388
16093
29294
15568
22624
27411
22150
23190
26672
19889
15484
15077
29420
17748
15716
19585
39220
18429
28879
14209
27115
23481
25805
33403
14508
15135
31021
13536
22395
23995
14244
18148
16672
18709
14240
19321
19696
14462
16455
24500
17089
35543
16164
12808
20253
21431
20780
17824
20377
13638
15817
15423
16141
13347
14339
17043
20220
20015
38225
23196
31658
37048
45176
14895
13908
15816
18275
21737
16230
21809
23749
24286
19035
18223
24195
18734
30735
21575
18215
16689
22841
23983
14689
33999
17608
19413
17156
19701
16114
20652
17397
31930
14579
19820
24833
40509
18959
22368
28053
15831
15129
20396
22544
19642
29753
23815
24779
19874
14870
16953
13876
17850
22399
19722
53213
23374
15752
12732
25097
20267
19666
21388
28609
14221
13600
19578
20696
21616
16056
15726
17856
22683
25052
14821
22018
31975
25239
15064
12894
15215
17017
17068
15961
35804
19734
16862
15467
38569
18477
28145
18302
17261
16772
15363
19777
15662
15878
18226
26422
15290
15006
33208
60363
29114
25120
27514
15243
28383
15962
15771
15019
35624
26622
36093
18152
17291
15552
27012
19661
14845
18511
20143
16551
17434
29568
26829
15147
21298
15805
17100
17433
40820
21924
27910
15017
20555
14045
24450
24661
16057
26161
19619
20734
30083
26054
25308
18294
52232
14211
21012
15100
16785
30868
18795
15539
22320
13738
18304
14848
27010
19618
22872
25580
17001
20473
15011
15726
19513
27864
19917
17275
17261
14120
18268
20743
16200
15961
20362
15916
27577
13482
23538
15935
18291
20032
17236
23217
31250
21456
17667
14229
24059
16232
14974
17576
19119
29282
28276
18985
16012
14584
26791
16988
19356
16478
17502
20913
38853
14603
17658
31423
14229
21462
19084
16337
25839
18099
14612
19435
17865
14232
24411
17939
19701
17303
18259
15983
25888
15129
15779
15534
31998
15421
18411
15714
14516
17518
14837
19278
15418
15685
18083
35372
17487
21573
18601
13178
19512
28325
23991
19251
16257
13550
14933
19417
20565
15026
30012
30423
20439
20662
22273
15612
40770
20845
31867
22165
14616
14709
22369
17528
16132
13970
15884
20859
18074
14236
12979
14300
14576
14482
21173
12702
13703
15455
32628
14752
19377
21507
16932
32649
15513
16648
14833
15860
21343
24479
22505
15461
16418
17478
17404
16371
15851
18376
24064
16424
14888
17155
17974
25214
25158
16156
16958
34812
34414
18518
28237
16772
19609
20748
27347
15656
23287
19823
14647
18576
24055
18712
40090
20191
19060
15848
16152
14856
19877
15793
15920
17961
24196
25703
16250
20814
17800
40716
14182
32900
29486
14664
17004
18499
20393
17291
38731
21039
25146
15748
20563
43847
59690
67750
16291
32192
14856
21804
15503
17154
37838
14931
53073
17537
35218
31267
28484
15796
14414
16208
34596
17615
24124
15453
17188
36148
17415
14734
14915
20113
22050
26727
21108
25860
31808
20894
14835
20502
14417
15528
14428
16059
18409
31264
14804
19943
26912
18064
33893
15526
23857
20761
46407
25584
16449
16003
16067
22193
20519
17151
19141
20081
16396
33619
23186
35413
22693
24323
15802
15774
16946
25919
14720
15422
14309
15623
13658
16190
16892
20517
49743
20871
16886
33943
17473
13078
17029
32880
20114
19356
16907
19173
12282
25527
27214
31952
15806
23557
14460
19669
29661
16694
22135
23209
16106
23138
22971
19704
19693
26233
33199
34077
17737
16127
17651
21856
14170
28497
22530
19384
19227
15167
27337
17133
23168
29216
15779
19276
23465
15809
16062
24712
14732
21874
16249
29558
18408
22748
36135
19691
20253
20783
21643
14809
17746
22717
15176
20088
16082
18673
16914
38053
15670
19098
21131
17733
24421
15975
14060
14700
17058
20774
23832
21599
25590
18767
17462
16784
16884
24807
22220
19637
26881
22001
19926
24829
15437
22901
26171
18234
25874
18385
17817
21713
20333
16692
23240
15129
13986
24714
21277
20745
20559
20927
17717
13932
14935
21168
15342
21189
15465
14595
19822
14602
22117
15388
14168
24278
33677
23701
21692
19096
25000
18088
16868
14863
17633
14201
16358
15790
20189
17495
14467
18447
28046
20295
25622
18844
15727
15801
24272
52092
21318
17673
17833
20516
22765
24360
15073
25144
22237
19941
17392
25527
17074
17257
36954
21354
24520
15859
31796
22224
27417
18365
22218
36923
18097
30583
18565
18656
15953
19844
26199
20916
17930
25374
30108
20165
22772
14287
33018
24769
19037
13363
22423
14357
18505
26893
25695
16331
16615
16741
31929
17907
23577
15406
16177
22857
14772
34903
14954
16963
15315
35455
19428
17941
14505
16928
13868
18878
21178
14270
15044
14969
14894
15490
14932
19824
19197
15783
14086
13399
23102
17581
22856
15092
25277
14193
14761
19059
22320
19315
15482
20088
15191
22814
40692
18991
13708
20589
20006
23106
25605
18163
15318
14264
19556
13759
28237
18961
19590
19901
20352
49959
24403
20654
17113
15704
19495
16576
15830
18423
17782
41191
17520
35395
18941
14379
35774
20634
15078
20782
23500
17970
16237
15404
14892
15621
14581
15164
25472
55825
22774
20629
14864
17212
20495
13927
22300
24901
15883
19157
13763
17983
14111
16456
47347
18306
14640
14851
13939
14896
22956
14586
13994
23958
19028
16948
18261
36309
16821
14363
26362
44941
29631
16538
22688
29216
18957
18313
26249
18094
19944
19475
23759
17893
20007
25108
16020
18453
45899
17418
16778
20187
17358
29717
17776
14727
20396
19084
22549
15216
14622
18426
23090
19005
18162
16927
39278
20423
25051
23442
15028
14632
16250
16068
20792
31821
15094
26362
15104
13236
17294
12275
17564
22070
22018
32180
16687
24914
14020
18659
27525
23802
22839
18122
15113
14034
17228
18034
29091
20857
15837
23348
14627
15757
22552
16938
15785
18938
22721
23400
16676
14542
20590
17017
24274
21342
27290
15301
17332
14191
16917
16980
16712
16625
20507
22126
14557
17113
20283
20357
18607
20614
20755
25362
13751
30688
16428
19182
15541
15054
22827
18965
20018
31788
25659
29207
18551
17496
15621
15827
25408
27444
17668
13184
14748
18135
16207
20678
15795
26561
25737
23001
29588
15227
21507
16554
15731
29758
22759
15083
16423
16706
33715
14597
14254
16973
16503
14686
21968
28838
18316
15173
16569
17902
17959
14021
26897
25111
35254
16327
16232
15766
12730
34239
17364
15249
14715
13668
15603
48453
32763
15233
29566
22610
21589
18769
15357
17663
17662
17760
16244
29084
26300
18741
17732
19435
21107
17284
16961
20042
14623
15367
22010
22968
17149
18690
17266
19901
15758
22344
21992
20401
21472
25754
24877
13279
20012
27265
19717
17028
22255
14839
22357
16917
26119
17112
14836
13705
17598
15273
15048
18020
17673
24594
15642
18020
13499
13828
14303
15059
19096
17276
19998
19400
15636
19058
16463
19173
17968
14380
17118
21459
14783
16606
17756
12765
15854
13419
19732
26621
16941
15753
35186
17759
19464
20966
20072
19502
26411
15857
16302
39943
52117
21196
34977
21072
20563
16509
15282
24533
19328
26720
23818
19036
14287
20297
21740
26617
20833
23919
15058
18335
33022
18187
26496
19799
22084
17101
24854
19430
26036
16271
20286
13781
15523
17228
19971
19942
19591
17850
15377
27222
22680
24409
19392
14945
17452
19642
30777
18214
17510
24501
18477
13491
30701
22586
14463
14345
37463
18346
16624
21416
26871
13042
50302
34957
17822
20777
42361
96126
25899
19074
24597
23767
32810
32107
18053
16577
25663
17230
20685
16582
23487
18704
16341
47984
90465
19415
46393
43251
19143
26168
20842
26359
16726
28871
15058
14594
18134
20559
30091
15152
18876
15375
14716
14978
16590
32355
24140
21045
18600
20113
14658
23475
35869
21371
41377
26709
22242
12705
18057
15696
18958
17311
15403
17887
20953
34254
28636
15006
16212
24577
26069
13562
15762
18650
19067
18527
17261
21417
21934
18310
17790
15803
23604
25941
19451
27784
17457
16880
15528
41195
16980
42305
32237
26317
14593
31379
16423
15460
19682
13840
37178
17356
13989
16711
19019
14964
17197
25274
15515
19730
22280
17157
19336
14873
22971
17016
16385
18235
21465
16180
17699
21332
15446
22138
20600
21206
14986
17851
19012
32815
18889
19602
17378
20446
16426
21005
34803
18268
22588
22188
19865
24362
36167
28486
15763
14736
36847
20830
33827
27998
17816
15013
14411
29432
26335
25387
20721
31926
16110
14670
20404
18815
24751
19512
18739
13914
14688
15179
23000
20043
29811
19858
24033
17286
18541
20704
14665
14315
17045
20701
17841
14197
18753
23533
17454
26590
20985
24435
31272
27728
18479
51943
21657
15519
22911
13024
17403
16369
16746
16966
21970
20322
13244
14815
16315
17963
24451
14610
18334
23209
27455
57681
25874
17684
20725
23932
13488
17271
23815
15848
15702
14710
18060
23329
22648
30411
22722
23762
17875
20546
32222
15138
16670
14266
35679
16874
14575
31425
15535
18705
20517
18097
21284
16340
17289
18982
20800
20540
22383
20854
25173
16511
19871
19003
13586
21980
19077
19036
33450
18913
16353
16687
18728
31924
17243
20692
16672
32729
18186
25957
15179
16287
13984
19724
21452
18146
19779
35859
20679
23492
15324
15028
17756
32531
25855
28453
17835
16557
19417
15105
16364
17343
19509
20510
16213
19341
15271
16798
17440
18989
24545
17345
28301
16757
27748
22251
16925
20330
17569
21694
22455
14749
18829
17436
22299
17207
17550
25317
13395
20166
19345
14532
24431
20594
24479
18934
16193
26224
27582
24583
29777
19682
16227
38054
17496
25594
18203
15851
14994
28995
24080
38418
19479
24999
18171
20619
17642
22689
19222
17628
13255
21743
20937
23367
20007
17213
30139
23408
16041
20786
22244
17079
15726
31561
19102
33214
14963
17575
24610
16222
14023
14596
19109
19892
44073
14824
35081
24602
37185
17028
25143
23859
14683
17476
22350
25929
18189
17039
15505
16015
22023
19855
13247
20146
48436
19322
21068
18627
18101
18210
16343
16961
21219
16337
15208
14941
16275
16891
18803
15166
25915
15174
17917
21269
15234
13966
25682
16815
37574
17569
33555
14677
21705
22529
14974
14020
21481
13724
23301
18198
40234
21150
15715
32603
19660
18403
17403
20648
15926
24741
28041
16177
20864
35839
17808
14751
23021
23048
26978
26135
14782
17438
23259
