15769
29080
31078
21302
14879
23517
16746
16175
19238
15917
16230
19114
22676
13574
13499
23724
21319
17831
19923
23286
15213
17537
41232
20533
21291
15989
14005
19710
17824
21144
14610
27643
19044
16634
21387
29092
20408
27127
14636
19250
16790
21505
14876
14781
14345
18509
14882
18104
19176
21741
17276
32861
29875
15025
18875
18301
16449
22327
20141
31002
20513
32737
16022
15066
16561
32224
19163
15067
17791
16913
15255
23795
14478
15635
20724
27621
21149
14721
17934
21834
35375
14613
20375
20264
15187
15610
15465
19513
22477
17158
18447
18951
16317
15939
15844
13824
16058
16560
17457
29245
27683
18920
18540
15985
19660
14234
13709
32091
19810
31561
30189
18909
23466
14312
13985
14558
18284
15204
17751
15123
15111
15161
28608
14505
15025
12924
18497
24340
20905
15850
30563
32213
17576
14896
16464
19780
16411
21643
14403
21896
33797
17903
15634
16880
18575
15535
14410
21438
16892
13708
31203
16462
19422
18126
18265
23796
20740
14729
18291
20138
23709
14940
14603
19642
32238
19727
18053
16237
14085
14621
16224
15365
22181
25352
15387
18879
18266
19451
37651
16915
18612
13995
14869
18039
17923
18659
22744
14048
20920
22481
19799
16571
13548
23036
18200
16427
27952
18160
18327
13949
32191
14901
22390
23949
17992
20125
26256
13047
20272
20152
17355
15103
14918
18064
15105
17268
12973
14343
21387
15164
15930
27076
17388
46546
56484
24154
15653
18104
39237
16573
15375
15203
38588
19758
20931
35525
17524
20385
18286
16979
22134
20867
16500
21134
15221
23131
20355
15757
19323
18811
13365
15368
13566
14714
16454
16059
17309
15418
30016
15960
19985
27978
21455
31619
21827
25670
26551
18262
13407
35380
21153
15551
20910
24943
20238
31625
23388
16675
21979
25467
14481
24846
14108
14972
14699
18188
15680
14761
17289
15262
24785
14724
14746
22939
14920
18399
21338
22108
33778
14985
28157
19456
20473
15120
14152
22828
31850
16979
15400
13270
14703
13206
13564
13708
18349
24127
14657
17216
24615
15140
21541
14605
17418
14187
15523
20793
20470
15032
18176
20366
17594
15813
36477
30621
23455
15619
20303
27227
19608
18394
15739
17378
18360
32321
13861
14820
34330
23305
16174
18084
19787
14857
14983
15988
13982
21669
14419
15507
25016
15413
18235
14549
19740
13798
14999
16090
25726
20020
27381
14106
14855
18362
15061
16754
12617
16082
25442
34835
29085
28834
19972
35254
15784
23087
16864
23553
14575
22007
18225
16286
20368
33932
15749
18998
17000
15164
24096
18117
13629
21317
16336
21086
16229
28933
16671
28925
13869
24378
17063
18323
21909
16259
14403
26586
19362
22093
30165
17686
13906
21834
16146
14351
19892
20637
25065
15721
17229
16961
15314
21336
13797
20381
20709
14606
14250
15072
23253
19974
20771
22922
16248
21097
18992
16098
20847
15026
26329
16683
29461
41286
19770
14304
15993
14628
19811
16582
14668
16696
13405
24461
15404
34056
18503
17710
18808
14905
14765
18039
15819
17655
17726
16638
23188
14149
28011
20890
19175
15877
18575
18467
43282
15463
15042
15841
65298
14262
15867
36686
13633
17650
18941
18448
17941
23310
14617
14009
14520
20880
38551
18694
15741
16264
42044
17745
39291
15254
22096
19521
18916
21828
14342
14157
17840
25113
24211
16275
16828
18071
18457
15730
17537
17331
14631
23679
14188
19631
38916
16612
14611
19929
36941
15243
16094
17369
15132
21378
13469
18625
15614
20611
15218
15617
19167
15276
20405
15762
17850
17316
19399
18766
17450
20509
19425
40833
15172
19617
21333
27430
34811
16406
22263
17044
56195
64730
15098
15386
14279
36404
15784
16352
21489
15056
18706
32050
17979
21175
14323
13698
14852
13831
13385
16943
20196
15615
24003
28264
15606
23713
25691
21295
27946
15355
18671
15906
21948
19616
15775
19685
42575
15618
14575
20958
19349
15616
15814
19119
30400
15319
16903
24933
15146
16778
15162
16232
13812
14991
15119
14841
18218
16084
25259
19151
22004
34214
15844
14491
24172
13086
33324
17273
17205
15393
16125
15747
13538
14650
15677
18388
16897
18578
27081
14858
17142
23440
31106
20495
16092
18355
14891
14087
18310
28665
23900
27727
18235
38395
14985
23950
36582
18065
22682
23732
25266
20678
14826
20368
35208
28015
16523
32171
16540
32969
32385
19230
19787
20222
15493
30681
14193
14585
15293
13963
13844
16892
13220
12721
13769
49924
23325
15182
14736
17235
17196
38905
22156
17656
24810
21155
14318
13511
14449
14493
16439
35075
35607
16880
40154
13536
14662
24539
20072
14183
13256
13662
14212
17938
27576
21159
27723
20430
13909
17262
13019
14840
15335
15353
27096
16389
15214
16373
14484
17756
16920
21770
20273
15337
18489
15149
18806
24059
26464
13821
15991
18009
13504
19050
17308
18447
19348
15126
19881
19650
14114
14862
21933
24762
14187
18833
16567
16016
15928
18920
14124
13230
19646
15037
14883
24088
15536
15229
14272
15590
25302
28295
18130
17572
15526
17794
15982
14872
16033
14567
12949
15358
15435
21296
24395
16894
33491
20590
23256
17940
34429
19724
14391
16872
14236
15161
16247
15603
17704
15413
23865
15382
16520
24171
14994
26461
20365
23268
30419
18611
15168
15416
27190
24906
15009
13970
15396
32041
16467
16712
15883
15559
16422
23356
18027
29998
14772
14899
13823
15866
21257
24335
19463
19117
15841
15571
16760
16555
21199
15337
14834
30287
20827
13718
23154
19346
17775
17392
17358
17113
18116
16328
14010
15336
30242
14812
33369
28870
17146
15700
13327
18764
14390
14084
13749
15632
29272
23440
16767
24704
14753
16815
16207
14736
15776
14875
14888
18379
23516
15190
15173
25148
14439
24266
17009
20905
16833
23873
14007
17688
24106
13944
17679
28070
23372
30481
15422
19535
15653
16741
14938
16785
14869
15558
21311
19728
26392
17389
16093
15190
18752
14410
20960
14785
16468
16226
15368
14322
34727
22314
20978
19507
15116
16453
25175
35589
23277
25342
18194
20764
13061
15819
22482
15693
24815
19831
17364
23562
14930
20443
20739
16955
16201
46278
16254
25668
15227
18500
17850
13194
16549
16852
19017
26374
16033
22920
18219
28300
23814
23662
16932
17084
16833
15458
16318
19590
26766
20759
15098
14344
16313
30480
23217
19104
20747
15313
15643
24106
42957
15143
30025
46414
13575
21969
15835
16610
16973
14237
15468
15861
22783
15238
41310
30431
15094
18920
18791
17458
21198
15881
19593
23349
13735
25828
18734
14533
19086
14213
14810
22130
13856
14646
15651
23646
29773
20084
32984
13439
27396
14718
14600
27753
14470
16420
13738
14667
29166
22258
16659
16699
16238
18956
19377
16124
18469
17406
25064
16316
14057
24411
18153
25587
15980
16197
15859
16412
14926
15617
16923
15094
16637
23795
19996
15102
15859
20467
15203
18095
17375
15226
23060
16673
22628
18010
16811
21751
18864
14235
17468
22146
17758
14133
17967
17820
33736
14704
14776
15019
16570
16500
24872
13824
19397
15967
23862
20577
23672
20264
16090
24348
15914
14453
19160
27459
17794
27315
14836
19452
20075
21931
21792
40888
15308
28180
20117
21290
15562
27283
36251
26785
20672
15604
14192
25340
25604
19648
15315
24310
26451
21092
20677
14601
14936
27153
14011
16356
18071
15859
20916
15539
13664
24413
35464
13742
15521
15258
15247
16709
18545
13845
13858
41452
13801
23570
35040
23441
31050
16540
18744
16824
18827
16209
22567
23415
14590
26930
17593
13317
18487
19583
15020
18161
61952
14742
21557
21601
13878
15260
15466
17858
14995
27185
26502
16777
24292
20838
15433
15886
15165
14636
22560
28855
13111
27434
14142
20993
17764
26183
47875
13559
21950
19386
16731
15252
19440
16966
15580
15969
17005
23214
20336
14004
15977
21636
26453
21855
17154
31862
33453
33497
15677
18022
13597
15744
15045
26625
25111
31047
25300
14952
20377
13938
17364
16384
14963
28306
39483
17784
15779
15677
20570
17082
15493
14407
23081
15982
25507
14080
18669
25711
15807
18346
15466
17670
15966
15209
24687
16899
18803
16438
22743
16969
15535
22577
14921
35378
14559
23640
14755
15837
17186
15071
14473
15376
21582
24715
13631
14675
14537
14109
15158
24356
21607
32832
28151
16228
18834
19549
17449
15288
27401
15633
31253
39107
18542
19547
20462
22094
17516
43102
57859
63766
15856
17063
14310
15295
18862
21952
16876
15261
15368
16971
23103
15828
15542
15729
18780
29703
24483
23562
18731
18936
21849
14132
25280
15656
14994
13921
22987
20241
16937
24913
17989
14837
37615
15289
16550
15952
16160
15288
28696
21380
15269
27410
30106
27979
22147
33079
16031
21181
15627
14733
13888
16186
25759
15128
21363
21474
27020
14086
18287
27981
25736
18705
22688
14601
19742
23060
27645
23874
40803
24337
37957
19349
14449
19550
18458
16445
15923
15221
19865
18112
14566
18698
16129
18051
13819
13657
14053
14864
13868
15243
14503
18309
15065
13534
16704
28400
15745
25778
22222
33807
22075
16611
16474
16458
16756
14482
14703
22295
14200
15500
25845
19035
14321
19270
15658
18749
15103
17043
14771
24517
13555
15445
22135
30678
16969
24552
22053
36403
18563
16834
17164
18582
18837
14373
13081
23078
13787
23178
22090
25073
16693
21868
13966
15214
17045
17252
20092
45821
21490
13788
19054
18456
17166
26842
20952
29091
19179
30440
16508
31103
15383
14309
15032
15052
17182
21086
15497
15388
13217
15526
32407
27493
25871
17660
15919
15412
15400
22197
16502
14551
20896
13138
13358
13575
32392
29897
14278
15878
19569
16003
15003
19548
18082
27162
16609
17579
16967
22653
41178
25645
32438
23466
52132
27839
20067
14333
15512
29861
19060
15941
15438
16606
15901
22648
16508
18515
26614
14911
19206
32363
23677
27403
42596
15772
22218
16749
29349
16791
23918
18665
13729
15976
17919
14078
19061
18955
14361
15710
20926
14642
19871
16539
16759
20679
19579
15489
15024
14345
16588
28132
14851
14798
30402
17457
24383
14431
13184
15926
16264
14502
19173
28559
16066
19069
14489
29889
18056
20925
15784
19933
11958
15749
32387
26410
20088
17790
14705
21944
15337
17798
20523
14268
14133
16117
45622
14446
19222
19024
15678
23579
17079
16606
26805
19049
18114
23947
24943
17169
16006
26007
24510
16436
20002
20063
29766
18064
16179
21965
22666
15492
20212
21981
14749
26065
17253
15657
14579
19774
22565
15157
17328
15182
16819
15628
23067
19974
23208
18623
19719
32047
28104
26449
16164
28420
35823
15462
17950
17192
21458
15519
15329
28020
18331
31198
16475
16118
17138
20840
17235
14356
19689
23190
15144
16020
26753
17713
16351
19034
33183
19751
18247
14262
15641
19575
17830
16549
37345
23097
17678
19230
14833
17005
17842
19148
15060
15150
25317
18079
15777
16933
33207
15393
16047
21981
19420
20209
15124
25032
28407
13954
15898
20706
15381
25431
14799
46459
23697
24204
31135
20262
18861
23060
41279
17395
18259
16321
18138
16347
21952
15617
17694
30361
17977
19127
14161
16102
14664
13108
16242
17219
14690
21923
14497
16815
18738
17251
25041
16671
18978
27222
18344
17583
25136
15323
24552
17590
15296
13135
20336
19588
14865
40436
14220
13760
14023
18339
16853
31314
17838
35697
14831
64591
17264
16888
29144
23132
23866
28687
17190
18137
15882
30025
15170
20586
20638
20989
14513
18142
14985
17315
17309
16302
34106
15230
18503
23619
17667
16612
19649
17263
19203
25042
16593
14926
13292
16326
15022
15125
51694
63901
47341
23421
15633
14207
24618
20317
14565
35034
20441
14790
15136
19204
15206
15188
17479
15954
35251
19178
13774
28429
27872
15676
17937
19976
14479
15570
16961
14050
14937
13920
15705
22355
13845
23021
14976
15013
22987
39908
24106
20726
15295
14933
15404
15977
17484
13416
14575
22590
24118
19428
13795
39430
17090
12655
18293
21935
26255
16312
25860
14218
18916
20002
18803
18105
16157
16262
21704
13038
24583
21527
15637
31011
14861
16006
14357
20088
18289
19143
19707
26973
15271
22594
15984
17370
14299
20431
16573
13761
13380
14559
17167
33314
39751
27438
16373
16138
18925
15189
17266
17091
20703
20285
21892
17691
14670
16926
16271
28825
18853
20159
17416
16557
15134
28367
15790
40370
14915
16461
17094
15459
26096
26405
25306
22311
15710
14841
20276
33630
32731
18914
21839
24282
26981
16528
17210
17925
17291
24254
20509
15091
14646
16789
16089
15431
19122
27169
20667
24103
18387
15211
16518
16363
16510
36142
25647
22453
42495
16458
15936
25067
14792
20018
16221
14970
16728
20680
22305
18855
21213
15214
22174
20032
17923
15655
15251
17943
14398
19249
16593
21543
16120
18723
21503
13574
18427
23366
14440
25549
14871
20212
21534
15166
25856
16266
15713
18694
15380
17410
19155
15672
16018
20479
17731
16520
16636
29859
17824
17349
19233
27094
20026
16026
15654
19084
33534
19538
15830
20916
18280
15773
17203
16430
14491
14359
25102
21378
14658
16278
19165
15199
15456
17482
17535
15804
22791
18233
15571
15444
13980
23148
24406
20686
19271
18328
23676
17334
19070
18208
16137
15719
18605
18874
13551
25292
16943
19490
15326
18414
17678
15973
16259
31196
14199
15688
26657
28149
42049
17332
20288
17696
16602
15781
23441
15355
15414
15596
21053
15293
20482
19492
25000
21754
14679
16651
20972
15042
15090
13763
21859
26353
20296
14293
24831
17588
53710
18778
23682
22139
37084
40569
16000
17807
14548
15691
16053
16880
14963
21835
33899
25684
15704
21292
19749
15816
18762
21018
16427
15978
48322
20491
21830
17029
14786
14973
27874
16286
16952
16013
19689
16325
14352
27707
14011
19232
20407
17571
24811
30947
42725
17212
17434
14878
15985
16117
20101
18192
43664
13510
15346
15999
22602
14452
15908
39297
19418
22540
16038
12883
16393
17385
16369
27446
16828
16505
15383
18192
15373
16202
15388
24017
16523
46050
24827
23680
14169
31439
15609
17363
17704
16981
16310
28514
15642
21287
14688
28463
21589
23657
17501
16529
13830
14773
15921
22387
27749
16344
16338
16363
28658
26687
23333
23124
18410
23616
13706
15780
16043
16287
16357
14351
19851
16240
15465
16566
23711
19246
19702
24887
15964
16687
14670
15211
19129
16706
13503
16071
15046
18412
17643
15525
16458
17571
15149
14966
17346
24965
16418
15320
19143
20877
18219
13194
21980
18394
17758
26836
33942
23130
20283
15566
20087
16258
20888
16207
22985
50951
26693
15412
22468
19252
13772
18083
18336
13927
15325
16146
28971
25273
16788
22406
18382
13831
18150
15984
17784
17792
15705
18487
22555
18491
18399
27942
18973
16891
17839
27546
18283
13455
14014
27704
15474
21694
38644
17139
15710
26148
14166
14255
22978
29458
15011
21899
16030
30563
23731
15044
23081
15000
14423
29723
13637
13489
18667
18593
13586
13335
16548
21913
14645
25835
19353
17117
20971
20253
29922
16187
15761
21628
16020
19531
49743
15295
17133
16887
13438
15651
22076
17749
20417
18733
14435
14871
14866
14862
14732
18792
13220
15485
15268
21685
13630
17309
16843
14533
28888
15972
14173
23158
28809
14460
21378
14196
18207
15651
14689
14267
14867
20639
17202
34896
27130
16341
24700
24841
16905
14410
21127
26370
16306
17177
17605
12999
22754
29039
14731
15047
20263
19240
20793
14758
15582
16580
17712
28156
18225
24796
24625
15422
18065
19004
23541
17175
25259
31146
21635
14176
21641
22678
29738
15023
17047
14050
19466
23141
17652
13125
15677
13824
14597
22871
16442
15806
13384
14167
24922
16911
22748
14829
15088
15024
20060
18770
21975
17048
13738
16504
18015
17037
15238
18485
15680
15380
16171
16549
16061
15970
16530
19927
26893
24642
30309
15038
20160
37250
14324
26238
14997
14937
17328
15773
16127
13496
15023
14583
32341
16767
14211
20655
16330
16545
18405
38653
40504
15562
19288
18116
14407
14477
18025
27144
29303
26854
15353
15111
21252
14586
16164
23974
36441
23512
13755
18828
25217
16435
16409
18262
27757
13113
18650
16153
23686
13617
18843
41694
14507
33069
18437
14244
25195
16685
24298
24365
14432
15971
18940
29606
17330
17343
20954
28216
20791
26440
15376
22381
34388
18382
17844
13885
18562
14978
20532
18713
24985
17010
36517
18754
15724
13631
15462
25832
17494
13333
14757
25601
16463
18733
15259
20799
23876
15873
14937
27201
29755
14434
15433
15153
14599
18973
13887
18811
17608
14201
14019
17614
14716
19511
15290
23013
17417
17402
17173
15917
14423
17129
16634
16521
17949
21413
27955
13711
18694
16785
21047
16134
15298
45129
23193
14231
19340
15527
17636
36898
19272
15503
24359
15061
17219
14489
17650
17882
26511
15835
15873
23226
14573
24811
16461
13959
20284
14876
15945
15505
17695
17703
20528
27044
19507
20979
16666
17990
25896
16326
17812
14546
15985
14121
21753
24743
17709
31037
17373
15133
28337
16996
17028
16597
13975
16253
19808
21922
15549
21371
16136
19768
16927
30391
18573
39434
15813
21574
34627
17870
17188
15064
36967
19244
15015
15227
14890
20415
15043
14967
16767
19643
21990
16420
15349
13802
26918
15433
33716
20400
16277
16121
15970
15693
16450
16118
17821
20556
16085
20113
40365
22481
16350
19454
36007
18005
20192
24791
18213
15513
15813
27612
24375
22702
17311
15331
16878
25145
15457
20206
32565
27885
15488
20760
16437
17804
20561
14766
18336
20280
16463
13881
23610
29254
24642
29191
13766
19036
23294
15015
22612
15549
17575
12407
17532
15738
28681
19423
24992
32741
43725
14537
21312
15286
19306
30251
14413
16713
22842
15600
26682
13983
13392
15286
21598
18975
37678
18374
16755
14134
16110
16829
13737
23671
21575
14902
14934
14123
37402
15062
19710
16824
15999
17284
39985
13307
13665
22786
14629
17156
18774
15578
14897
14481
27375
15022
16396
28147
16718
19270
18838
15686
14939
30523
17560
15387
21647
20697
18951
17137
23737
24157
17130
20269
13649
19370
25209
18874
22533
32214
35963
27248
16996
18188
18837
16108
14704
18599
14049
25177
15459
14824
18781
25699
16280
18794
22883
18481
17491
15908
21252
13656
20699
18376
19174
28346
15004
17537
16227
16435
27890
17428
13547
17591
20048
20483
14773
18295
14002
15294
26341
14553
13459
13432
15384
16673
21932
14798
16760
14696
22225
25385
27908
18165
15562
16895
20546
19181
21997
15382
15901
17445
14444
15181
19669
15211
20329
14489
15533
20905
30278
15094
16358
18259
13412
17667
21742
15017
18858
17741
24595
16149
21097
21260
22110
15713
39205
16315
29183
18918
16575
18044
13535
15456
14585
13757
17765
20349
26101
16024
17468
30266
20839
13897
13808
14742
13323
14091
17568
21363
15595
15892
15645
25607
14215
19100
15138
14776
14855
15005
14637
15743
16261
15243
14603
13021
19723
16217
14618
14344
15323
17278
16074
38963
20184
21514
13333
14207
21230
14798
16810
21065
15111
14799
13841
16650
34196
18749
16197
28884
16919
23220
43788
45508
31571
17447
17660
16576
14017
44887
27502
17858
19462
14376
15861
17414
20802
15172
18822
15378
24500
14138
15228
14370
15242
19981
20559
18321
32911
15297
14369
21902
21818
15005
32434
14176
13653
16163
15734
15466
15686
17765
30520
22554
19023
19180
21837
13457
22342
15377
13923
16385
15669
15210
15536
31715
15226
21762
23554
17336
21208
16648
18753
14728
19864
15072
18640
17801
15588
13714
17406
17516
18744
15849
18506
15139
23370
31820
14140
18211
16018
16319
17798
15438
18655
34547
24916
28837
17113
14406
17195
14672
14280
12834
17479
13969
16085
23805
33608
28237
35655
17263
16175
17383
18220
16432
20034
17542
40100
23454
25010
24100
14951
14707
21370
17377
15764
16272
26657
18119
29107
14796
14122
15201
13902
15756
20246
15333
15351
17195
31016
30328
18784
14739
16412
36823
15255
14804
17132
40284
22488
25757
34117
14022
14334
14304
15450
13490
13067
13483
20516
15242
16878
21443
16427
18599
19538
29618
15560
17937
16615
20823
21826
19347
37990
26624
15887
15114
14046
22188
33267
18313
20206
15746
33492
14333
15594
13841
52799
63517
37073
32182
20783
26151
22381
15815
19461
19852
19899
16509
22263
17682
17043
17969
15948
22140
16938
34596
23127
40133
18494
15408
12822
13879
17240
17739
18096
14973
14864
17500
15509
17201
37329
32568
22908
15333
15145
15085
23618
14167
17823
14890
16279
23227
15536
28990
38626
16770
16475
14725
14607
15241
16007
18689
11331
13862
15182
17741
25522
19674
20427
21126
16284
16075
14729
16366
15065
17359
14049
21038
14409
22948
25053
18814
17200
23994
16251
15584
17479
15254
27096
15641
16192
18367
26190
17897
19076
18295
16126
13544
16136
16422
23337
32470
13019
25511
23818
14925
16666
18308
15005
17388
21358
19018
17289
15608
14449
41662
15689
16947
19798
21744
16877
20312
16186
15611
19657
17857
12643
16146
15192
15909
16263
16279
15767
23131
16079
15586
26558
17051
13437
14005
15112
14046
20195
14047
14564
17515
13798
21716
16450
19603
13112
17997
23333
17487
22916
20179
18157
14044
14004
15511
15718
42147
14261
19330
15889
15826
15540
15324
17472
19900
24494
24613
16237
15483
13998
15097
14481
26966
28916
40772
31761
24777
21874
30621
15263
15314
15330
30151
19968
13546
29524
14923
15846
22510
22337
12852
18961
14745
16757
27485
17346
22005
26241
18778
24911
15326
15749
15501
17566
16597
28513
17532
16206
17320
14617
21507
15881
15675
15166
16278
19024
19415
24625
25509
16273
18296
21543
16995
20745
14722
16728
21988
15138
15230
16308
17588
16050
14413
15447
17098
15987
33310
15041
19339
17470
15825
16338
19895
18649
28986
15104
18427
17211
25349
14769
25827
20061
23849
19700
15535
21371
15602
14661
19486
20531
27041
14722
14522
27431
35454
14993
14730
16010
30878
22749
16796
14988
29397
20524
21049
21021
41687
23446
21258
15940
15262
20669
15693
31956
14267
25422
17139
13522
15406
13038
30538
17670
21185
14521
21955
24731
24063
16513
37910
18602
17176
22565
29406
21949
15448
23167
18310
16532
19158
15700
15374
17043
16025
13752
23258
15564
18346
17833
17682
22484
15554
19539
21219
14963
16766
25540
18067
16942
29102
16388
15496
14683
19496
18961
31812
17143
16395
15307
14704
22919
16824
15655
15861
17124
15085
14744
30349
28281
15311
18389
18224
26716
23063
15277
15237
30763
17278
16833
14021
14063
23169
16349
15943
18885
21255
19098
19894
21731
22358
17275
14817
20265
16153
17330
14636
22971
15346
15830
21401
17042
15994
14650
12499
16432
14421
31023
16149
14257
24238
24408
16578
19524
14302
17593
17690
14535
21590
22211
15278
15368
16376
34659
19467
21347
17213
28664
15815
17276
16197
19510
29348
14714
15936
16877
19019
19203
14915
28174
16027
14725
17122
14928
15873
14779
16750
17777
16789
36637
17199
22347
17082
13907
19694
26967
21421
14403
15987
14984
14551
16786
12213
14958
16856
13867
28756
14538
15071
31701
22244
25655
14400
21733
13947
14300
18446
16283
13993
18405
18094
17802
23765
12992
17501
22960
18991
18467
24056
16235
19788
15206
14281
18357
20054
17136
19576
15937
22890
21008
19085
21870
15342
14948
15791
16175
17780
18264
21956
15399
13591
16240
13763
13617
13550
23899
14756
19273
23783
35329
20971
18420
29198
14667
18403
44189
18931
18624
20636
23947
21496
17173
17497
24482
14229
12677
25162
15183
14363
32293
18369
15018
17877
20405
14955
23090
14997
16534
17670
47443
22435
24305
32218
13431
14743
20270
14184
34985
22738
18392
13778
14730
30151
17969
22331
34497
25120
20289
14364
22834
16933
17984
15606
14819
12579
16039
14799
27145
22208
14922
14985
32276
21058
18170
15231
16085
14329
21635
15320
24374
16346
16061
15584
19012
21832
21086
16267
16553
17451
16286
15664
16464
21930
13872
13899
17232
17438
18687
13641
13795
16939
17975
14971
22854
14947
26180
14563
20221
22194
17473
17452
30213
16244
17845
18684
17992
15700
27962
16471
13920
15682
16177
15176
15610
19949
14600
18594
23320
27549
18168
14566
20555
22473
19155
13496
23571
18612
19449
22895
14602
44265
14573
25318
15194
14079
14431
13531
20691
29645
13968
13927
13534
34714
16692
25668
14977
16230
16227
14862
19580
14572
16738
15467
14305
15857
18063
13432
15993
18820
16148
16175
18952
22881
27300
16900
13893
25845
17930
14271
15992
21816
15920
15531
25820
17687
14480
14421
17483
25200
16575
32204
25764
18523
18173
21910
44193
15747
22515
18386
21476
17011
13832
19144
22537
17577
24713
15507
13968
20376
15341
19051
14929
18491
40821
17285
14039
21583
21039
19812
23787
20314
30864
22084
24871
17845
15410
19347
16540
21562
15966
15260
18466
22986
16164
14430
14637
18968
20014
15193
15721
23907
13351
18889
13986
22000
20020
16443
17980
14868
20189
14823
15514
16029
14462
15270
17558
20785
21579
14883
17857
22780
21605
17932
28912
19034
16588
21495
15192
19631
19818
18513
16496
13663
15991
14899
14652
26863
15530
26502
16454
14958
15641
15394
22859
21025
15906
22086
18999
15351
16204
34851
17319
17290
22646
19630
17663
17869
27468
14555
26734
16234
21972
20457
13969
21398
14309
18259
15637
15962
15319
17112
30053
16535
33991
22136
14461
21428
17062
24797
16726
15218
15327
14468
22935
36069
42712
26708
15479
16453
15819
12947
17460
21379
16851
14490
15937
27827
23363
15732
20870
19791
26799
19827
16525
16697
14809
23793
25675
21688
16832
20152
17835
12479
18427
15718
19962
15658
15961
17558
18182
17928
20382
17536
14808
15704
18337
15844
15237
19227
21108
14643
17750
13370
17082
16712
14295
30456
22681
16000
33138
15617
19001
20415
16871
16381
20430
15942
15437
15207
16522
16894
16363
18548
19393
15227
27637
15649
25847
27110
33066
16496
16110
14500
23288
15866
16521
22495
15767
16789
26001
26596
32957
26199
26858
15476
18129
24324
36108
14095
29807
42927
26041
23268
15209
21922
34093
18501
15356
23971
13317
15284
19008
16109
20144
16052
14338
26958
45339
14780
20047
15448
19316
14467
16397
26288
16421
15716
17967
22559
19580
15435
22227
21731
35341
20182
16373
21771
16122
25348
15225
19343
17368
16169
20187
21819
15017
17086
31326
16244
22193
21473
15079
19870
20434
23225
16762
24533
18305
18213
21039
14598
20847
13284
16130
19722
15640
49380
16926
19326
31480
19894
15092
18022
13921
18327
14494
38225
19142
14602
14646
21527
17783
16787
14532
25881
15569
18054
13790
16511
17255
22397
19433
21014
15039
15878
24382
21736
25565
26733
19141
17826
18679
14655
17354
13711
20596
16650
21512
14980
14132
21042
16029
24481
15703
13421
15926
13571
40367
15556
15429
19705
37679
14510
19224
15672
13482
18066
16629
14615
14611
17855
29806
30790
16638
14145
16673
23831
15750
16961
16313
18053
15314
14883
19347
17324
21842
14422
23580
22464
35006
24315
16627
18684
14725
28261
40729
32147
19159
16465
13832
24223
14760
13675
14977
16986
14919
15073
15601
15899
34635
26430
35661
17921
28615
16543
16512
29652
19681
13843
15050
18046
14785
13470
13143
20774
20914
12872
14360
17288
15941
19907
15703
13749
24498
14495
39979
14952
20394
20989
19489
21874
23689
20509
28073
20415
13930
15063
20397
31276
41383
25268
24541
21345
18977
15917
23341
14440
13884
25067
14013
15772
13294
17928
29208
17792
27186
19478
16998
21017
17935
15639
34930
27916
16159
16572
22142
20186
15153
16902
22322
16614
30107
15238
15190
19399
14388
18751
22460
15981
16589
25311
19222
21645
29343
16769
24527
14126
19225
17431
21834
17060
17268
28302
13879
16462
16544
13417
19922
20778
16307
19302
18188
15523
16153
23422
18226
12927
13973
15676
22080
17610
20506
27933
21042
20722
16564
17260
19563
29844
43411
19348
29445
27987
14970
21097
20546
17341
15154
17831
16155
22859
18106
18368
17976
17184
15541
17351
14541
23630
31381
14769
22574
18582
19193
14544
15982
13452
42357
14795
15945
19620
19045
16339
14475
16362
16613
28912
13952
17314
15930
18701
14715
16179
26268
20727
14770
20035
14784
13410
15023
13939
19493
41749
14565
16838
14196
19009
14798
15267
35427
13365
13683
20133
16030
18233
22639
16700
14709
18173
15947
17165
14430
16857
14662
21217
47462
12633
13576
15884
13004
25932
22628
25278
16724
14487
16303
24930
31864
39757
16841
24466
13893
14230
14261
36195
16191
13917
13332
14303
15705
14978
16580
23537
15360
15603
22696
17812
31258
18299
14050
20708
16292
17384
21784
14143
15609
19866
44524
15928
28079
31447
22045
32486
15116
18435
25808
16839
19177
23063
14164
15502
15057
14381
21017
33215
18109
29757
26772
37302
17345
22694
24897
15986
28989
29168
16916
17838
17279
20744
15859
14331
19971
15107
21337
14398
18392
27262
15584
14792
25310
17893
15875
14607
14952
13237
13228
21930
13387
24536
28844
22165
15311
14926
17201
19179
18160
17926
16796
14728
18446
35176
21564
15387
17967
21292
20670
14801
16135
14467
16808
15687
14912
19792
27612
28755
19232
17580
15657
14172
15055
16372
15021
28318
16140
15892
23136
17438
23377
13750
16322
22312
15059
19428
16095
16029
22802
18983
20125
17588
17427
22445
16902
23270
14165
13829
15407
26908
22957
15240
15951
25945
18018
17002
16230
29534
18568
31860
21615
27785
20493
16737
23946
24152
15720
39967
15621
13967
15739
14618
18727
19043
16872
16044
16659
16250
15756
19711
14908
14589
15308
25974
16600
16184
18049
15379
17942
35599
17391
46809
22740
14383
15224
20471
17337
19351
20979
15302
16279
17832
16888
19242
16722
23448
20155
17772
18463
15820
23085
18232
33288
22199
15742
26188
20576
16635
17612
39757
16503
23796
16151
13581
18663
17468
16721
20540
15729
19090
16515
16169
18342
18136
26942
17081
16376
22474
16662
17306
21483
15335
20791
27479
17753
14830
26605
17534
31932
17098
45308
19120
21778
15847
15189
30230
26879
18566
14518
15759
21904
25147
36753
28217
29935
16996
20331
17227
18028
19724
21745
16223
14096
15559
15968
16658
19492
16827
20921
27425
27271
43858
16923
22685
26675
15522
16211
16265
16747
19323
20658
14511
17141
15410
18938
18547
15025
31509
16129
30675
