19995
27997
24872
23186
26270
19791
36922
21027
27637
30837
58143
29801
31957
17967
19819
14742
22732
24643
22587
20429
43861
21454
23307
18752
21477
26501
18048
38860
11389
16766
26142
22959
14126
35451
29599
12023
14791
12728
22918
18861
14609
26290
20183
19700
14018
13574
12661
17657
30051
20015
32472
19039
22219
27919
42276
32366
22877
23205
31660
25744
26623
36437
21766
22410
17795
32507
24810
22770
18052
9814
30998
13596
46853
30041
15802
25093
26109
31136
25122
18857
35055
24093
42224
34702
17069
23841
14943
37484
34545
5628
20623
29066
18452
25391
20751
24366
24905
22979
51981
21556
34181
32526
39135
28129
32483
43213
34650
12529
18021
13932
33290
26376
20824
21215
15063
14663
30371
20451
32003
31389
20718
17091
19151
24201
26847
20229
24389
18678
19907
21218
30633
21172
43675
31455
17799
21335
27071
29222
27325
34220
18748
23418
32505
10375
16061
21484
18018
22282
20012
25451
17086
19773
20591
21551
16419
16601
13467
21184
18692
43748
24535
29899
20674
6744
16292
20396
22320
14461
30412
12487
21727
30969
21210
17845
59045
15478
27267
31923
29282
33112
27804
17372
23943
21650
22498
36158
18787
23438
37426
23829
22219
32719
13815
33721
21913
38828
11868
12812
20992
12787
12918
21971
43914
34827
50218
15334
27404
21963
32538
38696
22798
26113
15511
22519
18236
25816
20912
21145
34737
43841
34748
28261
20836
30620
47925
36171
25817
14039
21937
24124
24090
17322
46936
52480
19734
24334
18750
31971
19376
10395
15893
26066
25526
22710
11704
13218
18574
14459
22878
21285
27362
24538
28727
12135
21786
28119
23537
27489
38450
15780
21573
20282
20892
15171
20455
21214
32700
20900
23871
25461
16074
23840
20473
16808
23914
19157
26238
13094
29969
16061
13521
16779
32422
20778
16018
12652
13841
22023
26255
19310
21389
27788
23312
19856
14381
20240
19520
29033
16454
18739
24001
14594
23148
27366
11096
25005
35889
24680
23076
18470
32536
29838
16692
23623
32057
30348
34762
30494
15923
26597
43455
32463
25967
33360
26568
25629
25968
33359
18820
22768
16977
16954
32331
44797
26129
18356
31720
21763
35859
31380
47854
39290
22475
21632
28196
17295
16428
23971
23719
17805
29689
20179
18141
22098
19815
20988
27797
55111
18771
22965
21211
24557
39592
21727
29975
20948
25589
16416
21248
47860
23139
19903
37757
22791
21305
15647
21181
47126
24088
20593
17877
25062
42114
26462
51294
18536
18722
23344
14649
23357
42920
30105
20457
24912
20989
23443
19680
18643
20808
19142
17142
25946
14983
19894
30224
22976
25377
31773
30569
54565
29927
35997
36782
20643
38812
59901
24244
39711
18912
25838
13702
18558
19711
16291
20069
21861
20670
28420
31439
41857
18095
18338
19581
17088
24046
17269
20253
19344
21082
33742
34001
27795
29614
45524
23127
23209
17358
17617
24077
18823
14369
19609
24466
28069
29062
31792
46179
18744
16362
20906
16653
14268
27244
30325
14855
21963
22852
14274
11538
18363
20641
35433
25115
26852
37195
20447
23709
35669
26228
24292
25747
23916
19237
21951
29752
14432
19784
19874
18823
25792
34360
22344
17304
36207
33685
26870
22833
50085
26824
12036
17760
30363
27681
32837
14588
21148
22076
14780
19651
20397
33572
22962
14466
18090
29696
26616
21435
21127
33811
45877
20212
15820
24647
18510
18713
21954
28163
36338
25729
31156
28300
32286
23198
30162
50460
10313
28831
26369
25479
22282
21535
19611
13183
12824
21345
16748
19455
35122
22298
16404
15508
21578
17097
28739
20233
34473
31880
23656
21935
26869
26919
35137
27339
21591
21447
20370
17252
33458
19124
26261
44144
29264
19496
13916
19857
16786
31263
20722
18655
19479
13904
15348
29475
21378
23625
29815
40011
23002
28103
24352
25723
21235
23785
40251
78116
89120
31306
33552
14580
30056
17298
25406
20606
24518
18369
20176
11210
15325
19672
37355
24698
37025
19358
19819
24349
24095
11797
17592
12164
16586
22741
26900
24393
15072
27388
21785
18807
25874
31343
20984
20731
19150
18030
30223
16124
28998
24180
21575
31216
33678
17967
13727
20248
28963
22343
17870
31013
38628
28765
25132
36353
16008
12960
16184
24010
27438
25593
20660
20621
37820
17499
31883
38005
35281
22289
37746
52042
57744
36374
21686
20186
24068
12864
33725
39804
12391
28691
29730
25869
20252
29549
15394
12023
21385
22992
24331
34569
22643
28767
24321
28008
11769
13111
40705
22671
24298
34800
18652
14141
21201
19862
50416
18917
36318
34583
21881
16173
29646
19321
22469
21763
26492
24390
14319
19781
32334
40788
23316
15894
21500
13300
42898
35821
17766
21904
24074
26353
33607
45476
27614
26907
22184
19821
17737
18612
27735
24434
21313
27462
31277
23639
17634
34877
36565
49833
42640
20258
25507
30750
23067
25281
33526
20665
26753
21451
17302
19549
23966
26688
21620
14032
23661
17802
28320
26150
17079
16802
22887
17139
41840
35116
21459
20898
19180
27461
28762
19108
22136
13841
28711
13495
16714
37324
19618
25506
22278
14355
33522
20252
28330
36784
21495
13123
21652
19571
25203
20313
17569
17460
20797
28483
24847
66946
77206
29214
39568
29882
26779
25159
26905
36238
25685
23590
30499
24479
49639
37879
41007
60051
23386
16999
36004
20685
21299
20861
13320
17167
23350
21512
40273
19322
24947
42950
20603
33486
39293
21515
23989
24355
37035
20854
20371
25041
28450
21542
37210
19970
31641
24814
35257
28217
25167
18253
28322
22815
28521
30484
23145
22707
19236
37294
22611
24395
26276
19057
19340
16475
19674
13393
22563
18325
11428
31917
23005
28721
20615
21878
25407
23706
33963
25710
14606
23716
37442
49442
15066
20842
23505
15459
21263
33288
16707
20278
13398
15161
23368
34725
36031
18338
18609
18685
17267
29345
18916
33460
21065
17896
20859
22929
44380
26705
76195
26191
11158
31824
35818
27562
26103
42452
29206
29479
24921
27846
27555
25477
14798
26871
21401
41646
19761
17857
19930
27674
25071
13173
19264
24995
33424
38662
21069
21017
32595
26812
24285
23861
28247
29041
30232
28291
13972
19831
33894
18392
20902
30986
28106
18685
14098
29151
20423
30127
32019
27581
24319
17780
11892
17351
14967
23891
26612
17665
13684
18237
22088
48206
17176
15801
25623
34848
54518
17458
23514
25071
20692
23525
33691
26844
20491
21556
18788
18192
17130
24438
19521
17814
35775
18738
12392
40113
25956
22975
23627
42526
24754
25268
24452
26616
23685
22979
16598
19111
32694
36982
24650
21985
23891
27237
22065
22415
20480
16852
22214
23522
43750
35951
40241
31877
17534
33524
44452
16686
12782
22788
32326
24166
27052
29546
13007
26312
22659
23964
19612
25998
27734
26891
20955
15992
27401
42840
27041
40855
26251
38602
36175
30604
17441
24043
24607
30914
18010
29493
22183
28563
12968
22186
29460
17563
28301
14382
16277
27108
16826
27896
36777
30529
28176
30943
17371
29806
23818
22190
32121
29299
27527
11582
12988
25458
61827
33062
19175
25446
27511
16723
40840
28027
21514
40405
27745
22619
21115
22522
22427
20024
11070
9904
15941
13886
29916
26738
14716
22309
23918
23857
28236
46602
21007
16499
20819
15640
42260
24496
23373
19245
38500
16017
14292
25520
12964
25739
32802
45540
51759
16817
23607
20475
27832
15605
24433
44761
22331
23095
34910
22938
24777
35085
34040
17916
23067
13898
27717
35829
21613
31878
47509
56594
35647
47608
25586
21048
18560
22408
36345
21148
27520
26492
31515
15361
48959
16846
18126
40146
19102
20714
15351
19462
15978
23978
20174
20451
20362
27960
15544
25189
55177
15678
17427
16689
28984
54832
14127
17543
23524
34570
23870
28523
21963
40255
13748
18910
40105
23542
19591
19502
21199
24585
24634
39963
18056
26112
23894
33425
33739
18232
21612
23786
24551
20105
38321
19282
13681
24649
24794
38436
26333
10413
24018
18742
27715
14599
26481
22808
32729
28489
21721
43317
36091
27170
46345
10585
29667
45375
20029
18668
37837
38970
25728
16392
38658
20573
49053
15356
23068
29016
15518
32694
17538
14963
17703
19111
13997
33882
13789
31873
39454
27869
13558
23102
24648
5367
15147
21890
15551
27267
23081
29460
45879
19673
12788
31662
25753
20188
19889
30596
21761
11202
24291
25126
30379
19486
12936
13742
22113
39295
22302
39813
16717
21682
23384
18733
40656
30627
31958
24992
20944
15994
22159
20855
36296
23153
23586
18663
26988
50852
23768
32560
24733
17716
47811
31487
25649
13016
30092
22592
30042
28407
28563
28563
24834
50821
25567
22605
15419
22042
19491
23688
22971
19815
33866
15887
22743
18001
23868
10378
16170
48487
24658
50357
68010
57937
22678
25406
34020
15620
35222
20754
24398
19253
19154
31198
28055
30119
20432
17683
27889
34899
34487
13521
19812
24062
22925
19427
22820
19130
19625
38839
37357
26803
27545
27896
14649
32833
16647
38297
30227
27677
28844
20426
18941
31650
20495
23706
19960
24685
33174
13436
23294
23124
24015
18021
17229
19843
32168
24506
15827
16531
22211
27915
22307
14277
12243
24582
15110
19023
35019
23091
19795
27493
21117
12615
27750
28533
31602
21653
25227
39780
27909
38384
32909
20008
21387
22267
24895
18139
26238
64520
33034
32414
20743
28491
12916
24165
13118
22692
20002
26089
34558
27713
22253
17448
25229
22693
24651
19877
41880
23184
24234
26909
25056
19457
19579
22781
26865
28605
36513
19188
26199
37039
30822
58805
41992
28840
14265
14537
17537
20514
17960
18373
22102
14375
25063
23367
10254
28235
19891
15753
20421
35920
38116
21781
27653
24663
26202
11110
26149
30020
23286
19176
33690
45721
24859
27313
39285
17844
19941
29453
16819
23377
32123
29704
30040
25432
30553
19342
20832
20671
14517
19209
21800
27030
13689
25128
40994
20172
23319
16428
25704
18814
17887
20731
18084
32629
24532
14135
22357
20009
22631
31271
19405
16791
20238
25222
23683
24705
13566
24285
23339
22050
28016
38875
23161
31963
20145
23582
22295
24860
16329
17908
19086
21415
23808
12517
15566
13747
15869
14279
25101
30580
20097
16402
15861
22042
25431
26602
35820
17148
21786
27523
26046
18891
28066
17680
19230
17324
32514
15717
20299
33225
32387
26912
28487
17486
28995
9338
25461
16830
17476
41039
30265
44017
33787
27176
19508
12018
19847
24511
20395
27114
23954
32780
24465
21722
69231
27144
17509
28981
28983
21465
13112
40571
32933
31903
59522
16812
20122
21307
27141
24756
20376
18438
28183
29396
27916
25082
15559
18905
21933
42652
19934
18746
20727
20749
21665
24445
18837
38452
36431
28750
33958
20027
30973
23043
23468
22553
25134
15198
24437
30829
31126
28998
19685
17447
13025
50888
36303
24870
33907
49160
27172
18876
26370
23927
20094
17398
22858
14913
19420
27690
30248
30194
21948
6223
25393
28023
23145
32726
12200
18329
18297
17777
20746
31715
26604
23765
27623
24547
42390
63456
27309
25078
32002
19880
26220
30269
11306
39334
19469
11398
23249
26649
23767
21172
14792
25761
24303
14622
27333
20974
26903
22998
12799
13235
21078
43375
26584
20199
25508
36199
24563
22850
18651
27081
44725
36133
14193
21067
17553
35668
12033
23317
27338
20878
24556
21312
29624
24250
10987
16531
25452
24238
32888
21545
39544
12894
36308
22547
23398
23675
42264
28817
13271
11740
12552
10793
17099
29959
20185
31328
29213
21144
21930
33652
36176
28299
26779
33330
26592
24957
16127
35317
67222
28739
20954
17352
18111
25009
12421
13321
25929
20488
26659
24850
27466
26925
15267
20713
20332
31296
15165
19702
26360
36550
28783
26622
35797
20801
26365
32079
23413
19480
21621
18309
27870
33332
47864
24444
25334
23300
23947
15113
23439
36122
32683
30394
21892
39857
29844
18764
29512
28316
18515
21857
30004
41431
43642
24168
16579
14286
26941
30116
44083
62681
18580
32568
23695
24195
26161
31428
22648
22119
18348
37538
23784
32650
23446
38057
17504
19839
20386
37638
32319
44515
13775
26719
20965
14983
20267
16491
21440
15444
17625
21888
22092
36233
17591
22878
27513
28372
16950
40417
24871
18560
21395
34695
31371
39947
48415
34685
53140
16085
28639
29118
19528
13498
22157
25810
14166
16619
26593
23890
44251
58674
26268
23270
13560
19229
29718
23803
34325
14833
24551
31550
20096
32770
24386
19660
15938
18410
33227
25435
38215
48475
24741
31446
25303
31164
29925
11843
34552
18629
35131
16452
21980
18899
14335
21316
44248
21244
22616
29715
26125
31408
6173
22547
33694
11668
27905
24351
13059
23751
25773
25348
24464
18034
35070
45695
18204
27781
16400
20333
26374
15890
22725
13777
20178
24061
35106
34498
25315
20723
23383
45348
21275
25718
17826
21887
21480
25582
15877
29102
13779
25739
45737
23818
21286
14403
12197
30243
20652
20777
16927
19215
19848
10911
22751
19348
46303
15212
23616
35380
23421
21353
13809
19011
19442
35705
31371
14818
33375
56579
47780
30475
23845
18447
19082
24052
23640
21748
35858
27973
21223
40373
47460
14298
19203
13561
14848
20238
27512
25768
38085
25096
20779
26459
18750
27251
23812
27971
38861
14696
15429
22383
11671
21197
25121
19468
15648
19101
22789
27246
22552
13881
15339
16920
30361
26514
35889
16693
18358
26559
37227
14904
35747
26597
14131
30773
17886
18298
33944
22946
22738
32416
25122
26069
47889
40260
16837
15526
22964
22160
14025
31970
24931
26419
34359
28100
20341
14374
14511
18933
32259
29441
6063
22068
24163
41591
25711
26145
18033
29554
18129
21347
34630
31227
17591
38187
21241
27566
22542
22101
24756
22733
21194
30865
17272
21936
26513
28838
26969
32982
18094
45769
31490
46137
44119
23421
28716
22905
36791
14382
23655
19727
33434
26152
19253
21090
21666
23091
15957
25164
27745
23124
18721
17120
50516
44939
64134
27821
24818
25275
27325
46268
31038
43316
34669
29290
18018
14707
20473
23431
20661
21849
21887
24056
20825
21154
19662
20481
29479
22580
12452
46041
38029
40110
79927
14996
14643
24658
27053
14583
19028
13168
44638
20512
16617
32991
23483
21133
22230
12000
5755
26517
42205
62282
51049
66325
22360
24911
10770
32437
16204
33017
35780
28124
21542
21051
27539
28764
22909
33391
27775
34368
17874
25257
27085
20473
24690
23617
35778
23281
18847
19508
16404
19292
16050
26649
17709
21202
55171
18420
36317
26996
22658
32100
24958
20904
22157
26715
20109
18878
22094
23978
25965
20478
30398
35075
19383
17563
22718
30328
23838
38316
23143
28188
28099
54257
32806
36862
51592
15147
29355
54921
58514
83147
36120
21780
12503
20025
15630
37614
29565
22631
23721
28850
21101
17870
20048
24661
17640
43154
28705
76222
17469
16859
23276
13592
18983
26130
20432
20795
35830
19225
38933
17162
16863
17875
27464
28441
15588
20514
25467
24555
5841
13890
24319
15119
28778
19098
20758
23353
50058
23198
22154
20832
19167
32006
19353
14524
25915
16127
11447
32183
44170
11990
21027
18501
14796
28788
15767
26747
26548
20717
15203
14635
20178
10459
33446
32571
25322
22251
39396
21956
20541
21791
13539
22926
22427
35929
19211
15782
15531
37475
21749
21306
20080
22252
29620
24384
23344
19971
27720
28932
19758
25529
21421
28794
23369
21422
25693
23948
42493
14995
27314
26191
48596
16692
21988
26982
16418
34575
43122
35730
27266
18387
16686
20515
38187
20723
28579
22601
20535
27600
21777
27031
13080
23131
30044
49636
45446
24907
23960
37145
26146
19206
12802
24715
18518
22374
30255
26911
27809
47900
19739
26324
25437
20249
23576
24088
22624
17877
15322
15288
22086
20106
14487
29738
29360
18120
25363
28662
16697
18606
29614
17301
15437
21189
27797
16947
13156
7267
23574
34703
32048
23206
19783
24205
15929
20837
24740
30245
16527
29543
21395
20450
21772
37968
17547
44084
30431
35999
15450
17451
41676
30324
26781
19002
22009
23107
26523
24554
25212
33119
63148
23613
42906
36704
13385
31458
26526
23040
35842
12400
16211
17272
29722
21673
19723
19596
20151
19951
38538
44966
42755
28240
40616
50370
23568
18778
34936
37528
12828
11121
19192
16504
20646
20187
26773
29754
10123
31648
48016
45393
53676
16083
20832
27236
17515
28488
20851
21380
11774
22438
45543
39222
16759
15073
19680
29018
23970
18674
33614
15297
12158
22118
46358
60515
18978
20307
17871
17974
33058
25213
14815
26655
28052
20794
32588
16057
22587
26646
20012
26406
25238
22682
24776
29033
45207
29556
26579
13238
54165
70608
24477
13976
22034
49817
24240
27255
17509
15568
26391
13445
35749
19195
30369
20299
28113
43720
37693
7252
25232
21802
34346
27889
29000
45891
22668
25163
21788
12895
7928
22606
26506
20006
16161
15937
32158
23344
28777
35345
33149
41456
57862
31913
22801
12290
23448
27872
31171
23382
28424
18635
36447
20953
24039
43509
16713
21583
9509
22585
19211
27175
26558
18062
16940
13470
19402
29017
17837
21314
29092
12485
33315
44821
45999
26706
22897
49956
16283
12707
23835
29577
51363
54386
20699
23308
19407
33814
37842
24910
23229
23204
16197
28739
17253
15153
26347
31356
26034
34933
44574
47665
36599
18408
22457
30109
27038
23436
21083
17297
20631
35207
25467
46191
31258
33350
20869
10458
43759
66667
14466
26231
30289
14258
18581
18082
41315
57309
11069
20811
16102
26235
40957
17264
24343
19643
20154
16802
16667
11015
17566
18934
29593
25992
20594
18188
19543
19012
22544
18676
9770
24141
15401
21163
31073
17907
28689
21215
26246
26500
24230
44131
24526
19813
11918
18571
25139
19733
20962
28002
31913
20932
45242
7889
27202
18110
23895
55976
73496
27058
19075
22330
35100
26061
22658
21053
24715
23219
17416
26986
21118
31558
22227
16441
20542
45624
30707
12851
29913
18480
32391
11663
19625
20016
45497
18570
16279
24387
21518
19533
18401
41776
24290
21713
18419
27248
28785
46386
12476
21940
17401
49658
41876
21931
24288
23934
35421
28142
16211
22968
20239
34763
19173
15698
43455
37193
28118
25730
18740
37328
51917
24344
25570
22875
26891
21774
38933
40854
20190
20551
25718
17645
23388
16388
28901
21357
15941
17263
33279
25346
28801
15973
22350
15990
17983
26628
31659
37788
21205
20119
40373
16228
27238
25170
43002
22467
16468
22794
35966
19524
34897
44142
25266
18215
34346
48090
26490
26742
15732
32743
19591
17125
24401
21975
23112
34103
6393
19498
24162
25583
37442
39845
27530
19910
36845
14056
29016
45466
26303
22802
15891
23561
33753
22611
47011
30205
21473
17183
20156
44344
22762
20863
21364
19982
38044
38643
45858
16918
24056
29763
37777
58873
20197
25801
31624
20791
27110
10399
24845
29159
20035
30935
47641
24232
24272
16330
14569
21039
27854
17849
15683
22409
15411
41124
29489
40001
17265
34762
14649
20889
25260
34803
19540
64877
59024
70173
26789
19346
18254
23294
25655
47501
23533
33601
26725
28988
18275
22389
36397
47999
26693
21339
31972
28503
18348
17741
20106
15604
29406
26144
20403
24060
28757
47200
38897
24984
20429
31936
41149
58030
35096
25663
19240
23726
24138
27901
25847
17624
21642
15036
22039
17203
31659
21648
23700
31416
16366
26471
28466
21141
22566
21303
33017
26181
23094
16435
34421
18879
20003
28872
30653
32929
21338
26307
32388
24048
19980
10820
23940
30534
14896
29259
21933
42832
30811
15653
15424
20605
31905
34399
16589
41570
22339
31988
19990
11470
14939
15499
23867
24778
23737
13838
23319
20007
15741
26304
18247
19737
14858
23934
41590
24119
15045
30398
28945
27926
37745
17028
25285
62712
22966
20622
16178
23402
34995
15503
18131
16420
30666
23109
23401
19256
33233
20184
25184
30582
31234
17763
14925
32293
14446
27990
35565
17664
20009
19376
24193
17688
23296
27449
14709
19391
20486
28161
22700
19777
41357
19358
37903
37029
19521
23494
19685
39627
27463
45042
21364
21260
35054
17901
27463
25485
15020
17938
33521
15968
26112
19783
13292
22123
15120
46723
20913
23298
23827
18539
16131
22254
25493
20395
13235
29462
23230
30463
21604
28165
20807
24257
22952
11064
26407
14762
24683
27485
14648
19507
24601
34650
41204
33176
29303
29664
49978
25733
52650
25719
29423
12769
31570
19508
49905
17689
16615
18987
21556
16493
21442
27103
20601
16027
29197
36859
23868
33811
27259
22395
16148
33659
27487
23854
30765
50535
19738
16373
20948
20440
25424
36124
46569
22203
23447
6381
19838
25710
42307
28438
23425
18759
15710
23755
29270
20834
22033
17723
24457
17612
21639
34990
17516
20738
21104
25810
19589
32387
40409
25542
22791
16177
24173
25268
17398
25111
21582
20859
27652
26799
27731
19502
34206
17354
23240
20124
19925
33155
35174
27646
36554
27189
24977
20979
22963
50822
60359
95547
16659
31306
19522
13826
25245
22548
18904
20431
37594
27023
34001
19856
30261
35221
25587
25675
29400
19909
24277
37654
47092
26764
24555
26651
32336
25543
24178
36008
22135
38932
23444
44642
28827
52964
19830
38157
56138
41044
54506
39615
27788
41997
16303
29100
18187
16162
36503
23483
23080
16134
20377
41925
21919
13690
36859
20184
27247
31643
13607
25862
31250
19881
17822
26672
29333
22481
17169
34113
20857
32375
47866
25694
35892
31100
18082
23480
17320
48237
39247
20704
20521
26390
22897
26094
33776
19296
14081
15214
23754
24847
28495
31964
13286
36609
17739
24087
28854
21771
18766
46777
57621
35117
27317
21015
15089
13040
38378
22210
27461
25620
18201
22047
27960
25488
25786
31388
38485
18682
49519
29092
57201
10418
11355
20799
25347
26590
23462
13082
22994
21589
13469
24543
16545
21616
15284
11967
14855
19104
23006
25254
24881
31749
20830
22105
25850
24435
20328
19967
21625
18700
33510
22852
21585
14976
23362
27701
21345
20352
20726
22152
25589
12894
28740
27798
29713
13374
34332
29306
9304
19575
19703
30578
15509
28706
55026
88488
17025
17826
19295
43732
11445
18568
29950
9381
22643
17728
21615
22544
22087
17805
21188
24547
21657
22170
21779
22297
19323
9780
18769
24471
36033
18973
23939
21114
22026
26642
20634
24725
11595
19338
30873
22897
32254
14884
31493
23987
15553
14155
19846
23961
37228
20602
27860
20089
28864
29286
10448
16456
23062
13108
26765
20385
30524
11613
41857
43131
9658
32753
19075
21774
14332
24164
11859
20744
42462
23318
21026
19611
18473
20519
15647
21454
23779
48226
24358
19135
15135
36526
55409
28541
40643
44440
9321
23925
41368
33007
37433
32488
35822
19851
22409
32331
42750
34074
16741
27269
19228
30423
22048
22778
30013
33432
23856
39274
18927
20478
42026
14787
19843
15539
38037
18820
19566
26482
40815
23761
32342
24687
19383
28475
13090
23310
12945
28412
23276
25295
25459
27217
14609
28673
29933
21794
23075
21171
33540
28054
32002
29592
20800
17761
25981
14998
22425
41522
27680
28075
17890
22655
31982
33267
21495
18657
20562
29259
18555
27724
19702
15622
22680
16206
15934
18790
21822
17760
12426
19971
18243
17167
16597
23679
39027
22158
26161
20039
11961
21799
25238
34761
23314
11579
36195
30593
71648
59173
72970
21888
16965
34113
51009
19181
31150
21135
19265
18792
27022
39456
21477
18680
23615
20456
29821
45068
23907
19019
24672
17892
16894
16382
29148
15187
16158
14668
12828
23516
21547
13886
17089
21605
27433
16544
20252
17585
21885
32458
22138
19586
36708
36940
39384
60662
48239
17487
20823
18959
39875
14306
34527
69818
22100
25640
24697
40383
48612
40014
20212
24363
24300
30496
14401
20973
36759
23708
36166
14501
26709
28666
25831
34446
19462
24074
17298
23216
21369
15447
18690
33076
22582
22447
19575
13817
28811
34121
24959
28047
51538
24962
18045
15504
14760
24273
41037
47685
25717
30697
21957
19791
27468
25140
25460
19107
20737
25125
21245
53448
40448
13373
22064
20255
20439
35049
20020
22376
22612
27310
30257
35454
38317
53095
57510
15043
33742
49064
56276
22137
13630
17953
26989
22399
33195
16912
21623
21683
11217
16797
23051
33212
32268
34874
39643
24993
18448
16340
24621
22473
21940
34278
36660
32331
15762
51232
14530
15002
14007
17906
23195
18704
15947
22612
16811
25972
17538
25410
25732
23913
58744
43784
29425
16447
40283
38449
18743
43518
65470
25315
18065
24045
22037
30552
27239
34152
12699
21392
46101
43040
21857
18191
30395
16495
22457
62140
41255
15497
28173
32622
16764
23321
20371
22331
51947
33140
25605
14529
17976
31354
20375
31331
23918
25166
22944
29103
36067
40249
31179
23850
23089
13835
15014
22554
25947
22654
26633
23855
19122
25355
26520
27703
26882
30164
30766
6717
22760
24085
18002
34441
47665
20229
41090
40922
39764
14601
37141
24354
28397
39156
30156
34372
40881
19607
35978
27752
17738
37047
18090
18193
22242
24663
41800
29560
17876
20149
21644
28025
36699
44874
50946
40557
25018
37493
33907
56151
22648
17262
10479
38649
22871
22859
25153
17562
31092
37141
22888
19861
20780
32890
26748
20620
27750
15449
19529
19242
56961
26203
40218
10044
24388
17102
31630
10693
38618
49117
24141
32202
41138
58288
39197
20607
54716
71531
20186
72433
53002
34561
24256
27517
72327
39837
67247
21368
19977
28773
37782
42595
23580
19201
25680
27079
25935
17248
21432
22617
16422
5864
18691
17838
13761
54459
50127
23217
15378
30694
20071
29038
24215
16055
26519
31035
29031
30167
30158
24423
18338
26591
26990
33190
52684
68212
29096
27159
13165
26190
19074
24118
26463
28644
31575
40841
33324
13359
12740
15102
21700
74964
34388
35019
16517
27099
13314
18411
15669
24775
16812
28355
18645
30633
35264
37490
16238
19724
32071
41116
24616
35109
19770
21210
19940
26711
47076
17901
19144
20782
23555
29937
24123
26258
29149
32321
17614
26004
32468
34687
22128
28816
19542
74318
83330
88600
39674
43908
54494
22270
20336
15318
24462
31828
20863
35518
20240
34420
20276
30387
16413
30761
37097
41914
55860
31982
16898
28185
47013
14487
16444
20505
48476
24565
10189
23646
17131
22144
31516
16411
21000
30847
26178
18076
19058
23805
7235
55668
26304
19501
16610
29408
15707
32407
24230
21793
16372
18846
24517
17982
8904
23099
20254
33417
9435
23040
12872
28141
41757
17943
19345
24828
29448
17525
24336
19626
20627
35821
27197
22981
22789
29245
46018
68445
23349
61054
24956
33145
16048
14998
16345
22880
45861
31637
34949
21611
27314
30132
32941
28683
17931
22680
37831
44192
53595
24564
65715
32573
40851
34462
31326
31941
21389
30315
29773
19692
14429
28357
32405
24199
17272
17783
24952
19366
28515
18928
7181
24411
19384
25154
24440
19524
16448
11762
20001
14823
28506
32839
25502
39875
20567
30437
33734
16373
16975
18815
27272
25691
30869
14682
32837
29125
21068
23246
18786
16716
18751
35365
15661
43533
18399
34626
22398
21179
22770
21960
18497
22810
20185
18813
26208
20497
21050
35722
37190
41046
18711
18710
16754
23113
32097
24816
22151
13500
27119
41186
20883
21245
18611
22294
21666
26395
16580
29651
18920
18724
24002
19436
21695
21211
29725
51637
21761
44990
27415
22487
24056
35106
29088
23401
36058
24598
26562
35018
26677
41296
22670
33050
16769
15443
39698
30715
15796
20454
26864
17925
27941
12955
25531
25719
21711
27232
18046
27236
22330
17367
32703
25743
25240
43496
27071
20944
20639
23018
14161
14801
28879
24914
41207
50798
14207
21866
21771
31336
60350
51750
30476
29006
16899
29336
34267
14443
15680
24636
27347
19711
24188
26631
20383
34667
42918
18908
12003
23866
35491
48117
19883
16008
22820
16968
17284
27602
34168
37273
32683
31075
25673
22568
38965
18261
29538
31999
34463
31974
19478
16936
29365
6209
20084
31612
19679
31124
29977
29367
27471
27920
24280
18618
26727
26011
24237
27769
21718
19978
28863
37469
41314
35951
24371
19617
35452
27443
33257
57387
36791
17834
29615
32731
45385
30472
24256
30600
28896
21570
21789
21245
18521
19785
27474
29970
35620
26993
42022
45675
24889
20707
15020
16863
20657
31058
33943
25883
25490
32883
34498
24461
15187
19732
24500
21224
14435
19926
16416
25907
29355
16102
28447
21974
30547
19222
17468
30817
19816
12701
34736
14451
17249
16432
34814
16231
31163
54641
39583
16850
24736
26131
27620
23462
22949
27524
36751
18968
30284
20408
24058
36269
25696
34761
20992
30525
34755
16830
23587
16363
20291
23495
17044
23209
44206
13883
40974
18113
22749
26547
50457
14817
42306
22425
32863
39792
39998
22376
16981
21214
21936
17692
19653
34082
32185
15978
16864
25540
18948
19198
32045
39639
50187
8262
22152
14297
53824
36375
42529
28383
20755
17742
20398
34747
23059
24126
23912
47252
18486
26375
19507
38251
22983
21962
25241
19378
19436
33090
36187
32325
57356
39108
56274
27587
16265
26600
24681
44434
28146
22082
26655
32515
22807
18846
19691
24544
18946
13408
21934
15303
18874
26138
25671
21163
28325
36814
35555
23661
28294
22800
27466
27527
51296
29644
14583
16991
29789
18609
24085
21515
31232
23148
29579
22700
18862
32752
19352
32195
31422
13234
27546
33753
56964
19742
16489
12604
20913
37469
16365
31562
29025
27110
17393
28142
17464
20239
17087
22779
24103
46822
20777
24226
17233
67803
23980
43911
23751
24909
21931
22465
32578
24985
18701
21936
24684
17200
20509
40476
13256
14996
29173
36339
16288
18308
33965
22937
26199
20348
23567
15170
23858
33333
28191
24079
29457
18462
24583
39695
34706
25308
29281
12049
23632
22429
12978
17455
58852
57466
23873
30096
21244
25969
25014
25081
20361
31818
29779
24459
22799
22971
23134
24730
18615
14756
16842
36632
20199
31718
35337
21496
23506
20795
29645
28748
18313
28895
19164
18130
34169
18808
17666
15569
17073
18599
24082
29377
19998
33959
24539
15805
37699
40789
18336
75149
18425
19217
13238
23989
20046
39719
31010
17602
41663
14338
19035
32755
18839
30782
20724
18955
30532
25064
37302
54166
30903
31653
33006
16591
28234
57478
15748
18464
28824
26427
17648
19910
38365
38876
20864
23495
10077
18936
25453
18024
27310
24085
33315
26428
27798
24373
19115
32458
18895
17613
24783
25528
18987
22500
15568
20404
17799
33043
12286
26788
29882
17993
19066
29805
12805
14357
21839
19430
29570
15595
31501
21835
13069
33609
34622
21008
20917
25428
20735
15365
23049
31207
13918
15651
21397
28764
33072
40304
46896
15434
27114
29014
28965
20058
11274
33848
27837
31470
39400
22552
42925
37299
9708
10757
19852
17423
27993
31720
37102
17591
41590
22566
18868
19608
18266
26225
21215
33687
27471
24061
27709
25100
23890
20839
20843
17673
20949
22772
15216
19753
31762
33059
14074
12797
29689
25703
23999
14448
15952
25863
23321
27555
20429
41787
25577
18227
25229
27685
24749
13632
14641
27306
22217
25246
20923
19029
20671
26723
28538
14090
28585
38993
36432
43855
18559
24729
14811
18808
15337
19675
19976
24443
20141
37890
20225
12650
12545
18927
45957
17936
10582
28280
27226
28662
10728
18201
31491
35768
14463
24479
29294
12768
28689
14677
19285
26595
26691
27553
13342
24680
15336
15981
26623
21726
24043
41898
20115
23687
15864
19201
32294
23119
16855
13572
27574
42897
48531
24026
37175
28894
27735
26054
26151
20108
24043
15578
27296
19640
21774
28509
29826
27041
13225
20106
19360
30929
26701
17868
9649
31517
28920
41269
33795
51789
32798
75748
33528
18518
29776
46703
53625
48123
22216
21996
17600
32644
25776
12860
28710
32672
20141
55447
24938
21112
26958
31347
26305
16356
16288
27038
31007
17631
26582
51158
26442
37574
23208
31067
19342
23445
23999
33013
32437
28820
30780
19810
20814
17928
16530
32597
21140
26672
23329
16064
33542
18608
19821
18944
10231
21430
25099
30985
22639
15937
14849
16594
21207
33599
20139
20777
12922
19510
12598
35524
21484
14478
22924
18671
36094
16971
20048
27113
20967
19296
28699
62454
19184
26697
22790
18815
32008
29516
20025
38387
33211
19768
35867
26896
39692
17897
26715
19436
14902
25146
32891
14260
20061
31983
29688
54057
15482
15972
19208
16058
26283
18724
24323
20696
24424
21509
20445
21228
22600
32525
32440
22083
19790
50261
16497
23132
36784
11652
23265
29516
27937
34649
25306
19454
18825
29452
22293
33459
30174
17256
32726
23283
12510
19116
22698
31178
24952
28426
23729
17594
18992
24328
26002
27716
19925
27839
28617
46661
14210
33785
26540
24214
27572
32577
31749
16084
33584
18737
17542
23105
24141
26735
40109
17704
28013
25676
13416
20686
28508
44571
11653
51875
31040
28700
33759
28490
25256
32588
24758
39706
14033
20240
30175
22755
29512
22665
21555
20012
43299
24266
28337
20888
20030
18914
20837
15132
22395
13717
11220
16765
24105
25771
21641
22480
50508
51427
55129
16230
11295
24606
40071
23312
38721
16536
33064
17578
17960
45755
23284
23671
31883
15240
15279
21852
21525
21754
25487
13873
33737
18749
20373
31027
26460
26841
34043
21374
26824
27220
20092
25240
15657
19978
26830
23239
22206
18251
26038
15417
18995
22930
25306
25740
28182
23664
24476
22911
30416
74600
33072
27039
24721
59837
21710
16655
30814
21876
21211
16052
18601
24532
46523
27261
28196
31717
15995
12080
27614
28373
25183
20805
13388
23555
17126
12305
34373
41263
57670
36024
18456
15474
23810
21874
27718
22916
26569
19094
34038
24686
19317
21786
22813
28329
15838
21073
35933
27375
27349
19183
27299
31254
20179
16126
28103
26973
12295
36217
16262
24869
40277
21125
21268
22539
23074
24330
18413
14898
25464
18905
23266
26952
24430
20552
21147
28293
25472
17014
24115
21690
20841
23393
14679
12867
19257
21221
25358
17250
17177
20921
15110
25719
22492
26980
39372
11798
18358
19893
39979
55421
64248
31218
41562
26559
44606
18195
27478
24028
23220
22485
15263
18720
37327
42043
34856
19705
22599
14621
16636
19510
15236
19718
19955
19533
17538
16990
25726
26415
19245
17890
32644
26189
10965
17431
23816
28507
21107
18050
23652
17340
21444
21030
39800
28707
25361
18475
26678
38305
23143
19664
38849
38659
34585
34111
33993
41435
24649
17688
26055
25647
18203
20246
29594
24388
40631
27125
12611
19648
28868
32418
18830
36618
21329
41731
17361
13717
19456
16931
23770
17394
27171
25830
24401
28323
17447
20390
22984
6069
32263
42582
17972
36520
35323
21980
22823
34058
18426
16721
19522
30279
15756
22702
17519
31272
28228
10794
22467
19278
19655
15804
21654
17349
41759
30125
46683
23873
18872
21640
40043
18208
39714
14058
13549
19006
27222
29367
19514
26572
25585
18300
36315
22249
25723
13194
23959
12148
17493
10189
14446
20731
13026
14019
20248
31111
19555
15927
20037
45593
28693
14981
42580
24044
26329
24026
26323
41967
20251
22082
21148
16180
33212
21610
20520
22685
37318
33085
22795
18610
32607
21435
22665
19486
32945
27424
23644
21244
22794
24740
29987
57675
17781
28842
21973
23668
21465
13793
24644
22294
40820
19891
46830
18337
25137
19711
25729
17887
18729
26350
17375
14686
24811
20101
20410
20836
22315
24606
16878
12935
21262
16415
22764
25563
13216
21821
10859
23610
20159
20798
28590
21642
28009
23001
19959
21882
36515
27884
10764
12215
26858
24810
15844
17718
20334
15193
14718
34437
35727
20372
24752
22837
29689
12433
12147
33673
25010
11555
19684
29627
18188
28465
11319
18974
34587
32405
23784
30580
27217
13908
44018
25556
31550
25307
17364
15141
19033
17464
12836
25594
44751
18446
22437
33455
19958
31199
38625
17875
18039
28980
15519
40051
47282
58987
24085
21093
20736
11487
15104
10736
12886
23030
13392
14410
21943
23547
18959
18347
22956
23906
21637
20383
24268
26973
26040
21467
22899
15351
20875
20377
17734
27909
13476
21946
29284
14859
23686
29364
24160
14568
21898
28828
29740
17060
17750
21528
24599
16156
22319
35758
26032
21571
17953
37461
34363
20351
21153
12397
32057
19730
15401
22441
27868
23105
27041
31241
36878
77016
94805
83450
13484
24917
38975
19926
18374
21982
31429
19560
25635
17974
28061
43947
33199
16628
21696
12187
16985
24111
31200
21921
37388
32474
12079
17606
43348
13245
24908
28191
16835
20211
19813
10696
22455
19799
25834
25864
20988
12503
22286
29729
23481
24712
23738
32979
24519
41999
21169
34383
19005
20066
22918
17207
28719
21254
20776
13796
31565
27178
23676
17840
20197
19490
31916
30733
24754
27429
17782
17177
26256
16781
11096
24247
24621
14592
29014
15702
10403
25384
17576
19785
18433
13887
18393
28210
33674
30499
24723
33265
32159
20224
28981
23062
31225
21216
23792
26552
35010
15284
20387
17557
14365
23720
24799
27321
35080
29987
19107
15246
23951
12292
15346
18402
39177
22716
22953
14549
14853
27748
14537
13660
18173
27609
20746
34296
18231
16832
31626
30748
32999
23201
26802
18191
16267
26298
24542
26211
18179
32293
19403
26143
21712
22494
20984
27930
41984
18214
21070
19047
29012
32443
19289
26190
20692
16395
22121
17715
15325
16232
17252
13395
19065
31020
25099
35621
28101
30940
24744
24120
17665
23064
22424
29403
29650
13443
27125
29860
18227
19495
31024
29314
32792
34119
46106
14981
45984
24900
42182
42326
19747
15131
34767
35564
41126
26740
30557
25613
18040
22832
22835
16691
26433
38879
45745
32429
47658
24135
21080
17776
41831
25145
20687
23583
24939
26107
21747
17582
27098
34917
23481
27454
13891
22220
24857
36319
21994
29160
18425
20416
20086
26062
38419
22486
19579
44918
22824
31853
23907
26869
17631
25000
15321
22388
17853
34863
45942
13813
18714
20763
21403
26006
14754
14386
47928
16335
36681
12803
28989
40317
14023
13517
19386
29876
18059
33936
14971
25405
16472
30415
15375
14138
13909
26253
28007
21372
17075
29061
18123
21191
16872
37573
18909
22057
25156
27428
29945
68448
18063
15411
10267
21776
21911
17162
14554
28877
22951
22111
16265
13245
24078
22738
23016
18090
10505
21546
25031
17248
25012
19386
34410
39825
17376
38084
19059
44832
40530
40984
20237
27229
17668
28946
19564
32113
24628
30986
41229
31983
18384
50383
31773
23888
18644
24039
50223
50389
19009
42452
12588
19239
47616
56957
25210
41666
32194
23541
25984
19298
16629
18621
19367
21701
23076
27627
31302
29241
45431
42339
65775
82133
77405
19160
35600
17746
24397
9830
28566
16694
22175
18508
20207
21992
29365
32596
22301
14673
10575
24840
28953
20775
40271
22002
17423
17827
28351
11035
15012
26786
30854
25775
27675
17858
23521
19001
18331
18669
9854
25708
23154
20816
18316
16543
21953
23825
27683
47333
23223
22417
17231
24513
39587
23217
20007
31557
16941
16097
27523
17322
19930
23003
12465
22119
20449
32149
13620
13576
18544
30402
11849
20657
17648
27710
25022
14963
14525
29784
26566
25758
32887
46323
30718
13875
37830
44743
23821
16167
22894
23488
36264
25411
40612
21534
24552
24855
28268
22758
51441
11722
23128
15884
13808
16558
24718
33698
34109
23485
20949
19342
27050
19814
20231
15234
18357
25934
21803
18289
21381
19039
22492
41355
17297
37315
22823
35284
28133
22015
15379
21953
17576
31062
34469
13519
20203
33391
21523
13524
24968
20048
26541
28373
40740
62196
17651
27783
29540
23853
16998
31856
18631
29364
33073
40494
17001
18316
17629
22277
13516
18990
33071
36766
49352
30817
24086
10320
14490
31383
29301
24308
32358
22577
12897
18945
15688
15859
30281
19561
28488
23687
33836
16860
23293
24393
15595
33343
34500
25090
37869
28146
38652
14302
11555
20371
34761
25949
29405
26389
17726
30721
22311
21513
24160
45563
24485
20133
22782
11421
14436
20655
30328
52946
52031
34457
15969
37742
19022
26944
15829
19630
18042
17459
17952
25202
42800
31807
10349
14279
26505
21879
37704
13855
22193
24963
20812
39874
20195
20277
18930
16431
48005
22511
22069
29490
18883
25504
17538
17282
23656
22074
20249
15737
21955
22045
16351
21804
23595
22492
17258
24997
29733
39479
32743
41330
25264
23845
42373
28977
19993
25739
20199
25886
46223
13407
38114
15906
24138
21655
35836
27159
14713
23867
32815
19734
26812
11358
23309
22212
26852
26605
16235
24794
15185
14855
23474
79012
51163
77392
16116
23880
18152
19188
16135
13689
23798
15017
21450
18370
27768
16669
13950
22970
35639
12381
13344
17875
20471
26201
21918
22595
29127
17878
17250
26401
20863
15970
28683
27678
38070
23141
14910
18517
23725
18137
22471
19250
13624
19539
17468
15436
32133
30141
48642
31174
26242
25321
28861
21380
35148
20832
23142
17247
20606
19404
18465
18876
23433
27467
25479
36954
13281
21247
25999
16269
12701
32850
15109
13470
19879
15273
16574
22904
18450
20713
30706
20698
16540
19537
24658
12961
17010
26558
21426
22593
27352
34331
43850
24481
49821
15294
14579
22941
27526
42351
45290
35660
14745
21514
15291
28961
18940
15653
18007
35305
50534
16508
20348
26509
50498
53878
18401
17858
17296
22848
31546
29034
20842
20984
25664
24947
25298
19100
30989
19811
20148
29360
54860
15783
19314
35101
16619
25824
15791
17076
22119
16367
25100
24074
13988
23248
16805
17434
21516
7300
15933
20610
27124
20119
23310
16069
20714
21757
15847
18245
26016
14234
24821
14004
17101
26766
23379
24950
18147
36198
15464
25620
16411
22425
18283
14638
30809
11256
24305
18359
10929
28491
28532
18659
20774
19673
22126
17523
29425
21847
23038
20513
12991
30450
30809
18873
23217
19441
21449
27476
38063
12302
25571
13844
28691
18120
15328
25871
38592
28433
45993
42809
29267
18822
39610
24258
20736
23424
23163
7982
15753
28657
22997
19182
18342
20203
14394
29142
34494
19962
24169
18961
20531
22922
33468
27417
14340
16222
37756
13180
24428
20660
23280
20221
27654
24024
23954
28127
12596
12894
20978
17526
17002
19530
19515
33119
21212
18178
28806
15556
20718
27070
28175
18707
24399
20172
21388
18265
37601
42569
32720
19652
34401
14275
19943
26495
24359
35360
22927
28502
29378
19124
25377
19644
15759
23568
35291
15708
16409
26200
27924
30837
12537
28683
22728
17922
22105
33349
33123
21794
20498
24768
22211
36196
13109
24191
47947
19590
24137
26394
19265
13198
30200
35189
30482
29553
20708
22708
36366
25026
18617
30704
22497
17450
22216
36417
65045
15254
15899
33795
52315
15640
37917
26730
14801
20662
31071
25071
50391
22039
30876
30780
18600
23568
20071
20427
20030
23394
17802
27820
19799
23999
15467
38961
24727
19088
15873
32655
28586
21495
27210
19015
42156
22871
17276
30628
15249
17551
37071
31096
23456
29814
20272
14286
26052
19098
26523
17458
12135
29936
26055
27287
43864
22481
29879
26823
29427
48178
12820
24983
46250
16103
22896
22428
33109
15665
30032
33814
17224
16671
26115
33975
51688
44997
31758
35560
29173
22487
24415
19308
50895
41167
32989
26769
31188
38381
25599
28028
34758
14625
21245
38507
25774
28522
40336
48151
41330
17783
35930
42269
25130
22001
16163
26294
20155
30869
21949
30603
27545
21304
21081
26053
16591
28871
16562
23245
14641
18770
18903
26753
49763
36618
63085
27583
16046
13620
16379
21586
24897
33667
28921
14362
17134
22357
21820
15712
12213
13118
16675
24906
16548
28493
21285
28099
14789
27829
25589
32045
26758
24343
24603
35452
34187
40122
21667
22588
19108
22917
15178
15522
23285
21720
28156
26593
21984
19841
22071
26979
21586
30297
19131
26171
29705
22309
29499
31769
39420
27820
50579
16073
24108
20287
24756
21411
27919
14788
28195
22844
22261
17976
24285
27169
33088
26463
22479
20048
14251
25597
23954
24560
24279
26367
29908
23887
47746
22774
30846
42934
31259
38745
19812
11007
19204
13150
22256
21291
14933
12078
15683
30133
17479
20265
20887
24614
19368
23929
20931
26136
33477
17409
18506
14892
30535
20528
38869
25138
29357
18178
30299
16722
49269
21001
26469
20602
38077
18331
28815
17639
19309
19966
26060
17119
18091
20785
28485
20123
27927
19251
13993
20259
15509
21773
42687
24815
27325
26476
20786
24069
29265
22942
16065
42573
32139
25145
25950
19914
21599
32327
6563
21314
43460
39153
20828
24225
43115
25607
28587
34119
37701
18696
22788
22257
24171
29183
10615
23643
15272
32597
21128
18357
25005
13885
28575
25762
26441
33302
16606
14702
29504
26716
25682
15023
25137
24661
19836
16552
34022
19069
23552
15838
23364
34435
47483
24530
30642
20985
27534
13117
34045
24447
18678
31454
18307
32969
21831
35250
19556
14482
18390
18639
21698
20408
23840
20206
17359
21710
26956
23129
21218
42437
19322
20415
23193
38438
16781
25565
19197
31757
16107
22231
25947
22083
18765
16723
37098
25824
26068
18315
24867
22143
22104
39250
14829
49001
47268
10899
20273
28471
27174
15836
14863
17659
27609
22247
44084
30951
19867
29418
29088
24409
28920
23247
25529
21175
16822
13543
17329
21960
13713
22566
24711
22035
19432
22104
25903
22356
17871
17209
36844
14546
17063
24344
32453
30325
20296
19407
39293
32680
19780
18456
19577
22544
19327
11657
21344
21549
11515
18263
37869
28390
17412
25879
17567
14928
18662
22062
22283
23022
14729
32147
13304
18518
16621
26180
21299
27789
19869
31824
16914
18985
30831
35407
31143
43010
43354
67773
42385
81101
58207
106685
86815
26367
85079
22731
19376
18466
24926
18665
24269
18731
15150
24609
33197
28377
18082
19063
34470
25578
20751
33343
19936
15086
11557
23775
29560
28781
27769
36022
19173
23677
21329
16334
14515
18964
19492
42128
23396
21852
37746
18649
26161
24385
30503
39967
15848
18361
16364
18669
25896
28658
23116
19395
21033
23629
17242
18925
31224
18416
17466
14961
26152
13392
20294
20119
41294
46194
46121
28483
14403
14270
15894
23059
25308
34919
22635
17287
50466
36930
27381
29176
33718
28503
32773
26400
24063
28133
21497
31033
18808
16755
19517
40587
37744
25980
23054
12856
17221
21610
42799
19663
20178
16550
24139
16529
17010
18736
12514
18476
31880
29352
34580
22328
23446
25894
31375
18514
24262
23267
17937
46583
47488
35051
67250
20863
21980
23642
28698
17092
33850
18667
17208
27445
24596
18927
16805
22793
19826
18612
15333
12059
29417
19068
35859
45580
19809
21455
21898
18599
23296
21668
13112
31745
21740
24495
19449
20144
21570
31162
24402
16523
30967
20452
29551
25839
37828
47266
18309
19541
16676
16590
16472
23871
12318
18639
13825
23891
17924
59733
25597
12660
30074
26253
18204
16258
25671
19909
26715
45573
22030
27683
20902
28134
19147
24884
28482
19449
15218
14662
21771
33231
21407
19945
20208
18989
23043
15483
34902
18731
23770
14133
18371
20283
18694
26202
17398
15815
22260
24791
20171
18057
20725
18624
41883
26825
24122
30462
27600
34947
33643
26120
19870
19481
24537
23564
15056
15297
14563
20093
25953
28067
32848
18458
21034
19946
22629
18115
12182
22195
25199
17053
27980
17550
22545
16547
16662
19359
27754
17247
23613
38942
27146
23991
35211
17607
34473
22801
32825
32340
19259
27037
21548
17939
22500
25618
13462
17989
39424
16349
20334
9598
35833
18316
32583
15930
23816
21414
14396
23780
38151
34487
36800
20279
30284
32620
21035
19605
19645
12353
16729
26181
34229
24221
14577
18847
18428
29916
18692
19325
29877
30772
17697
31580
14498
27445
24951
42159
11847
26287
18805
23150
27255
20308
21610
22276
25143
14745
32833
19676
20878
25389
47108
31770
38382
20063
31895
17647
30987
25547
30046
24015
23139
27465
34138
19535
21729
36346
21555
9793
32368
43331
17032
21283
21294
17940
30583
31107
20341
20719
32328
27779
31087
17593
11435
13398
21455
15189
27721
18712
14397
31121
30503
17232
21203
12244
21969
22552
25805
18074
21278
19548
24849
31018
17091
20770
42752
47129
30042
19394
42991
22939
23230
41211
23916
22214
17220
24458
31154
27287
24580
32557
22264
23433
21820
15525
24561
17345
23530
12123
22035
29577
20796
18251
28308
17133
31090
51242
61189
21224
18595
21539
22182
32790
56403
57245
16714
27479
14632
27893
11994
23813
45850
57698
26553
37513
25248
16123
33706
26219
28740
16576
20047
31911
26678
25960
27275
23501
28287
18362
33508
26818
26509
29529
14517
28846
30139
26907
24290
25740
79937
37607
44611
59681
28728
23543
27236
22798
21902
30510
22715
35528
29664
26004
21557
40145
17200
19672
22048
22332
16362
24139
38993
50763
27308
25997
16860
22035
28126
46476
27913
19383
19712
30541
21405
11775
30929
21977
60796
36662
19950
37946
31827
17252
27508
27209
23410
27623
22119
21054
20982
23147
25937
18797
23785
10502
9248
17736
13511
22719
18851
34503
22487
38496
13509
29381
27074
30260
21483
22353
18923
30415
41794
55014
27051
23210
25997
38583
21610
21513
18669
39713
32707
20679
22193
20098
21032
31558
18342
22015
13582
29577
28643
22603
21407
17739
18259
19380
25714
41783
21100
23330
29436
25358
14640
27416
18298
10109
16659
19085
19893
26302
25686
21560
16858
19806
14919
22026
25211
20413
28374
14690
27219
36563
29026
26440
22845
17077
21674
29513
29602
18523
27560
31153
30185
29157
21956
21465
17458
30039
19776
13548
24823
24201
23163
20697
13532
19727
20140
29774
23409
14354
19684
24764
19608
24323
27960
45623
20931
27653
36011
51387
19508
29005
28955
15557
17186
24710
24670
22600
23989
12699
18199
19737
15215
26684
43076
11920
24659
14306
28172
19253
24804
44911
29681
22174
27066
16387
22466
38435
51957
22547
13611
16687
13563
23205
17569
22152
38811
19895
25143
32135
17870
15485
21016
49004
14232
21018
18910
30313
19048
21068
22017
25018
18936
13429
27287
19694
21330
13804
43041
19287
35635
10253
31657
17678
37686
40670
54976
22413
18057
19689
31364
27046
15097
25954
18922
15529
18858
17686
37491
21689
18934
17167
28077
32479
23017
32408
21656
18679
13704
11818
20231
18669
25939
18680
23518
47048
35763
23210
24664
32236
23688
37189
21076
18640
20136
23861
17674
18404
26921
22226
13049
22582
15595
30231
20764
16421
21307
44228
18690
16737
17278
28426
26886
23624
24190
23190
42164
20144
23098
37872
23946
22879
24725
23265
19251
25913
29525
30500
23681
36573
29694
31394
27549
28691
27235
22098
20411
34168
28055
17005
21090
24155
40752
6630
25261
17737
13058
11278
39292
36013
15017
19355
17520
25330
13945
27849
26842
22728
19531
25874
17330
43550
63044
31576
35578
32561
12890
26154
17136
39230
10898
22160
24334
30040
22798
31096
31938
19495
36233
17106
25004
21655
23466
19225
16935
37730
32112
22419
14712
14172
14796
18054
20069
27259
22636
13424
26749
34370
24763
25432
39557
26308
31381
32511
18189
28020
18708
18706
16933
10179
38319
27622
24074
44447
22684
29604
34208
19423
33225
12495
15631
16739
21110
24709
21716
35343
45776
32782
16653
33166
29606
29396
26430
21402
33458
44918
19128
26105
20521
22640
30167
27508
30660
18292
13392
23201
26639
26065
16085
13308
16351
24503
41309
26865
15137
18582
27209
35436
22112
36807
21668
43925
21004
21098
20602
19064
24583
17846
35385
21730
28720
33491
14424
15131
22597
20819
34202
21146
17346
16633
32270
18052
13916
22455
19734
14648
19828
14610
18115
21388
29556
25139
25723
34608
26877
28186
25360
42707
21247
23708
22040
9351
17630
33062
26295
38996
27874
24668
23847
18688
33814
32809
17241
22187
29848
23923
25369
22599
17234
18679
23358
25451
15178
16500
35868
38459
18704
28118
34019
21393
19045
27729
27874
31914
22448
24608
21724
17492
32222
30941
15052
19577
30139
12408
19919
17932
21084
37617
27674
27060
24355
18502
20666
16043
17147
23612
21503
45855
51958
21950
17218
22021
19815
16843
26320
17522
20222
32114
14011
11440
25392
19511
14442
14383
10654
20369
29117
21875
17929
21276
38019
10266
19923
29234
13934
22316
29024
15922
21355
25985
20566
19346
17633
35514
17007
15659
28152
13397
22448
26567
21317
22450
12154
28577
16405
23360
41792
61977
30336
13853
22682
19143
30025
16188
29814
25569
37502
15696
16961
14140
31932
23752
14547
21958
28838
19976
27522
22863
43418
21393
26531
21772
18177
25856
20685
25077
30790
46659
19615
13512
13204
14821
46147
35336
12786
26680
11564
19914
34657
24632
22930
22437
12718
31190
22091
17736
22654
20397
14956
22608
18797
14337
24402
24505
34685
23122
27948
57723
24531
31510
25139
18691
37966
21066
23884
18923
12058
24390
10645
19655
26559
20067
18804
20857
18563
28918
29766
21833
22063
25507
42727
34145
17270
38619
19914
21165
32799
37655
27625
11810
28361
31448
17751
18685
23994
13838
30259
26010
16698
9312
27557
18465
22799
25439
25934
38816
26322
23307
19917
20262
31837
15669
17550
46976
37923
22153
18562
27741
17695
22930
19933
22926
25609
12713
38434
30324
13395
27517
25748
30086
15389
18658
31319
23930
22233
20815
12473
26064
20997
23155
35920
60137
16535
18927
19256
24945
11141
18925
24775
16598
20961
19410
16674
18192
18597
29346
13929
27479
23040
34908
71250
31358
35384
25182
56591
27779
21549
28078
13330
27725
16692
18779
17791
20086
16835
22824
29803
47165
28210
38806
33262
58060
21080
20599
14962
15027
22202
32747
11190
25797
23089
31429
23138
18020
19546
19587
26553
21810
16615
26897
24785
25340
9443
24832
27797
12895
30653
18125
15785
19529
19386
25571
43599
30123
25010
23708
31124
34488
24194
16383
22921
16928
30487
22166
22964
20529
16285
29004
20405
21495
19640
12713
15072
40090
20239
18321
35872
18607
14875
22122
12111
25038
21009
20942
25952
14983
21148
30115
22689
22721
22404
23027
19564
19886
18624
36571
21538
15497
17221
22676
16051
34118
45137
18981
26388
24130
34672
18195
15641
25342
22943
24323
44677
21122
32053
22083
21145
22462
17834
17530
17981
18913
18090
20347
15449
18178
20553
34532
17312
35924
33404
47937
33778
22359
13829
24925
20926
32609
21141
25970
21546
26096
25355
16689
40802
38590
26842
37943
16835
17185
64552
68782
18648
17242
23311
23000
17028
25234
25351
18308
22210
27639
28261
19718
20317
24201
21702
10940
35744
22385
27074
41117
21983
25798
18528
26611
24430
15221
13329
31575
20767
24695
36241
40292
16748
28696
23712
28709
51556
22116
46701
48903
45551
24034
22506
15537
18296
24675
54038
27186
55609
60455
23875
21424
31114
46851
28101
46384
21899
24312
24079
20785
14907
20995
34823
11188
25386
47977
20388
18605
21000
18164
27135
23424
19820
24213
12803
16501
22443
22028
26416
33330
31287
32379
15149
26509
18859
25416
26928
25678
21998
26135
34415
23074
19308
17154
36012
18027
17195
30596
21642
15340
32273
16792
23836
20410
14805
23021
26704
39329
23648
22084
23995
11888
24881
27791
28579
27038
45289
43490
16543
14407
20812
10585
23792
24149
14617
27222
16718
18423
21816
27446
35738
16479
12191
15717
18660
25511
18808
18526
24596
35314
38993
23091
28343
21052
44157
12081
17323
26442
20808
23878
12097
18612
24001
35522
30283
22034
18350
21566
19458
16654
18136
16707
20496
19816
19165
43566
41259
15959
21124
19433
23635
19728
18978
21405
20104
22875
26223
24490
18604
20118
28068
38445
17831
25801
11945
10549
24324
20835
11116
17502
30041
42525
24606
24288
30360
23143
18915
10830
17014
21587
21615
26841
27778
20437
21228
32231
18276
19500
22031
16934
19541
31205
45031
82863
27344
21235
28626
31359
16633
34888
31454
32750
17039
45971
31842
51315
23205
16091
21497
29910
18183
22883
41312
63701
24009
20448
25544
34660
27549
12695
19218
14018
13537
22153
25579
16751
24470
21008
22734
23285
10265
19713
15791
47285
31294
40644
32074
28195
16296
23057
23465
24211
22220
42578
55487
39791
17119
23231
12767
22915
22026
17856
17396
39974
22010
32441
19207
28108
35646
53982
43212
14404
18536
19913
29498
20961
16805
20083
22033
32970
27406
40508
13971
18237
22372
25805
22966
32291
30548
21821
30959
22726
23302
22183
26050
10736
22917
42674
35764
16395
28722
32795
13384
20226
26522
20407
26111
26550
13359
29884
15682
23088
40933
41367
15016
23862
14600
29764
26552
26804
19037
9168
24948
17294
20907
19430
22195
25294
27263
14324
24242
41778
18800
21900
18018
15068
22273
17563
30821
19573
25592
14497
39344
19889
17573
23591
13607
38437
16550
25575
23928
29705
29359
50621
20922
24568
20201
23657
17989
26843
23618
20680
18598
31164
16347
26960
17633
14901
18620
20175
17239
16762
19013
23395
19238
23080
19217
12117
15530
26486
17164
18486
50980
18007
29152
13945
17918
19377
27061
59899
69079
31578
51351
18237
15257
17013
21843
31107
22689
34982
35630
23531
21835
20850
19138
15232
26065
41821
16124
20858
21609
17594
20013
27510
19681
47580
44061
16086
24747
35621
26206
13891
37382
35723
24119
26988
30430
26922
24386
18437
18351
21682
26104
17717
23979
32885
20184
48543
39169
19283
49064
21121
21782
15337
30886
18936
40112
58626
21041
33616
30836
22497
15741
10892
12947
34742
15490
17520
22269
22159
17013
21624
20309
30316
19254
19212
20388
30482
44631
26105
18274
25009
13524
15809
22313
36767
48551
73257
84743
19201
13323
37658
16515
15467
21613
35898
71321
24913
22851
32826
33697
46073
35783
13674
25442
21173
26998
18556
28259
25367
42670
15992
52307
28429
31773
28629
14180
17523
19352
19057
20712
19552
37955
9918
18787
22358
19592
21534
24802
20332
16776
19501
51643
73584
20151
19095
25672
49458
12738
13689
18960
39971
20443
16893
18464
13431
23851
32737
31414
14329
21190
13819
25709
13961
27275
45417
61376
62594
23142
18586
32160
23373
22842
30270
23165
35307
54683
22735
57325
19676
32513
15877
14690
26321
21240
23912
18739
14430
15682
29311
32279
12437
26251
17624
11971
17247
19445
19620
23176
23016
19005
18906
21569
34770
21972
24376
20341
10557
17012
34466
29668
23503
19657
28152
27399
11966
33763
13922
19150
12532
26534
18332
25414
31770
13553
24209
33670
26360
19650
14398
15047
23297
9474
20834
19722
20209
24263
42149
31381
18098
17972
14920
18323
31546
29389
20603
19628
15916
26849
22746
17371
12846
19429
12448
22729
41915
23871
29417
39773
21447
28798
30602
20018
17343
13532
16189
21674
15124
15985
18960
23415
22848
25361
27274
20994
19581
28400
53235
16394
28421
21068
19414
24764
23933
14780
37301
52123
53123
63915
19482
15258
14696
28762
20754
34609
31334
22736
19140
21469
27949
15804
18492
13011
21283
23055
50687
24640
29092
21132
30784
24857
35405
25566
29663
13112
26810
15088
27987
36565
24278
13259
20771
23175
20685
22935
25057
45174
11527
34744
18414
17440
27191
22032
13476
29841
30541
21770
34518
21511
26456
15359
60974
30302
17973
30756
51560
22046
15298
17432
25564
25325
13998
12544
17011
15705
13236
23147
23255
26137
11854
24271
20627
27011
31163
19951
30386
19909
12453
12963
18142
23297
50709
20605
38615
11398
32013
37365
10604
26335
9893
19343
30142
21492
14546
21940
50024
27754
29105
28627
19556
15439
47269
22950
47158
66477
31947
25892
17868
19861
31118
14667
22124
14619
14215
9925
36672
19808
11205
19024
13725
25115
24850
18437
19915
15920
20081
17519
18932
46012
31553
68512
22239
16472
20111
16617
23319
18995
36830
52160
34817
23142
9764
18852
19375
16642
24400
36204
28557
27740
18452
33165
20885
27830
40071
69029
46530
57123
24453
19263
16827
26047
17797
29316
14638
17954
16952
30474
48478
35235
27329
51751
20078
28994
17488
21619
13839
18380
38281
16338
17529
29651
22661
22447
22913
20865
40235
20754
21356
25502
16205
18085
30026
26613
17709
39832
21914
27948
20970
45566
48826
20927
27281
25251
14766
11987
34496
36206
47779
9561
19750
21772
36989
37845
22467
20145
24028
24790
40020
55424
57952
23376
27432
27634
17505
22353
18071
18834
20329
20605
39635
36751
17596
30284
16731
21016
30842
15456
23637
33936
52037
25524
19497
26463
18942
18244
23333
25538
15265
19209
35041
25397
37520
21288
22154
16430
28409
19352
17595
54581
53120
25208
20458
19818
22674
47134
20266
19521
18201
15865
11687
33103
22563
17070
30836
21786
21688
35395
22452
20882
29154
32488
32402
29309
27565
27992
15373
20270
19384
23942
23125
37714
26236
30302
22112
12723
17472
20480
24592
22807
27914
30576
22865
16804
20050
18071
23695
15163
10911
17470
23210
20151
32150
22213
42722
62382
23343
18083
21361
35698
52719
24454
19954
26232
32910
17091
23300
22531
19990
21455
23395
22802
41411
22224
31955
25563
27080
25963
43317
24407
20843
46676
17445
27215
24186
19326
16721
22429
27282
27387
19567
30864
80590
27153
44452
40620
16792
19633
30573
18841
32006
23545
26169
16391
23857
12239
24603
19539
11833
28213
22834
25943
40861
50418
26740
24229
20306
22789
35219
28799
21932
20138
15440
21649
36582
18729
30878
48303
34338
23955
39487
23268
14332
17186
19176
48530
18420
74508
47561
23479
22813
32862
18315
29228
15724
24637
25625
23043
10057
26814
37392
20001
18976
22217
16748
26804
18471
20903
16362
16145
28881
45094
25314
23168
25986
22170
18690
27526
20146
22284
18734
36958
15472
16664
29824
34906
20603
23881
36895
13071
11914
20901
39994
21519
17989
26273
20361
31612
22885
27654
23310
17796
22596
18838
33063
15787
28031
45113
24396
19869
22813
19055
22054
22063
16798
19549
35975
19752
20986
25107
32545
13958
16840
24288
17214
18795
21803
38208
23255
15033
41097
35743
23713
25899
44443
16463
31539
27130
27222
31313
23226
29400
13046
20475
26307
18400
22090
20710
21263
28537
26952
21504
19376
21932
36415
27033
15276
28160
20355
18177
23570
21013
13065
22284
30615
43942
38602
33697
25022
23500
24637
10514
19980
21262
14297
22685
16587
21048
19079
18521
11386
18594
24390
17779
14270
51117
26343
23023
30340
49324
21726
18801
21806
27687
34578
12973
34015
17068
10876
17075
20691
21058
28246
39020
63262
19551
23864
13618
17787
22268
37581
31416
14693
19795
25620
20638
28224
23308
28272
23173
15107
22541
23367
33857
33357
16933
18073
21830
28829
16475
14256
28114
21165
19804
10157
24059
27211
21762
34122
20847
19834
61486
15227
14802
13911
27703
23619
36300
26141
28956
20259
23733
23315
19540
24956
23369
15244
16192
21912
12854
17624
19668
10894
40354
20007
24153
21440
10587
12854
31343
38981
42727
21997
44063
21494
23300
22541
16528
23243
13268
33590
14353
20895
24979
24676
24444
23305
19540
27231
23910
24472
21657
21082
19230
18621
12657
24952
31988
47832
22725
20296
28902
40199
22363
36582
22974
31271
14360
17009
30158
38598
17944
26329
22314
41335
18955
19086
18202
20656
30342
19226
20244
18340
19560
12411
29446
26656
33924
14041
19371
25383
16096
20624
22003
24052
24346
14399
34681
22623
20092
55425
20001
10174
35440
16445
22788
24733
21835
23549
60139
21928
16072
25496
27712
15461
16230
44027
20894
29337
22318
48512
30497
19874
14756
19635
38505
29031
15643
9821
25871
19297
20451
22186
25880
32540
32267
14940
21032
23742
35483
16221
24770
16275
17597
27023
20623
25245
43225
17029
57723
44641
27137
26849
16262
19326
23696
18661
36763
18823
23167
12666
18918
26999
32496
20014
9890
10975
34830
12134
24912
9800
15314
24300
13134
16993
20657
22925
17205
21900
19367
22366
31545
21993
21274
23262
19197
16379
22670
17709
21250
25127
17572
20293
17389
19960
35737
25601
24561
17351
18544
28847
12778
21205
24490
27313
27436
21851
46150
28254
32555
43435
33605
34918
42291
54387
73581
12620
23567
18962
15757
18974
18235
30974
23212
22507
18784
28848
36357
29324
16543
12235
28568
28447
16360
18522
17727
27467
27372
20020
26319
13018
18389
36530
15377
19963
27632
29117
19259
14462
12983
15933
20873
17104
23318
15978
16386
54496
24532
21485
21252
21018
11255
30908
22722
31686
31351
18814
21348
12728
23663
19183
20291
20283
24775
36372
15846
33139
25014
37227
17007
25864
22950
33624
20401
26140
15945
22946
21448
28510
32643
25606
26447
27141
34976
14649
12011
28744
21137
23237
15826
23496
43382
13343
22527
18393
18502
27151
37883
18014
18423
40580
21949
32525
30760
24136
22368
18763
19130
33622
29290
19096
42236
17331
17495
11767
22569
39414
18650
20316
23487
22888
15237
32719
20494
21039
26402
29442
9774
14358
26530
20274
19425
23971
27902
48112
17928
24154
44537
17009
24833
21025
16868
21176
32750
21536
13606
13279
23782
20672
19582
23813
31441
32857
51781
15005
21297
17027
14837
26959
45965
17268
25897
17583
26183
16099
21346
14042
21645
29821
14552
29987
26879
30805
48592
28980
45623
52290
16759
15914
15602
36463
10299
18562
31267
17109
24894
17026
20626
17033
18341
31171
40972
23780
41202
34872
39838
31502
54612
18012
24731
17923
37706
31106
20033
26660
23028
23728
21937
30465
47884
21509
24504
27860
20193
28639
26022
22647
15926
15025
13595
28757
31984
26407
23690
12254
18066
33460
19692
33528
50791
20586
17901
40970
23365
18921
25904
18777
27495
45719
60678
25133
23197
10629
21068
12878
24459
25673
18747
17909
36173
21723
38110
14165
17386
18362
22045
22345
14973
15867
19549
35927
19182
22913
26413
18767
37571
23073
25733
16796
20898
21956
21837
33125
31084
20739
15754
34402
18797
20366
14642
18740
25914
35464
8924
13534
23453
18055
18684
21879
23617
23207
29593
22555
19584
23751
23686
25515
27202
20823
14544
18470
40348
33433
88688
95023
15858
22125
26170
19978
20430
24048
26725
17841
30443
50776
24918
24830
24140
23087
26309
16536
15147
27330
15353
30652
31918
11933
18180
22051
19767
13693
23917
17215
23794
31771
21865
21145
20318
17705
20531
20573
13591
12450
32298
22716
41411
14960
20471
38514
17562
25878
17066
15556
24288
16277
37500
22563
12227
24644
17886
34617
18609
18480
15973
31663
20690
37775
25870
28165
20719
52519
25526
16643
25117
20465
31062
28680
19669
29710
14601
37153
18922
17349
21284
25100
61669
19230
24891
18046
20823
27001
35141
38811
43083
29663
19097
31405
42192
22203
17117
17457
22675
36970
60119
15647
30606
20155
18357
16986
12740
31814
21249
15221
22118
20292
12929
29885
23237
22977
17245
10625
17297
31558
17790
17719
29568
18692
16481
26575
32865
18322
16077
23542
19644
54998
38505
19821
15753
36968
15156
16319
22395
25679
24818
19633
17480
17983
19394
34715
29578
18840
22762
16168
15309
41268
21851
33302
48639
19131
30203
22802
14688
24703
23904
23679
59248
23352
14985
17345
20310
21954
30545
14908
37662
18377
21741
14298
27310
18806
20945
19832
13732
17383
15935
24495
19665
40481
17254
13294
26308
22062
22403
34052
18926
21128
11253
21726
28205
21266
16664
18688
27320
20856
15983
54637
18180
21435
21321
26046
13181
16191
19738
53469
21980
32237
19742
42424
64340
19554
15146
26421
19931
32439
26006
11287
11551
23085
24546
25015
34932
20749
25087
22118
24904
19646
23990
20022
22295
53600
22648
28034
17304
21637
15277
27887
29208
17251
23210
23505
26783
22841
17341
30299
20120
16035
29207
11988
15852
23113
25976
53058
50868
35546
67536
26708
29032
26272
18293
23567
22723
20393
12804
23025
22388
22390
21326
15602
20018
45529
18951
20246
34005
47618
74080
21022
21454
28327
18888
20000
18084
21527
36830
13449
26468
15942
18595
21327
32494
21520
14632
9345
23228
23737
15813
23051
10635
31853
44524
34433
30795
18406
27299
28241
20751
13332
23962
42566
18835
29311
25612
22633
20221
36498
20370
72017
80615
32547
21066
38983
17847
11933
23455
24462
39386
19380
19499
22813
31513
40669
23975
21797
17439
12861
10850
28562
27652
22041
36643
38577
11702
26048
20914
29422
20672
29266
16345
21262
17099
39879
19659
14519
13542
12461
19049
18317
22099
21761
15967
14423
23852
17634
33250
50415
14817
37291
24992
31401
33631
30850
19083
22506
40411
17573
66618
84555
16058
21904
20799
41611
23698
24338
22700
28197
15366
27381
23821
14109
17926
24505
13737
13625
32911
20281
29046
17630
16209
12297
26099
49084
40817
23023
18701
16997
18408
32460
43620
19197
26563
27431
19993
11910
22307
31098
11986
19240
15807
25150
44941
19248
25496
23119
15057
29433
18360
21430
20059
16039
20286
17008
15619
19977
27133
22495
35833
30268
14635
23257
31990
41672
19132
30438
16797
18241
21769
20886
21218
16869
22429
21294
14297
18302
18209
24456
14115
16482
18279
29911
26840
12132
28701
21993
14121
20150
23501
31409
31262
30069
12977
19315
23783
23935
24507
19382
16024
18063
14978
26507
25006
18289
30849
25482
21088
19710
20164
31469
22614
21322
24777
25989
25312
22427
22926
22677
17746
28935
19070
37803
20531
18684
21969
15847
13424
23451
42847
35818
47763
37846
21226
16553
19516
26883
14986
21839
16207
10620
31078
29000
20038
39166
20612
33630
26255
24154
23046
36922
16026
20285
28713
16679
30701
43164
64858
37026
14246
26273
26111
11802
17344
11652
29775
41635
52016
22460
49979
18165
23021
21008
26477
30414
28002
31934
10508
23969
18527
34343
23729
21957
22104
17171
25355
26570
41733
22512
28947
33757
35572
11751
14275
28641
13332
18701
10017
18539
19853
28655
15268
20904
17115
24276
19775
24150
24923
15130
28085
20905
22013
23821
21138
16991
42545
22062
25707
19889
25415
28163
18868
13914
15961
17418
30892
12442
19392
32225
21665
21606
26538
14218
17622
17035
32995
12327
19079
30706
18123
15912
20629
16010
34013
26989
28958
14040
11266
18037
30965
29030
15154
10112
23885
26196
18700
24122
21631
16626
27843
22477
16646
18146
18796
22002
27942
16163
26056
25461
18725
29280
15743
20945
21348
28865
18873
29976
28176
23140
27821
34919
23360
30064
20112
18118
32748
23452
21830
31145
30286
32353
29375
21842
18093
21105
22200
27491
30571
26173
38097
37705
18004
22750
20266
23592
18724
30654
17465
22191
46849
20988
25556
21432
17826
23500
20044
19629
17902
24063
34225
22335
25873
25145
18080
21352
34141
28740
20268
24923
21127
25004
25962
22471
10706
31211
33855
23179
21258
18776
21270
17216
18270
19686
26091
25539
37008
17535
17038
29484
10512
17471
21418
24716
30556
16158
36308
17647
19099
15687
20257
24350
25310
15971
19728
19812
36829
43275
42861
29844
12751
21508
19558
16475
19261
13072
23036
18139
33179
52685
17037
25338
21950
40312
32321
26206
36848
20712
21258
25606
27316
31302
42208
26543
38702
26768
29147
39432
30246
25485
12061
17134
13746
60410
59231
67734
70364
28619
16239
28738
30459
16279
26096
11656
21786
33190
23111
21865
17669
35572
14996
32267
18490
22053
16698
21286
24231
38124
20532
22309
15852
21979
25343
38042
35799
16287
34140
27721
37666
20941
39029
42592
52514
34033
48142
17725
33564
27140
29816
50400
74906
27257
22326
22662
33454
25430
16850
22624
41140
20092
15057
18151
27833
20180
13929
26423
21699
34264
18732
29149
37942
17090
18482
20068
38368
29244
26900
30507
19974
38161
20821
17827
35854
20928
19378
18281
25552
24609
28944
20304
31197
21714
24697
24467
14616
22714
36979
27882
15967
27121
27480
29420
27365
25982
22997
25279
31714
13663
19162
34626
34472
23811
12512
29137
55447
72753
27513
20751
22726
26719
21309
43598
19347
28942
16984
11467
19921
40480
16190
21803
37759
13615
21605
13397
22157
39811
20835
23922
23578
18281
24236
24407
13652
23743
30058
25813
20812
21256
20823
20168
32587
14534
14240
19687
24338
19398
25666
20254
18798
11298
24034
17286
33551
29216
38411
29682
13904
22471
22379
24653
32108
14059
27149
18258
21937
16259
28595
24682
33055
42216
25312
41306
41949
21037
30929
18034
20971
18265
25816
20248
19137
12649
22401
27502
22457
31784
34944
23541
15770
19001
26805
41031
17635
8714
23107
24601
22671
47822
24767
22304
33860
30358
19805
20113
13645
25113
32342
24878
34236
22475
19023
25646
26684
21750
19408
18835
23225
16350
19017
24768
19133
14729
22876
18956
20147
23015
14861
35816
25666
36926
22376
21552
16955
24254
31169
23424
40676
13224
27486
14625
18960
14086
18666
23494
27186
23843
26969
47289
33795
18597
19595
18209
41451
36200
11534
22928
18906
31963
18077
21315
26963
15259
20575
28452
20896
25933
23836
22602
21372
19376
21346
14317
40698
17456
30339
15563
20932
17975
43272
24762
55916
36721
33031
19934
19039
19534
21816
27723
29876
21775
16423
15315
32443
19244
42189
10057
20130
28235
15012
21544
14733
23260
21346
21650
24447
22875
21780
36075
18173
17771
37502
42512
22165
15385
26279
21502
37358
14051
19871
23166
26342
19058
33846
20957
29642
24101
13546
19254
17954
21683
10654
24564
29756
25108
34404
44323
18332
27249
64453
23031
23369
18676
18846
22839
11266
28017
26807
21643
12281
19891
29264
34122
19880
22955
12828
12746
26431
39092
9080
25496
19388
24284
19091
22312
22880
18861
16745
22268
30690
33774
17750
13139
22593
20688
27897
23584
15545
31897
23569
21585
51293
27662
21612
27288
27342
17471
25220
17731
18514
26230
22290
23428
16475
36588
18337
13965
27554
30889
20032
29181
25323
42479
25724
26331
20443
25164
17489
27177
23231
28835
21631
18198
39119
32829
10655
33317
9664
16791
19980
30328
31937
23892
26246
24042
13987
34163
19523
15441
34316
21952
23643
33191
25640
43588
18559
17145
20596
24875
26070
44556
70680
23883
12969
26486
32014
20023
49657
64266
21307
24309
14248
27777
22201
40155
25689
27073
28728
18601
23246
24514
25702
19521
14697
18736
23133
24568
22789
19430
41339
15495
37109
20124
17203
17737
17388
27001
61318
30411
21445
24048
27130
16268
19152
13526
30099
16930
18380
35130
32696
10905
17692
13295
14761
19878
23210
19328
24240
20290
26264
22094
24757
23143
16284
36344
57097
19272
21105
21870
35247
20453
21564
27218
20105
19157
17440
40887
32985
25178
24422
15853
32387
26330
18624
25771
25182
23641
31090
28452
29682
20619
30020
32327
24503
27784
20538
12538
23123
14195
26867
49570
36345
15921
29494
33901
24632
15920
19850
20627
22178
32573
22066
16127
16860
18862
37890
10263
11513
27324
23601
20711
20637
9945
37292
37280
9956
23668
21852
12841
29779
22360
20656
36074
40866
21949
26109
41832
46466
23677
19408
18433
21998
11875
15035
27526
26144
37270
16844
37932
37942
21042
23822
13964
16479
13255
18777
20568
18306
19372
183849
41259
36221
39481
22342
19602
17558
22759
22583
28618
18264
38254
38832
40550
35557
248139
211052
44174
14718
17917
28687
19352
31414
40741
36219
17280
23233
22991
24619
17059
21424
25869
19992
22832
24160
17832
33136
20126
12155
27335
32320
17992
20826
26490
19692
20335
21058
28717
15142
29672
19365
23193
40566
23680
13642
37324
28686
51981
25321
14014
29517
25576
21774
21666
31277
20225
31918
13613
21513
19486
26166
11351
13843
16907
24075
20578
17239
23815
45402
21371
27016
32131
21588
30718
26097
23447
24068
15620
15090
16976
22043
27652
21088
22404
34544
31823
20342
20718
23933
21471
16486
16702
32707
22098
25251
48520
26334
28404
25535
21182
22140
27073
13831
25667
18177
21307
18821
19680
11994
21113
30835
24582
22470
25503
36186
22719
16174
24139
20375
20208
20017
13135
17876
23814
25258
41556
66647
45458
19378
17333
26157
40073
27287
25984
19129
34527
20080
18534
13471
23708
25242
48320
17171
27880
23093
29104
19453
18879
22097
17169
29721
14473
16267
9433
39524
12656
33947
23762
18025
19918
15284
20520
19787
15841
25991
14320
24463
19475
23901
32785
30626
11957
15039
30253
26462
33433
27854
19191
20256
18877
35203
17376
30084
16124
20456
10982
17546
34303
37945
18142
19415
28168
11422
33833
25464
16746
38171
24333
29386
19459
18020
16087
21410
24114
11403
25177
13181
20583
35358
13746
17764
26470
14009
30352
19101
27724
16294
13237
23477
21130
24563
19419
36987
30188
20415
25673
21570
27503
25846
37589
38207
37881
36708
19743
22691
23749
22011
18283
13482
18395
32375
30150
43079
20335
17397
18589
43805
17411
24344
18672
18427
21584
23672
16767
14376
20141
32442
20075
21280
14697
44763
25714
33493
14189
12135
16907
28658
13062
40773
22687
44794
22868
18980
40086
13800
25874
26427
21067
17597
36891
29808
16075
22288
14156
23053
20210
26032
20506
18292
31233
49401
27565
37199
37437
35903
40131
21195
25749
35311
16708
24570
31977
18558
18942
18752
33045
30295
51740
18393
15564
28652
13679
19056
26407
21717
31639
23254
42795
19824
14579
22975
21235
15759
35455
38375
26879
42055
16969
18312
30637
27103
21881
27436
18276
18344
16684
31471
29273
14974
34658
10051
29210
46407
19735
31234
20043
22303
32556
34801
15509
34072
28422
26744
22024
20248
25198
35570
15310
17557
17475
21551
11058
34083
43490
23720
21513
36949
36955
20008
22089
30370
35098
27973
16595
15341
17337
21218
16139
20950
32218
31654
17110
19941
24482
29096
21276
22157
22438
17272
16669
22412
18662
17072
20872
17210
26654
31837
30780
18884
25394
14438
22662
31708
17330
23309
26864
30582
36656
14218
33110
20602
29615
27760
24832
28615
17449
20478
38385
19242
15490
31917
28253
25291
21456
17480
21067
22415
16713
17717
18430
26782
9983
11914
26970
23178
18136
18408
14191
14435
23339
30539
18922
43493
16210
12084
17529
17268
20945
51232
21285
18934
20480
25595
22429
22196
14008
41839
23613
20155
28464
23636
22911
24406
14290
45967
21447
15740
23142
31266
16964
22068
41967
19405
19481
20472
17603
17934
23004
29572
24332
31804
29591
31904
27450
23995
11912
18445
26110
24522
16149
24700
20245
14585
25320
16772
17925
22074
16736
18028
32429
22643
43223
30854
17610
26401
11125
34766
16766
37785
20892
31672
23769
33978
11253
24042
13099
28759
17377
22955
22927
20200
19202
38465
21643
22535
16378
22019
18096
45433
40614
18394
17056
15868
18494
17271
20569
18608
16416
15326
16576
19060
30635
20197
25404
24086
22035
21439
21750
19012
15067
21495
28314
41240
28061
29473
31536
23234
18209
18723
26537
27960
15996
36053
47011
23092
16862
25525
21953
23576
44860
22657
10156
15482
21142
19075
26918
47237
22043
25972
15142
20107
20745
31279
18844
30730
36716
18374
22637
57754
50708
19650
22608
18662
16825
27838
22751
9872
14838
38722
29385
25524
30629
25881
10321
23614
20864
26955
22349
39855
28062
57807
43483
54977
22352
32427
15450
22746
30211
23591
17034
26222
28101
14204
30372
28931
23903
36808
36861
61597
14267
22068
23934
21840
19556
15327
21544
24646
16355
23765
9604
22926
23049
15798
25680
25084
31029
42348
55158
17611
20765
17519
21497
21330
18222
21026
18063
25707
15235
16038
25762
42059
17296
25175
23823
23367
17424
17738
26030
28470
27768
22282
29040
19282
16372
27057
34651
23644
27348
19461
29450
12728
13363
33265
30981
30930
15171
26779
26180
18936
19198
25860
22187
41521
25586
19421
18348
17611
25315
19985
21302
19284
25564
20259
25345
21838
13060
28171
19450
19517
13114
15591
16924
24620
20430
21336
17989
29119
20017
22355
20406
21071
24597
32061
50207
21000
33978
20278
25734
22872
23914
42320
77325
23225
36641
27858
22968
13730
22272
22587
29869
32401
41374
13779
21960
25667
29159
31707
10663
19609
36217
20230
37262
14918
25662
25233
40307
18103
20413
26288
17337
19934
19829
29946
17650
26307
12997
24075
22140
37509
39330
11153
24791
15900
29256
32653
21219
17543
13187
31096
31922
19170
14998
44688
47169
20777
11976
19189
24223
30627
54835
13270
14668
28373
15960
12925
31301
21347
67769
95841
23731
29606
15532
16469
9683
15286
16398
17546
34616
19800
24791
25036
30382
8473
8816
34228
13524
18707
13756
23330
30731
14749
19621
47354
10025
27680
16497
20651
22536
29156
21836
15205
19505
23578
21357
29827
43315
20771
15156
19896
16218
22642
10375
16394
46902
30469
46208
22276
25247
26544
16678
28336
19802
45603
26518
18779
17704
18457
16542
15359
32959
20095
24052
24144
35088
37665
26386
36477
18394
22218
26400
32385
19597
39341
23171
27487
12638
16287
29324
20401
34547
14134
18077
18320
21043
23126
37332
16297
19586
37390
20523
17665
17141
20839
23209
31746
29368
13963
24361
17101
18332
28263
40465
27042
29266
15638
17299
26008
25910
18006
24472
13027
28557
11530
19502
18824
17468
29039
26675
39658
27527
22935
20308
15628
31059
23167
31730
24551
12504
23877
16726
18111
11996
18904
29409
26561
24675
45400
23313
22470
25198
18548
25574
30565
17863
29801
24227
13237
18650
7878
21390
29191
26118
32773
19702
24077
19958
27982
27557
13303
34840
55380
17228
22053
13219
12411
12385
36045
21558
18923
26383
16169
29742
18804
28111
18588
26794
25704
22292
24555
32207
43297
64511
35553
21349
16881
18901
11165
25616
26334
19387
31367
17184
21706
18188
33151
24776
24281
23942
14936
22789
23348
29613
21792
30586
26337
26199
42597
16372
20375
24187
33394
19007
13130
15778
25464
12930
20333
19419
20241
15954
17478
15733
31980
13950
19909
20558
21436
24025
26645
23683
22188
14718
18011
16149
30778
70310
13489
10144
21947
19273
22894
23892
34112
43193
12940
20189
20174
17853
14346
47592
19698
24014
19567
30323
41230
17324
20347
19417
24712
35571
12201
47003
34727
17571
10840
20294
28321
61347
26773
15018
19474
17643
36495
12910
26071
40054
17434
58470
11713
31963
42519
10426
22462
21138
22467
23375
23506
18930
15608
16816
34538
20013
19883
19768
26511
27797
43066
56250
18578
23476
32611
13395
13321
24225
43894
21577
19085
31733
26431
19275
15544
16436
21602
32092
24008
26611
21864
21215
18206
28732
32291
35814
20579
18181
13947
17888
19327
31551
24353
20812
31215
10650
26824
18276
13134
20329
27838
23484
18680
37642
19913
19240
22656
17438
22961
21198
19552
18998
18975
14244
30307
38027
59949
18502
26068
27116
51769
66083
28584
21630
17699
19911
23611
34369
25889
18699
19972
19387
21898
26855
25583
14785
39488
23816
24379
15637
36223
23600
19605
17377
17134
17059
25566
23756
15556
16609
18831
24461
30499
21576
20181
26160
17831
16968
22924
21631
43912
22237
17176
31935
17367
14026
19133
29723
18602
15127
32240
22628
23553
20116
44982
22765
15337
21908
57244
76249
82825
11354
12195
15809
11600
13846
15927
22059
26329
19760
20346
33897
44001
31320
34053
19245
17392
15940
22222
20068
23211
19545
20146
20058
16211
28450
45191
24005
19244
24126
22238
26051
20932
30216
40540
30117
33243
24873
27482
27217
40044
26051
19501
31506
15342
18443
23635
34120
16322
32053
57197
22723
22245
21704
20330
19164
23679
29929
19996
22940
19617
18973
17237
17157
13596
22239
23259
18409
39003
24004
20965
36256
18886
19089
26711
24128
16709
12964
20322
17366
25568
12960
23591
27109
21352
28241
24097
27186
18550
37974
21207
32142
26863
27618
11283
21383
20323
13843
20134
24680
19300
31663
29178
22905
53963
22553
20991
21788
25638
23096
19846
13397
23524
19220
20674
19369
15711
18544
17792
23924
16574
21557
34028
29766
33542
22412
15169
20128
21366
31843
21448
37171
19296
21497
19503
27050
12334
27461
24989
31642
33327
31533
17750
13496
19174
32715
23754
23830
15220
26443
19611
30258
26705
22859
25384
32021
16222
22302
11842
28684
22288
18009
13677
23748
23185
25628
13929
21527
37404
17357
24098
33118
37271
63805
23948
33693
21784
15141
19445
19157
29978
27455
39841
23111
23979
18833
22934
23478
17609
23485
15905
18693
24169
17252
24423
23556
25761
46424
28297
33645
18658
21473
19463
27340
17406
20764
22101
18088
23275
20491
19872
21009
13553
21394
21657
23595
28765
13864
40954
33147
14844
24838
28575
32013
28848
31253
41342
19119
37679
36647
48211
22545
28795
30133
33019
22244
13003
13492
12008
19729
27557
27848
28975
21132
16180
31754
13117
16116
26220
46840
26963
32873
21934
22624
24505
25853
16421
22426
20232
19457
23623
28859
10351
28738
18703
17873
23192
20977
16433
19817
28410
27086
23407
17627
12782
13565
13609
20273
20521
32521
17958
21478
16431
17419
23343
27583
32822
14648
19185
23148
23309
26075
37511
17468
30707
27921
13454
48077
43844
21388
14120
24173
14561
23190
15302
23277
19789
22208
13326
22244
20151
23520
18016
23976
23805
16498
31887
27252
14821
50990
35155
14288
18397
19695
19356
19990
12475
23165
24771
30644
19323
26944
27843
19309
45342
48594
24369
36100
53660
52060
35435
47760
11456
24231
18288
24188
19640
21814
36271
31063
49364
22877
26788
23640
19236
17510
28806
34769
36885
56723
21126
18355
32394
25091
41684
26956
20138
32074
30922
27358
34314
18064
36913
17563
20828
22204
18282
14537
15503
37362
20291
17234
19617
25830
23529
17273
13804
17400
26981
39571
27072
30553
21582
23861
32637
44298
25954
25835
19929
15531
33196
21730
22262
10679
31392
33916
24225
22749
29233
16448
18735
19675
27189
39375
23737
22432
16778
25901
28621
16357
21202
30729
15210
14510
27782
27243
37398
25561
25711
27063
23166
53614
55761
14854
91702
19045
15391
20093
16651
21836
18004
16132
17685
19483
18151
18672
24603
47842
22663
21115
22402
18966
13900
15048
10659
25869
24080
23872
22215
26324
40531
12726
20196
23001
15280
15398
31813
31243
26057
16125
15147
16224
25901
31022
26860
31564
22834
20685
18037
12600
11864
22053
11131
18401
27349
19124
21753
62928
33343
34166
28923
24195
16533
18595
24898
23925
26723
17585
7955
27334
27320
26208
27398
18404
27125
16407
21276
26084
23381
8222
13631
18221
27216
29349
17100
27385
23185
20158
20467
20539
22870
11247
13853
21844
25404
25990
18507
40133
27108
50720
31992
68618
59411
26775
19368
33637
19759
15215
24803
16446
23566
19418
29663
42247
20679
14270
19003
33409
19688
13868
17611
27530
36989
64297
48214
19026
32543
35476
37376
19147
14092
24345
31362
27575
43375
16185
21042
26592
13658
10519
9639
21269
16454
19312
27109
13790
19609
18499
14532
21296
14285
24545
20394
21932
11578
22250
28838
23655
24974
13347
21607
23712
14561
12826
18995
21487
21386
31964
66888
24153
26989
35519
20431
34501
25513
21176
19581
25574
32049
19653
23071
13760
25796
19709
29136
39096
23510
35400
18819
15649
30066
28409
15085
10559
17526
20817
14910
22516
62800
25529
55148
21681
15210
24762
21805
24538
25346
30007
15812
22947
53366
21059
13643
22285
14521
22042
14051
22469
20561
17577
23683
22326
16286
20915
17433
15022
13200
28546
16403
28388
23952
34562
22635
22462
24016
25838
31293
21355
22172
18666
13862
22301
31558
35101
33581
20019
27934
20121
20601
17089
18738
21818
14419
18274
16914
25316
22694
18804
30791
35856
37068
21446
19982
18543
20263
27757
19841
18157
38177
20750
41410
22288
18520
15050
23791
28126
20457
22426
25389
25156
46394
37638
41115
22240
17869
26851
50977
16428
31030
52047
18618
22125
38377
28297
27507
30387
19232
31313
28117
29570
18172
23855
19916
17360
13327
25496
19552
10130
37685
19985
35699
26108
43646
36607
15410
16434
25690
25228
26468
21034
25905
20663
21896
18308
15143
25497
22069
23622
23261
30640
36453
23661
14682
27314
22980
17055
25908
13005
16226
9351
23722
17787
16303
18757
16758
21981
20844
31190
13535
24023
19212
30569
19071
17251
22557
31592
21316
19992
26979
19182
21391
37366
23331
24809
21020
13295
22506
15011
22223
12654
25539
27106
36361
26939
21336
26744
16098
28557
22329
17019
17120
21983
20436
21866
23692
16168
12823
32699
44741
48865
33796
20651
21320
54826
21425
56233
25251
18936
19136
26040
27997
13882
29450
37376
40447
27077
23607
33377
22709
17836
12559
22930
16466
16967
33534
20711
24101
18659
18359
10524
11749
25289
19021
22497
21426
10911
16903
26657
17687
32669
21731
17938
34813
19299
18457
24322
19450
37532
14334
15469
53237
17632
31135
23413
25119
23707
29212
37416
23153
18273
23394
15909
20836
17621
31743
10994
15125
17341
15892
25580
17749
20717
17900
17817
19492
23378
31643
21766
15871
21403
28746
17851
21671
37170
24577
33646
19424
21357
24922
47278
20927
16270
18140
21683
22038
36653
17178
21871
24074
38739
23100
28810
13956
19235
14538
23378
32755
23814
35505
37418
16163
21511
29246
13357
14719
21518
19323
8347
20188
31645
28594
36765
10813
15414
19185
19829
19327
8183
19096
24627
31444
19378
20490
15539
21796
22402
22948
15561
42746
25149
24742
28268
15264
10651
28908
27165
22293
16361
17434
17863
18901
36175
38649
16078
14741
30589
23703
32992
34154
17939
43978
24221
37377
26551
17693
32610
23078
54841
21116
28692
21425
17271
27943
34126
24715
13472
21597
15048
16681
24703
16535
42075
27766
23262
19861
25682
21822
23725
31323
18685
19923
28967
13079
17471
26524
17148
16357
16415
17344
20603
19365
27765
14690
21325
40701
16539
19885
33835
17461
30758
21141
28319
26260
24659
30238
15518
23745
22640
19334
14029
14954
35562
49066
26355
42161
39101
30168
20507
17754
23796
40196
20611
28319
21599
19766
20652
21661
16889
35278
31765
14274
25258
29896
34181
11976
30887
43210
16244
25942
21692
19304
34467
20922
25248
38208
18734
17612
20328
24091
16560
16509
13731
23925
12525
25846
10553
44647
20819
29485
29694
32356
29200
13801
29026
18151
15681
14043
30562
18974
17827
18710
16337
10145
22462
18530
18658
19841
26912
14890
34205
18299
16052
16449
13162
10033
26689
20897
20514
26286
21800
28094
12382
20473
41208
34573
25967
36458
47876
30529
17267
24605
18724
29745
20308
15960
12523
37786
20296
30264
26430
22169
11955
17791
19596
20990
16765
31504
10836
25090
27401
22195
16371
17927
28267
27694
28646
19608
25356
17565
25488
21260
21987
15958
35017
33897
18727
23005
17269
33795
26916
25107
21124
13518
18426
34155
22306
17908
21582
9425
23366
19981
38388
26229
10104
22481
16801
20674
42663
25836
22851
38886
34943
23040
21842
25721
41959
19342
17064
22541
39767
14123
26744
14638
30199
39150
38478
31779
53993
51854
46481
53036
51572
21858
21946
21413
39451
18148
17928
21959
23708
30256
22184
13122
24730
19555
40104
28413
32938
23559
24420
33080
15522
21716
24784
21864
18010
33878
56538
62705
17244
24838
21174
21669
20600
22941
25185
28700
24022
19376
36760
20569
27101
10136
15900
15300
16766
26080
20312
32406
24394
25344
20466
12951
21295
23341
25394
22436
32048
17725
27890
52096
31655
43786
25383
14294
28956
25005
10000
22713
34738
21821
29965
29325
15572
16521
21824
37272
42711
23319
13986
21846
17733
16450
18759
21283
12668
27666
16727
18412
26434
32321
53619
18945
17573
18046
23141
18374
38036
13494
26872
21550
22352
15424
15027
43211
30263
40821
30208
17960
36736
19472
22265
14969
24978
11839
22297
17033
35455
27250
23655
19494
28908
37690
15485
28211
11635
25519
34330
25175
21962
19367
16282
36044
17279
24255
29109
27628
36220
30658
11912
27261
15974
19588
30265
20251
20710
23339
36550
27626
22593
27154
23869
14461
39805
23513
9677
25649
37604
59032
31352
28765
22120
21006
15172
39984
20453
19316
22655
29569
19042
30137
39054
15790
26828
37667
24729
30723
38892
26765
15438
25404
19870
24397
29788
19027
25930
15957
27773
25958
17271
34703
21352
22358
20182
40402
39135
20006
21840
24905
37245
12177
30719
31410
17330
21155
20482
22647
19677
28105
14474
17523
21581
20626
19344
20824
24734
23394
22388
25549
22369
32051
37786
40831
37517
57581
33026
52140
48686
13959
24503
27543
43209
17328
31771
17359
26679
35253
17981
23989
16339
26599
14925
20036
18897
23430
65353
24764
35449
17041
27336
30616
24990
24399
32616
25428
18191
21198
26722
15297
18278
32605
33455
28903
21863
15042
17563
22037
27549
27478
23855
36841
17782
26149
26030
29441
39429
17818
43138
28095
17453
20876
26349
28867
29650
12651
30875
28855
16940
16638
22977
31503
16124
45525
36563
63992
67769
24532
17264
26914
74130
37824
50151
22877
13566
28605
26064
32493
25259
21929
30170
18730
21581
18415
11424
16492
31700
14053
16985
21067
38400
24298
50121
22211
19812
24848
33589
20187
48501
69990
58074
14877
22294
28901
23478
19088
25094
38118
35559
14240
20121
16798
21974
25728
37769
28998
46967
49547
17392
22971
23882
13753
43691
68027
25831
15021
21808
14472
22109
17743
21047
61827
71597
18068
18395
17618
35206
46244
93575
56313
129862
143833
80475
24799
37694
35682
14927
17249
33545
45869
17830
15104
21053
15095
48234
66615
83098
28031
12837
29152
24592
22216
17891
17288
32055
17734
21645
33416
17859
23161
16772
14604
24286
18418
32645
29510
19306
18623
24036
14830
22047
16349
18985
36241
19497
25711
13627
32177
31095
39287
29700
32154
19267
25926
33066
25352
24938
30451
26976
21822
19006
16606
18733
28288
40664
44066
21190
15515
22690
17012
33035
47833
23237
14533
23929
31826
33264
31379
18606
23399
19223
23254
17858
35808
13118
16786
24710
11251
21302
17957
20042
20456
16207
24490
19218
23589
20106
32722
29955
22859
16256
23597
19729
39848
42338
67791
67561
71270
21669
18905
24733
31373
24506
21319
37315
17443
24612
39573
31192
22607
13824
14410
16490
21924
20385
30557
26961
19916
18281
26451
10836
20586
19951
21123
22740
38745
33486
39949
22238
23401
33487
22625
24346
20808
22323
30873
27456
27371
15009
30660
27589
20706
36846
19377
21531
29693
19776
21093
28885
22004
34872
32087
54199
22359
32402
52220
26551
23543
26465
24159
45129
20918
21877
22186
17805
18438
25987
19873
33522
39393
30622
14738
24376
24055
18301
18886
36798
26452
21793
20696
23478
18880
26040
18248
31489
15102
18642
46106
25344
20435
15455
23677
19333
19761
22902
31069
34964
15031
21033
18002
45056
31363
66093
91167
81905
16573
26008
34916
14014
22267
43795
19598
40438
45485
24636
14011
23804
22108
15180
21239
32034
23565
32291
14525
20117
46954
34418
31912
24365
46902
58108
36042
23180
18725
27709
23769
36820
37303
15324
19595
23657
28991
49535
22016
21570
12342
19519
23679
22485
24246
24277
20895
15863
16626
26185
25401
21382
30618
18492
18730
34278
37410
20709
20992
30032
17225
29984
15202
15082
18060
11655
11572
16128
27157
19120
23778
23421
20294
25346
16590
23210
23731
25272
17369
28394
24454
24988
37531
11536
37909
31214
16645
17634
14298
16652
31460
23564
16925
19391
24380
22448
28487
27579
18585
9851
21989
9940
19033
18502
237857
142236
24324
56295
20391
22794
28453
16339
21279
25545
30660
19834
24108
24250
23410
37626
17781
26394
53074
19625
34969
25659
19316
25854
21098
33921
40611
35992
25800
15350
26621
10985
19086
23195
46926
24488
21777
34674
30384
21712
23135
17846
29975
28439
37209
46039
38640
20507
17135
30207
16214
12459
16687
27724
15810
27755
16407
21103
13821
27786
22634
32685
26930
37947
22246
17001
16946
20393
48795
60165
99257
30430
24525
16687
22936
13782
27343
26458
29072
51709
52084
40233
21899
21060
21167
22004
43047
18053
48195
31028
25723
23761
20061
27533
19938
14694
20476
28781
27989
14899
18186
22787
12470
19483
23327
19334
16909
19657
23402
25277
26166
24481
19691
38467
23748
38229
22834
17571
20937
34562
16553
23223
18793
15159
18334
36359
21127
36239
54494
33749
16906
19390
15658
26785
18104
27356
20813
17683
18850
28739
19206
45973
15135
21586
19945
27871
20096
27349
32642
21009
27015
22886
20658
16502
14684
19661
20120
15708
14155
17275
22784
13998
36605
32557
40334
22963
38441
12683
19517
25116
14459
19149
15439
28585
24116
26958
22563
25386
19410
38737
15677
22368
20435
22937
20250
34865
36488
14954
21815
17642
22189
19423
10981
43229
24614
22264
20136
26698
30833
22050
77547
33642
27108
34918
14868
19338
21999
17321
29653
11424
22071
35110
18081
25029
22822
22526
22396
15524
17614
21782
23350
43238
20507
14473
24863
35974
18039
19429
20024
32221
53819
49577
13935
16316
20426
19437
15828
15657
21448
18701
10767
28095
18279
20007
23647
31131
18272
23908
16407
17100
21819
18139
20328
19460
24776
14849
28544
22286
23222
26047
38925
40131
24417
40063
32108
38471
33279
17263
16697
19135
50424
24314
24930
37500
44585
48084
23930
29025
21730
12747
45349
26068
24061
30921
24349
20461
27742
22152
32112
17548
26386
22072
14262
33941
16244
18408
14914
20091
18020
17834
10697
20894
37957
24057
20935
19330
15667
19258
19400
33750
13440
24337
19430
20286
24424
13818
27130
18344
23834
19596
28708
17371
22542
31300
24271
26346
18090
18372
22921
28485
22237
30441
16004
35074
41943
16996
28293
24781
22218
13355
16891
16216
20772
28005
14673
15071
23035
22126
31525
14634
35082
34218
29761
18703
14483
18695
31473
16934
30448
34984
15401
22070
22009
19492
37459
23308
17705
24283
15703
17603
22234
21853
46178
19146
29257
38804
48915
48897
25238
23166
15643
20094
34800
11018
16629
23367
31993
15628
19560
26856
20434
17519
27466
24335
24061
36566
15915
35625
75414
21752
27675
21575
27469
35076
20641
16772
20318
19776
16036
19970
41225
42881
24885
19307
12948
24359
27096
28690
30896
20378
20147
24198
18065
27156
40428
28067
30628
17788
16553
18613
36966
26347
10245
14224
23907
14314
34428
27036
12143
10425
19589
17989
10934
16535
26166
17048
40770
38722
19969
42243
29180
14569
37321
26894
20015
28165
20366
25859
22532
10835
21403
18898
14750
21569
17546
19741
19749
29776
16447
15542
25920
17228
17307
29360
16001
17049
17010
13976
14868
22983
28659
34701
19940
98046
62091
65586
36209
21085
49022
30759
39021
17917
20675
22240
18973
25745
33945
25159
15470
21879
20702
23942
17988
20286
22134
20012
26389
47123
24011
43051
24578
39889
19590
15993
26256
14904
13514
23186
13913
30514
32987
25638
43111
22497
18651
17411
27115
39164
27232
10610
18559
20364
35288
25366
27156
17504
19625
17053
23795
23521
15155
27273
33409
27419
15940
20617
17284
18190
18563
25938
20432
28977
13161
33843
26392
45693
24334
21612
25353
20541
24687
21608
19287
22160
16396
25607
16045
16269
16837
24649
17341
35812
47817
39067
23509
37484
24911
19818
41175
50085
59257
69267
14365
18470
17328
17631
30947
56037
25796
21967
17275
21839
17819
19307
45123
17832
35021
49112
30621
33904
32406
22823
32867
19490
16494
19199
28316
29177
21604
11473
25554
24013
22275
16817
16338
29366
16279
29450
27338
29933
31057
26036
18032
22824
69078
83021
27645
43415
24303
15402
26659
38157
61471
19181
39218
44479
29622
10831
16507
29819
28962
17698
30569
18663
27489
24047
35724
22953
27294
25162
20541
17191
16722
27905
32196
37891
62853
31890
23186
14622
45879
45907
15422
14726
11307
28774
20698
13080
33744
25458
20150
15533
28654
20029
16771
21262
21886
25414
28255
27971
15983
38572
31235
18263
19948
29199
20101
19894
24402
20767
15556
41261
16149
34422
23871
16546
18615
21592
28150
23576
31496
33826
21994
19654
25761
21404
23116
22611
23003
48837
23647
25793
24942
18501
22514
18458
53543
57601
9737
21698
18667
16401
28098
37673
21515
13427
22280
50059
46924
65979
82064
18789
10359
15135
22048
34066
22448
30905
19672
19432
34890
13440
19847
14313
19706
141437
42100
26670
22997
25194
10374
25028
23008
17933
22729
18813
20833
25216
28987
18469
14381
24180
22019
35996
14893
20227
18939
16347
14736
15409
32538
28834
41557
29507
38555
33224
27368
14418
18727
44735
21783
23927
28242
19788
21434
28558
24729
15013
24555
26062
20117
45363
17342
33591
21834
25612
14672
30777
24766
24005
22191
31005
32980
34801
21631
21368
18850
24726
25982
17403
23127
22694
12606
25114
18029
34249
64337
24941
10719
21963
27515
36788
