18528
26780
19996
16880
27004
16030
36023
16785
24136
15268
18615
21446
14031
30453
22622
24643
28655
26459
37279
39022
13399
21618
25697
25036
15638
22304
14605
41596
15491
26978
14686
21796
17517
15804
20090
23771
14151
27012
19347
15138
16186
15959
18230
26019
14074
19115
15541
14396
14940
14907
15609
19307
18756
15413
18467
26561
42212
15053
17447
15822
31279
13389
16313
17275
20950
41444
13623
18853
15781
21395
52665
17635
14919
18232
20902
22761
17491
25706
15474
13922
25308
17807
31276
16499
15127
19291
24181
17505
21165
14160
16591
16897
14931
18967
21441
35954
17440
16445
22894
32129
37085
14955
14611
22070
21490
16329
17245
26762
24211
56807
15697
25965
33123
21881
18333
16522
18789
17396
48530
16193
19350
17579
15326
15463
15716
15376
25470
24296
20977
23004
16564
15597
17867
32426
18437
15752
16470
30136
35955
14693
13712
12005
20718
26739
18028
20611
49721
16154
18005
13438
12859
17757
13643
18076
28298
24532
42858
21569
16609
13442
15134
14545
17008
13470
27808
15293
18934
23194
16625
23975
14371
19572
18168
15908
22600
25600
18628
14217
14828
27254
30672
16231
19360
14712
17926
14321
13498
24825
20826
45073
26460
14202
14076
19971
37029
16275
19302
27125
35410
19303
14394
15535
13246
13336
14486
18733
23596
27814
23990
13897
21626
14777
35810
18876
14313
19093
19884
13632
26515
22023
33314
14632
21105
24604
13835
15050
23030
15044
34587
13074
20995
24385
53091
66679
19087
23632
17347
21906
39206
41597
16809
19377
12801
15768
14530
17758
32543
20627
14373
17656
22201
17457
18398
16223
26312
16480
13368
23724
23437
19878
24311
21125
17251
15673
28632
17093
19128
19085
47282
11810
28514
56589
26135
17949
13294
14975
23121
16176
14852
25124
40616
17493
18796
23554
16916
14717
38911
15379
20955
15716
19878
14718
14805
16870
17409
23101
17162
15135
24494
17578
16489
18757
27888
23408
14689
21265
15416
14011
21046
26847
14787
16999
16382
15091
12902
15227
20016
27812
25568
14607
21641
20408
18954
19493
17924
16812
19117
19024
18060
18606
14085
16767
14084
23953
15010
15756
17778
25381
27836
18259
16996
22042
22588
13967
13962
12551
20457
16766
17370
15941
16800
15659
24709
13603
15434
25145
14355
24386
20461
18925
13421
18444
14495
17813
21750
19412
15008
15020
18880
14972
17605
30648
15632
22425
17983
32975
19670
31061
24174
15872
20547
19866
52514
19829
16229
36030
16517
22606
27284
28465
23684
24850
16937
23729
15705
20466
19583
19566
18689
21450
18827
27460
16260
38618
17652
13650
19194
20661
23171
16600
17969
16078
17960
40087
25266
23048
23138
35287
37759
15378
23055
49305
29542
21160
13750
18903
15549
23900
18309
14959
23171
22305
16442
18315
33193
24037
14491
15328
21580
20588
15097
17443
21820
14847
14836
14304
14541
17737
27409
14461
24643
27882
14656
33412
17474
24883
20038
31262
19635
15004
15152
14705
18431
16145
15458
18696
13339
19098
15674
15175
24625
18111
19160
18540
32644
19541
18606
24120
22128
29385
23793
23917
15558
15978
20408
19506
16251
23811
22750
17132
20707
32775
26846
14215
23538
14495
23822
16888
19613
17378
15311
18202
16126
23539
37339
30876
22411
29900
23403
30209
23258
21480
33299
24160
16077
27731
26281
23034
16089
34075
13274
19518
14856
31616
22272
14232
26242
14576
32807
14520
21037
21682
15304
25409
15063
21570
14540
20650
34262
21357
14619
24349
29174
21067
15180
54224
17320
20759
21741
23002
18239
17800
18349
16671
17494
17005
14818
15690
26624
17197
15750
26834
50602
19978
20969
20992
17706
15598
19438
19661
25298
17438
23415
35273
17805
13966
14452
18842
19673
14041
23899
22944
17940
29545
24027
14326
14716
16715
15987
20760
17791
29873
17867
15681
16190
16263
15030
26924
22493
20550
15335
29655
18468
19552
14294
17250
24901
15066
21236
23008
14706
18115
18583
16074
20375
14314
20426
14611
15501
19204
16530
28834
28270
22494
20332
17935
13456
18177
35104
22540
15073
32594
18522
15680
14743
16321
17095
19139
18388
20442
24665
16833
23080
21764
29174
15364
17372
16605
18849
16975
15800
18228
33480
18415
28286
17567
19787
18127
21224
24967
38597
19633
14241
20829
21498
17143
22385
25978
28549
21026
23201
22671
13510
17079
22419
19724
19559
14589
18270
17464
19310
14062
21364
19600
23050
15220
21402
21411
24666
29649
35837
24821
20485
29293
13828
14408
22661
17756
17802
26053
28190
16799
25006
14087
16845
17301
48177
37910
21062
16305
13730
26111
18703
15246
17645
17278
17578
19772
22056
20694
31026
24212
34012
14822
18496
14427
16646
15080
16292
16570
16907
16581
23737
24584
18354
24437
21536
19277
23097
25368
19929
23228
24223
35731
14873
25939
16660
22365
29020
24480
24636
28072
20613
27360
31061
26592
31300
22105
17210
28050
41611
17570
13854
18903
17723
16396
15089
11609
15035
29048
16637
16335
17607
17672
12984
26976
26323
16557
15480
35536
15012
14199
13246
20997
19329
23980
15421
15037
18343
13984
29101
37406
16495
13152
24757
18925
17927
14842
17488
34550
21288
25283
20630
27140
33487
23397
16672
14755
34749
38238
16351
15316
14119
20262
26972
22161
18394
18324
16741
17343
17798
15716
16324
27960
15573
14176
14051
32624
13799
19631
18858
17072
14350
13818
19918
21267
28047
21293
14392
17867
28187
30900
23186
14649
18617
24045
15331
16204
12937
18875
17891
16258
13321
25651
13662
18775
18740
19595
22266
22821
15577
16924
40670
24118
12733
18603
16218
19719
19488
16275
20943
28602
24512
14946
14911
14843
14521
14729
21500
32523
17718
17182
23905
20793
14876
24903
13935
14946
16413
23893
23563
22909
31696
14746
23782
19613
17625
23126
16097
21532
25084
22177
23125
24605
16567
17400
14451
16670
15385
18695
13742
27163
27910
21465
29966
32628
20779
16189
15411
18762
19026
16681
17742
14770
14547
28133
15604
17810
27213
18950
15408
24816
15985
17018
18147
15733
21891
15033
15591
29146
17168
23610
16248
13776
17898
20325
19628
12909
15312
16937
16179
29205
15342
24329
34589
24611
38889
16765
17807
19030
13063
18090
18672
14442
27115
29782
24335
18122
15963
16551
23588
17349
17746
43478
51452
16012
14120
16285
19568
15279
23391
14653
19635
17545
22481
14451
15882
18146
16025
15991
14834
23238
14733
16662
16990
23689
32779
21977
18730
41306
22828
16017
15023
14412
14178
20882
32174
39916
16181
14646
18854
33757
16136
17508
15525
21598
15300
21795
16184
28165
16229
24033
20039
16315
15454
17146
22671
21311
22561
19534
14707
13838
13772
16300
13212
17487
15926
15984
16428
13743
17098
21513
15814
18350
12624
15750
44148
15819
18227
16692
31286
13673
13621
18196
19896
17064
21319
16653
15145
24631
20785
14291
15202
17003
47118
32910
20742
20312
19949
14349
14630
18428
13977
20158
14270
21029
47337
17410
25047
15306
22420
28898
17124
25363
41234
20008
21077
17134
15960
20910
16364
32251
13802
25950
14468
14293
14197
20826
15278
16570
15358
13825
15612
18080
13963
14127
15442
38257
16721
22031
15313
17491
13907
14954
21809
13771
22528
17346
19613
18145
14763
32613
19688
19046
23031
16372
17929
15356
18635
15066
25419
15982
16897
30552
20162
36637
16591
20790
20377
19213
23795
17386
12110
13769
22155
35478
22843
14366
13520
16301
17781
12728
18534
25349
16570
16039
16872
13152
17829
42143
25249
15647
15694
15454
16801
15650
27186
25171
16474
21240
16299
18859
21608
25211
38322
34847
16749
13177
42318
17772
21506
15916
22849
17744
15833
28139
22341
13826
18442
16904
14381
22904
16955
23485
16723
21247
18892
17955
14924
28581
20306
23388
14343
18216
18385
20019
28926
16285
50470
15601
18204
15506
14727
17653
13601
16733
41518
18701
20148
23997
16194
18184
16302
16506
15823
35709
24456
14860
17408
13303
19898
26672
13594
19979
20029
16588
16408
25320
13843
22074
14483
22446
14956
15837
19752
28618
21593
42277
13549
13820
14250
18073
21963
16037
23413
17834
18034
14110
20016
18268
14276
18301
21215
12930
14792
17086
15946
15762
23715
14837
15179
20196
18098
25452
15910
20872
21966
21588
20779
19140
25803
16162
18851
14230
32079
16631
17327
17561
23498
16015
19069
33782
14874
36757
25889
12780
17318
13937
20451
23986
21079
13126
17065
20827
13983
16076
16674
33516
13783
15109
21246
12933
25471
21749
15446
18589
18567
28175
17221
14792
18736
32503
13468
14326
17768
29707
23974
14061
25173
16533
27391
13845
18111
16640
35065
23652
23245
16458
21164
37147
39571
15724
23920
22212
29744
20571
35163
23614
42649
33101
37597
18191
17691
15380
25115
28528
28979
23362
24208
19188
23895
29749
13892
13729
18973
13404
15140
15273
17403
18687
23151
23596
15768
23158
18510
17910
17409
16848
21141
17702
15724
14692
31572
16782
31764
14293
18896
17136
32361
27837
19351
28130
31218
19420
23590
13993
18753
16629
28734
36478
16760
21964
18180
18040
19237
14448
24387
21551
23707
13509
22483
25521
20998
17267
28932
36619
31684
15746
25357
15194
19270
31538
16821
26649
23438
18536
14330
12928
15109
39224
17334
25424
19972
14870
34707
16174
25285
13795
18012
14566
16223
13194
31588
21316
34139
15586
14029
14891
19448
22826
19134
37058
31036
53687
24578
15464
14911
18331
24778
14566
23482
17561
16806
28667
29054
15666
22869
24414
17876
16757
16367
17441
19188
23857
56890
23503
28986
17162
15026
27134
19107
24136
18973
26534
16299
27778
16382
17642
28090
20905
19969
24277
22683
14507
28732
14524
15576
15897
17392
18073
23571
20453
12536
23212
17043
35080
24178
16643
16280
18113
15241
12905
22427
13252
17310
13409
21132
14478
29371
12889
28252
16386
19670
17213
26306
14655
17807
19461
18481
20221
17847
14886
15375
26452
15610
20458
18593
13943
29963
21134
29871
21056
32165
19589
23247
18363
35425
22710
36318
27717
21486
14974
18809
38337
15418
16153
14706
37417
15274
13503
16073
27893
28498
21960
19260
26370
30216
16116
18963
14845
22812
13437
25236
32135
19475
17945
23236
19845
23562
15238
20742
30633
18820
16381
20146
21186
23012
26888
25155
22181
13711
30886
22780
16857
19980
14403
17599
14716
14274
13387
27591
32955
13430
21658
17503
14021
14689
13536
16814
14138
19572
21013
27107
22758
16455
24445
19634
17776
23354
17842
40955
25948
19370
12760
14079
33946
46681
14657
18122
29894
24918
14160
15528
19914
20217
16470
21792
19115
22761
15697
19140
13736
18776
15581
19260
21773
33964
19075
15111
18418
23466
30617
15867
13967
17850
14558
20087
16593
17896
20726
17986
15206
19179
14833
17391
14088
15230
29669
230453
37022
32863
23314
35202
26799
14673
24081
19485
19427
13952
15277
15944
15114
21135
18581
17484
22602
20035
17284
46415
14292
16538
14325
17593
40418
22450
33575
18926
26749
33935
23988
24306
20893
22668
20935
27462
29154
16184
17426
17213
23148
25973
15303
15561
12858
14638
23187
19746
13354
12941
17876
16549
15898
15733
30426
16526
21824
18259
17663
18151
15183
28718
16368
22951
21038
17927
22222
25225
15429
20596
14131
44432
34701
13124
19965
17417
24053
31013
16083
15890
16522
15325
24726
27619
18691
16770
15775
15704
37694
42215
24101
29979
33062
19116
22711
20651
24914
22345
15812
15021
14373
22028
15453
19965
36556
28020
21055
14812
16747
17348
18078
24822
19271
17030
24741
18174
15174
18110
15522
29986
18965
18966
23522
15267
15432
21994
16893
15038
28912
13883
17764
15097
21319
22005
17981
23675
21271
19360
20453
21262
26458
14625
15005
29711
12988
15360
21239
16704
19790
42378
16792
15028
20360
20887
15022
34658
26042
16810
17998
18917
30225
38822
17315
18258
31814
28885
13911
20243
17565
14581
19115
16224
25278
15546
17556
20196
19472
16627
19212
23547
25496
24974
15200
18064
16358
18622
22062
17264
19076
16813
17222
17867
17650
19506
19992
16619
16169
19540
20918
23940
15910
13467
21839
23794
27116
25814
16376
18342
16184
16297
20591
21078
20354
15777
15682
13457
20171
19173
19760
20576
24481
21437
13687
15215
12399
20259
15558
14303
18800
15713
15775
30525
30626
15812
20482
17946
14997
17598
13650
20101
18986
18453
15997
15232
22600
13913
21237
15686
14096
15494
25666
14767
14566
23383
12532
15179
21764
22070
22151
17731
36788
14065
22957
15461
19217
20469
17120
34803
17195
17804
15775
16069
27935
25377
16054
27513
20321
18230
14043
20031
25299
17374
17627
15961
25883
14541
14984
26501
33178
16837
13907
21051
16580
17212
31082
19792
14949
14797
15563
20621
18869
15893
20123
15721
15108
14110
13333
14055
19250
22657
18635
12430
17690
16904
19656
23725
20995
26220
15813
17502
19261
33263
29678
20115
16218
17235
18484
15996
17662
21481
18225
26578
15588
16766
18026
20241
15240
41546
13887
15193
52154
27575
18583
18574
14452
23104
20083
15913
27824
14976
19721
14973
14961
16951
20146
13982
16650
17636
15946
24413
14674
18231
22671
40184
17210
14122
17866
32694
14936
15073
16325
20510
13781
20266
35336
32913
16123
16167
28411
16050
22207
19168
22399
17919
14047
15821
20630
17606
16335
24556
19365
17355
35912
22678
19374
16285
18493
20669
14377
29427
19476
36886
18112
14734
16551
16839
14918
13591
24758
18964
18905
29379
15588
36337
22641
26220
19452
21218
18561
32502
19295
14024
18373
30096
25914
50397
18629
59948
26516
69287
19322
20465
13665
18725
26974
30169
20597
21188
17003
14238
21639
20413
19664
18049
14498
34956
15170
26065
24680
14319
17768
14173
24428
35161
16794
46912
20635
14459
14259
21593
30988
18219
14671
14450
17119
22724
20766
25047
19920
19445
28706
33821
19465
17683
15871
14920
22546
15167
26680
18181
16756
15355
14471
15402
13549
15313
28302
13771
18063
15533
30027
14380
24497
21883
37661
42551
14272
33654
15440
13896
15591
17002
17477
16394
24334
22460
16580
15247
13609
15799
22395
21418
15356
19571
16474
16631
21375
14824
14739
16226
14535
23007
29274
25998
16175
22440
18822
14979
19512
19255
39187
21378
14781
23066
19656
18914
20733
26242
24914
17035
17062
22011
16206
26857
33284
17437
18972
16642
22191
15105
17898
18685
14576
13563
21779
19022
14846
27807
24927
17831
13440
26959
17311
24330
22151
18976
19732
18975
21281
14767
14630
12836
17609
15032
14690
20602
24182
14300
16341
16184
17715
17304
14314
21637
22493
17608
18910
20055
15479
15018
20720
23543
29886
25399
17524
14616
53904
69721
22354
25142
14018
20686
18152
15391
15814
34705
21051
18026
27016
19755
15906
31079
14225
23051
16443
32139
16239
23407
14433
20121
15865
19041
15659
28019
14639
14287
14732
23456
18507
16452
23751
17917
17808
18819
15388
17250
14551
17986
14217
19369
17115
15825
13687
22691
14310
17929
17048
13043
15442
23632
15786
37462
29826
22085
17972
15991
25230
39237
38591
17137
15664
15166
15053
40705
15446
19664
18024
19185
15319
14609
26703
16577
24355
14801
23987
15198
16859
13314
21894
14111
17787
14012
39727
15467
40571
55180
17463
22316
16461
18454
23069
18546
21552
23849
13634
21982
18341
13126
19796
26110
13328
20114
20459
14635
13916
26946
16621
16007
31955
17633
15004
18177
21772
44121
21919
15712
26431
32946
38066
27492
23677
16525
16024
25034
14256
17303
20483
16000
17569
19519
15247
22724
15716
18077
20182
18804
60627
15850
25129
37612
14767
28179
26995
20179
17455
22132
21367
15804
15549
16582
31562
16022
19748
18574
22624
19075
20181
14933
23181
18311
35207
26682
17985
18684
18684
25785
21571
23192
76244
18222
27664
28606
14281
20010
17723
21511
15330
17344
15299
16472
17334
16173
12465
19945
27143
33850
54211
20471
22598
19864
14532
15479
15575
14315
23245
18346
40406
28654
14439
29772
17728
16089
36646
40541
29525
21129
18273
18936
30372
25705
17111
16315
18781
16255
23160
21047
30924
26535
15431
19450
15810
20789
19357
33728
27646
15766
17053
18637
30665
12460
17387
22568
25809
19180
18333
12747
12028
26150
19188
15888
19012
22449
14309
20691
22112
14375
18242
20960
14174
24934
19995
22188
14207
22944
18377
28727
26366
19078
20183
27707
24145
34201
74428
83921
16892
16216
20207
22038
18549
18904
15760
25246
37847
18586
16515
24613
14518
29915
17878
15018
19695
16488
24650
32001
16123
25240
29745
14513
16752
13069
16048
14562
20821
14459
15049
22926
20771
33942
15158
17144
15781
14291
32632
19620
31383
20105
21682
38875
22386
15058
23282
15299
14887
16799
15585
17353
21135
17824
14969
12956
17067
18988
13626
26967
21008
21541
17020
15135
19641
15997
22141
20343
67400
21504
85204
16702
28329
18074
21075
28152
23300
15689
20108
24394
20970
22667
22887
15222
13458
13779
13828
13592
14358
22972
19240
19309
18618
16824
24097
18964
19298
13882
15888
23514
14002
14736
20613
21280
31211
35280
18154
26668
44288
22155
14319
22821
24890
15424
17154
26231
13851
32973
15753
22318
26984
17811
30355
19266
15234
16442
16663
31240
16444
16714
16624
19084
27223
22471
24615
13680
16256
25843
21434
15718
17687
20553
18215
15758
14276
32823
22750
13910
15652
13952
16663
14508
24416
24537
19588
18540
15427
16642
15961
26561
15686
14746
15667
20363
21154
21158
21858
14254
12606
15188
13443
24117
17129
15320
19217
21608
19457
17049
18109
14641
17014
19564
14814
15368
27873
18849
34769
12744
16500
15095
16308
26903
13655
16387
23083
16838
38536
53762
17128
22032
16684
17120
23413
18747
16871
16257
19691
29726
32599
20063
14977
16916
15951
23042
15677
18526
29353
44191
14882
19956
19276
17856
17149
18109
24336
24718
24601
15162
21563
16691
21369
13809
28858
23902
53304
24739
14813
37392
15498
28104
22379
22812
33394
37028
24318
16833
15921
23466
13892
16432
14542
13483
29650
14423
21402
13768
17475
16297
28102
16518
23586
24147
19664
20145
20442
13195
14672
21879
19942
16682
16810
15987
17593
14959
25554
15353
16667
18488
21783
20586
15592
25259
17503
22433
17420
29189
30361
24532
29460
16956
28038
14947
15773
13864
36739
13332
16138
26109
30471
21911
15554
18267
19845
28897
12995
18580
15807
19744
16289
29113
15031
36855
17364
14600
13875
14124
34306
14369
14322
14546
12927
23211
16915
14594
15158
14450
17005
21268
21704
20292
13538
20907
21108
14379
15269
15087
16704
20597
34339
37591
21817
58690
29778
14222
15880
36412
18695
28259
29165
30516
33111
17039
19116
17572
15982
18943
18624
27393
21840
17042
16760
15014
18052
18595
23615
18468
18709
14505
16136
19593
15644
16970
17157
22888
31105
19790
17769
20296
17581
13816
17157
15882
15401
17677
24937
26348
17330
19525
14647
19139
21020
22826
21672
16474
15583
18541
13945
18240
19278
21166
16690
19890
35707
25287
25149
26924
32669
20915
14804
32104
17278
19220
23093
15620
17967
16353
33790
25730
15260
25188
17907
13669
21609
28659
21835
30116
29624
37837
19834
17143
18389
19976
15524
21183
19714
15583
15123
20652
19707
26733
18239
14076
14933
14288
18608
32242
14039
24019
17884
13979
16973
17179
20321
20447
15670
15124
16875
16017
17917
17806
38423
15975
23014
21537
38306
16228
21736
22366
15811
18883
15589
23194
18353
50725
18878
15466
15603
17969
18329
28234
32587
13905
15792
16190
13563
19183
14448
14685
19187
16612
23840
23835
19827
32363
18419
15746
14131
30692
16547
18693
22630
15464
14024
17223
20064
17799
16916
15909
21663
28606
26604
14366
13154
30962
17810
19744
13482
17322
33685
13553
39032
13829
14872
20859
15067
16143
25988
24728
38136
14457
13174
17211
18829
16941
36244
19278
20627
26838
22616
24581
23359
13724
15952
23094
15049
17331
27533
18746
25403
22920
14248
19116
18325
27706
18917
17957
14265
19189
15766
15909
26420
15350
18081
37895
41046
15711
19741
14906
15570
15410
16206
14152
23224
12651
13279
14198
15361
18442
17635
16442
19703
19821
17079
36381
14942
22428
18003
14756
37749
17213
22099
27186
41863
38418
15061
25091
53470
43809
69209
22815
13878
23861
28276
14990
24451
14283
19133
21261
25152
19043
23321
16825
21216
20150
24445
31143
19022
30556
38837
22950
18874
18965
13747
23588
15302
15936
18713
20276
17381
16638
30504
17346
28189
20959
21959
15767
17068
15046
16628
18758
19768
18049
16555
18579
16959
27241
34308
22001
16924
24476
42433
18779
16125
31685
34194
35464
23303
15274
26101
16202
21176
14973
14968
18928
34207
16979
39214
19195
16737
17752
19700
33281
29874
17953
18804
20806
25396
29487
22349
16630
28849
26049
22498
28792
15569
19226
17883
19226
18587
34553
16948
19953
14770
13867
27123
16750
23212
21808
21355
20064
15940
20084
17795
20002
15134
16027
15682
18410
16833
18985
15728
13167
14612
14766
16401
16388
14570
16217
18581
16578
19993
17492
24032
18104
19801
17598
16799
14788
14764
15573
16387
18914
27157
17998
22801
22996
24207
17682
19181
16273
19927
16282
18462
19079
16738
16195
17682
15999
13487
17812
14882
15519
24773
18163
16080
26232
20792
16445
26523
22366
15860
31379
13985
17532
16936
14442
22125
24637
14049
17455
34989
22014
14209
13681
30677
22216
28719
28289
28876
32556
26587
39175
45340
29501
17594
15906
19694
22186
18912
15397
17152
28008
23333
17970
15478
19843
23996
14141
14379
19157
15009
21633
33725
21369
45548
28427
21428
14458
18561
24769
21029
23810
37588
14425
35421
18035
22474
21116
17733
18934
17633
54107
27712
14548
17140
22979
20890
26088
22003
14531
18095
21196
17547
34013
22366
15463
15385
31289
21249
17624
18984
27847
36051
21120
16228
17445
25092
16427
17854
17024
37419
64911
23701
16175
28164
19461
39921
16765
25990
20675
13876
17982
56163
22230
21177
15844
48978
18182
20106
16292
17897
19728
22852
17459
17313
18045
15197
14195
17170
20820
27904
35902
43921
14973
24560
14503
13328
21273
48054
23325
16102
20338
21721
19338
13072
12787
17162
19423
22996
17246
15075
15878
14638
18809
15394
20985
16729
24210
13906
17251
15287
22776
19995
24247
17254
33389
77318
17362
15623
16488
17103
19193
14788
19680
26651
20802
15098
26819
23233
16193
13827
29051
14956
25163
24642
16635
18143
22355
12923
14847
18679
21818
18559
15453
18329
14691
14899
19494
22392
16477
21766
19219
13995
22468
34966
24442
17892
16754
30093
18884
14613
15757
16462
23996
14275
13779
18398
24905
15560
14616
24660
14641
16734
29773
37755
14605
17952
18091
29157
15479
25444
46519
56718
32266
16717
14033
18439
24627
15795
27673
17197
14669
15817
18419
27477
14408
15584
18352
23142
19851
19679
22090
21172
13346
16468
14988
14396
16255
23268
24039
14137
19084
15918
22111
33255
22697
19559
19083
22518
21999
25821
37442
22556
20393
19758
15765
19271
19136
34246
15255
14742
14651
20982
15261
14114
13446
13347
17092
20548
17092
13830
25455
16607
15680
18003
18183
20731
14889
30960
29806
15763
16250
20179
24988
17207
56672
21879
14836
21872
19163
16008
21495
17111
16393
234739
19259
18102
21361
18580
15815
20629
14700
28862
16634
19328
20602
13560
23875
16788
23018
21273
25987
30094
27554
15007
34034
39693
17316
16291
14726
13447
16481
14741
16494
15193
17940
16115
17383
18075
17747
20822
22143
21480
20081
32338
14467
42146
15196
14797
13817
18081
15714
21242
16923
29087
33499
18511
22525
34486
18549
24353
17428
16661
14914
13462
16754
21802
16859
21358
18674
27746
24405
16208
16119
13635
16780
23261
22657
22710
31148
19842
13299
16472
17205
22467
32458
16583
21046
59589
27161
21696
26185
40598
20631
39893
23663
17754
20143
21558
13621
14625
19149
21033
28267
14886
23439
14001
13887
27170
14518
21099
24689
30694
21284
18469
12923
17139
15020
25073
20371
15622
14746
17426
16633
14026
20009
18895
18128
14375
14574
16923
17648
66731
13354
15893
20995
18862
17028
26304
21081
30282
17180
17417
17316
13602
19289
29108
16022
21215
30924
13794
21017
12868
16532
12940
15705
21588
17879
24836
21030
17052
22337
30479
14799
23951
17797
15045
28847
16426
14495
22323
21349
25879
15598
17939
25679
14776
23446
14922
20984
13679
27074
26260
13233
16486
37109
27441
20978
22599
31557
16771
47506
15237
28843
13334
17665
20497
17674
24493
18901
19610
16294
13329
22188
18953
14132
14489
13294
12626
19579
15651
22381
37394
16928
19546
13480
16686
15439
18555
22346
21114
21915
20745
16003
15405
19244
19870
14370
15934
17242
27136
15703
20245
15975
15036
21752
20802
16420
17376
18701
34857
20341
17052
40536
21452
25138
15894
14463
20902
27872
23091
17904
21133
14349
18784
27277
23691
19675
18030
19158
16530
13713
25680
36859
21038
16727
26617
22929
21429
15220
27042
17232
32336
20860
31671
19220
28959
15866
16828
19955
19459
16051
18149
24858
39639
24433
14125
14401
14216
18042
28705
20378
14798
20455
18697
20717
17200
14579
45177
43848
18397
16227
16605
20569
18038
19984
27782
16182
15764
14352
17615
21884
15722
14092
29923
38338
24114
18220
19215
25900
28585
15230
23181
17151
29906
43249
16855
35510
18441
15112
16599
15950
20693
17172
15288
19114
21761
15991
16642
21954
14315
28676
18560
16577
14197
15967
16099
18165
19168
14226
14791
30318
13817
15724
20357
22252
16689
18565
17834
13963
35375
15184
19191
20185
27409
15948
23988
18651
17563
31448
13794
26696
15269
15534
20239
19648
20603
23924
17821
14703
26200
20153
29285
16585
23160
15673
38249
17269
29829
18237
14412
53173
16607
23280
15663
14029
16469
18283
12526
16996
18523
14333
16497
29713
16672
23148
16353
15692
28644
17569
16677
13779
17983
17061
17170
23830
37735
22972
29590
23018
16063
15593
14148
16583
17526
26394
21564
22941
15739
26530
24511
15370
21429
16329
17012
26151
17275
36812
19208
25311
16165
14541
14295
18163
40103
18318
27379
20567
15563
14564
17603
21933
15407
17536
13998
13657
29931
14993
21304
23090
14458
16733
13932
18236
27289
27309
16482
40063
17853
30819
36152
14333
16532
14593
16266
14461
31152
19184
17443
16675
15031
17396
23825
20035
18455
21152
15271
15575
15669
15109
18566
16823
16656
15499
13722
17320
14130
22882
25961
14147
30136
13246
19355
35801
21798
19418
29966
22974
19515
14932
24055
18684
21910
22480
22285
20568
17663
14064
19460
23712
20733
20527
19892
23025
18711
17959
21190
18351
14572
18957
21740
26008
38007
14464
17602
15306
28681
14487
26370
17260
16440
15122
20824
18440
14363
21270
18665
30522
19384
18969
17528
19529
19370
18814
16144
24856
16996
14417
19975
24676
15952
30892
46843
14980
19136
21703
15486
18532
29146
22539
19260
16645
15753
22423
21098
22828
16934
15666
20368
22680
15206
22872
28431
13745
15500
14894
15361
15814
22121
22701
14586
15602
20728
25427
16925
21216
17876
24623
14386
22938
25826
22859
21042
15698
14387
15085
17280
21175
13603
15599
17478
54676
17023
12936
15445
18285
33655
15624
19957
15873
19761
41467
18555
16648
15306
18596
20237
14799
14061
29803
20736
18774
17786
17638
27775
15408
24584
19575
14837
14438
18561
20834
17854
14682
38073
23935
16392
27654
14947
15546
16360
17153
26701
26031
16010
27984
15347
17612
26306
24332
23596
20322
15695
16096
24227
16662
17149
19145
14829
23078
15792
19874
18137
19217
17091
23900
15448
23391
25381
13947
52084
16564
14913
17108
17040
23671
17110
15049
14839
20933
32782
17222
20082
19913
16214
14528
17222
16273
21119
26691
25165
27502
18361
39247
17965
20786
19197
22912
16078
15162
17876
20453
24050
35614
29567
26104
28738
19392
15496
33375
18339
14174
20105
29945
15531
16840
15229
20966
33296
17900
15038
21938
17982
25690
18073
19477
17728
32605
14778
17777
16876
44798
14746
15190
27565
15415
21442
61543
18762
20063
16905
30042
18206
18792
16605
15440
24589
28370
19533
16070
14085
20987
19886
13706
26432
19785
12442
17099
26184
20512
24014
18061
15957
14012
15508
19349
23647
14449
14609
17217
25927
29571
18647
17695
18407
17861
17029
50081
15793
20033
18959
13683
21314
20070
14492
15226
22215
32603
22752
15756
19610
21451
17233
39058
22627
16756
14747
15627
20914
22347
21987
15404
24557
21949
16443
15423
22557
17718
14433
16086
24212
15967
16939
15771
14368
18247
16577
14572
19415
18534
15748
17958
17402
16107
19327
34038
35456
19489
22238
27521
20085
17802
24830
14192
16866
36619
27263
19448
15420
22412
26567
15631
19255
19130
15323
18940
21984
27244
17142
28545
16100
13073
18473
17511
24258
15616
20532
21248
24328
18818
31965
15298
17576
37324
20868
28561
19797
19700
14891
15192
29175
24227
19729
13543
28141
23645
15736
14091
14315
15267
20771
13839
17894
18318
14052
14856
16238
13860
13723
24851
14037
19707
15898
15198
15253
19680
19824
18741
21954
22739
32115
15683
23175
14596
14381
16361
14371
15778
23916
19454
15682
20141
24747
15280
18151
18305
27777
15368
18393
14113
24143
31170
33081
37601
23801
24170
13513
24808
15216
51927
22311
21667
28802
27424
19524
17519
38608
18755
27790
23000
34518
23205
17914
18041
32969
17281
40487
14072
16362
22541
22074
33552
14197
12069
19799
20672
25164
15398
15371
21627
19064
16120
15261
22108
29210
13363
25932
17992
15951
24382
20211
13813
15571
15608
24554
13328
20688
17359
16460
20466
13713
20805
22001
17997
16840
17669
19408
18429
19811
32612
16492
15779
15217
21324
18411
21682
17626
22062
24071
24767
21249
25990
17741
17977
25755
24925
21819
17796
15088
15969
17608
20440
24880
23333
23278
17998
17414
27907
19911
20496
22629
14989
25466
19856
24817
16619
17042
18102
23070
15372
28398
19419
14886
24598
28972
23792
28579
17083
25521
22361
23845
13261
20761
14327
64356
21642
31547
40353
15675
15436
17019
15927
16794
19646
19837
14896
24924
20676
18239
16043
20550
21311
18401
26861
42885
68848
24359
15271
16255
27663
17684
16987
16980
18630
15768
22981
29673
15405
16854
23053
22536
17107
30517
16810
29633
13547
17663
22304
16333
13982
17785
18697
23462
14114
25760
15012
20148
13241
30272
25826
28251
23805
14337
15328
18429
24922
23170
22743
23904
18151
16243
17602
19816
26248
14024
43668
19766
30794
26746
21197
27777
20903
21326
15735
20978
18274
28398
23670
14386
17790
18902
23187
17072
13296
17354
22501
15539
30649
50016
14853
20217
20079
23019
18112
19237
22582
21314
19522
20946
21297
17841
25201
23391
26674
17407
18395
25868
21384
15022
13301
22695
18166
15605
14854
15680
25796
19937
18160
15934
15158
20563
16244
32295
21493
16235
15964
16042
23019
16706
16148
23091
20476
16480
17662
22630
15672
16322
13769
15756
29861
20004
16945
26340
22566
18786
15966
25818
15308
50558
26493
20142
21081
19199
19001
23811
17257
18874
20469
20114
35837
25200
16432
18403
21436
14895
28473
20980
24584
33099
17983
18429
22902
25135
16702
16770
15351
18124
20666
15936
23108
21921
31482
36733
16958
21217
15806
14240
32280
32882
49409
50278
58093
51774
14608
18522
18119
26734
20739
16928
14856
19134
17241
23774
33144
18168
22126
15029
16287
15144
21099
16951
18139
23996
18971
22932
31133
19234
21710
15561
28526
29760
15190
16123
21389
13394
15857
15570
19677
19277
24369
14132
15216
32364
14173
19662
14385
17539
20162
16242
17176
17327
17987
19094
19037
31050
18369
15490
13780
18202
16582
17681
17892
20973
22047
19051
23712
19109
32717
18032
14984
20184
16557
18662
19760
19218
19731
35118
17163
21835
44047
18019
23081
45934
28860
17394
24718
17298
15393
23660
16431
69278
15743
14650
21459
15475
18509
25061
16217
17462
16537
22041
21415
19378
19893
26096
22711
19289
18872
18138
39621
18520
16196
21970
22604
15672
16885
18913
17291
21252
15573
25689
14498
17038
17279
16485
17951
31789
23303
16113
21979
16216
18784
21543
17044
24523
20186
31251
18545
16769
21391
27035
27378
16995
14252
14237
26879
14345
20070
15536
20214
16200
31876
14444
16233
18168
34298
32180
15745
15976
14942
18258
19370
25765
17596
18591
19784
15284
17046
29669
22970
19930
18197
14993
15782
14233
15171
17532
20344
19882
14187
24096
23343
24209
20173
21957
16495
23831
23166
20721
19967
18972
28841
16625
20317
14873
15251
20788
13977
27220
15963
20635
27977
13575
32674
15603
16021
14963
33369
35243
20516
28859
22118
13381
16122
20586
15343
18343
37104
18213
35212
17009
20855
28254
23638
16652
26667
25093
22093
16037
20851
14580
15774
34095
19148
16875
12798
14061
26913
17905
19209
20410
16918
15500
15176
27134
19459
13081
21321
29797
22756
15211
20986
15209
17263
20481
15258
23417
14689
23360
38067
14772
16967
19762
16766
15511
20390
17834
14251
29293
21174
23275
20939
19343
18465
20061
31239
22791
14006
14244
18241
26458
14374
31280
21340
18517
15581
14698
20425
16699
15142
16596
17074
14938
25138
20871
16203
17964
16193
17172
15029
18046
13865
29741
20322
14824
14011
17880
22854
25096
15248
16546
16750
21857
20569
16910
29768
21142
16257
18548
15345
16997
19171
23924
30714
16094
15256
16348
17563
21522
18478
14219
26100
16962
15599
16720
12683
20873
15324
23288
25499
22599
15916
50838
16152
19626
22286
14425
19267
15008
21664
15604
20636
47058
55395
27571
19540
15227
17228
28547
31716
16409
17665
16178
30248
40508
16859
14831
19247
29999
16480
19966
18846
17123
14388
19299
16655
16612
16315
15778
20042
13811
17608
16690
18256
14413
17210
25089
27368
27042
29849
16892
24498
22936
13887
29476
15209
13743
17198
14415
15238
15720
26184
15956
29107
23294
23785
21437
18006
19869
26844
16535
18370
16197
19824
17446
17893
14038
58098
26931
16663
24489
16484
15205
24104
15229
27308
15006
18491
14431
14666
24810
32294
24190
21043
15414
23002
27743
14520
16087
30501
18697
19204
29244
29221
18736
14856
14219
14195
14956
13849
25396
15853
17230
14970
16568
15825
20320
16846
19273
22848
16458
20174
14540
15941
18674
48636
22160
31786
31165
24988
20513
24343
18854
25171
19354
25293
18609
25383
16112
15665
14373
14223
13752
18364
30670
20418
14751
17723
16293
14853
19287
25355
36669
17389
18156
24490
15760
21326
15236
13947
15819
15742
18312
16145
26739
22119
32843
16647
52822
15800
21965
26934
53894
23929
13180
15342
23091
26458
21929
13988
14873
14913
26605
18535
16993
17129
20002
16443
16588
14509
24703
21211
20485
20396
16734
15275
30457
50532
16956
23930
33548
39662
25531
15536
19921
23321
16914
19931
19527
25028
23807
14619
19434
17290
15069
33015
20947
22774
21773
12601
18371
16274
20006
16987
15419
13485
14933
29848
51681
17579
15469
25962
15631
16809
16256
15207
14621
26939
16359
19740
37356
13545
15847
16876
23139
26146
13887
16677
16850
19411
17665
16556
16438
15352
14401
19598
19719
14275
15139
23375
12998
26236
13723
20501
14405
20588
27123
20530
24180
17588
20420
20789
18550
47937
26359
25760
25417
16699
21578
21604
16096
23450
29299
14262
19507
18444
16270
15571
16971
29218
20284
28599
14464
18069
18622
21480
14605
25762
16870
17703
21691
15868
21260
45496
36573
17091
14386
17058
18533
15909
35010
17011
43950
33944
28837
23689
38649
20174
36370
23733
21078
16231
16513
23048
16481
17384
15956
14398
30877
14309
15939
24698
43604
18579
19012
21125
14096
17168
17115
19985
14496
22367
18145
24373
17648
21124
39105
23695
14782
20317
30467
13407
13886
18043
15013
16332
18650
17929
19525
15847
14528
23891
21272
13304
15995
29544
15597
43068
17471
17073
16558
31265
22069
35375
16341
16240
19459
13794
17554
28171
15812
13183
25363
22653
22715
22011
20369
22914
15093
16291
13764
13783
16346
12969
25629
16415
17929
21332
13950
14112
15847
13568
19164
13567
14665
24857
44506
15760
16900
14730
28411
15448
20244
27657
50816
16374
12743
23735
20254
37191
28828
18631
19917
14969
21742
25478
15003
20632
17718
14668
22721
14922
14799
14062
22087
20781
19983
16432
12813
16351
16314
23848
38242
15381
26452
28079
21591
35227
24181
44078
18170
14529
21801
26529
26717
14611
15577
14528
26868
31085
14772
15624
17820
13934
24875
17795
18591
14696
23302
15042
23489
28114
15397
15355
15585
15188
15517
19381
15774
22421
18852
14611
21520
33989
29124
15718
19551
14723
24921
16410
14298
27132
19919
21977
18040
15737
19360
21150
19345
28746
21057
12634
22762
20580
16900
13951
20643
13308
30680
18458
29835
21365
26025
14351
24964
27636
16244
23217
18373
20946
20393
14170
15214
21822
17411
31692
14239
16691
34690
18668
18295
24905
20742
20184
13898
21739
15439
19493
14661
14579
16087
18279
17733
21029
13941
25017
13612
17598
19950
19143
15305
16400
17390
18371
24973
14638
17237
30151
14497
21148
19593
15008
16049
25802
26548
14428
18874
16289
23190
14113
19329
27452
16408
18396
30645
26682
22360
19616
33584
22720
23402
13525
15254
16148
23412
31221
25339
26740
29800
16218
16790
30274
16312
17936
15281
19209
18783
16227
36298
37630
21783
20105
33727
20156
30239
22891
16200
21233
15601
26875
16479
33241
15453
18310
15670
14775
14922
15432
28582
17445
21330
18307
30151
27860
26409
24456
17261
21475
26755
16883
12684
26649
13945
17775
20359
15692
16313
18689
20042
14685
32497
18044
19233
21845
14229
12538
22794
15963
17456
24079
18727
13438
20611
19194
16159
17030
30015
13165
21858
13855
14395
23671
32157
30536
14681
16359
13207
14111
19582
20265
26994
41265
14852
16188
12957
14577
24535
23407
39722
16685
19147
19527
23384
15185
16065
27316
16880
19951
14522
32296
23238
25334
15644
20439
19897
20448
14587
21842
34329
37080
29803
35578
27776
19551
37109
34523
14725
19137
24855
15353
15186
16739
18580
15281
15718
16732
27793
13559
17343
42468
18949
22714
18178
22704
23499
60911
15760
21538
17016
12960
25101
14013
27402
15635
15100
15505
15976
16702
15258
27207
15236
15177
18390
24372
16743
17980
19045
18791
21433
16333
15463
20456
19154
19052
19273
21037
14199
22812
21762
13959
50193
18903
21845
18471
19533
15657
23035
25657
16296
19131
44080
