37951
27266
16018
30271
23482
16245
16397
15675
14837
14004
21457
26410
21749
18183
14087
14196
14899
20462
23444
18698
18244
24784
18087
22193
17518
17332
17778
14996
21866
14050
14391
16670
27561
19447
15956
17102
17350
21565
19201
13279
16037
32980
14782
17109
19446
25909
24222
13868
13919
21915
19559
21572
17468
16989
18425
14540
13904
29966
17069
14763
16405
17643
18903
18146
18482
15871
16079
24585
14457
17534
15358
14344
18370
17725
16742
14965
26897
15150
17275
21347
32694
29855
17942
15147
39817
27052
14209
26641
15857
18176
15759
23016
22717
14319
15895
13456
34638
17116
17226
30646
21584
19902
25983
12839
16134
15921
17554
15434
16876
15299
15711
16261
15401
15270
15329
22827
21568
16175
17223
16600
15067
13595
14579
18211
22161
16747
17722
17912
20727
28363
15059
21326
36457
33450
15623
14708
19145
13528
16718
30691
16842
19210
15209
16572
16533
16219
15528
24211
14942
22888
15865
14103
41183
34271
14891
14453
18078
16075
19263
13214
14820
14312
16062
15387
22060
30473
15407
15374
16100
15927
14468
19856
23969
21946
27424
15810
14262
16864
17086
30168
15926
26573
24324
20845
26647
18499
17425
15960
19892
15260
16849
24409
14503
16512
14172
27820
21044
17533
14880
41176
19540
19308
17893
20181
18274
15170
25231
26120
15950
15353
17068
17091
24467
16455
15141
14656
18222
16650
17732
17805
21579
31204
27075
17876
15528
32200
14570
19357
37119
18659
21742
17579
14987
18214
17931
18747
17713
19747
20614
34441
24618
14277
20541
18003
15146
22235
15370
15145
20228
33227
21783
21407
18304
15360
14042
22659
18351
39596
14930
15605
15567
16586
14591
16848
24444
16774
15872
16609
18161
16851
15239
45710
27042
15387
18717
15962
15822
18006
17895
18684
14275
15868
20021
15433
16302
15229
22505
15096
21923
14400
25149
16490
37902
16600
14264
18742
26714
15650
22916
18131
15175
14218
14881
13958
21580
22943
22624
21931
19865
14505
14480
15160
18023
23620
18437
20740
16181
16907
23217
20493
27581
16090
17413
21717
19847
24214
17595
14838
18413
19521
14510
14723
16872
17909
15883
17268
31176
18822
14180
20849
29019
17835
23001
25557
14476
16986
17640
34820
21001
32820
15494
25600
16295
14171
34383
17015
18570
36774
19546
13545
14315
16375
13424
29022
15863
22698
21591
14852
15348
15147
14965
15469
17545
14406
18034
16704
22398
14728
16955
18522
21330
20896
15543
19621
19833
18796
16325
23535
28851
14934
31522
16183
24693
14960
16215
15436
14905
24173
20754
13918
21421
27041
17856
17657
15043
23112
32221
32983
14871
16303
18704
15120
16845
19321
17522
37364
19088
27154
20266
17109
19402
14729
18018
33082
14217
17095
25825
17481
15684
22025
14974
17376
18684
16922
16133
37140
18902
17256
15591
16527
28852
19314
15011
14829
18956
14449
17417
16265
40152
14890
16013
21533
16217
14586
13385
13874
15913
17190
14958
19148
18981
19017
20207
18341
21633
16390
14838
22671
17418
16112
229527
148547
46055
17759
17470
18724
31819
19520
35122
19649
16861
19398
18486
16139
16627
37085
29364
19509
19901
26942
20537
21645
30721
13682
30733
17017
19396
21579
14754
26203
22665
14525
14850
14230
17026
17108
28530
15969
15479
16068
15867
18293
14979
17524
14156
15856
24826
20673
19671
21657
23591
27794
15582
23020
16280
19270
16836
22648
23544
17049
19707
40283
15258
16484
15835
16906
30582
17523
14979
18011
16617
26530
17732
15544
15965
34837
17304
14971
16640
21072
14751
18247
28881
18855
18940
23479
22619
20370
22076
21126
17151
32635
17464
14011
25034
23023
22868
15372
21043
27359
15391
15270
18459
16213
25593
19887
17880
27619
39653
16404
16408
24500
16606
30225
17146
24468
18088
25764
17104
24743
15822
19510
29638
16646
15259
17390
22726
19115
20492
14118
15372
15278
18026
25829
14979
35183
24303
15136
27164
26609
22220
20486
22441
15472
20236
22633
30624
17333
16591
22933
14731
22225
14627
20476
20472
20030
14402
24140
18813
15040
17003
22381
17028
24980
17821
14451
14582
17270
14035
18949
13249
15638
17443
15204
15003
12774
22813
25562
13963
17225
22115
15603
22671
15326
17933
24346
17262
16649
15453
24592
20523
19589
29031
21735
16721
17126
18068
37383
13442
16790
20593
14981
18113
17118
16131
26811
17046
20983
16693
26610
17463
14706
17652
15780
18347
30723
21419
16474
22582
19653
17673
18137
17018
15811
21095
27386
14119
17513
22613
19114
23105
20489
21290
14562
23266
17702
17267
15613
23641
15844
20569
17165
13570
16667
22299
14169
17758
14744
29367
14250
20273
30402
16248
27476
20201
13539
14766
34858
19238
42097
14928
28500
17381
22619
45785
14694
17054
14806
14250
19665
15915
17249
16492
15724
17213
16506
14555
17424
14666
19915
32288
32404
17192
26075
14388
41055
14648
21300
16645
16485
20701
15943
13316
25314
18909
43170
15128
17123
13998
25673
31535
16303
19044
18230
22243
29101
16789
18340
15942
17912
19377
18689
16242
14892
17473
13569
20817
21852
23693
15920
14919
17571
40028
17225
19346
14363
24333
20181
17181
19806
16591
15795
17699
19428
17123
19734
19583
33400
21851
18124
19981
21131
18478
15310
17188
22145
24915
26936
15294
24004
19568
16642
15767
18759
20350
19439
14893
16102
23095
28550
19289
17250
17446
15814
12791
17719
17251
20280
14553
19891
16776
14704
31091
19861
14441
13873
27187
18501
19578
21108
15031
15017
15180
21524
17068
19073
18414
15475
13260
14851
17068
13265
15405
16603
12967
18206
13583
15263
24747
13136
15661
18280
40193
16212
15476
15734
13987
15189
14651
15472
22200
25699
14121
16664
16034
19636
14796
27645
15659
14988
19812
17744
16220
15948
19658
18967
16086
18201
15159
24040
14754
22376
17699
15060
18694
15512
19331
19206
16347
24526
18026
13895
14686
15628
14037
21661
18508
15894
24035
19187
19354
16893
16956
16575
17682
13070
17184
16293
16764
19313
13628
19143
16218
15944
16348
17709
16093
13729
25782
25364
24771
20268
20708
18958
25345
21554
15357
16239
22854
28344
14121
15839
20940
17619
33091
18253
15234
15491
14423
35481
35700
18195
13212
20024
16961
22954
25824
15387
20543
16482
17849
20034
14532
24414
15019
16889
18569
26932
19330
24740
21037
22947
12897
12212
13902
17250
21309
21208
19850
16855
21920
14882
32706
39321
14897
18646
16468
16936
18558
14220
32378
32517
14124
21096
23121
15107
18444
19401
14721
18068
21207
14159
18270
17626
15180
15450
17840
17838
16209
19486
28870
20277
19499
30967
13609
17215
16555
24430
14840
15797
17739
24234
17500
16676
25986
15365
20874
16248
38604
17336
15881
13014
15813
18488
16174
16521
14165
19328
17867
16438
18125
13585
15476
19289
18179
15985
17989
17176
27777
14449
14864
24696
23728
18932
23343
23398
26116
31255
19105
14708
19464
23114
19709
22653
24719
16654
15164
14393
20752
19422
12935
24196
19923
15422
14288
16953
35838
14000
16633
20789
14753
14137
16003
18906
15425
16855
18219
15565
30869
14386
14254
23893
15307
16032
21204
12760
21100
17544
14355
15104
13347
20374
19203
28360
17526
22516
13759
16875
24822
14163
15147
14254
21871
21948
15312
23327
17396
15095
23195
15779
23333
15882
21042
15669
13938
13380
15547
16469
37598
15248
16643
38540
13033
16346
15978
17261
18195
15055
28568
36616
17776
14255
17506
27055
17788
13627
20816
17767
15312
15196
20794
31983
14895
13518
15064
14597
15150
19080
26830
24207
22079
21607
15789
17629
27848
20774
16590
16451
16983
18281
13997
20664
16791
19059
20847
21238
19259
17082
16757
16152
20063
18883
16730
15218
19672
24351
22882
21005
20836
22692
15426
22957
18643
27170
16667
16153
16904
16148
18296
21861
15515
17973
23320
14947
16524
15720
16656
13357
20090
18880
17037
15393
21845
16329
18227
21759
29809
16297
14641
22504
19107
20609
23252
19463
15925
19341
21742
28774
19232
20162
18034
13890
26267
17061
15167
24046
14863
15214
15806
33256
22604
17107
23253
23458
23528
26901
17911
21556
15357
16236
18502
19977
21931
53353
15381
14464
14340
16724
20276
15367
18950
31468
14510
19094
13890
19630
27888
26970
14383
21632
14517
14187
22700
16225
18626
16266
16419
14914
15822
37688
25292
15108
14520
32298
15963
25199
18403
15148
14822
15958
13668
15531
14618
24010
14865
28092
17906
17346
19465
19106
15399
21390
19087
15982
19296
18012
20441
14802
23882
14943
13517
18221
15471
14205
14515
13511
15747
15184
33424
23627
17875
28147
26526
19446
18923
24036
12552
16809
14509
23764
20380
24322
26542
21905
25225
26489
20629
16424
16114
16097
14694
20535
23931
13741
16536
19177
17141
13702
16499
18272
17208
18554
14832
16242
13257
23060
23481
15970
15806
30549
16092
16575
18759
19456
17232
14210
47110
19811
27564
16351
16129
15410
19109
16079
16509
25434
23465
33044
20777
20456
25941
20049
15155
16646
15983
29832
24025
12807
14366
19380
15786
32998
29081
26232
15246
17735
18056
14970
17303
15165
15549
16237
24527
14325
16390
23882
20063
15829
13583
19628
16266
23041
15337
31968
23495
23006
26110
14891
16633
13314
17358
15038
15862
15324
18694
18285
18771
20223
15645
19274
16242
34369
17610
14030
19564
15176
16681
18750
19012
15028
35562
30397
16202
18391
29377
17379
15279
18264
15702
21108
15415
19107
17686
14641
17772
16773
23432
15551
30573
24074
17020
16720
16446
19926
15887
15821
15317
24487
19627
17999
19042
19484
14311
15851
18063
21923
18762
20520
22088
31035
16095
15285
21043
23877
18664
16327
22421
13572
27432
29677
20912
20790
23960
14176
18015
36650
24354
34814
16410
16000
18582
16540
16698
14912
20191
18126
28219
20365
22289
13373
14905
14775
18112
15714
21311
25344
17485
20695
15275
21900
15577
16476
19218
22058
17666
15979
34514
15089
14966
18411
18507
22199
21399
14093
17996
30746
49064
15222
18121
15629
26392
18663
23586
31557
20098
15243
19585
22414
16830
14806
23108
18033
15929
13466
16850
20387
30235
21458
16611
19149
16171
18909
23604
24405
15141
15694
24230
15399
18098
19294
15255
19038
19476
21716
18941
26022
17671
14802
15552
18287
16718
21685
31451
18184
24171
18535
22399
21765
17762
21908
23001
16896
15462
25597
27169
15041
14962
24809
18960
15296
19819
13563
15821
14291
24391
18495
17180
21268
40008
20850
16599
14893
17424
18502
19658
18947
18937
15742
14956
17234
26081
15074
26451
19062
19162
19710
25231
17836
20733
16277
15994
16898
21633
18508
20361
15465
15311
15274
17084
20509
24361
41835
30867
14462
16120
27766
15024
17840
15739
16528
25811
21094
14068
13825
22947
14158
18654
13727
16752
15872
29515
16011
14167
18255
15218
23679
28277
18572
53384
14967
29191
22492
38162
25399
40009
16493
18065
14966
22898
25156
16616
17025
24791
15757
18735
34357
32196
38442
15810
19825
20481
15980
22350
19899
15391
15975
18077
20532
18180
14246
15529
22580
17106
21521
33330
34453
18548
16340
29250
15173
16557
18567
22291
14425
27358
18369
28659
21505
20967
29507
23765
43655
20167
21534
16853
15216
19062
14896
19918
15193
28453
41698
17409
20263
17291
15518
16588
16352
15564
14187
18501
18187
23226
25676
17315
15539
15177
16174
39237
14544
23458
22657
14893
33808
13210
43611
15790
36600
21932
15706
18597
18723
16126
19337
19114
17433
17815
18428
33262
15944
15087
14961
16885
25686
17911
18586
17727
19699
17818
18296
14574
17023
23163
25085
17749
18123
15275
18669
31976
16824
17596
29111
14983
17259
24386
42332
16101
16778
15584
18312
20430
14744
13967
15017
15497
15955
15171
26439
22139
17117
15473
20502
15035
23917
16371
13780
19748
19711
14837
27595
21576
15224
16286
15107
17813
16548
17495
19718
19773
17919
14175
15704
17942
24864
24222
18674
14648
18637
13724
14800
18390
15379
17211
16811
21802
16079
21455
15879
28058
16927
30163
15899
19826
15672
15531
20491
32862
41655
32653
14241
16712
25380
24629
14364
15145
16195
16999
19962
13893
14972
16401
15457
21404
16865
22562
16316
27852
18436
15842
26011
18917
16151
16267
32340
18303
15459
28372
12849
22721
23386
23064
19023
22122
33722
15194
16085
18190
23117
31641
16275
31032
15645
14557
28291
28390
18062
19855
25266
19350
30327
27881
19785
17811
13911
17358
25488
20139
19902
16472
24801
25421
15598
28127
18520
18587
17810
15635
14395
16042
36115
19993
18564
29494
16041
22217
18633
17953
14709
39871
23470
18610
18859
14674
17317
18311
20445
19833
20743
33266
22510
13896
21215
13361
25255
19569
17497
17000
14679
16030
32112
20875
18190
20730
17947
15312
14279
13829
24065
14459
18684
22685
29213
14504
33112
16530
22393
22049
15071
15232
15672
16110
23061
24882
13052
22636
14942
18484
17711
16211
18043
15580
19422
22520
13839
15449
17638
29404
18260
15918
19841
16973
13789
24127
19732
28661
15617
15423
15683
17916
15344
38163
40620
32288
31880
29402
24461
18052
20756
25503
18869
15294
20134
14480
41767
28044
14205
24197
17419
16534
17921
15163
38697
25300
18055
22850
19780
19922
14430
28472
20900
20533
18160
31192
22000
20963
18815
18767
22741
17637
24178
20261
23700
19558
17689
21399
26230
22462
15803
15859
14918
17621
27009
14661
15221
19671
18782
37235
15469
24521
17180
14214
20317
16843
17639
25133
19407
16603
17785
23004
22069
38843
21572
18176
14392
16549
18992
25005
56739
15020
14406
20399
24777
18926
16153
18012
14219
17125
17331
15204
17778
20195
18819
14632
22583
27424
15850
16519
16172
21530
18339
26234
16758
16440
25324
17623
15771
19287
18893
15386
15055
25749
15078
19485
29987
44123
29132
25143
28854
26333
21339
16029
17925
24597
14926
14872
21145
19495
14465
26363
14050
17896
17468
18709
15640
15184
27957
23248
14733
23741
41892
27690
32973
16972
15175
23267
18464
19185
25416
16917
16217
19625
22605
19228
16143
17145
15266
14963
24671
18485
15074
13526
18803
26548
28273
27977
19542
19608
22360
24587
16383
17233
23697
17059
20761
19420
15387
17993
16055
17575
45639
16737
16907
18394
33662
14503
16152
16597
21896
18378
31026
22931
17673
21887
15724
23882
15482
29376
25372
13693
13927
15263
18582
23267
14505
18897
17378
21577
20081
16227
30980
14964
18455
18596
24922
23691
25112
16534
14582
20287
20991
25021
15330
13899
16196
16505
20741
17317
17289
16489
18820
14924
20210
15755
17628
25312
16034
22468
16233
26923
15585
33934
19520
17457
14748
15153
18578
18228
14347
17268
20251
18485
20775
23462
31807
22567
16197
13717
14747
15408
15560
14854
15824
20414
16540
15834
16895
23452
17383
15135
24589
18483
24001
25090
23102
21757
20289
16919
20221
24652
15640
17881
17410
14100
27391
19850
16797
15454
17181
20157
15591
13833
15011
15605
16037
15121
12710
17527
17604
18525
20535
14552
18926
16523
23968
36786
14784
16084
16551
18926
17083
34002
19240
16050
16548
15510
20173
15596
20490
20651
14877
17997
20286
14857
16974
17097
14545
18793
16689
19347
29455
19089
23581
15683
13925
15592
20792
22774
14947
22325
14747
13577
15962
15934
22545
18041
14228
15499
18096
16398
26311
14406
32601
14771
19603
15063
16465
16694
20569
14307
15121
18412
16247
15391
15786
16651
16020
25202
17069
14789
20077
15295
17007
14687
18152
27876
19821
15892
21289
16752
23108
16097
17378
15161
22627
22047
22875
25635
16334
24648
16946
13683
23325
26810
19011
15783
18396
15147
16255
15756
16650
14330
14220
16584
25334
15453
12962
16839
17800
24142
23087
21131
17765
19451
21617
19452
21598
16581
26376
17533
15132
15893
13137
24202
15461
14135
20509
18701
13985
17277
18382
16577
15506
25379
14671
17159
26482
20525
13617
14159
23353
23141
40852
27190
18089
15270
15262
20537
20309
26079
15392
14688
21912
29166
17406
18958
17846
14056
27324
15713
14827
15933
15852
19091
16717
17268
16166
23387
22959
19101
13836
24592
18892
19606
32952
16318
13577
27804
24670
22088
16015
18879
26827
17722
16323
15423
17636
15112
44525
20191
15759
22275
16330
14633
30760
17863
23981
23143
14638
19549
24596
20637
19578
15117
13449
16646
24772
20184
14592
18956
16903
17314
22113
16244
18224
23223
20042
26266
15439
16675
35273
18569
23205
20291
13857
20699
26934
16006
15593
19628
15322
20872
27893
17427
14413
18853
16080
12952
24684
13098
14546
23223
28993
17080
15049
15164
22918
41412
19661
22244
14345
16274
13890
14900
14177
14917
16560
29813
23086
19298
15988
14246
17082
21997
15387
15662
14821
18346
15995
41890
40037
19264
12979
20400
17767
26064
18114
16915
17760
17733
19990
15194
16896
14245
21984
16876
16588
14538
24129
17310
21161
14108
15987
16260
17859
27956
13675
15135
24923
17203
17242
13490
13965
14233
15160
17800
20102
27240
16425
18686
17868
15075
13822
21035
21979
23358
22122
16001
21928
22803
18378
13517
16171
19108
15242
18651
18687
18371
23170
19158
23720
20471
15762
15520
17138
17338
16605
18464
20321
26938
19456
15116
32752
17184
22641
23521
13919
17235
19173
20907
21264
22489
20852
34089
19820
15976
17379
45008
15502
15252
18382
26913
20089
19594
13689
15946
21292
17525
16118
15368
28096
16177
14692
15219
15577
15839
17786
15177
15019
22292
14424
14321
22415
20690
16403
20959
14351
13867
21896
26620
19950
36705
16569
20557
19106
41493
20753
27162
16806
16065
15125
19337
16176
16155
14976
19256
14612
21917
25638
13214
15549
17751
16053
17965
15335
18097
20530
22647
16762
27529
14062
19196
16579
31532
18144
17664
13966
15949
16646
19560
13946
17879
19586
13092
15150
48354
31986
28868
14619
14308
16487
20975
15243
15938
20437
16466
18993
16951
24338
25879
20045
15982
17711
30726
18297
17234
31385
19120
18393
23846
19375
22694
23142
16652
18280
19513
17048
21633
18321
19000
50611
18840
16738
17493
25393
17203
18308
19890
19563
27110
20732
28426
14173
19092
15030
15310
23036
17002
18625
18325
22430
21309
21414
15193
18923
27161
19621
30485
30868
17272
14658
17623
25587
20413
28006
40908
30723
18262
15946
14833
23509
13765
14168
17883
15793
24603
22143
21215
20796
21588
21688
17339
19318
15986
15425
13650
15935
17539
20237
24772
14688
19180
17985
28871
33124
54569
18426
16560
16347
14615
15840
29572
15471
21855
14851
26138
13346
16156
16526
23463
17574
25530
65078
16288
19935
16474
22557
21220
16371
17139
17028
23655
30014
14990
17677
20651
16508
18656
18576
21643
16122
23984
19465
20740
31577
20919
20687
16692
17388
16898
18093
16612
15526
22965
14702
19172
16266
31167
20850
19189
14743
14101
21836
21640
17657
18967
17702
16248
22233
16700
17108
24106
17117
21699
15655
14325
14789
15043
31324
21893
14819
20619
17374
15690
16997
21198
14062
16285
21826
16518
34763
17652
23861
23268
16355
22629
22648
15132
23367
17949
17615
22273
13211
15016
18047
15952
16622
16784
13906
21355
15518
16146
17363
16404
29951
26339
24779
15646
34394
22296
19246
21985
26627
24002
16092
14507
17588
19835
27982
40108
16148
16332
14000
18950
19473
19294
39506
17232
15048
34177
21575
15550
14531
21526
13986
17006
18859
22407
13954
15415
14398
14573
16382
16655
28519
19427
25000
19553
17251
19404
33892
19877
15767
19827
24605
20858
14858
19423
13965
22538
15684
13420
22322
14767
20557
14027
19067
18180
19166
15910
23312
36234
27444
19707
19917
17136
16128
17589
17088
25683
19646
18950
16625
17709
17537
20941
16320
22166
14638
23524
27356
15227
16987
21117
14003
16645
25693
36475
20946
24304
35155
21715
17870
19103
17946
28467
13364
17090
16615
15418
21481
25606
21588
22674
24545
19844
22661
15649
14336
25371
13553
27959
24617
24032
20132
14801
16142
15700
18430
20608
16087
14914
21179
13915
19648
24813
16387
30377
18805
14752
19477
23836
17976
16555
15017
24009
17497
19244
18594
13750
14867
13136
13925
17551
19261
16183
18566
25805
12983
13543
16808
18194
17781
20990
17407
18786
16249
14556
15600
18569
14939
14823
16903
14928
21477
14206
16548
20303
17446
14347
16977
15290
13353
15196
15659
15780
25771
20131
17167
14885
18261
14786
16368
21208
18649
19296
14633
14908
16068
15386
17154
18000
28765
17438
19053
28444
18006
24275
20584
16768
15640
20721
20339
16222
19864
20195
14603
15806
19949
29633
16392
19528
17878
14528
23249
14832
27553
17020
15242
17331
16978
17133
39313
17543
15556
16185
20434
14618
25559
20050
24710
15104
21936
24755
18118
19068
18946
21143
16766
18043
22813
17915
16788
17549
13859
18403
21834
20599
21601
21163
14828
15849
24031
18582
21357
23626
22413
15565
30329
23354
21131
16546
15620
41730
18038
26012
15458
18164
19179
17677
30628
16512
16135
20088
15676
33026
27201
20592
18087
23980
15541
16391
16724
20837
15146
52953
15525
16454
15114
26605
16476
27405
14417
17507
16711
22772
30492
16330
25307
17145
15951
18981
13947
16489
16202
14567
13786
23970
14522
15455
21395
15128
19742
26038
17501
18114
15989
20352
13261
46615
24548
14863
15104
16151
16448
20259
26158
22221
21156
15382
23356
17157
16470
31905
13938
20406
15286
19771
25427
17758
19345
19070
18891
16540
14523
36817
14673
20143
17721
26764
24971
24610
15916
37818
15796
20533
41751
30929
17234
31856
14993
28232
20167
14985
23333
17463
16561
15240
16271
19905
19418
17071
25767
26936
15910
14587
26484
16926
26876
33964
12508
18615
14718
15542
16548
21278
16552
16774
22240
16087
15021
19853
23935
15801
17959
18756
16589
14907
20898
24430
17923
16544
18846
16555
15897
28197
34892
16137
27178
15457
14114
26282
18274
18782
17201
16562
25843
16618
16896
13759
14975
15362
18685
13498
25392
17362
16897
26278
14341
19388
16799
22790
15466
29188
16216
20619
14690
19171
12743
13132
18233
23162
18516
14267
17676
17089
16684
16486
14113
14081
18494
17196
14604
15467
17294
15861
17403
20580
27817
16554
34746
19778
15810
29384
18905
15304
14453
24045
13723
23809
16183
17777
43643
16038
14278
22066
16343
14546
24288
23532
26922
22048
16755
16414
22284
28215
14653
22024
15863
21940
15052
22192
19871
17174
20868
15462
16545
21111
40296
16700
21288
17183
14854
37353
14106
17628
22323
28062
18010
25759
22007
32187
20245
33645
45555
21076
22260
20409
22139
20989
19523
17390
17198
16152
18458
20258
22315
27403
23350
21277
20378
15644
27630
24452
35752
14728
15827
17295
13969
16311
15032
16683
25806
14342
44214
27524
21673
13413
14703
16571
16709
30320
16866
19004
16376
19592
14409
16149
27479
16432
19436
20996
15134
28719
19198
14123
18255
19096
21986
21833
