29814
22012
22521
27142
28778
22994
27162
16215
28140
30175
20267
17895
24510
23779
20944
26149
25394
21769
23643
21430
44467
27409
32847
17215
20139
20379
16587
20112
28087
26596
12217
21803
60503
17095
24704
20994
21594
27314
21707
21011
14678
32564
38310
20637
16478
19567
10963
27566
21993
18242
28581
40406
13844
33563
29612
42258
44013
16938
26677
34366
18230
19510
22101
27790
27179
18486
10802
22534
17149
21832
16767
20276
17504
19280
27854
13823
19593
34018
29481
20834
21546
27227
24278
21047
21523
17351
34007
36213
20047
18502
28857
23723
16430
23633
22354
25372
21599
18157
22355
25937
23376
18655
21703
25112
30275
35390
5349
21964
24307
20969
51282
32417
52220
16421
23195
21156
41258
50405
28145
19123
56616
26200
19944
25609
18134
25214
26037
24384
62637
51392
70875
19499
23816
22367
25534
32465
36113
23120
32147
19440
21461
17854
22709
33366
26909
34840
17894
26923
19544
24393
20683
36020
53960
76599
63416
27567
36579
17396
17542
25143
27154
29761
19121
29621
30749
17498
23126
35219
32186
22331
12349
15255
26345
17841
13170
24815
50089
18148
13057
18859
19244
15775
36728
19052
15490
31324
23740
14593
24395
21193
24489
25609
26255
16853
21621
22455
23164
16859
16319
27143
36188
40814
19049
26362
28756
24591
29750
22733
20071
44620
20476
21181
29921
11162
26673
23203
23378
45605
78920
89874
16696
28500
28267
17792
18699
20374
18834
20807
37014
25713
29032
21592
33914
18227
24100
16714
22881
23821
26862
22016
23376
23570
24580
42387
28009
37149
16547
22264
31710
32665
23956
38620
19290
21198
26674
23849
16309
18166
29256
25258
28902
34981
34752
25132
15958
20167
14778
17933
19859
48684
34520
36881
89495
99210
10510
25242
21063
34022
23792
30929
19589
19148
23320
23039
16551
22391
20491
15756
39401
14477
16207
22631
21887
25486
25239
20942
21926
31018
18385
22569
31483
39387
21082
23271
14543
31453
12753
14030
12935
13345
17312
24432
18481
15975
23420
16089
26787
10469
16343
30785
27475
19910
25856
25038
20579
24170
48189
18475
16569
34242
16772
19785
40536
19261
18682
23331
24239
22607
14642
22044
28488
24929
23711
15082
21045
29758
19756
29728
22761
23327
40246
49879
23046
16176
23400
20459
36925
30245
39167
26320
17716
20167
16486
17247
28674
34571
17689
14658
20670
19552
25036
19831
45293
21735
23628
28624
21727
14814
20964
25191
16536
26769
14184
17533
31096
35487
33071
17818
21367
25172
24166
27425
27025
10777
13108
26900
13413
23806
19243
14766
21810
36625
26268
24968
36256
20521
35039
14546
17857
26154
25614
24452
32811
34818
52407
20555
27680
22410
27256
22386
18787
16839
22081
23669
15789
14653
31451
24544
36438
4847
24836
30915
23371
20364
11851
23860
25364
17307
35823
36104
37634
52027
34533
25534
26255
38969
22892
25065
23043
24827
26815
26679
23534
19795
20392
20537
14846
14852
19560
22329
42499
54167
30531
23377
19911
20214
23320
22737
31404
26243
15860
12739
18415
21470
23578
25910
27131
28423
35396
49849
28732
30388
18145
17853
55695
10874
18511
24852
20176
31674
16705
16375
17586
46303
20427
23040
28114
24089
34183
19244
27077
12963
13840
18378
13313
27313
29037
34269
26794
28469
20175
24832
18864
25143
19163
27973
23132
25595
34168
22500
21973
20568
16298
20086
20099
22106
15290
24457
19471
23812
21598
24137
23090
23983
25568
33478
22848
15709
26716
37003
16231
45969
23227
24955
23122
27532
30453
36579
20714
15817
31320
17352
34955
27529
34424
23538
24227
21023
24373
33687
25775
27265
23166
27320
25871
28598
15985
24198
31335
16877
18623
39118
24394
29051
26490
22454
36077
23063
19872
19984
21049
44062
22705
21126
38209
31158
31345
17608
23526
15921
19097
10303
17296
19532
16684
23888
6012
29557
24506
24673
25209
26689
27302
23993
21647
18161
40714
37954
25475
17658
16826
23306
23864
18158
22799
12585
20844
23502
30442
36292
35966
29267
22258
13477
24228
36556
23791
26881
15636
36039
22580
21199
47276
21737
24828
26182
25153
26279
18554
18727
14828
18067
22724
26833
24084
29728
23457
20716
11625
24445
27024
21772
24568
24466
11738
40260
27494
22630
32289
19649
17854
24263
23597
54065
17919
26509
15641
16926
16370
22167
50757
22593
36781
24874
30104
24899
37144
53647
14743
36054
17872
14822
27345
24335
38477
28846
19843
24412
26058
24917
21496
15984
16562
24250
16196
26283
13804
45847
19674
10799
20869
23330
37801
28832
25668
37284
20889
16520
58305
23635
37702
17439
19714
26824
23033
18685
17767
14490
22591
23692
23768
31633
49282
66120
48202
24141
25810
21131
29455
33806
22638
23598
33528
47624
52451
27610
15300
26202
18700
28139
29784
25392
11202
20744
37405
35175
19013
20500
12530
28172
18924
22377
18448
30557
14591
18813
27057
46725
20388
22389
39777
26952
33299
14142
16908
22963
37898
28298
23334
35310
21808
30535
26186
24651
12432
20517
19852
30958
23181
15160
33942
56764
30959
25050
42417
25875
21782
24214
26678
13708
18872
23497
19397
16716
17039
18814
25365
18644
25479
26573
19925
27958
20771
19967
24107
34030
30201
18201
23072
36013
43979
31065
31403
21176
21508
19362
26731
30321
21719
32576
25388
26816
17091
20301
28916
26809
34652
21304
15855
17905
29478
17961
31748
21635
15772
21219
27291
16754
20800
21634
50086
20382
23689
20018
22929
63386
18514
22204
39022
22164
12295
30821
18205
22101
11204
18862
22834
21995
20998
20381
14592
18212
26443
30447
20160
22997
14692
25260
27389
28951
12649
21184
32306
48868
51301
15369
22000
18296
34010
23986
21658
24521
30644
19044
19212
50439
13157
18454
17663
15145
22623
33749
17633
26739
33780
21161
31144
38721
30781
69842
33141
40018
38019
20001
26279
26346
15607
30607
22898
23140
22908
35836
31579
33003
11485
16952
22853
18892
22602
33891
19954
24915
24810
27536
15419
28440
27571
21087
23398
31229
23628
35656
33614
19461
13865
15041
18536
22452
30752
32192
17147
24472
35880
31858
8139
15934
34174
19113
21259
26568
21610
51008
22055
27069
32621
26882
18834
18114
17545
25657
24071
19560
21045
25174
28574
13912
20029
28448
12204
21621
23028
20438
37905
14020
39108
12699
12092
26970
19119
18983
31033
13154
24388
36367
26658
39901
52877
40245
31669
23585
30120
34843
17004
25333
28741
16929
17879
28409
16775
26284
28094
34605
25547
27721
15377
16775
24904
29917
25585
13725
16494
16661
21168
36266
15208
13675
31305
16959
16000
18006
24607
16103
26217
31432
12584
24616
25828
23642
18532
25716
22614
14446
28218
30533
20509
15444
26212
29358
9702
20186
40552
36384
28134
18776
25074
32508
33981
13442
27394
24321
29395
21195
25855
28545
10828
22343
21233
19671
25949
25120
16430
17540
31580
25214
38958
19673
27197
27906
25453
25448
25011
19165
32122
17929
21798
23507
13733
30731
22541
18573
29012
23994
31430
16574
10879
17792
20868
15956
31157
23296
26823
31858
12868
27876
39461
35554
21652
21516
27972
16761
22350
23587
20132
29148
30640
19156
24026
27551
19890
22060
21794
17224
22111
31848
15254
28022
47841
24693
28963
24693
20606
11833
14355
22920
28545
22988
24258
35784
38309
16707
18755
20887
22171
26045
23313
29683
19970
29133
69593
19724
18271
22261
15085
20577
20757
18452
29980
31713
64712
15743
26199
16555
18626
20241
23988
30858
28184
28032
22451
47639
28032
14756
33155
13991
33115
16906
17047
28462
16007
21178
18187
23346
35169
17957
18248
19532
24696
35014
47726
31609
18492
19099
18677
31083
28747
18076
31774
23011
26162
38087
18111
25426
19355
24496
17511
45571
52160
22928
20260
18912
36358
24109
14957
39306
30219
15398
18487
28483
16489
12886
14601
26161
17992
17773
12986
24260
30668
20543
22206
13699
24396
20060
33383
14707
21266
19241
17752
18850
28905
23514
36973
21790
20614
24356
32417
18659
21453
15650
14074
20147
32660
39342
19370
25202
27564
28688
29451
38651
22113
45447
19697
19491
23834
19909
24297
21216
22161
20936
34597
21843
21908
22610
34882
27109
23116
30269
69041
16736
27360
26972
18580
29754
17917
16667
22294
38113
20216
22606
23651
32549
21994
22502
26663
39252
23286
17299
28199
21169
22639
18352
18193
14663
15924
22471
19321
23697
24975
43707
19044
17427
16695
23850
16971
14724
23881
18841
20705
15017
22005
18028
33285
34378
22858
20576
13114
20988
28543
19904
19673
26506
28370
42582
40758
34821
19686
26740
22491
29144
43643
31924
21218
24553
20592
21743
18966
19468
32993
19685
16168
18076
21552
19918
38276
35704
23570
15579
25126
15970
17394
23590
21600
24191
37979
21805
16483
24949
19009
36817
18587
23093
16565
37800
22037
18880
19514
24867
24533
22560
17541
31212
35564
17334
17037
20458
29125
30426
15732
29775
29336
44637
16532
22115
19871
21485
23479
23501
11005
22976
21042
15013
22178
31554
29260
20487
31009
9461
24741
14157
22512
21142
23543
25112
20795
38679
24185
28064
15124
15343
20284
35737
39663
16990
26564
20559
21250
26128
31037
21572
24845
29625
33500
35809
29425
23612
21616
27553
33526
37012
20672
29611
35131
16883
45383
34853
23417
19652
18100
24417
30867
24450
32071
26813
20175
20749
15717
25543
33435
18848
38144
37129
18887
23591
29936
26593
34307
49779
27570
10112
19121
33949
23082
24244
16033
24342
15881
14587
24326
20630
13647
30865
24110
38007
25212
29993
21668
14566
17819
30883
35782
13024
22101
16272
18865
25738
16895
27298
24694
20855
21321
32138
22150
20330
13463
16617
27756
21464
18117
14012
28632
21586
35205
25745
21369
29834
22934
28963
23790
26848
22466
29347
19602
25093
24802
21297
23711
21351
29656
27512
21525
22672
34613
24263
18394
25222
16045
40009
23064
25896
17826
17250
18908
17485
20178
13041
11652
18205
16343
17179
43358
28459
11521
33180
32064
20647
20372
25842
17943
13784
26865
47848
22040
16282
31956
21251
22194
15223
17607
25705
22696
16278
19151
23122
20049
23308
54873
24987
23549
17193
22002
25799
24952
15355
18144
27275
34621
32538
16062
24558
29214
22093
29758
22396
14977
37170
19107
34989
24569
43339
24509
47101
35442
23879
24235
20643
17945
47661
8743
44420
21828
15045
30746
22773
19717
11378
33843
23952
14000
28183
17343
26831
18124
23742
28728
28588
25314
32576
26206
15467
21924
56204
10652
18377
28031
37103
14015
11959
26286
21870
28560
37079
19144
19057
33069
18840
21003
24447
26246
21655
15244
22801
17357
22164
28452
18717
24329
23617
12468
21513
23829
23313
31880
34947
42215
35171
32444
23915
35127
26984
15975
23082
21301
31235
33068
22692
20835
24167
44121
47503
56132
23123
19171
13839
22206
25476
15516
19836
48214
34289
19696
22861
43866
50532
30500
34440
16945
18195
35272
18748
25013
15268
23362
52015
26004
19357
18883
37337
50165
70829
28536
23266
23556
22580
32541
16057
26958
18246
28408
26801
17024
26512
19047
16594
20077
19220
22603
43068
56528
57628
21607
38139
20416
31458
23750
31397
14478
30087
19227
27223
24247
22137
27502
30730
30564
20803
24228
24134
22292
13909
21141
22850
24556
21463
27450
19656
44056
23053
28725
21432
21850
26115
25132
23845
20268
58525
17971
18392
27701
37521
31209
11563
40919
17254
53085
71193
74662
12717
21915
16751
51071
21255
21616
23648
22742
37690
14823
19256
38744
21180
15163
23431
27433
11892
27376
21327
30981
29149
20769
16769
31306
16353
37201
19962
21246
24507
27209
24412
14028
17324
21204
20691
30511
25420
18610
27142
12575
28683
57582
32813
15679
23439
24960
32274
14741
30088
46689
31606
25348
22712
49459
6040
28409
20862
20214
25326
47818
23162
17486
24557
26652
17368
28249
25117
32743
30171
26434
12056
9179
18957
32942
18775
27528
13819
17771
25846
15535
21730
20564
14420
34037
36964
42177
55793
42301
23628
20403
26133
22751
16729
17990
23116
20925
18984
16355
18294
37136
22839
55251
47565
18407
18261
21334
21278
18960
19636
27577
29564
36173
26704
25636
29145
25837
14623
20648
19869
24656
21047
17284
22913
18511
31383
21875
24075
29921
5803
31952
75034
66184
79089
72589
21987
19086
40625
13519
18945
19309
33133
22445
33604
18493
17736
52858
22574
45301
15979
24285
21558
21455
32046
28227
46688
21977
20404
16592
24273
15500
30459
16895
19651
19206
23929
29265
30189
28671
17861
26527
51574
23326
26450
19027
14731
11611
19478
28479
29737
24625
18548
28939
10818
20712
26577
14566
21998
27824
30355
21100
11848
27779
23844
24686
11779
29701
16180
21176
50595
24101
35255
26078
25247
19437
17973
24549
32559
34639
34886
15540
31918
29933
25062
8978
29382
47387
16074
25716
16329
17101
16433
17930
20747
45131
49518
58527
24735
24457
22473
28510
16574
21290
25450
32448
42917
18355
17605
25405
17573
18285
30178
25699
22530
20741
17085
21102
13433
25136
19749
32303
14193
21648
22787
24095
24004
13560
39889
14477
21328
21664
15954
29114
43663
26060
21338
21126
13387
26107
23370
23525
33669
42680
17246
27573
34786
27421
20139
23672
20440
31768
20528
12645
20594
26511
16432
39756
27023
16132
25371
18500
17383
33191
22236
31908
31504
35731
24588
22793
7646
16309
16223
32989
30600
29613
18346
29702
24603
15719
21926
21203
15007
23876
36229
22483
31048
27143
42126
18603
13943
32623
23263
17333
30210
28220
23235
23085
25149
17023
26803
20810
32068
14147
21408
25075
24866
28474
22250
21346
19659
26562
25304
26609
19597
28972
15216
15804
27751
27734
22802
22686
24197
22337
27600
44481
64592
52390
22181
25390
18869
28351
28229
26680
37592
21196
16527
25076
20479
36013
22253
25040
17351
24543
41856
16497
23575
30451
14539
35156
25693
18237
24050
29365
21213
34443
14721
24522
35806
28569
22653
19625
20542
20207
32344
18685
18929
14567
42849
21225
25405
44449
32882
33168
20912
32597
28912
18025
19634
15206
19273
39455
28604
18672
17051
11592
12334
31420
48878
27928
20782
31024
29949
21973
28767
22656
38975
22445
19385
29222
30834
19077
38965
22487
26634
24096
46645
60563
20120
26059
23739
23600
19806
22300
26088
18896
22124
27815
25645
19554
32416
31677
27936
20378
24553
30020
24997
37410
39334
15454
18673
21854
17905
24826
20285
41706
20947
30187
15273
15574
31777
19642
19598
25166
16077
14008
19913
16713
25785
25081
14396
19902
15895
29354
20783
12256
21270
31985
36283
30832
30530
19891
23815
26704
25356
14940
25319
16311
27172
18550
25726
30733
18950
20731
29268
21566
27976
15046
13369
34494
20020
17650
23513
18709
29473
24947
27178
32218
21349
18466
16109
19342
30808
23232
30388
23942
24534
29989
36582
18483
7081
19209
26676
17292
24014
14782
15731
20295
22011
39060
32152
20713
39072
14830
30549
22478
28893
25775
38727
20936
27316
35335
21742
18907
17226
21102
22283
26767
18795
22431
26221
19429
26069
19830
27026
20860
31070
12297
21079
28582
24648
19334
12335
17331
23079
16975
20259
20494
35861
24771
70808
23779
20139
36984
29254
22354
24237
36365
17796
18157
20550
21198
24810
18680
36721
21729
52744
13659
27780
25158
36070
21546
18900
33996
30292
22263
27223
19945
31963
53668
14510
31226
21855
28503
18236
25609
39846
22992
40254
22303
35878
28346
19011
31185
31617
51218
30354
18462
47376
15639
23007
22845
22365
19803
17936
28205
24384
21953
20303
20421
28779
28996
14549
15773
20553
31046
18560
23962
19137
15380
23940
32604
55967
20707
23916
19012
26671
12266
28461
12095
17251
23409
26829
49874
63012
26869
18174
16576
14086
19647
16826
27161
22740
22896
27598
33665
26382
22204
18738
29087
16235
20695
25161
34295
15168
12670
24925
13207
20588
50880
21265
25260
25153
20835
17288
20987
23341
24320
39792
28079
28778
32123
43407
18599
21221
26610
62331
27139
27725
16766
22929
18149
32633
20994
33563
26583
18841
18182
15937
24384
18805
13822
14474
16341
21823
24137
25706
15156
21625
25852
23579
28195
15484
15160
23192
22991
26979
15092
25158
23124
15270
22227
17561
24102
31854
22968
31885
28927
21706
20932
29336
35406
23784
25065
39408
24192
20301
42175
68813
18433
22355
23363
37010
23250
27386
26834
31740
23486
19278
25974
28617
11722
21221
27248
28997
24505
19396
23153
16739
24689
20813
22649
19540
16818
20525
28245
20875
33739
13470
19954
22702
27957
17902
24348
17982
21171
17247
46804
27037
23943
18527
33547
24468
27909
20550
26721
23998
23088
16224
24679
18730
27815
32221
38590
18906
29164
34816
20198
13878
22190
20215
16639
34374
20543
27419
23557
18574
24320
19661
40881
26026
20027
28966
14195
22334
23565
41305
28990
17214
11731
22792
28881
43184
31172
35449
20442
18320
26293
24027
19759
15652
43468
18643
23080
12861
29835
18327
16945
24524
27926
32754
59663
24443
20202
28476
12635
27823
22347
40523
15802
19168
34795
21059
23756
39262
32125
35622
19310
26852
19044
15716
31158
22011
28138
19004
28933
25752
18716
38681
33534
16815
15683
29245
18566
33430
17482
6400
22465
19326
28437
23044
17779
21827
19712
18895
27118
22398
17771
22671
38962
15007
33403
36853
35078
23474
14540
18400
18661
27250
45455
19605
22854
20817
22186
21724
19939
32957
25252
17181
19038
35638
26372
39215
29687
45556
18827
22173
18700
20416
25191
19648
22400
30632
19319
23244
19600
23685
27857
20829
23634
22109
27424
24489
28304
24019
29592
18193
25975
16547
29332
37095
33705
13621
19192
27443
38925
34234
6989
27586
23682
19829
14863
32629
19437
17008
27422
17969
24596
53576
26428
17164
22272
30058
30391
19196
33755
11146
19308
19396
44015
50155
14708
32405
14740
25405
18355
26327
30808
23200
27555
19189
23982
11369
13797
18294
48934
41392
23861
17783
31150
22196
37468
23760
21958
38096
21716
25187
14858
29828
21116
50749
35171
19878
20826
25527
59825
19047
15094
16399
22290
20420
17330
20892
32225
19212
15476
27329
21514
26235
15898
42365
35818
17965
20749
45678
15212
25351
20321
25467
53267
30991
13471
22628
23832
35857
14812
21203
41635
47724
27206
25638
38044
21509
18397
29984
20178
35874
44306
17703
20942
30012
33914
41286
51290
19212
18147
23563
10615
28110
21354
28051
22714
24317
21865
29965
23661
21863
20159
28838
28421
23489
16800
26126
20426
20867
36410
27843
25064
37748
13154
31433
22773
45106
24833
44897
17433
27875
17685
24521
19261
27869
16462
25593
16542
16864
22472
21254
29050
23719
13403
23867
28312
14948
30102
38612
17467
15727
26043
24811
22709
15466
21361
36406
53154
9903
23113
24697
12483
18736
14301
17274
22006
17347
24134
16216
17652
17504
16110
24011
29594
29677
25185
21650
39227
30087
59861
19348
17237
34322
28110
26292
22134
20829
28761
36639
43701
65304
18101
34574
26099
15557
17009
21840
21748
22073
14958
16703
21016
19477
18765
31094
18428
21878
27536
22193
23565
18787
22016
16384
25182
18786
19318
32337
21563
23291
36770
22427
25807
21513
17584
22149
36084
24220
34053
23137
20744
18548
22896
33133
35420
29406
23884
37647
18110
24680
18062
17943
34586
23190
19479
25309
13298
25000
28571
34683
13765
20848
23224
20525
21436
24321
17557
33206
21728
27084
21614
21993
40648
45611
20475
44132
25063
28501
13860
19614
19554
25030
41429
22834
46666
45572
21828
30767
23217
21026
27170
30230
12073
30266
23539
21669
18392
24519
22267
21455
16834
24870
25793
17320
18922
43039
31635
34331
19269
24512
19227
33620
14510
18715
24234
27490
43860
23590
58431
28886
25819
22032
43296
21004
19698
27691
23846
12296
35135
16548
22839
17380
21956
18261
26699
31169
42327
51364
44145
25852
28268
17777
21935
21296
19555
25691
26998
18665
25511
21589
23775
22609
17135
20209
42198
18237
20451
30805
41047
21757
23447
12054
29526
25638
27637
28870
13801
27919
28809
28002
18584
33075
35010
21913
23862
17342
29086
26964
18488
14141
26855
22729
17817
32753
14259
29004
25158
30252
25956
24094
26861
30609
22567
25025
25081
25474
20215
22580
12926
15303
18032
26257
19545
23384
26605
24138
36507
31529
18115
28869
33156
24860
24270
30818
38936
39777
23062
21075
29102
22532
37598
18408
25539
18007
38122
23742
32918
21561
22748
19862
31184
29369
25805
28345
25608
23363
35276
38983
53083
12785
19717
33880
21829
30276
48750
23107
22144
28256
15348
16673
19740
29210
37347
32447
23106
17195
17974
25377
16825
17851
38300
42295
24763
26448
26237
17408
16936
29216
32488
52272
26063
18881
30291
18126
21171
17059
21677
25133
22290
16098
34022
22588
28852
39614
26898
39522
60311
17262
69884
11479
15421
26108
27040
22376
32783
23753
39407
25955
20105
22477
21634
20267
28143
16038
19937
25360
23111
19239
21269
19314
14205
26332
33342
25516
21773
33571
26070
20650
23730
12795
19822
18737
15478
14072
19706
16901
21466
30951
19395
28336
14897
20297
23927
16219
21615
21867
24722
18689
16262
44543
24022
18438
23554
23007
32891
58197
17447
23760
18226
29652
41009
21832
29495
12464
33258
18153
30706
28606
19506
24779
24635
30933
35018
20288
28449
26970
38460
62720
42176
67670
20843
23777
20319
31191
31891
52454
56580
20414
15490
27793
30949
39853
49700
26366
35706
16902
29097
21545
20815
21215
24236
30073
23331
20014
17716
24373
26038
30506
28890
43937
39364
14458
25083
24790
25266
23965
20190
29006
34885
32921
36593
16571
27989
11301
37709
29961
29723
20786
25544
26175
16913
15791
27148
32884
31493
13402
29417
18236
29061
27701
19780
32264
23044
20042
34402
15043
25786
29967
20701
21596
20504
19999
14566
18873
22000
26869
23013
37226
27910
42155
47708
19672
26903
44211
21353
24372
16707
41485
29417
29638
25277
21706
16598
26488
40492
14678
24479
22269
10775
22456
17917
38879
65528
25361
29363
36447
49179
33794
26717
24653
12993
15906
24618
21609
30048
15383
24873
21627
28652
13957
29432
36735
39828
62174
46891
15376
27313
29747
23051
14710
16984
13218
27286
38976
21394
16467
27607
24694
17592
13348
23200
24290
16938
27915
22805
22699
29420
21467
22096
20056
16493
6201
11921
28300
24446
31515
33662
16821
17459
16316
19821
18393
23269
17597
23221
39463
24920
26620
16578
27544
20510
30261
16735
22569
28859
23170
36865
28224
20688
34914
46524
28643
20438
20799
16006
22719
24231
24970
26230
11755
31918
30886
16316
16846
27062
13732
20289
17459
21046
23724
24993
21087
20425
15519
34014
21618
27767
19868
27115
27123
23775
18023
18199
31653
27967
20374
23692
22231
22508
40631
22320
24803
24025
27234
23258
19952
22418
21109
20851
25000
20760
32425
15393
28972
18395
25999
10145
28336
21258
32614
26622
26912
35350
20277
16091
14291
27521
20439
17663
28651
20763
25323
16446
23866
22205
21185
19669
18963
32566
34058
25833
22271
15887
18626
20290
26720
31800
23104
39216
25631
27846
15090
23182
27140
21977
16964
20985
25101
28602
22685
42612
33046
19506
24600
41838
19432
23145
21960
26141
20130
21261
18627
18548
24810
30370
23955
34013
17621
29864
19870
35672
24279
26536
20759
19137
21194
23181
18294
16951
20698
15834
17559
17935
12962
27917
14059
25034
23698
45009
37280
35811
34119
25034
23556
22645
22568
32673
27138
26422
19004
31721
22398
19699
24678
17133
19582
20985
48747
17968
29273
24631
20537
26301
78572
26726
41906
35490
35377
21097
19100
22870
21675
38798
16315
22300
24171
19881
26502
19970
12889
22856
27319
23974
47504
67480
22345
12703
26601
19412
45924
27316
24216
21779
18864
11263
11722
29523
15836
22316
13967
21758
18196
18552
33448
23950
45251
19362
46596
27303
17979
30631
21504
18089
23982
34273
23391
17311
19891
15544
33522
21459
24153
29110
16723
33241
41174
72736
68160
78155
26798
21471
23049
29284
12502
29598
29784
19493
9836
24483
32546
34605
65838
19174
31143
17966
37628
17094
19790
17350
22895
61213
26385
17918
17367
12459
43000
25424
16947
20530
34754
58650
23271
31043
19661
12686
21260
20120
18251
19952
18184
25209
18174
16852
20805
21094
20444
25557
32615
21101
20901
28119
46529
20869
24325
19537
25981
20063
36473
35051
23755
23948
20390
29595
28773
21183
20593
32828
26867
22923
15970
49534
19535
20916
30671
18347
26227
16562
21510
20518
22686
21548
39123
14639
21181
15824
27158
23365
19676
43732
20612
34510
18070
25664
15641
45868
29543
27936
20739
14460
21676
23772
17441
20277
37514
9954
19967
28415
23838
55380
19805
29241
46054
44284
24009
24240
21937
24829
24555
14516
36699
45119
26804
18613
19214
15980
27831
35519
24290
34079
20193
28705
23906
27966
21397
36967
46237
21919
20162
24900
19393
35755
29225
30117
21801
30492
17281
22706
20262
24424
22514
23289
21786
21600
25195
37020
22664
25339
42713
67961
56194
23440
18285
24472
13753
36448
24078
23964
27046
40052
24817
34453
27915
27399
31910
23934
22330
24319
19350
17797
28754
33263
26292
23139
26492
22362
18952
56287
22726
21005
29422
48489
18074
19160
25077
23048
32236
13003
19275
42446
31094
39115
27597
16255
16052
11787
18364
40579
23759
69462
12486
15133
28116
18725
21535
17095
44122
18580
22795
27274
13394
30946
38491
11146
13684
22960
21977
28857
23425
30093
16667
22898
33402
29197
20340
24004
40532
35007
24026
19256
14774
24422
20497
24999
23930
27510
20290
24489
18862
23846
19766
27570
21701
22430
25799
30867
15193
29318
24578
39761
49503
68783
13997
24031
18968
19559
37791
21958
18470
28070
11221
30393
21418
28566
21599
26604
21317
12829
19524
20212
30052
44930
51962
36773
18970
20367
26632
17193
14078
21801
26394
31784
35683
22375
9527
34944
26127
27669
16948
26174
21469
13900
24602
30001
36231
19099
15325
17904
32330
34442
18267
26221
24259
11718
13021
22517
14019
25763
17449
27243
21282
25700
28270
22640
25864
24107
20209
17956
26344
15081
19193
20899
10651
12477
31389
35399
19384
18676
21386
20441
17758
25431
46197
14405
33731
23629
50994
22093
16408
12166
24377
22987
29746
19978
21557
21969
16830
28360
26557
19930
33110
34833
13961
13235
12746
26860
23608
31420
15062
31271
46879
14467
12851
21910
14607
15990
37699
28594
21057
32519
11418
21232
21100
22814
20010
19883
16622
9870
22660
21294
19695
21462
25953
31845
22899
24712
22384
24696
19236
21615
50145
16626
21898
28235
18137
16285
17832
19176
32607
20337
20465
38353
68434
16605
35035
17576
30241
18515
18139
30328
30167
24693
28255
26492
16729
21413
25722
26835
24212
16392
30447
15481
29479
33878
22700
26493
11176
24632
16572
28016
25380
23335
21625
22515
33409
24868
23399
21902
44503
35718
58380
55253
21635
16750
22503
16566
28169
29662
32158
22370
11869
33078
15632
34873
28570
15867
45648
28920
26135
27642
26617
15714
29841
15386
20321
24914
31750
22634
21041
13174
26036
18134
24002
19281
9507
33411
29162
19092
26284
13232
27548
21159
42331
21307
41335
73738
36090
20044
26928
23876
18795
15626
22790
26352
24097
25495
26999
43390
48307
8152
22354
21529
25995
26400
35262
22544
21287
23231
17395
13630
18303
19132
23150
21382
17874
21086
27129
25365
11505
24341
20279
47057
20348
18095
20790
21731
13853
21842
22594
33426
22523
18219
20403
21068
30982
21533
22078
34848
15624
38271
24127
30008
34533
24227
15768
14727
19890
24763
25634
18481
23099
21209
26373
23081
33989
18446
23572
16692
31103
27084
16998
21430
33119
33529
30203
32400
20107
21749
19010
37319
27735
32116
17257
16523
24098
20862
28555
15951
24863
20120
18096
28094
21395
29073
18812
34005
17679
20379
21078
27412
22231
32336
17774
19470
22840
18870
22406
35100
51884
16708
28817
18071
35673
21492
26638
21714
20633
18740
29074
17139
17601
27745
26795
16099
32208
20298
14966
19572
19068
29468
31781
19488
25618
30636
32144
39901
26072
35474
16101
25525
16053
15317
42595
34612
27044
27440
20266
13542
21747
15309
41323
19682
24685
21363
36857
40104
21634
24169
20503
20870
29175
21035
17686
16896
29401
42591
32464
19894
26108
30460
18151
23039
31439
23445
40388
27615
16826
29836
32266
16620
16602
25550
25124
20411
16951
19822
21151
26361
10084
24333
34495
19990
37282
15574
25187
14605
23369
19565
15862
22919
41658
50568
20405
32167
14268
16083
19278
18002
15463
13749
15675
33202
43589
22718
38094
57571
19571
14023
24631
23979
16216
29340
14368
27452
15154
13923
29354
20410
23735
23782
12779
30560
24629
22708
30368
37162
25623
15197
28401
31933
22651
20863
23448
46957
53140
16384
28484
20947
31822
18408
14868
25919
20766
23901
37879
20231
22218
23947
18229
21860
14868
18533
19665
16051
9517
26826
19378
21287
46890
17795
26831
19057
24225
17527
22389
22320
18005
27866
25797
20647
13262
22952
27328
15240
20943
24173
16608
18639
23197
28322
16002
25708
26563
21709
20028
20583
26451
24290
26535
42442
17127
20417
32914
27404
39784
19808
25778
23912
15293
18830
29190
22652
32287
20226
33655
31356
24033
35790
25099
17403
18150
31345
23672
21048
17575
21334
39230
23349
15611
17404
22605
9878
18817
21481
13699
29062
21550
45483
35929
22929
20349
20280
34777
21832
19686
10903
20167
21263
19336
35852
41028
20667
25423
22098
10382
17548
21406
28879
37202
35812
42554
29730
37163
26531
21125
13904
25289
22624
17767
36201
21017
43204
11135
17606
28027
24456
20439
22472
18142
15392
36754
27941
29092
28049
26371
23924
35450
32695
13230
13849
26428
31592
20278
64475
13507
27970
20601
10073
21309
22521
14759
18627
28890
18594
18192
32199
39073
33777
24537
32782
13786
16127
40517
19600
11854
33831
14932
22752
20700
20674
29802
24670
25894
20210
12043
36150
49467
65859
22664
31566
49063
20233
83752
14826
19833
26822
22197
23454
31303
24499
26051
11861
12049
31563
33728
25122
16613
26089
33624
31346
25917
22829
21620
21192
17983
16776
28527
31554
16979
30692
31502
23757
43683
21493
19587
36913
27039
22167
21687
24072
19070
18482
17358
21276
25712
22407
33291
21986
22941
32570
62873
22797
20244
37298
18759
28176
24626
28223
43484
22444
38087
43526
12623
15051
18076
19964
20206
22159
23370
23425
25931
19823
35936
41417
22495
39963
21396
32661
25189
41355
25138
31362
27753
36499
24983
18158
24973
16340
35130
18425
14232
27627
17834
21706
42416
26234
23552
41071
25288
16029
19990
14709
18276
22333
20353
14590
16563
24014
21054
31330
28342
17576
26692
22374
17920
22406
36004
23922
23771
27319
20678
20471
13613
21848
30656
21500
23231
37349
51956
30291
20028
20116
24221
23520
25575
17598
29852
23812
26049
18649
24848
11932
17637
16107
28161
29347
25736
34958
27404
49319
29355
24066
14877
35772
17809
19042
40108
24158
16574
23553
16696
14567
18596
16940
20987
33021
18869
23539
21870
17213
33931
12121
37617
22159
21828
14888
25469
16817
20141
19260
19318
26614
22095
27262
32281
36315
15717
30835
21633
32400
22656
29954
39052
16148
21713
17376
28336
19741
23686
20056
20219
24144
19080
17915
19979
32949
35177
22261
24407
20944
30719
17787
21804
26296
23344
31667
21894
26885
24961
16187
18473
24349
23178
13397
30835
18831
20989
33260
20400
23527
31342
25958
14578
27911
37115
23024
30238
14465
25216
29923
20303
34236
36197
20217
35485
21631
20749
41330
38901
21669
16954
18404
19748
20320
17032
47638
39131
17141
22009
16449
47489
26845
60931
21769
17793
26410
18514
55504
35948
29218
22960
22648
37641
22295
14886
15646
18971
19534
30819
30303
36617
47051
40028
24171
25212
26080
20130
21110
22499
20939
15713
24140
18678
13833
28210
14614
17081
24310
34350
27412
30333
22004
36536
24272
41645
12478
26305
35946
20009
22881
22426
29582
20689
11624
18957
20635
31092
49861
39572
21569
36360
44727
21411
19272
25319
13099
32378
37915
27246
47745
19848
37754
21352
18424
12048
22924
32631
45135
28041
50610
20111
16393
34489
22669
22045
24776
14129
22526
29558
20400
21246
23931
29769
21205
19041
16593
12995
21302
30184
17358
42264
23903
17916
16195
15637
25618
20710
23794
16520
22986
43476
27099
45041
58420
32628
14944
23956
29906
26650
29328
28206
18363
47450
23667
17075
20952
21558
19258
19454
19510
25864
28945
38760
18356
31455
19833
41413
41009
16592
23068
33997
27823
22177
28628
28139
44791
25453
28352
37744
16343
36712
44188
16766
22719
31950
65213
28386
25100
28709
19865
14325
27155
37365
11203
37491
29394
19811
23016
56328
26110
27411
34446
11547
32111
15653
18507
26051
22217
26661
26440
26122
21285
19137
28758
29661
26033
44969
23426
29132
15196
19137
23035
20963
60222
15510
16241
20893
25738
15765
18038
30971
26843
22761
23952
19268
26230
16069
26345
40923
25088
24583
34962
19583
16250
22448
29199
24239
20802
21584
21138
22039
20146
31709
26726
20750
29742
17503
28437
22030
25972
18077
16022
26335
26175
17520
26795
16880
21901
21304
23500
12994
24755
12877
25556
52769
37117
36355
20214
25318
25292
27002
42963
60039
19269
36574
21821
33652
46491
30055
27618
17975
25047
17640
25938
22677
20298
31664
25618
28306
36905
29342
23071
18543
32927
20002
29081
30122
54817
19402
22090
21152
21820
22249
20061
28036
21079
26747
34094
36206
51606
25660
21202
26035
22818
21593
41992
24173
35118
12905
23694
32058
36660
25489
23697
30357
22307
30891
16004
26011
44022
57274
53684
20400
24750
25221
21765
30834
29477
30157
16859
37163
16067
36716
25613
26889
32621
20594
15859
20506
12024
18737
28611
27034
19951
20874
23492
22826
16260
16317
16084
36823
35671
34020
17293
22261
28356
28679
26766
20006
16114
18975
38378
23063
19033
19452
25580
27612
48774
13532
22155
34309
23120
33195
20437
23624
20108
25804
20283
20105
32548
13612
24564
24682
17406
25611
35562
15769
18020
18488
39466
45249
17070
21030
25000
31985
15737
30162
25661
22115
16415
33911
24718
19158
16770
27993
12516
18180
25104
22501
18323
24443
26480
18628
23736
15194
20759
14941
31340
35056
26665
39007
36477
10633
18303
21065
25642
14100
35864
26507
29961
20594
19330
22453
15308
19426
21298
20264
27998
24704
21293
29120
21726
38700
48882
31925
19457
22294
26414
25370
46514
46576
35330
12332
22697
27020
23393
32181
30979
23408
35443
25908
15199
25276
21320
36385
14829
28780
23997
23602
25417
22432
19162
27461
24215
23588
22376
25734
13809
24655
23663
26758
27393
25254
17009
31380
27475
24480
25744
37737
37926
16295
39269
27582
15087
46787
27763
11104
14241
18851
18263
20822
31226
21700
22659
19178
24756
46402
21988
21840
30726
35275
61709
39280
25398
20735
14337
31588
29089
31490
16790
18273
19973
20497
19430
28029
44074
26068
40068
29900
28452
26772
19891
16750
35871
31642
21123
17174
17429
18700
21180
24982
22528
25560
34891
9565
24496
15290
18238
25416
17625
17342
20176
23379
23901
34672
24037
17826
18959
23601
24777
23433
22630
14825
17824
21350
28440
16232
26975
16969
13416
29236
20502
20393
37115
34155
14931
43663
41471
14294
21876
27074
23373
28079
24144
16015
16801
21771
32614
22934
23891
28801
29602
17682
18996
22351
19816
20241
30097
30835
33170
32584
38751
30438
31888
25749
24335
31906
36245
23483
18779
30523
21028
18525
27093
24390
24051
20111
22546
12529
15891
26845
26184
22435
17774
16020
22038
13826
26599
17565
21545
19368
16826
21992
19852
21019
32132
25326
24356
42427
33789
39801
20069
34196
12892
24094
14851
14742
19404
43320
74687
19091
23813
20809
17004
27184
33340
23733
19004
28545
27908
34845
55442
80308
31942
36161
25630
27739
27447
21629
14659
26165
36175
21763
52544
13299
27490
14693
40436
17612
23291
22891
25294
20344
25842
14329
22504
23600
24206
33940
41216
23126
21617
39803
21621
22876
17567
27943
20669
20378
25450
17325
15281
26126
14293
27878
47612
65555
76148
31145
28520
24454
42063
38286
43607
21989
15980
13327
25601
22023
33247
12205
25276
26154
15518
29601
44295
56252
20203
19812
21651
27101
29482
52681
15070
20609
26006
20556
15820
22427
27388
6272
30696
36556
20124
23907
15627
30877
22780
22670
23907
18898
18136
44838
16050
21305
26288
20916
16634
23340
25356
24672
13831
29305
21554
21550
25093
19828
54832
48334
52022
17883
21302
25733
28942
30990
20283
23387
39160
22717
30400
12451
20480
38589
6747
24910
22526
35096
18531
18743
34230
28405
24389
23599
20792
34898
22824
22009
26534
16846
20886
18099
16177
22113
44346
47581
14596
21972
18060
18556
40254
25547
21298
18044
26005
35202
44966
42375
16740
24733
20630
17222
22113
22580
24905
26722
17140
24989
31012
12430
31204
31421
22284
24542
38851
15336
22458
24118
19474
27816
17853
13767
44237
17568
21382
14768
34863
58130
24265
29347
20466
31171
30423
29207
19174
35335
16716
10024
30938
22077
31374
31308
29010
17901
16958
23611
28424
33954
23762
22332
18876
26054
18875
26024
37007
22304
29982
44619
42686
18978
23830
35887
26842
21903
24471
23000
14674
13183
17614
35443
21890
24756
45616
31085
24705
16956
20368
17233
14362
20347
15506
33980
36783
48070
57870
27661
22872
40279
15858
14768
28501
33093
11400
27888
18541
14801
17997
27330
59842
52443
28911
20861
23256
20675
29970
24514
17378
17175
18421
25687
23485
21610
23574
21188
19146
15790
24538
27792
20403
23174
17575
12999
20061
15631
18130
31443
22999
16894
29805
35699
17581
21533
36437
25622
20419
16969
42706
29601
18408
21228
22588
22532
20731
17393
31036
21777
10781
15277
20930
35775
20155
9822
14954
23418
19987
22663
25019
26168
25791
16704
12989
21833
23989
14253
22709
24465
23515
20339
33485
17535
24658
28819
25936
25685
26290
17547
28176
41731
14975
9307
25188
36832
30377
24691
16815
27347
21878
22959
21150
34543
51114
25676
33555
15699
19546
24816
15662
23203
18853
29795
18717
26019
17726
31820
21763
13744
22962
21176
52429
15517
33693
18966
14726
24884
28621
16966
20310
38976
22395
28335
17639
22045
20611
23685
31209
21634
15441
34293
25779
26906
38731
22451
41299
19651
36406
37409
22689
30221
36563
24100
6612
22120
27338
33041
20601
22032
27415
30613
31017
30830
32214
27782
27084
28106
28045
30842
14622
25809
28737
19010
14737
26276
19749
19877
20916
16995
17890
22745
24349
17243
19094
20762
17016
18950
18315
24289
38268
29615
32653
28925
25043
18639
13968
7579
14213
29219
20744
25760
20998
14456
17921
14548
16421
34818
24979
19736
22190
24558
18669
22417
18657
18276
18907
16712
16907
24562
29302
26432
57002
17546
21243
24279
16586
30873
30888
19289
12675
15593
25443
13097
25346
18197
33083
9882
30480
36992
15958
18328
19611
28044
18291
19463
25134
32575
22840
24940
12157
10758
23558
22044
27081
17078
32462
19813
24223
32379
24990
15822
16645
26164
21204
16287
30804
19157
23737
15894
28690
17821
18608
12880
27997
17398
23076
24646
17031
23167
22415
15201
22291
20693
25690
24754
24025
25530
16247
14170
30459
31511
31738
36518
21902
14771
33872
29273
10233
22023
25193
28761
49209
12948
17798
24629
18449
27518
41969
19264
13976
29177
20745
24633
21318
23633
18402
20920
21832
32041
22027
24572
21057
26979
26790
37145
40907
18800
13052
24181
16676
16096
19298
27932
23771
21172
23872
26662
46465
35845
21694
17461
17752
27442
16230
17555
13126
27203
36112
21439
16835
21403
13901
34354
12138
39644
21336
27357
30177
36128
24178
15306
20910
18941
31604
28609
21101
28790
19790
23707
27157
19145
17635
15123
22627
24466
20524
17061
34976
14925
21847
18480
38509
24946
28179
33096
39673
14756
20163
18095
28874
25434
15312
34962
21394
15493
22391
23878
17873
13021
22499
36284
38714
24108
38014
31209
19118
21857
19867
21623
24141
23649
19455
29149
22417
22730
24608
34305
29034
22083
15307
25128
24019
22266
18517
26365
23275
15142
18470
27015
19698
14568
22559
15589
22591
16800
31322
13323
13484
29087
18908
22289
22311
26197
25009
21204
23512
35102
18943
17433
15564
24746
23339
14003
22233
30087
45465
22935
16459
18095
14353
17960
38816
26956
28438
26043
27997
20843
24410
16273
20394
23795
16970
19682
21968
22801
30877
19811
34285
22191
23248
25877
20794
18493
18192
24755
29532
33293
23497
24896
32115
34662
32090
59603
14538
21337
15773
30521
17278
19768
22492
25306
23338
29611
28201
30122
27297
12259
19285
18307
19646
20612
20344
28603
33371
43333
22639
23374
19849
23724
21007
14945
19042
16447
14365
25007
19878
35410
18007
21736
22928
38499
23900
41817
13239
18563
41951
62498
20251
21272
27142
26856
24141
17111
25839
26727
23204
26576
17047
23830
22996
41871
16307
23801
23401
18722
21958
46435
16051
27184
34968
12210
22895
30933
49411
65903
36296
20751
23083
22518
12602
17912
36404
23361
14713
24684
14709
27601
26372
32806
92908
15775
49422
27173
12861
14522
32623
22005
20714
22757
26248
23569
29707
26897
19009
17661
24688
25832
24497
16216
20762
21983
36649
29061
21127
17146
16680
20256
20384
25189
14753
16787
20187
30021
25728
26308
14873
20086
16479
23426
29953
27784
24298
16560
42739
22740
16217
18421
25129
21406
20072
23604
18674
16616
15747
20052
12128
17213
28945
11210
20389
22368
22675
21406
21165
18779
13335
20186
17468
22849
21637
29911
18661
22570
17955
23857
17683
15640
39206
25792
23512
22913
34939
36229
16027
22705
19539
34577
22172
29936
24115
26670
20782
26334
29384
42092
26745
17152
15873
24673
18630
32754
21757
21801
29039
38035
17378
16097
17096
32525
16809
38750
24404
16192
15630
20124
27641
27086
21016
22858
13668
24495
65295
19335
20968
17987
30287
24087
25524
28137
28870
23279
24118
21527
18159
17537
21409
24615
14681
33775
22212
24442
16052
20624
38941
28210
14877
14225
24424
38555
42758
20742
17836
37781
24814
32940
19051
19803
22449
26800
41567
21147
51373
26280
14827
17599
20886
51362
12614
20484
20688
26268
18419
26284
16046
23896
26084
36290
50395
28676
15892
21038
22747
19120
47692
52907
36331
56368
23055
31805
15271
25172
21076
33946
20887
26660
26974
18124
13252
34220
26217
17077
15673
28716
46012
44677
22078
48387
23014
18723
20902
17724
17054
21178
15524
36843
37293
18487
28731
33879
19756
16889
20413
26151
21333
16918
41620
18374
22644
36667
22742
12096
28992
19929
22100
10290
14531
21352
10588
36986
17576
24529
16912
18517
24821
27502
15907
26520
23398
18631
29211
15389
29885
22362
17499
17195
28420
34199
26371
33176
12031
23993
14494
16735
23081
19674
35236
25647
17926
29994
36238
68355
20421
21135
21639
41215
38054
27099
17590
41587
20069
43514
24116
19263
18009
21117
22724
13124
25644
19166
20702
21848
18620
18812
28231
35131
26215
14737
13220
23671
16992
22682
13998
17751
14222
18320
22726
17980
22009
31461
29562
21088
41044
23216
30370
23543
32741
34744
24783
18322
20139
21461
22535
21277
23660
9496
22901
16724
10758
16625
21558
20433
16734
15987
29152
11746
23899
13259
20867
36329
31430
44214
43245
18792
22976
48331
24115
19367
29207
18656
16631
34058
38898
24145
46807
53482
13988
25053
35998
22259
31117
36317
27252
20505
13190
25275
17456
13509
24822
16077
12670
23566
38360
23075
17727
28869
25304
17974
13773
26644
16866
28735
30943
28868
37738
17629
19334
30515
14081
19620
31402
10386
18576
15722
35740
12220
23953
30752
20007
16530
17971
16309
21381
42732
23051
15639
17642
13576
20036
21966
19671
18305
32966
27485
23543
52940
16107
19955
26197
19323
27679
17294
20451
23552
20400
51144
27364
18469
19355
28982
15492
23660
21352
24614
27014
19875
16626
14690
37082
55561
42894
15678
16198
30815
31042
20763
45872
25409
18037
23139
22735
14256
18123
34340
24312
21637
24806
15610
24930
27907
17027
21569
15024
29942
50547
15248
20721
16994
10580
20757
15346
26915
38503
59860
15248
27274
23707
42135
21410
18114
36942
22960
17491
28249
20300
19318
21199
21795
11306
14286
23822
20576
24382
45026
34612
25548
22514
35067
50507
24054
11154
33750
30638
16081
15649
19764
21904
14198
17725
32165
26662
23398
36242
19584
35150
29141
16830
18457
25023
40527
25217
23849
43617
25723
20339
33138
25290
29065
45935
51589
22816
52409
27894
17240
29181
26378
24918
18131
24734
28991
26000
17282
23323
23650
29425
32264
17258
22385
33060
13766
29561
25905
19558
32764
44457
25227
59307
34418
28962
25679
38097
19912
78314
18487
21889
14294
22018
26981
23600
46727
20716
26264
29867
24199
20893
22248
13888
37154
23883
24920
35991
45876
31122
20352
45147
16298
26366
24409
13611
18908
23311
15447
27077
21018
17339
28921
13463
6436
24518
18720
15030
22515
23339
21971
35561
15151
20711
21298
42192
20111
26481
12514
20720
16722
24997
22136
19563
24539
17416
22213
27733
19682
34174
23145
20918
25619
28535
26947
14779
23874
18534
24694
16879
34107
25868
21406
31609
24038
34678
38911
33846
16349
22558
23027
24801
21973
14111
24625
17653
31666
30195
19981
14265
22671
21806
16840
36396
39309
15941
18883
15219
22650
18720
27001
25398
38114
26471
19628
18851
28706
21339
20414
22747
13970
26786
6681
19594
17899
25698
25535
26796
23129
14806
16754
20689
21622
24140
36312
12554
23753
46795
23283
19800
10118
22630
23806
26905
17892
16661
25545
23416
28070
17100
24251
30442
16785
24123
24382
33599
51088
17087
17856
28409
23385
20608
25199
24983
30018
36313
42055
33905
26485
24739
34123
49288
18714
22586
31434
13731
26067
13134
12329
17000
10648
13444
23091
41971
20794
26175
16387
15353
19353
30051
28433
15526
34431
16466
24573
30461
19706
24442
17026
33550
14892
10721
11872
27139
17799
20946
22989
19276
33285
25065
17069
20922
31407
23174
37756
24345
17371
19985
37331
25390
19706
21049
35504
29091
26901
42931
18868
11263
28220
17094
17048
26185
17368
18877
25547
45298
19655
28511
16738
17785
27391
22697
32078
38228
30071
20767
35474
26682
26868
20938
34551
13848
20288
32520
35361
50427
13917
21160
20382
15973
26435
17248
20912
25672
24043
23937
34437
22036
36285
13141
18329
18624
12840
18979
16296
17787
19660
15868
28936
18152
22421
24406
10543
17759
18196
20563
39453
19277
15642
22228
23862
17210
18452
43856
21958
12923
25984
16665
11244
23381
25275
22803
28618
23469
22890
21194
12626
22214
17222
29603
15287
13803
35154
21306
17178
19624
28867
15638
22185
15953
34604
14578
16437
16407
57015
22853
22868
40425
23127
27579
20678
34223
21769
22062
22368
27791
26980
19866
15142
18914
20018
6828
23837
22285
20121
18564
28214
16022
25971
19494
25625
18849
19810
25709
26405
18316
25846
29664
16431
19966
16916
20059
14562
42851
19932
47770
19532
27595
29532
19673
31594
18103
14013
28849
42673
18945
18686
17543
19600
17552
17192
24482
19358
16692
32294
28288
19149
18547
12514
19677
20980
18010
21749
32346
28769
34287
40730
25582
16792
31411
41622
43317
59682
16913
43784
20109
22752
21018
19423
14335
29136
37171
23595
22272
21520
24016
34754
15666
16739
18232
19708
27581
32132
22882
16020
25613
28096
18863
18221
17494
35561
24507
13770
14976
26416
22508
14106
24640
29606
28215
17404
26546
45648
15102
17467
29395
23121
19479
20509
19129
39411
22555
24261
48732
63059
19826
34803
16399
37395
20286
14773
15509
31170
22840
17263
20454
23510
35936
53097
33933
45300
16165
35034
14460
32688
30811
19565
25594
20326
21749
16469
19689
24755
26838
14292
40085
26300
22360
22229
13568
21577
22297
35729
26317
23062
24679
34983
23770
23269
29315
19446
20791
21909
43641
21154
17369
21086
19113
22515
14024
23769
16427
31274
18827
21666
17923
16279
21298
20652
17954
22042
25167
31697
40824
13081
22559
27319
24439
28838
28902
29886
11444
25340
17252
28312
22661
20869
32194
24799
19588
25825
23960
25109
19485
24487
16421
32264
10620
23648
15708
16956
16268
18228
23074
19439
18696
23874
18067
18705
38778
22581
11090
21987
10609
21048
15638
22682
22707
23691
13936
18823
19112
23884
29225
18840
56422
19755
16355
18004
18160
13708
20433
26276
18640
16591
19617
29617
24768
20417
16563
14704
25478
17915
15675
21836
13381
15800
18336
27414
19545
19270
14450
38333
30324
25076
15385
23911
30421
17598
23417
13003
23438
36797
24379
23502
22728
22741
26701
23225
17324
41408
17592
48941
15917
17822
22068
19208
18739
21261
27944
21047
14813
28463
21281
35142
38887
25474
23583
30922
25095
22476
12441
33197
23098
26791
30273
30115
14821
31116
18888
19200
23416
15666
13855
15583
30010
19458
21887
27091
23570
27799
30173
36872
21955
19683
11683
23032
18982
32846
32917
27780
24004
23853
14263
42549
45089
47877
31709
13741
17818
32430
20314
14304
23779
20434
27235
30214
32733
59569
47856
68547
84792
40232
22009
50039
19981
28675
19322
24565
22626
27497
40309
19438
35782
65205
18415
15070
29303
28784
34784
21939
15330
15610
19756
14925
21489
23686
20158
13655
22242
13290
15931
30086
22456
54180
22286
14776
26366
18216
12573
23144
34448
17178
25694
17767
25041
23660
24338
16793
17228
11410
17279
30897
38967
21988
32346
22978
18098
52181
14640
21033
20468
26371
18227
15418
21485
21847
26937
33276
25133
16709
15736
21299
17480
14612
23637
22217
23275
23903
35487
19306
26082
38106
35049
24090
11080
22282
39048
26077
22822
20957
12341
19309
20301
19111
27588
22240
32473
13642
32339
26032
31377
47498
19536
16293
23130
17386
21972
15553
22211
21801
27227
25303
40097
25786
21654
22477
22334
21363
15127
35231
25464
32089
21521
25400
22001
36301
43961
21218
27109
22756
24990
24369
38740
15347
35803
22533
19728
18810
36350
32149
21683
39904
23290
42793
19825
38443
21737
19964
40402
45437
22307
23603
23404
22718
34189
36743
46669
16081
22237
22977
25026
19229
19655
13329
22331
29673
19639
23771
18220
41572
14329
14783
27577
16976
20460
36593
19344
15095
20449
27185
22649
12582
21515
21761
7859
21252
24457
24815
25424
29436
16088
13999
23123
20758
22920
23953
23675
24073
13876
29003
23881
23694
30047
27605
25126
15539
16229
41405
17674
24162
19965
20586
15945
21846
23704
10836
21322
26920
24375
15874
32994
30506
35283
26540
44142
18021
17929
38963
57468
18465
26334
20474
33331
16903
28727
15595
48278
33814
19626
41176
15129
14021
19778
19038
19570
34103
22826
47549
24170
19583
37595
26355
18267
24281
15482
29040
25708
28368
27809
18503
26832
33267
23942
20698
29494
23475
19518
19754
17734
22661
24319
21327
19889
25834
33000
65545
24461
25891
14998
26072
12777
21792
28291
14489
15162
27513
15051
23428
24667
37371
29902
23506
23619
25675
18543
23211
20977
24691
24973
24912
27571
36878
20372
22617
36210
34996
37671
15146
17090
32282
22175
12026
26512
31645
15634
42033
6689
30510
47558
32663
48528
16062
30845
24315
37484
20944
23606
41569
24033
31557
41178
22519
27587
21838
22735
17319
25930
22662
14675
22896
17003
25834
18354
32084
34106
16900
40811
51251
26259
38945
42874
23922
36269
20930
27867
17753
19849
14422
14568
23537
22427
28310
29416
25264
17098
15391
19999
11694
30066
23184
31906
31453
16543
21463
19028
32976
32178
38834
25308
18609
20287
24608
15652
30530
23165
19676
23120
18790
32727
41742
28964
43164
22463
19158
20436
38786
13389
21188
10591
11696
30515
10292
23538
24495
26240
13095
17405
23461
13810
21756
16367
32446
38084
22091
16079
39568
24583
31266
23054
17344
41597
16392
19434
30748
30770
19058
17065
24393
23089
35597
24661
40761
25109
15923
23265
19639
14591
22292
24670
19794
35495
14995
17538
18135
16843
14118
18105
11297
23588
27476
13811
22039
19116
23086
32613
25416
25590
28944
51842
29809
21832
24148
15443
16159
15724
25072
25935
27708
20474
7965
26396
17068
21908
38820
37182
33010
12035
14485
27382
14526
26964
24995
15405
13607
17219
22339
18062
15990
12159
18204
38379
38762
67806
35609
23568
25121
20209
21230
22420
25163
6548
41794
61561
27839
20837
16176
10664
20366
26275
40374
10864
21663
20537
33318
31506
44387
18367
14742
30527
41713
16070
27788
21336
28309
21344
21612
23662
20154
15494
28196
23324
19135
15966
15987
20046
33960
19109
12735
28606
36348
15264
24973
20666
13248
23958
14702
27136
21499
22188
19132
25066
18588
21730
36504
22437
19740
25822
20434
20176
24345
23516
28742
23606
15031
25962
29669
42518
50795
22495
24301
34647
15452
41827
22755
28015
28486
41907
16003
20143
20191
15268
22813
28235
25867
22432
15035
23488
18855
17543
27488
36668
26242
17821
16965
25313
29912
17113
26105
71993
77696
25932
28605
30534
11471
30974
10987
16179
24908
30842
19587
6791
20841
22688
21263
20859
20119
25194
22385
9037
22391
17272
28085
32664
15867
31732
35349
22546
47576
23447
13031
24105
24660
17910
21138
15802
19006
24437
31685
43244
44539
51500
19957
26984
12702
45482
19057
20970
19000
30317
23291
21591
29929
16863
20002
19755
22103
20004
47863
46063
31713
28601
43657
19161
18859
27470
22868
13172
20021
26766
21186
26464
16848
35843
23507
21414
20343
18218
19707
20244
19068
12124
17026
17359
21034
29268
26648
16273
21133
21198
23944
33665
31711
28294
9681
25974
17594
18950
29331
22508
19641
22837
11074
23270
15227
11029
34598
20554
14137
22638
23398
30107
29275
36701
32401
24946
26118
39148
22482
22626
31888
20537
12436
18916
42224
26231
23161
14562
16597
27191
30190
19701
22228
36631
29052
27310
30803
19494
25473
16085
18947
14851
20519
26634
28241
24849
34581
19302
24359
24364
28026
25923
22564
27162
21651
16615
31762
24945
17395
12044
20557
34796
42899
24814
33447
27133
23422
21599
32494
22077
29184
30411
18682
29654
24590
21255
24539
54033
25248
18614
23611
18398
13881
45366
18278
24197
30135
20819
19963
22345
16365
33271
20177
28438
28260
15696
40043
51155
20682
17096
22149
25979
17598
22540
15738
22795
11462
20378
23510
24078
21349
13079
24544
16742
16938
27486
15993
19058
31108
20393
19767
17438
36369
20088
10662
28177
31885
17494
27674
35888
15691
27046
24309
20970
20789
16185
23248
23317
13632
9729
49552
44280
48174
11383
21963
22648
18405
26506
35794
50810
19309
28629
17891
20551
34023
28314
21302
18450
29057
52588
13482
19801
16932
22330
37419
27688
14351
19995
18774
22817
29440
22537
15286
28952
28468
19328
16024
27471
23970
19852
32369
18293
21440
33953
21704
27080
18606
17804
22104
24774
34351
22687
21571
20865
18284
16686
33253
21957
25717
18253
20133
20190
19222
35964
30618
19088
26535
20421
27959
14571
26903
18172
22604
18537
15720
32677
22283
28295
17541
34707
15760
20406
23818
19583
33380
18688
21393
18670
21111
22514
38275
42672
32818
27151
29673
22716
19821
50576
20362
15574
18905
33787
27165
22724
33038
18264
12916
23851
34191
18907
29917
43494
17506
27897
42720
15829
17387
28892
42566
19190
14299
22924
15825
36338
14285
13650
25254
29705
25882
46236
33720
46540
24492
23301
24073
19171
6529
16012
15797
19998
27257
34162
20560
27669
21893
14318
22364
27735
24295
17428
23354
27869
32512
33459
22727
26355
18976
26591
28189
39668
27939
24650
23570
23472
21882
20656
21071
27321
47328
47024
36165
31310
12705
16637
35308
25381
28543
18555
16125
17964
42446
42234
44774
16402
17496
20679
13912
17250
15995
18243
21233
16930
17836
23856
31403
17688
14788
36830
55007
27189
16979
20875
16745
31060
26132
25561
24819
59193
14381
23336
34429
20697
44718
15967
15908
18935
35161
16171
18544
38752
17070
27510
13970
17890
19025
25714
31199
24563
42210
25096
25461
27740
13835
18768
18826
26418
21438
16323
18547
23645
20814
43985
38987
25315
19563
21654
26162
22123
32525
21283
21678
20132
19890
19726
37882
27936
30660
55544
27540
34224
20754
31800
17700
25688
22545
36198
17827
25622
41891
14088
30735
20589
21913
16056
18543
28395
30481
21897
21356
36780
16687
22540
15905
42517
20659
25497
21073
20491
16218
27703
20963
22081
14888
43990
20202
13742
20027
26845
16332
21979
30011
22035
24236
17827
31404
53132
43191
17582
21591
14285
21127
37468
27059
23330
22659
25821
20424
19673
40484
36931
53564
20039
18128
19540
20411
16837
61093
67602
52351
53831
65172
25472
15380
13064
20486
17317
19152
34752
39925
16803
27014
18400
17083
17023
13454
29790
26806
23846
20666
26366
21713
23238
48190
20093
22949
17454
19401
30763
36968
17213
24716
9923
18207
17633
28195
29743
44594
18634
34051
17121
24932
27265
10165
32772
21838
34739
18203
31034
20769
18194
13120
30400
23742
44102
18861
27646
37053
26987
18642
23077
24627
21243
14950
24358
18625
21929
34052
18302
64576
13123
18837
18122
19764
16505
20727
26266
21823
28949
13806
20229
26682
31637
40501
45652
25727
15246
29412
25518
20387
10909
19049
26504
28441
16947
27120
19589
24187
20296
43950
57297
24373
42893
19272
18944
23831
12982
24308
13551
18353
23586
18422
21614
16453
45483
35391
26588
28778
29779
20182
28739
21181
19266
18294
24367
26797
31458
20319
32983
24667
31250
50826
17048
10830
19515
31510
18247
19089
25937
34101
25602
28403
24515
16262
22908
25457
15160
12069
29870
19108
33194
42317
23918
16595
16738
17857
20235
22955
23458
20752
29141
15918
25974
37843
26552
26934
19241
15484
31273
14800
14725
30888
21372
15184
21578
22576
19040
39786
22225
22202
19154
25370
33896
22437
22352
18054
12537
23094
17320
28034
38256
20600
29843
20964
17270
19813
16996
25895
19914
32370
22162
19257
37659
14333
16634
25773
26690
15103
14798
15787
20284
15845
26958
31927
15810
26933
28672
49451
21587
25300
32665
19740
46184
34966
19579
14409
29044
38135
19489
48702
23035
23713
46895
28523
15647
29212
44441
19845
18859
23527
20000
20000
34041
31752
22541
22316
20600
17776
22106
14240
16575
19527
22884
20237
13302
21555
22452
43307
18207
27901
29987
22150
16700
16594
21099
17072
27441
45021
29865
24898
32346
36998
14446
19164
28639
18394
17372
36456
16785
16645
25510
41727
14164
31870
19417
25581
22504
16412
26167
21801
40647
23159
41626
29403
22423
21619
30190
11466
22543
16923
21690
20113
19230
23943
26796
21583
23637
20456
19285
23745
18661
27686
27837
17458
17698
28771
15640
21423
28471
26240
21021
20565
22331
20478
26120
28893
18781
24061
13236
12658
12830
28806
16514
13330
19905
25124
23991
14504
17223
17393
25844
18576
37658
17206
15034
18536
15752
21602
41017
22538
35623
32774
15709
18176
20773
22006
18592
23816
30537
49804
22461
36776
28443
31120
11901
20023
31365
23640
27212
16515
13369
40575
16608
20706
27631
37969
24246
37403
21183
26741
15800
24674
28170
14250
15922
23070
22132
14482
29684
38622
20808
12643
37469
43341
51583
21694
30301
21745
12419
25148
17284
18586
45117
34308
29369
26526
41807
15400
12322
22049
39676
25676
25779
20679
51153
31998
44111
25790
32021
27149
39540
21647
30344
27130
14871
20998
23395
21739
17993
23039
24297
22888
18341
28183
12948
22053
20468
25638
17402
30434
29934
21728
31664
27779
20979
9738
27076
22269
16544
20837
18451
27699
31088
19241
24806
37061
27874
16472
14226
20916
14973
22495
21856
28205
19523
18908
22231
14128
19465
26150
22923
24392
37525
20072
34401
18818
68073
21586
14738
34816
20852
13855
19274
20078
17416
13829
20315
34874
16707
28030
27524
26302
22387
16750
17725
21495
17775
22719
12547
13250
22944
28001
55462
75129
25826
31392
15473
18891
21025
22848
21986
26549
23969
41157
67302
23237
18096
17755
24091
27349
22247
28480
44443
20052
13455
20523
15287
25544
30260
39526
58938
38029
20564
23241
52924
33150
15733
18910
34260
18857
17961
20842
22949
27067
29601
22771
23598
17332
17433
32787
40826
20473
22256
25639
30078
22504
43159
24772
22882
24479
18888
18595
35442
27372
26096
24986
15542
28575
32062
18602
17816
16222
17970
24456
18357
32692
34472
29998
41657
30555
22746
13499
32442
21298
29321
23199
16000
17774
43488
41518
28028
18349
15819
35978
55089
13608
28269
21219
32590
25922
17777
15488
42110
14207
19003
21176
19921
34763
27665
18562
20517
19527
16681
22747
34084
14987
24658
28693
39202
34041
23521
28190
39662
35922
24449
27309
19390
12361
20913
26402
17408
17215
20763
17631
19683
26179
27010
39473
29599
35675
26952
14743
40050
54914
17073
14014
33529
14604
19761
26560
24496
22522
25243
23569
17424
20896
20323
19353
24013
20971
15016
28718
25689
27121
31773
17105
22262
16453
23115
25842
27718
22505
20715
18969
36483
26799
23242
29053
18830
16228
14116
17456
26141
24039
20357
29862
49385
31043
26132
19468
33446
44281
20039
18315
27345
16448
17105
17795
22960
19837
16063
31023
37999
31804
20455
19617
16428
17633
14798
18502
19872
47748
29731
23787
20329
26304
29120
22355
21470
17216
15783
23029
23798
19204
24489
44090
35672
46559
28506
28466
12210
30068
30742
20079
26366
32604
23047
23722
20682
33442
15615
22318
37863
15497
28671
23768
15242
29258
22135
23006
20966
22241
23901
30555
16416
23315
19195
57370
18551
26493
21021
17461
21632
18108
24916
17763
17870
22668
19630
14320
32669
19734
36831
42418
30325
23346
12356
18137
18882
22689
49466
23741
31208
11049
33519
26302
16369
12644
18955
21259
14692
22031
31371
23602
21248
21448
21178
37753
22372
28581
17326
21468
25877
23966
25133
37410
25541
30987
25861
28755
35229
18972
17347
20810
16687
20089
16342
15011
23984
17718
19751
28893
18194
28711
26473
19425
19056
20747
24714
16857
38216
19262
17144
22751
15250
17362
21715
9125
15182
25332
20426
23399
15653
14149
24885
24911
23448
25249
11513
20404
34132
26106
33648
13797
28602
24341
17584
15400
25384
21745
13915
26050
15904
16701
16933
15057
40492
28529
26544
33608
26262
17866
24550
33491
24394
20828
36528
16133
19140
14220
18755
34011
32564
29395
45575
26030
24316
13264
31794
21054
17197
22214
19503
25009
32014
45616
41906
18867
31203
16330
14331
25564
33354
16899
40108
17870
31228
23301
23902
36639
36004
19044
47332
19931
34648
19534
17946
23089
29685
27526
15732
21618
35371
25938
17062
30573
26253
22116
27177
23253
17138
26816
22573
26312
39274
21565
17975
33009
21352
11753
12624
10615
20661
15972
27498
29477
21788
33176
20319
16134
29501
21125
21673
23990
17681
18126
21757
21321
20812
19103
17970
17649
16931
20298
30096
19320
26708
11161
20303
29027
29343
26903
16721
22243
27011
17004
8384
31903
19580
18983
19529
30198
47240
24079
19537
16774
39894
41478
44472
14880
32870
22235
23665
19879
25756
24591
20275
26143
26913
11351
45727
52885
29474
15040
35228
16191
32819
28554
25738
21600
28309
28965
23226
27600
30990
13206
29721
17600
19885
19606
24216
19745
15376
14235
33452
22485
19949
37130
23163
33112
15086
42717
23948
14427
22241
13171
18856
13958
39717
59018
20758
26197
25898
27516
19423
18987
29927
34282
13538
22150
37627
16164
23852
45347
25367
26120
25385
17044
16755
28771
40418
61325
21812
29201
28691
17038
15470
16660
13784
21095
21675
24275
32068
47091
20611
10157
19692
24917
22453
25701
17626
25674
23886
22934
28472
30849
23168
11015
36786
23285
22329
19903
17731
11725
25116
38587
40824
17420
22911
26058
33515
56557
24568
27254
20772
17238
38378
21531
35808
24921
21709
8413
14304
35111
26875
36107
31103
18214
17347
18466
26391
31913
35311
30133
20056
32582
40848
18523
19588
18734
22299
18180
27752
32801
22479
20424
21655
24934
43961
23453
23622
36043
21414
21369
23031
19533
25374
19828
21708
22665
19385
25799
45187
30490
39540
22699
22963
15393
39278
24659
28872
29147
25780
21452
22884
27862
47088
71824
16822
14605
12480
21455
34319
38766
17178
29653
30665
23778
22806
17652
22977
21686
26094
32375
61439
43569
17118
16279
13931
26596
28040
33308
69592
24771
21095
43360
38757
18484
22344
20602
18259
32226
20415
20425
22114
21608
32034
11612
29539
19285
18813
25885
39877
24240
17710
27229
46335
18866
24987
17935
31848
28975
26655
13978
26223
18871
16760
22068
19849
22311
24217
22579
17290
29487
26171
21598
26349
19436
21083
12903
21312
41416
15209
38827
39862
19653
22480
26289
16716
30716
28346
30226
24347
58727
35905
50467
66233
27284
16147
27729
19404
21890
22618
24891
16993
21471
16110
16397
29287
25323
13615
14552
17011
26649
29421
47449
40869
31838
25387
20159
21174
22517
23683
41692
15296
21419
20943
26339
19522
24303
27694
19736
19312
20878
12777
26514
15788
19278
20278
32121
19114
36328
30053
33819
15087
14957
16458
12410
11361
40332
20729
28007
28072
25948
24207
23759
17550
23147
22183
31549
17010
23861
21047
32844
31037
42833
59241
13356
19620
16197
17214
20536
16860
37253
30231
17799
20890
29499
14607
23170
11665
26626
13880
35376
24527
27857
25268
22568
32029
17875
24793
17256
23521
21565
20601
19711
21562
17606
24774
29173
75240
35000
38390
51336
15143
28740
26209
28998
15551
18817
20498
25593
16859
16096
20287
25348
40311
49978
18963
13395
18340
22206
16830
41734
24413
44401
22313
26408
46098
48840
20674
19155
24209
16616
26124
41679
27459
22060
12103
20029
27156
17572
16378
26890
31553
19837
18031
28711
17445
24000
18605
13249
21612
12360
31447
18310
22323
42682
19161
28534
16176
22183
27782
16015
18566
11002
15028
18813
21863
25535
31366
25994
17345
24999
21335
15412
28269
39082
25497
29885
33036
23978
33834
22924
18608
24949
23826
19165
21399
20802
27541
52110
22377
34660
35026
25947
25914
47569
12158
24242
26715
19146
17807
26641
20970
21951
21104
14260
19256
20836
17840
19129
19854
44919
37573
10636
33106
41663
29853
23275
46423
43722
39919
22944
19308
16435
15975
19214
22807
25090
20241
41242
20991
23074
26004
24778
12829
24291
14269
21139
39605
27816
19170
23062
30700
26046
18510
20772
16495
35347
18707
15054
27234
20325
30329
14767
24027
34348
21507
28286
23628
18697
20982
17325
30218
24794
16939
16644
9677
18187
23565
24181
33847
13616
16196
27171
19196
17987
16964
21474
26564
13594
17423
15363
22882
26682
34494
27609
17173
17962
59633
25717
22761
19379
40251
11464
19493
20349
25395
45356
27726
52017
26662
18196
14262
15757
13648
28661
26859
19823
22613
27487
18712
23201
21846
18941
16888
24136
39921
26925
59660
67278
22121
38190
32708
31938
16679
16687
55564
43915
11867
25775
20622
28457
15132
15229
16159
23718
22384
35176
13616
20701
20559
29821
21736
28242
27125
32667
23508
43886
38134
18546
22181
18045
23264
17641
15822
23684
15193
23731
19916
19217
23585
15315
19684
17762
21807
19559
14463
23897
18806
18313
11997
17778
14749
24323
13165
18484
20579
29990
20073
18401
21700
21055
24794
21885
33271
19860
15153
21130
20175
17185
15133
12916
23456
14669
27643
20487
20433
21866
23322
17976
13353
19840
21839
30325
12410
19127
16675
30880
27527
17519
38793
32120
13594
19552
22381
17271
29599
46952
22886
18791
22180
20189
20057
16324
14457
20698
14989
27942
18145
20729
17089
21088
14973
24443
24346
36138
31606
16545
18155
15766
17107
30165
28225
18145
21609
15650
37133
16806
20583
25447
21484
17452
17857
10328
24769
34171
36732
27871
18805
28006
26416
23229
21082
23047
33430
9004
14301
29391
10679
24419
14802
21447
34517
28433
31543
28878
27155
26925
18399
23163
17198
24640
12732
22818
18680
16467
22742
20548
22445
20995
21269
17123
18708
46043
25959
14387
47326
29428
20460
31584
18900
11437
15942
12812
17722
23902
18826
18248
13939
18608
19568
18041
20425
23153
18377
31212
20476
22582
34595
21884
19462
21229
22361
37240
32114
17101
31696
22549
15736
17978
18019
18306
47300
36314
26800
21496
23915
27175
24648
26250
16605
24843
21420
25491
15978
12645
21828
10868
20099
16667
21724
28853
13153
28548
28741
30537
13237
22396
25356
18771
26899
31545
23474
26929
24579
25029
17056
21060
43343
39709
59828
32071
21350
24351
22646
19326
18082
27459
46465
27812
31018
17157
25665
64198
18840
18170
25778
26416
40572
35138
49992
76204
19692
23215
17045
21398
26348
25114
17097
19171
17936
24277
44433
22984
17954
13747
19219
32588
25621
12446
36007
16779
22793
35623
28313
25110
17092
27905
18155
18726
22101
41888
22508
19739
25507
25623
22279
20127
20495
19669
25262
21511
20375
25753
24514
41797
18139
17340
41165
56981
17301
27730
26007
19333
19940
26795
26586
15456
19435
24813
20726
34897
19064
19756
14681
13604
17405
34506
34800
31676
30161
23803
36533
19643
21294
23224
18998
15797
34948
27234
17735
27167
25839
20986
22180
16903
20780
14828
27323
13138
23526
24163
30146
22466
12096
33802
31212
15061
48161
20955
29101
16534
18795
26902
17531
26636
29888
38056
16959
22226
18107
21179
25250
14432
33436
23963
19571
27195
23303
38333
25330
15439
13621
20211
15647
31227
24864
17656
24509
18792
21560
16379
22294
38360
19585
20841
15227
25147
26379
20660
50776
17464
22468
22211
26010
13635
22186
25730
41208
28922
19665
17953
21885
22256
27197
19528
37700
29144
26927
22683
17582
25343
37448
13928
11071
27279
17996
19352
22063
16538
15215
18781
26818
22495
25423
20642
37106
25237
25823
14682
21016
30218
22650
26372
17480
12024
18971
20291
16009
23176
22107
22461
19637
19183
21875
23932
25463
19331
52942
24098
25660
23747
20547
26275
14525
25883
20114
13590
24191
17030
18393
22989
18308
21098
18481
20942
18943
24394
53434
52650
22047
16381
33900
11187
24755
34037
31359
19537
14513
18956
10701
25796
18898
39616
19485
27245
24272
44934
23804
20635
21220
29248
23196
21285
15642
19559
18816
24026
38159
29198
31940
17078
23368
15029
21222
31027
32364
17813
31285
32929
21156
17640
15353
17710
35825
23153
15445
21208
14880
21826
26228
22421
35476
12287
18239
19679
29173
25486
16432
47325
66530
64427
20366
35322
39498
23223
23491
11033
20299
13221
34543
27678
43192
17462
16929
21144
41497
23339
34844
21543
30877
36668
19516
39996
22399
24344
20997
19623
18187
18846
31931
35539
22613
23584
22542
40947
18387
23563
28806
23643
17009
58073
23070
14127
29052
19360
15642
20227
31714
19861
22003
14702
18247
26571
25079
22067
45057
53808
18987
22393
23982
22826
18881
13984
16318
27084
15897
30966
19108
12264
16723
12391
33236
33491
17832
17415
21520
27576
20555
17054
18921
17198
15630
24372
13338
19439
23268
28128
42156
55991
28270
20394
21159
25616
24942
14852
32239
18648
29341
19973
20154
18418
22033
23705
27796
37426
22214
18605
21694
16168
25950
24332
23786
24797
16870
29512
24641
22249
16772
33195
38337
20045
25417
18590
14742
32289
22777
26856
23167
19420
40583
27494
16771
22985
20273
20439
14760
20245
33245
22619
17700
17559
24012
15268
29005
14860
20168
21504
27775
10341
32007
21784
31260
25964
25501
34990
34991
22528
27393
29702
16384
24005
27362
21213
16071
15135
16347
25205
20210
17818
46112
13879
19501
33217
23952
21600
22138
26096
23138
25643
21731
23265
17436
20050
26805
23252
40538
22352
38618
28655
21750
17232
30014
18990
17351
24915
30642
27207
17623
17058
33044
37282
30369
31945
38852
29978
28654
36289
17886
13950
21325
17615
32220
31092
26101
16366
12980
20459
16553
18235
29514
24012
21242
36764
41736
27923
17308
26516
33375
19962
24117
20696
27486
23177
21632
55513
85566
89614
37372
22512
29711
23610
21056
18945
24185
35200
16802
23266
41392
14542
23711
20853
14811
20469
21345
22369
32204
19084
14013
18772
17783
23587
19967
18310
14224
30216
16343
17656
15577
26948
17559
21166
20444
20221
35582
56893
14602
22061
25671
35058
14875
17879
19374
21116
21005
25482
22389
27949
27961
12068
20061
34801
22487
27161
22444
19380
11347
25847
22146
30901
21964
26608
14287
18345
22455
18581
19688
12861
16067
18562
37285
20307
14482
18887
21086
39647
23050
14061
21755
19538
23173
21716
22926
56457
57783
60867
21187
24819
27659
35800
21837
21565
18573
24562
18990
24891
25537
14026
25300
31049
17367
33532
18576
22138
21464
12222
21080
24209
26089
27356
42198
26754
32659
20298
21626
26083
27094
12018
16922
17731
21397
36654
17234
17232
22605
41539
16147
21849
46057
16826
20200
26167
37041
17907
24963
23819
16988
14780
39272
27747
58026
29432
17891
22791
18540
22805
22684
20496
27012
46989
19948
19555
25035
16533
23717
22150
29571
24194
25376
17981
16916
10824
37259
27299
33919
48006
23513
36532
22320
14116
27506
20943
14608
23337
15954
27921
19666
18601
28361
18814
25494
16929
30143
35836
25683
9531
26557
18423
18629
22604
15775
21133
17430
18806
18765
29698
22824
37301
23202
29164
17825
19445
29147
23032
13740
16486
33032
20408
22499
20798
28854
43537
69082
85347
59282
23432
63264
19856
28344
42037
15265
30037
20060
27488
17698
27707
30338
25003
20827
24330
20126
24653
21982
16884
15723
21536
20257
16895
15969
19830
19112
33872
42789
20940
38494
20626
20162
35918
16430
41359
21976
9846
30372
33498
44925
15714
22576
20504
24431
36335
14046
20643
15466
33440
28561
18441
28515
48208
33664
34566
30721
34011
20136
25126
37624
25830
51185
25282
23750
14694
15785
21148
29089
55332
50678
31419
22385
22005
26385
19648
25473
14540
49545
23894
29180
19577
22981
19300
24056
31454
23362
25060
20891
17284
27491
27017
20291
26438
18373
31349
25362
27162
24984
15379
19255
17388
32091
22498
18896
25172
22362
22772
30978
15324
18258
15320
16223
25106
23126
46269
20988
29721
24001
22304
16817
16856
25752
21528
14279
28990
13636
20545
22914
19631
33377
17775
22618
20125
18077
31432
27209
29690
19480
23539
31998
19353
20518
27883
50723
23496
14820
22781
22022
26065
19556
20988
26468
56552
17870
30914
21453
11617
18298
29841
30731
23372
26077
21631
22406
10923
25865
29851
45845
36070
28518
18120
21381
33059
26129
26937
19592
26717
22125
21262
21528
21999
21342
13238
18450
22493
21674
33186
22222
21110
36709
20379
38539
30077
20885
31340
45731
19122
26800
28827
40284
19863
18434
21404
15449
20802
21933
24140
34703
23589
29058
16567
40931
16330
24123
18975
26096
34557
28933
28232
34832
10410
23877
21342
14480
27281
27998
21089
13694
23035
13273
21335
19504
23874
27429
22261
25225
20541
18036
20443
16953
19666
22696
20137
23323
25932
17736
23624
11120
15554
20394
26800
16014
39650
18339
42710
23160
18376
19104
25489
21030
33943
16891
36803
24674
21500
37887
30016
22771
10029
20908
30523
37255
34799
26973
24712
29267
23850
19652
22396
18243
24640
43430
14878
30408
29079
36992
32088
59411
16683
28846
22426
29445
17395
21238
15615
16633
23509
15010
18412
33690
18390
17697
25886
21047
23580
14234
18216
22636
47884
9482
10527
25010
22240
22116
19604
49499
21500
30430
21206
15531
38118
12356
22151
22009
23899
15523
32763
27985
16701
28071
26153
22121
17958
22167
17067
20099
27230
22459
22128
16184
21540
19430
27950
25931
32406
27632
37139
39098
27153
25048
23063
30127
25164
23746
13572
17709
12952
25395
20545
20606
24187
16321
14870
13362
16625
33372
35802
22946
16258
41558
31202
22125
15562
22151
16600
15157
27008
26813
17048
33384
19070
25291
26661
31728
20552
23496
19440
20729
16773
21675
20202
29288
21819
16950
20319
28928
31060
14989
18044
32684
38643
32948
34215
21090
19312
27788
20930
19268
15155
21908
23618
18723
24121
19560
36952
18628
25271
27661
23609
16593
20768
36454
20694
46162
26780
33506
25312
25645
43425
24725
50546
61117
55575
58326
13728
26331
24575
33503
15774
18958
12814
19420
32565
15934
21343
25615
29293
18101
35508
35212
17140
14459
14902
28045
13112
16397
20398
13169
32609
22558
18102
22997
20115
30810
35197
16408
18071
28458
40791
24131
22753
23487
27998
34675
49941
30440
31778
30183
21612
27952
45635
33491
29667
31014
16257
25649
28058
19963
18390
28293
25598
21809
22944
30348
22752
20735
31565
15741
25365
16466
21597
16908
31943
19034
38329
34597
15096
14258
24516
13461
40502
25244
19148
12651
25670
32244
17311
15934
16773
21091
26942
20960
9562
22347
18037
18387
31971
20546
38772
21129
37906
16364
23719
32123
20797
28745
24155
13661
24747
22254
35201
14076
34765
41468
26123
14737
24980
13612
17183
16565
47404
25269
27970
24160
25476
20885
20574
34198
28888
54056
63303
19372
21480
26673
16462
24881
23971
34095
33284
30788
15892
35118
10020
28466
17261
25014
27284
24283
24295
22447
18713
35888
22876
17086
21101
39086
30569
21819
16109
23172
32248
20145
24153
20588
22213
21098
17077
18250
18792
27989
37321
24811
19664
17478
23726
15236
23724
19714
22546
30994
18439
15862
31676
32333
21454
19767
28529
10136
20999
12401
19335
26685
28425
19131
30573
49898
12057
19031
35933
31606
20858
15232
22579
21988
25576
34667
40722
33700
20069
21593
16240
36082
47104
68010
22064
29239
17783
26143
12318
30665
19554
26171
34125
27615
32163
36633
20236
16493
23896
17901
60355
60365
79508
26356
41795
25753
19651
16321
23416
12489
19319
27646
20337
30488
25005
30316
20856
26906
12641
22764
23460
17632
11698
21571
13880
17942
23602
22789
25075
38786
30319
35154
21735
54328
28363
23396
33857
34713
25112
16857
15661
18415
28573
45009
21199
22789
22997
27253
19423
23985
16325
13066
42834
23060
33866
10967
18174
21790
19274
14857
28142
32201
46391
18840
26097
21003
26726
20681
30589
22082
34408
16455
34686
22535
21778
16766
29031
38685
14942
21725
16490
20588
32048
19322
35515
26568
23208
14624
27429
38978
20035
29818
39068
21860
51229
36300
19364
16477
37050
15174
32037
31874
25501
11373
21001
25624
17690
19925
24442
21460
15351
22266
11079
27422
17054
13384
17135
12130
22816
19317
11818
24595
25392
12598
15484
24436
27778
19464
15112
17308
18090
19434
16139
16942
19445
28938
45929
22707
11463
20485
21380
24594
39503
27797
26057
24453
23996
43762
17457
25772
22239
22404
37796
40097
25447
33408
25550
32829
34700
33839
27974
30769
14584
19604
22549
48635
30654
15701
20918
28194
20528
19889
13060
20496
19365
14817
38312
23087
25260
69347
22010
17669
15707
24241
21651
28458
20978
40946
21912
14450
16909
24507
22313
21699
18622
23013
21494
17789
18692
32451
17734
16782
27741
29693
16472
28159
35119
13524
30160
27512
22784
19309
24452
43419
77434
25472
23087
19416
14344
39613
37763
18093
38397
15257
24865
34851
29350
22003
18387
21199
17365
25499
13863
19831
31669
13389
21803
18328
19381
20596
20654
29517
21251
20279
19113
20384
21883
17931
25804
34809
48481
10840
22195
23721
19454
18185
15317
17277
17390
27392
21938
30326
23948
24496
22135
27217
34597
22752
11954
21670
47488
67206
26328
28090
21112
32907
20059
18903
23107
24131
38738
19099
14926
19511
18061
31057
38234
26283
18651
22094
29576
25055
24323
19259
25762
23463
21399
26113
37885
26447
20100
21122
27021
23882
34015
25976
27592
49532
20587
27973
31297
54328
27263
14739
13864
18698
18538
18650
22950
25114
53317
30012
21347
23249
25767
30879
43106
19360
27624
16851
19985
14810
22849
24142
18923
27509
40491
22248
33665
20713
19136
18500
26048
18865
17812
17411
30627
29387
46029
53760
36738
17921
15391
21887
18995
17300
19637
29133
16565
15238
22688
18681
29598
23419
21268
15398
22789
16786
20607
33045
15627
20629
29396
21257
20591
19676
17261
42560
30398
17899
19306
16198
27475
25240
30740
20516
28171
18279
30619
23078
26686
9284
14021
25693
23522
20889
19374
11987
24655
25250
17009
27504
23086
37482
22326
30896
12713
14382
21642
40239
26837
32988
18603
20545
24036
27450
22399
39580
62992
26633
26208
35873
11392
14738
14951
18845
23270
19477
25972
16860
27712
20001
19670
23366
15421
24096
18444
28920
20823
22828
20713
24573
28486
25537
24697
24558
21834
19077
21576
23183
16616
29058
27520
33163
28145
22089
18001
21303
29643
21451
45886
18617
18832
23669
41451
24826
26655
26758
22807
17939
25775
20435
22872
27507
18260
22215
24555
16693
15794
32955
31391
24623
37106
17197
70320
59828
17674
46264
13210
30097
19072
25198
19817
19231
29455
31394
15940
26380
25250
32083
17187
30965
35618
24792
21234
15634
17852
20038
21108
18497
16209
18471
12422
14186
23225
22726
31419
21826
22197
24156
28590
19027
37263
23328
27073
26625
34005
32418
21166
34992
21960
24092
24271
31953
31873
26006
46906
34305
20269
27358
28223
62746
19904
24377
18293
29409
24601
24818
26369
31273
31737
239001
217252
152621
167424
54245
28117
31712
20424
55283
43542
37669
58695
62542
49613
25614
20985
28342
21039
23458
20009
22718
28845
24019
20991
38546
22004
18742
19285
23365
31401
34527
22995
28765
30402
24072
25907
25947
17463
23530
13913
27934
26650
23331
23760
20593
25667
30111
17601
16763
33878
17304
39888
45183
22854
25800
36276
20923
22754
24644
21145
34833
16729
21474
23263
33357
11111
15976
23128
24060
26351
20423
13835
33046
18017
43086
17291
25529
20744
30712
20729
40044
12700
19367
20225
12675
21021
19671
18550
19422
38085
21493
24708
27873
21170
16126
23941
33799
63857
19628
16187
13085
16331
34438
16613
17707
32937
20885
18115
19210
23956
38109
25821
21333
25837
28365
30477
21021
17781
20475
15945
13701
30826
22814
36868
28569
26791
26298
17793
23443
15026
30156
16964
14360
17814
44456
40227
24424
32044
45159
31326
20016
24051
14662
24807
23678
26598
24832
15171
11433
17401
17409
11445
27269
17132
16468
24696
21679
21273
31979
17466
24101
38166
21929
17956
14307
21341
25525
17382
22274
31617
19296
25915
23276
26393
20849
18760
24756
31004
18161
17815
24409
29500
14709
29789
53525
18755
29781
15884
22614
21372
30674
20964
22520
31437
27502
11094
16164
21601
35330
48595
19800
22121
31798
28224
21956
20082
19170
16150
25829
16724
14875
26594
22600
13823
19603
11899
19368
13384
16232
27369
15187
11971
24831
34312
22682
25135
34524
20924
16275
30925
17272
20328
37018
27887
17708
22091
17883
16415
29972
14493
28960
26369
28329
34067
19382
17990
35818
23145
13242
13634
38839
15969
15626
14199
15797
29332
17203
20673
19101
15688
25962
20401
20662
20023
53020
37738
18291
23806
30754
28890
28536
28603
18069
32590
19778
14218
18843
35053
31732
31658
27025
20736
29503
28481
30511
27911
27323
15647
25673
29233
15463
13008
22396
36537
21743
25895
37706
37435
33416
45371
21775
49100
22668
19168
25472
16943
34482
20838
18818
21893
20215
19143
48157
17497
31482
25328
19406
19614
16279
18969
24687
23494
22074
21090
31573
34705
17010
18004
21050
29976
17339
13847
23511
21557
26684
21452
23943
25121
20676
28373
17027
34478
17645
30916
17448
25226
21751
25181
18519
22499
16138
24402
19265
22626
19258
18430
14267
21755
21076
24103
22372
25695
21820
23693
29134
22416
17734
18081
29525
22538
20838
20572
18556
20564
19851
30721
17990
26957
7190
18772
21366
13586
20804
16184
26551
31670
15328
20475
45282
19859
21960
22623
24265
23896
19448
23306
26658
27735
18058
26260
24358
22883
27056
20994
13856
14855
26197
15508
15554
25657
23556
32927
51662
37235
41726
39749
33236
26664
37370
49829
27209
24382
24724
38494
19666
37101
35022
19017
24228
18877
29143
17425
18011
21240
18912
22193
14353
20114
21023
17835
15179
17503
25460
26279
32636
31268
34359
31569
17443
17897
23584
19312
13247
23247
17444
25954
22169
16583
26208
32833
26312
18792
25603
23702
23265
20291
28086
30515
13076
40021
19673
20983
19012
27864
26143
26311
32488
23777
56900
66854
19752
14676
18658
31017
21892
18442
23737
14349
16032
25073
19157
21869
65266
22769
16619
12132
32305
18546
16369
18764
29881
29954
48746
35531
25756
21343
14839
22943
21066
20589
41037
68220
37316
23228
14397
12214
14275
26401
26627
21558
19075
31935
19460
20639
35070
18978
29231
46785
38262
31303
43587
27425
31419
41798
48937
20074
20781
20567
19154
21162
34055
21409
41670
16506
14547
20701
18778
19635
18866
19976
36013
14131
16559
17512
19319
24338
28154
38369
22394
35885
34392
36408
23325
38134
28608
25603
12242
22998
16816
30515
19154
19855
29989
17562
22323
17407
32967
13329
35102
14027
21607
17677
27135
18478
30250
26039
37517
18002
25767
21178
25472
14413
18887
17564
19785
28208
18399
25641
25692
20885
20703
26493
21903
19578
24968
38547
20225
11182
16075
19761
35247
25569
39284
54185
26587
19334
16821
10206
31875
23579
25901
21866
20748
18914
21459
15965
20072
14735
24366
23028
18802
20811
