15041
15424
15777
21107
14189
15274
14308
14035
14152
16979
15542
16819
19873
14294
19785
13051
20749
18193
21872
13555
18040
14112
18110
14680
14514
13449
19567
16058
15781
14405
15162
15263
17343
16036
17741
23805
23089
13244
15207
17098
29250
14829
13125
15107
17253
14831
15217
15273
14303
15278
24510
13738
13950
14987
15723
16280
13851
13880
13398
13179
13426
18367
13859
18615
12321
14572
21964
12530
16063
13007
15100
16024
19077
14227
16650
14185
15738
15321
13565
13950
14880
19538
17481
14444
15012
14542
20223
17906
16654
15525
14345
13973
14459
16539
16344
14402
13239
13631
16216
25096
15387
15580
14194
14307
14033
16813
15642
28202
15066
14295
17593
15316
14403
13105
14917
17303
15811
21766
13592
15369
13461
13687
18380
14819
16236
27812
18599
26442
14990
26635
18163
13575
16256
24472
15386
15636
15752
24873
14971
14030
15526
16317
33013
14264
13404
14166
14966
13857
20611
14527
13541
13120
15255
17410
15329
15233
17079
16256
15212
16153
16468
18059
14570
16271
15704
32172
13640
13409
24769
23878
15030
14997
15524
15078
16478
14913
15721
16983
16931
13884
15641
14208
20156
33022
14300
15175
15546
15907
14687
20413
16749
14269
18672
15912
15200
14946
14336
25166
34140
13591
14084
14254
16837
16154
18384
14181
15585
13691
17805
15077
17160
16335
15235
18258
15333
13857
15412
16374
19141
16346
19153
13529
14583
15601
17257
17363
15598
14295
14160
16067
16857
16212
17137
20161
18230
20416
21334
16975
18473
15939
14749
14375
14067
17540
26167
13785
13265
23877
13927
15438
20207
38798
16428
13679
17932
14643
15267
17188
23419
14824
13915
20249
14545
14700
14375
15750
15063
18975
14650
13134
26470
14122
22342
20228
16962
15530
15042
18756
17913
17813
14248
15124
15544
13928
17078
14783
13916
16281
15490
14547
14835
15920
15689
18137
14384
14759
13747
17277
14982
14030
14967
15876
15521
16715
15475
15458
30051
17501
15689
13910
14891
17362
15334
13665
14015
19266
14507
16419
13723
18149
27727
13689
15431
16935
16471
17084
16858
19843
18179
16550
14548
14921
14216
15033
14545
16682
17183
13393
15273
15667
16069
15126
15024
14948
14900
16285
16128
15255
16318
14594
20087
14053
15717
27912
14018
16701
14882
14815
16376
15819
15908
25007
14712
19635
20701
15041
15396
19961
13922
15991
17553
15873
15292
15853
16202
16516
17301
14710
15790
15559
25656
15109
14363
14514
18453
15241
16536
14550
23817
15561
16976
26975
17116
14742
14907
19129
19443
15419
30394
15096
16418
13958
19380
16993
17268
16007
18051
15939
15373
18834
14758
16373
17489
14675
13744
13866
18791
16386
19219
14189
17740
14393
15791
15269
15762
17944
20239
16204
13862
14892
14181
17479
28134
26385
13269
13036
13737
12892
13945
17935
13330
14233
15020
17156
31173
14298
16672
14532
15060
14066
15725
16325
13567
14818
21774
14451
15271
14405
13436
14197
14657
15745
15954
32286
17474
14337
14024
21690
18674
15372
15948
15991
14974
14539
16157
22887
16000
14376
19727
24212
14239
17126
15277
15648
14161
16502
14923
16137
20521
16479
21058
15523
16711
14700
17078
21025
13970
13758
14870
13829
14947
14310
15559
16494
16405
17103
13358
14958
19339
14234
14246
13877
16946
25370
14528
15678
14360
18287
15800
29992
14198
13280
14481
14932
17152
27006
14462
26959
17446
14448
17850
15381
16002
16215
16079
16732
14158
19139
25722
15667
15898
14171
18263
17462
13974
24757
18530
22411
14144
13576
14648
15003
14983
14715
14081
17094
14977
19559
14626
14820
16215
14919
18794
14398
16297
13096
17047
13857
14588
19111
13861
16227
19899
16878
17343
14452
14226
14865
14636
26958
14921
39358
41829
16718
14833
18363
17650
14611
16544
17292
15042
14260
13597
16349
14282
15297
15335
17331
14854
13548
17142
15861
13807
13079
14338
15242
17671
20690
22784
19426
14978
26810
15346
15188
16155
19371
16985
19250
16365
19365
14568
16457
16196
17694
15119
17715
13853
18084
14596
15835
14262
18469
14076
16041
19671
14603
15943
15730
17138
14398
14663
14377
14609
15158
14781
22096
15044
35381
15589
17080
15317
15593
16650
17057
16395
15982
16288
14638
15002
27133
13890
15471
14926
16328
13574
17963
12227
33295
26690
16397
13556
17608
13263
15600
13705
13061
15518
16597
20578
15144
18336
18778
16288
16333
14821
14394
15073
18249
18113
14805
16388
17298
14633
13545
15869
16831
23957
15060
19805
15372
18214
17826
16662
15153
14671
14395
15762
16082
15867
14632
17834
15382
21644
15721
28443
17405
25407
14990
17486
14998
15237
14563
13519
15446
16455
17373
17226
14290
14369
17548
16172
15543
17888
15303
18341
13962
16168
14771
26046
15416
15661
19388
18521
15082
16029
17826
20221
20156
15717
33390
12907
14853
15977
14536
13453
15192
13992
13860
16690
15842
18282
18216
31145
21616
16981
17903
19749
17976
14442
18634
15825
14560
14551
21646
15808
14371
13514
20194
15119
18744
13725
18547
20589
14429
18263
15421
16725
16531
12337
16588
15908
24496
21062
14846
18264
17936
17934
20766
17068
21103
15985
15980
13988
14362
18614
17123
14700
16056
12908
14214
14028
22002
14571
20844
13322
17631
20989
17275
18516
16041
16163
14008
35099
14544
15574
13056
14621
16017
13442
19399
14300
15226
14654
14458
14991
14553
16045
20100
19716
18752
19569
14433
15154
15596
13805
18024
15485
16434
14360
16323
13496
16499
15309
15464
15071
15301
14018
13835
17924
19782
15191
15267
17656
40059
17871
15720
14868
14178
16279
25176
14601
18925
16180
14493
17947
15371
16929
22727
15780
14646
15697
14735
13656
14847
14651
14025
14228
18909
14029
13937
14735
13566
18864
15809
14699
14779
17360
17307
15733
19300
16740
17055
16991
15979
15402
19103
14608
15213
15244
14272
17408
16019
16247
226701
15812
19712
15021
20071
16230
16910
14892
50654
16880
16280
15901
15835
19069
14039
15319
17670
18868
17473
18240
29978
17626
21870
14884
14976
17371
20078
13058
15918
16440
14956
15275
17661
19171
14355
16712
14725
29801
33708
14627
34228
16556
15231
17587
14073
15341
15159
14197
16210
15801
16748
15406
17822
29414
16279
15324
24594
13876
16059
14992
17121
16003
20374
21603
15329
15436
15712
21370
24009
21171
25993
33880
38200
16344
16577
15247
37424
15345
16618
21210
14561
17064
14778
14536
17396
17204
17367
17807
14399
14902
27367
20964
26112
18420
17928
15209
15879
17342
17161
15311
14993
16323
14245
19884
16866
18864
14206
14703
16472
18227
14435
16682
14732
15693
15218
26663
21188
20343
15294
12478
19779
14275
15939
16257
16351
15217
13355
15241
27953
17160
16560
27355
17403
15423
20882
15418
18593
16726
18552
20062
25317
15574
16125
20026
18559
16344
17095
32941
19564
14368
13411
25217
14791
13469
14160
14321
23896
17094
29195
13821
15962
16379
15973
25451
19317
17528
15584
17011
14473
17525
17595
17784
24525
12848
14180
14675
13996
16025
18377
19956
15135
14287
19132
16210
14734
16955
13979
14805
25887
15583
16697
15178
19392
18085
19807
16791
21922
15576
16287
19551
16466
19893
17496
18428
15704
15101
19521
18622
14447
18419
15518
18005
26202
14622
33051
14397
13904
16225
14208
21017
15399
14404
22789
22126
15422
15315
13802
18300
15356
14770
16382
16780
17642
24503
15452
14910
14218
13900
14450
15213
13966
14105
15168
26965
15643
14722
30437
25359
15057
17150
14507
22609
14685
19528
13690
17281
14565
19092
16782
31362
17673
15331
15230
15434
23174
19641
17103
29719
22866
15802
16380
19387
15505
16794
14233
18153
17446
17390
20172
15649
14014
14718
15948
14466
15833
15389
24970
17714
19695
15519
19040
17633
18883
14099
15270
16919
15227
23308
14121
15036
18887
13684
14767
14325
15415
13932
17638
14785
13452
16806
14632
20184
13114
14501
15970
20141
14829
13721
14444
14733
14902
21742
13607
18581
17457
14517
15147
14490
17119
15594
13988
14946
17405
13981
14166
18508
15493
16105
15452
15695
14092
14408
15589
15090
26371
16186
15062
15691
23341
18084
14620
15336
14735
15159
21839
15647
15321
14921
15524
17394
17078
14079
15987
14256
20269
19426
15540
23019
17879
13459
17674
15932
12533
22658
22643
18099
15480
17652
18135
14032
17415
15804
18132
13859
17764
16706
22420
15727
13747
14899
23138
22114
21026
32653
17076
18683
14868
15703
17515
15629
14873
15133
40984
20153
14329
21347
15352
15843
15571
15444
14629
14972
16063
16234
19480
16157
15997
17708
17784
17211
16555
15398
15853
18271
16110
15026
16053
14944
15888
18343
14929
18982
23490
16283
14994
16678
15854
16624
16580
13856
22244
21276
12665
16025
15044
15345
14099
18000
15518
16992
19496
13729
22271
17285
17480
15645
16138
17448
18786
14925
14309
21254
15356
18597
14078
14195
20142
15920
14074
21426
18325
14557
16279
14579
18129
14226
18483
16975
21625
18032
13936
15589
14008
14556
14904
27001
14762
14864
17538
31553
31330
16542
13361
15279
17318
17923
14707
15413
14225
15498
16477
18057
15417
21271
18531
16962
19523
14844
14207
16454
17107
14828
14706
17613
15162
25349
17769
20842
30524
17547
15691
16169
16036
29173
24023
19203
16534
22036
16490
15033
14904
23151
22552
15212
26964
13666
17884
17765
15220
13944
14951
20893
16174
16242
16588
16727
16346
14988
15579
14359
14595
18644
15351
15958
20102
17567
14877
23798
16335
16150
15631
15828
24093
17326
16483
16804
14793
18769
17463
24628
36581
14558
18107
19175
15864
14991
19659
14596
19664
16792
13866
16409
15842
14576
15230
15368
15613
14573
13699
14757
13801
21421
26580
17039
17616
17717
15862
16328
18540
21458
14061
15223
16861
22005
24496
22245
17031
15776
23110
16164
18244
25207
27491
16636
15432
16053
15850
17355
18904
14264
19015
15182
24691
15753
15636
18516
15601
14691
17736
14754
17121
17074
16131
20187
16432
16300
17083
13596
14402
24915
14563
15991
15689
13957
21322
20484
15704
13739
14284
15031
15427
15527
18011
13989
20166
16369
16459
16152
17129
15947
16710
20755
15777
15440
18589
17061
14807
21876
15219
15251
18340
15250
22506
18224
15512
16245
15182
21874
18011
16518
14117
15768
14738
15042
16352
20227
13903
14436
15445
14263
20335
15578
19436
22395
14545
24714
17722
18716
23465
14608
15852
22802
16970
17677
14466
16488
15104
13920
14516
16367
14351
27516
18168
14733
15156
19758
47187
15442
16223
15805
14141
16841
16358
19278
23631
16101
16689
17561
15969
15817
14909
16442
14621
22374
16575
20576
16010
16422
14945
14218
15946
14435
15498
21052
15729
17933
16395
20603
19471
15008
15198
16496
15352
13971
15763
16821
32217
19344
14763
14575
18392
15152
15077
17118
16493
14304
17323
16086
16527
25248
20782
14795
16079
19281
16942
15576
17221
14189
14992
25087
16309
17016
19436
15870
13663
16161
20092
16465
18269
16347
18484
15875
14680
20164
14907
15148
15745
15415
24127
16695
25228
15292
19166
15819
23160
22519
21997
34460
35353
13274
16921
14456
29325
14571
22396
13941
15918
18315
15515
17358
15820
15690
15424
21956
15889
16222
14855
20837
19645
17860
15659
17452
16551
25695
18759
17276
31817
14415
23233
27472
19856
15252
21245
14029
14773
15047
15147
14733
12058
25472
14884
14877
18641
18863
14448
13316
15904
18253
16672
15258
15352
18653
17375
19928
14008
16343
14784
15130
18726
19041
17502
23576
17668
19546
18751
17485
15658
18913
15216
14311
12892
14355
17065
30868
17191
14926
17210
27788
45860
13615
13627
13676
14363
14967
17750
19378
14722
14570
14622
14710
16406
27749
15015
15706
17223
16266
19571
16843
14736
16978
18168
18387
17493
13835
14267
16334
20071
15362
14008
14318
17263
13678
19699
15589
18561
13261
24772
13686
18451
18244
15397
16095
13669
17018
15313
14432
16804
18587
20694
16118
15429
16821
15196
17415
17960
14252
14449
18072
18390
14503
17046
18185
15521
20886
13768
14917
14784
15461
22514
14945
16471
22198
22596
14077
23065
18235
13998
16034
27188
14947
20706
14065
15296
17728
14771
16897
22246
16755
13025
14134
13644
14032
14546
20547
15128
15321
14115
15424
16452
14545
16723
16707
14776
18099
13919
14991
14863
17871
15558
14899
14667
19160
14201
19769
15779
18299
15926
17582
21309
15456
35315
16682
13627
14110
25747
15018
16328
14677
14184
21178
22708
20654
13885
14977
14278
20778
15674
14909
13736
16712
14326
14535
18562
16034
17468
16096
20349
16853
16609
17274
30768
14160
14756
15147
14772
16527
21483
15663
17936
21019
15985
16869
14954
16517
18968
15276
14414
16757
15151
16063
15402
20402
14973
14893
15517
15344
18438
21683
14646
22096
15263
20516
13899
14439
19346
14247
15801
17189
18718
16744
17563
15730
15959
14533
24267
14469
15821
40158
18005
16095
16262
14490
18469
16606
16524
27187
25288
15586
15572
14449
17778
18582
14915
15140
14725
18681
19646
17158
19994
14756
17142
15887
14459
18861
17130
18639
15537
16931
14270
14772
14415
16161
14554
15234
17833
13916
16453
15336
15247
17021
13430
17144
19478
15273
15063
22234
21255
14534
15950
17259
15822
17767
15622
17372
14904
16107
16763
17179
21557
14157
14681
17083
15412
16844
17121
22105
17190
17026
16197
15122
16413
21661
17637
14557
14519
15345
19808
18068
18085
18545
15807
21478
23754
16925
15384
14214
24771
13548
14333
16961
15412
16731
18731
14708
17090
15375
15069
19152
15849
17497
14887
21001
13779
17892
14317
13833
13614
14365
15660
15365
19440
21931
24591
13763
19635
20296
17306
37737
19607
15731
16847
48493
15245
16841
22050
15434
17288
14458
17689
15086
15615
20174
19118
24591
16150
19800
16896
15455
15188
16034
15254
14915
16597
15177
14726
18168
17396
15108
17027
16259
17222
23408
16242
16960
16891
15185
13600
15762
24282
22977
14287
20131
15584
17920
19187
15058
16805
26667
14928
14184
18603
15267
14993
19826
15067
14907
15741
15887
16458
14100
14796
17404
17143
14382
21300
18472
18839
16479
18543
14432
19571
14870
15879
18131
16751
15080
19651
17555
15513
16424
19452
16031
17563
14684
21358
16539
16883
14927
17568
19329
14658
15466
16492
15539
22980
15414
13807
14652
20944
15588
15472
15172
28755
18459
15570
15791
16929
13486
17272
15068
14785
13928
15180
16958
14971
14963
38029
21993
22755
14011
17169
26905
26441
15395
18330
13691
13747
15239
16156
16308
18404
16743
15100
15428
16162
15577
14169
27287
16304
26679
23875
15152
14859
17612
16060
19140
12622
16005
14641
15405
17104
22160
16773
15799
14496
14345
15012
15237
15809
13488
19982
15714
14701
14335
15705
18746
18323
15708
16890
19149
15204
14193
16189
14881
14626
17712
16319
15200
14130
18103
14926
16771
18321
13327
15033
15360
14601
19491
15793
16584
14141
14201
19059
13883
17683
16548
16691
16356
18846
16346
13645
17122
14626
12997
23803
15315
14042
15543
16539
18552
17480
15648
15714
21869
15461
15832
20879
15894
15314
16439
15841
20155
17569
16660
17148
42444
19071
19915
13354
14927
16871
16954
19260
14706
15639
13312
14904
33294
20406
14465
20738
15285
18341
17698
15226
26796
33701
16756
16266
14877
19684
14514
26411
23278
33278
15327
16291
21623
15747
27643
16401
13963
17138
15947
15476
18016
16058
16117
15191
15211
14688
26491
17824
14509
15631
16111
17838
15395
19811
19865
16793
15992
14953
15691
20602
16277
15946
15068
17116
19299
16297
14226
29664
15521
19617
16893
17446
14888
24340
14955
15748
19055
15961
15183
15534
26386
15558
17509
15172
18744
14446
16756
15128
20675
21247
14523
16546
15922
15517
14637
14214
48031
19228
22498
17955
15576
16468
14961
16578
17719
17500
21571
17637
16668
15212
20427
14970
19019
15872
15844
14758
14334
13892
18044
17705
15693
22455
14093
17522
15927
15582
20948
20961
15025
15872
20818
23844
24046
15352
15617
13566
22964
17598
15083
22100
17602
16662
26429
13801
16511
15842
19249
21821
27501
21715
18595
16190
14203
21696
15866
23090
18752
15095
14486
14781
16510
17647
15726
16003
14092
15999
28632
18604
14236
15143
19817
15517
17934
14768
14657
16177
15550
12782
16787
15975
13378
17141
13924
14875
14097
15634
20259
14530
14673
22185
16159
17092
13922
15120
16403
14289
13014
15947
30988
15354
15132
15987
16062
15006
16752
13984
15847
19828
15683
15493
15333
19463
17354
15887
15812
24333
16481
18327
21804
28817
15787
16198
19535
23187
21914
13399
14136
15414
21411
13968
16924
14917
18811
14753
15903
13055
27780
23911
14601
15005
16434
13599
17792
15078
28989
15240
15165
15501
19900
20644
28316
16290
17228
19126
14965
22888
16973
16070
15259
14460
15084
16088
20336
14826
15221
20212
19363
18195
15936
15991
16099
19238
14776
21780
15165
14174
15101
15804
13831
15949
15636
16110
15858
16687
13841
15260
14942
222894
76042
22880
14884
20311
17704
14672
16984
15191
14837
15551
22336
25271
17096
14702
15584
14953
14315
17645
14008
14308
24358
14842
25835
14264
19858
15156
16487
15869
14852
14541
17666
17426
30734
14045
12884
18643
14719
14738
16326
16691
13234
14755
15700
14749
16081
15344
23072
18674
13401
16679
17659
14529
21167
18333
15694
15161
15129
17628
15488
17247
15349
15402
17329
17308
17540
25768
15844
18227
17200
14837
14231
22573
23074
16560
21038
17300
16688
15012
15570
19189
20950
15363
17438
19770
16134
15839
16873
15363
15139
15587
15732
32169
16133
15421
14415
14401
28010
22553
16498
19783
14607
24059
15720
17707
32443
16281
18146
17345
14094
17220
16249
15685
25136
21319
14787
16286
14765
20200
15359
23067
13744
24435
16786
14704
14288
16802
15035
15436
18462
16176
15397
18225
16244
18716
16213
15320
29609
30070
16491
15729
16517
15518
15837
17490
13767
17152
20766
19649
33965
15572
16800
15596
17331
26987
25962
13674
17282
15636
14525
14249
16573
16141
21786
15560
14430
15435
15347
19030
13244
21382
19283
25474
20704
14529
14729
15372
16938
16345
14260
15163
16800
38114
15893
14887
15607
16193
15583
17138
14257
18596
21284
15118
16240
14784
16623
15673
14711
20538
59890
18763
12497
16540
14848
14898
12296
14677
17600
22516
17486
16501
14605
17263
37749
16036
18175
14165
16535
15151
14801
220843
16263
15080
14667
27089
15181
14244
20119
18671
40912
15919
21111
16304
14602
15325
21750
13838
16596
30169
15172
16905
16967
21707
17629
16231
16885
14737
13449
16729
18758
14516
29289
15137
15681
14721
14962
14493
16542
15743
15295
14651
14649
18658
23236
15260
14068
15406
15625
15918
16317
22041
14587
18893
14430
13831
14483
17961
14344
16204
15329
20311
14889
15241
19580
17557
14207
16450
15412
21470
34440
21467
18464
19417
15153
18395
18555
28259
15643
14597
14598
19437
20503
18100
15626
15034
14397
17455
15793
17360
15562
17378
17234
16733
16895
18935
15134
16158
19397
14636
16412
15949
17091
16686
23698
15248
15308
15898
16794
15183
17299
17018
23511
15900
41509
17984
15469
16781
16657
14476
15282
26183
16185
14178
16287
14702
16974
34918
15807
14700
20392
15080
15624
15217
15741
16637
15234
36825
17542
16537
16663
29744
15742
16669
18015
14875
15309
25151
17748
16753
26602
16204
13947
15631
15929
19829
14853
13414
18162
25400
18387
14807
20569
14967
20348
16116
23093
19650
23791
17302
17204
25073
19686
14151
16299
27449
16018
16511
14033
21046
16066
16415
18269
15860
30820
19476
14410
14972
23118
23703
36300
23101
14323
16157
13466
24496
17590
24364
19891
13947
14794
16090
14006
15592
17168
16626
16503
16446
15495
18764
15622
14961
19029
14947
17471
20101
15865
15254
15520
24063
20679
13944
20351
19030
24255
15942
16893
14228
14576
16727
22565
17939
30129
15410
26321
17950
14734
17017
16250
24389
19415
19223
14990
20603
14457
19372
15519
28716
21185
24597
16263
17117
16145
15616
17882
14811
16646
22804
21257
18681
16738
14828
14371
14110
14382
16548
14492
14105
14024
14592
14549
16844
14273
17507
17237
19274
14751
22595
16417
17241
15757
22710
14282
13447
14579
22769
14857
20448
14512
16734
17149
14715
14933
13964
18796
15106
15573
13159
15798
18014
26291
23991
14973
19488
13296
15642
14892
14283
16872
15770
14422
17846
15403
19727
16764
17180
18818
27295
16201
17488
14236
14964
26612
15999
15912
16276
16766
19031
15475
16677
16046
28899
14085
15694
15941
14844
16481
17641
14410
14027
20471
14870
13754
32819
13685
15044
14038
18648
14244
17893
16118
17810
18877
16282
15018
13333
15205
16234
14903
14462
15169
15780
15546
37387
15357
26668
20724
20498
15552
14642
15590
15888
15157
15451
22090
15891
32414
26270
21942
18445
18855
15020
17546
14179
15085
15636
22099
15435
16306
16591
16481
15573
14384
14965
13601
18722
15597
16578
18652
14147
13888
13045
17045
14181
16128
18971
14847
16634
18946
15154
16934
14901
15776
14414
16122
16204
16112
14934
14209
17944
20437
16011
18333
17567
14777
17888
14225
15412
16395
21268
15634
15009
14397
21419
14376
14845
22419
17286
17907
16220
16113
16211
17228
15412
16861
15434
17660
35788
14669
18980
17908
16224
25799
26790
17465
15559
28042
17108
16688
15207
17923
19072
16602
13366
14457
15826
14592
20728
15823
15698
18523
14643
17542
14434
18379
28576
15607
22860
19143
18934
18052
13853
13783
15615
15529
16652
14455
14344
15566
13970
15811
15736
18955
15892
17636
14552
16625
19824
23485
30469
44969
17405
16172
15829
17222
15866
14295
14680
14294
15341
16361
17095
15529
17106
14260
17381
15145
14907
28244
17832
16892
15977
15992
13539
17154
33586
18682
21898
15117
16084
15427
17003
17502
18812
23244
14254
15718
18809
16927
18408
14329
20643
24787
16824
20064
28814
13349
16099
18918
14544
15153
14462
18733
17991
15812
17249
20893
17232
13636
14608
12905
21715
16873
14203
18294
14444
14766
14308
17071
14166
16737
16577
17648
22806
15078
14606
14349
17576
15697
16579
18884
14731
16713
16255
20722
15517
15201
21526
15253
15488
20414
14784
19250
15292
15664
18342
15942
19282
15972
14768
15123
18142
22082
13854
15931
23537
36580
15473
14851
14676
14421
15588
15472
17164
14900
14133
17055
15502
15704
19644
14568
16732
14927
15306
19234
15490
19177
20815
16488
14971
16029
15512
19937
23192
17063
14637
16279
26775
17156
19545
15951
19954
24706
13967
18902
15670
15281
15289
15218
15162
28172
15519
13336
16299
22850
17815
15333
16571
16117
19791
15607
16031
14606
15380
22551
22617
16342
13414
19426
17147
17495
17479
21182
28374
15819
16674
18770
13267
16464
16167
20215
14240
18111
25531
15708
24533
15591
15036
15892
14330
16729
16133
20563
14760
14477
14884
20103
14212
16834
26981
14336
18307
18589
14535
14474
14952
19936
16238
13083
15045
13264
16154
19867
28301
14096
16833
16077
21619
14447
14036
14418
14146
17649
14219
16304
14548
16938
17122
14251
16079
17360
17296
28419
15878
14537
16122
15127
14914
14664
16310
23526
15379
20089
17330
16231
18775
14190
15987
19173
14793
13653
14885
17979
19771
14456
15852
14409
16217
