29013
15362
17962
21717
21114
44997
17082
19202
10334
16958
27515
23188
12319
23248
36030
15761
21000
22517
25913
31146
18502
14318
10323
21156
22470
26087
15605
21926
19349
17353
29555
28661
14485
22345
23230
17268
34636
18672
18821
19224
17946
28029
24082
22076
15163
27178
22763
27875
23253
26057
34512
13464
12698
17367
37335
18514
22706
18870
23589
21620
15773
13197
20881
23596
14939
29035
32146
19098
23743
22179
17994
22549
28415
16591
16136
18826
38087
18918
16736
19269
29862
14894
17375
22577
19049
35293
29667
20468
16302
12001
47587
32059
24619
17501
18141
17377
16403
5645
24020
25687
26971
45151
24474
17136
28124
32287
19644
36464
25581
33844
22172
20651
35894
18376
17998
19376
20016
24444
36021
27439
39529
17084
13734
31890
22844
40068
18794
23059
13090
31500
25701
29246
16518
21140
51130
28793
28208
23484
21188
12845
18024
14702
20889
31950
16213
12781
27041
28501
14130
18003
24912
39701
23626
24247
23028
24067
18212
24174
21879
14790
26616
19479
36550
17453
26870
30717
20520
29954
15335
18557
22437
25843
26882
17505
27937
28210
43311
17390
36862
55137
39279
19075
12965
22660
25369
19872
27787
20802
23526
24788
17035
20709
23409
57719
28067
20933
29533
16402
22425
17830
16625
30307
19223
51405
46293
26667
18795
21236
39388
41876
15001
15350
25363
23655
24819
15020
24953
23329
20468
22471
20553
16267
26183
20299
27240
23660
30013
32605
22749
42134
17204
22898
14259
22935
13964
24951
27335
14292
16207
17041
17049
48762
45174
19339
24718
20043
34969
15794
26232
22759
14449
17008
21235
25602
27112
35925
27245
19122
18556
17173
15137
20855
28943
25161
17049
17249
19365
23506
24001
21092
29055
18950
20768
16717
24717
23045
24299
18343
16193
34474
18991
25981
26252
24188
20607
17767
18764
23001
33504
20502
13333
26088
41966
51178
26427
25535
20006
20322
38993
40453
27805
19907
13867
18026
20737
33234
29931
30399
28427
17812
17631
24905
29663
23558
23174
18938
20457
19271
20609
26093
41572
23699
19163
20592
18095
33200
35576
12265
20792
15233
16691
27435
17824
18105
20558
24122
25470
38308
37256
29318
35791
21678
15001
28591
24325
21281
20773
23930
26368
20682
19873
19554
18865
10681
20464
34461
19345
29261
41512
55640
60866
32387
18263
20869
25676
20698
39206
10355
8601
23431
35597
15807
29634
22151
15136
30480
54743
32344
51997
17395
28204
15063
27219
28683
33356
16849
17767
21804
17460
16373
20951
28446
39283
16176
41571
21046
25941
32609
27019
17597
20998
20385
20922
27632
21805
25752
19186
18503
35494
31052
38094
24994
16452
20745
16110
20086
20271
14201
28055
31392
32160
27523
19017
28807
54970
43110
27052
19058
31864
35887
20307
18247
22850
34113
35188
18274
35108
24397
26533
21161
28182
23295
35080
45163
28737
18075
15453
48382
59563
52441
20215
18655
35370
42280
16447
24947
18633
21603
35182
30864
19544
23605
21021
15031
12965
36783
16858
18988
36843
17696
16907
20007
27588
21207
26902
26496
24439
18769
20340
19186
20049
20219
21864
22649
17065
30052
26661
22082
23437
21869
19283
22175
25480
18208
24276
22665
31674
19457
23684
23527
24813
29456
20967
23297
24021
18875
18256
24359
14581
23003
28442
36605
19927
25974
24468
31097
25967
28044
20786
27111
33108
24710
22219
33374
19532
14896
17491
29328
14365
23218
34675
35794
38318
38515
61084
19485
24436
32439
32929
23470
18833
13902
29308
19075
20684
23414
22185
16469
15927
24538
18218
25108
13045
19961
24987
19577
18442
23960
25021
31716
32217
54583
35911
21929
18883
17165
26265
26263
17545
23200
25053
23980
53351
39754
20390
21631
16727
34450
43939
18774
31173
25948
21009
19364
20668
26664
22247
20386
27865
26670
26986
15582
25750
24287
22383
17330
21946
32346
25593
16005
39566
22433
28542
30991
22484
18867
20905
26861
24945
12276
24469
16827
37176
24943
18632
19826
25227
43775
39025
19089
17948
26109
14066
23225
19656
20564
24158
23758
5715
17952
25421
13426
25600
23851
24672
18678
16701
26133
30220
28666
13440
25556
30029
18339
21008
21794
21110
41838
28588
23368
33546
19434
15308
23088
24184
23747
39648
27922
22463
26875
25103
10055
14823
37524
20792
15831
17661
23581
33224
23265
43053
20959
28392
23463
16757
31242
23815
15412
19189
24950
18561
22421
20432
15913
21305
17127
17193
25312
20237
19519
15060
21044
19693
24248
17310
28748
23310
32735
20432
16051
30189
44306
20326
25525
20507
20597
18647
20206
15876
43366
51603
25792
29572
18816
15664
17597
33083
23936
43682
50871
20407
21962
14230
22012
18570
28821
19701
16964
22007
18284
31532
44029
45138
21011
24632
23014
17861
27613
18301
28989
33465
20495
20322
26979
21103
23020
19128
20683
19076
21215
15299
28690
20135
28571
22023
45179
17599
18848
25718
49052
17721
29997
16291
35645
52541
31722
29069
35623
17063
47704
25391
19862
22266
22274
20271
20538
18153
18874
14330
29407
19062
27809
35972
23400
21420
25673
19331
13488
37943
29063
16544
25670
24388
46397
14125
18939
22325
23130
25023
10649
19748
34071
31138
18953
16997
22043
24421
29655
20866
42315
30855
19219
19844
26331
11834
22547
7061
25799
12691
29161
33634
22156
43648
13858
23448
35311
17449
18270
30780
29513
21075
30806
24019
20339
19970
24537
26818
39010
22642
19192
33856
37212
28682
12960
24584
22249
24802
22270
34002
14667
42891
26930
18208
17436
27455
55646
20395
18178
19148
32849
23817
15938
29912
25945
22181
21437
21865
21445
22717
22703
21131
25349
40472
22772
15141
23348
23575
23718
29589
21846
29467
21074
24466
21086
19866
16233
29381
22792
25614
12156
27949
20382
14685
13177
19081
26032
21925
20991
27835
19345
23579
19039
18032
13964
27321
28380
17779
25046
21527
27147
20997
17443
44499
23399
41687
11899
20751
10137
17283
22403
23633
20749
22739
36273
20331
32352
13623
28999
19947
23200
21956
19035
41387
26289
71907
26168
21680
32387
14617
24358
19386
25923
25784
28432
31515
45044
51020
26267
22333
37828
22248
22777
21077
27828
6349
15596
33462
34731
20055
20037
16108
19371
21238
20536
23093
22451
16727
16004
24428
18117
24333
20455
20316
21615
25380
29835
15394
17811
21392
16094
18588
23423
15277
19596
24607
19959
19546
19845
18548
39529
15724
16494
15916
18354
20608
16665
33199
29295
18586
10817
22921
16216
21412
24507
33972
50661
26024
13678
11582
23461
17074
20232
21468
29158
18784
13643
35866
32209
16043
21778
27607
27724
13654
37509
30129
23138
41810
20321
21469
16683
31050
19816
33194
15665
20728
25461
41736
26239
23094
24310
22171
22498
23357
15799
39645
17000
15659
18487
25917
27759
23928
28757
10653
19665
15705
30435
16058
23274
42897
26214
15888
20960
29174
29337
18237
20728
15461
33934
24860
23702
19529
18359
17137
22970
23637
43422
18730
20596
19611
24759
20254
28957
20394
22202
25421
22607
19314
24000
21034
22698
19501
10899
18638
26572
15903
19012
28817
15174
17464
14190
16494
30384
26159
19722
21510
28948
21979
23081
25504
14402
11180
26072
19268
28204
15570
24681
24151
18579
23726
17035
28965
19234
29449
18632
26143
33455
20783
21869
13325
25904
49244
11200
14590
22045
20286
25982
25416
20724
19561
22475
22123
22501
19719
18596
20522
21524
19024
18785
22687
25381
20621
29368
27924
25017
16235
15767
17650
21785
18641
25177
28182
26677
32713
18836
19796
23082
42949
22564
24257
22251
19430
18102
13857
24906
19876
16490
50521
22085
18940
22728
21975
23248
23083
11146
30691
18094
16827
20451
20084
32905
16990
15719
27993
26323
27636
41421
50065
20681
17584
19866
22542
11344
17436
23980
24649
15632
27238
20404
18830
21007
37476
18117
30438
12429
17947
30541
27343
21096
15739
26452
22491
34441
19213
39839
29066
23882
24257
17346
19002
25322
29300
19306
14185
30854
25158
37104
41589
17681
20905
28082
13016
19245
16813
21819
26500
20589
37294
24451
28926
24531
14207
14818
30248
17237
16906
22614
25705
17899
17478
31400
27600
16451
17674
20042
25243
38228
22182
18451
16403
14973
32493
15169
26143
19915
13977
32124
30972
19722
42998
23020
23189
25512
30400
28997
15832
18672
20697
18425
24204
23856
23243
13804
40660
21638
24375
25905
53177
15141
13602
23812
15265
29933
19397
14002
30107
28595
31065
32103
16519
19524
20489
27264
5963
16853
56301
50414
18520
24963
14616
24541
23601
31475
18422
34114
50976
22031
20689
25366
20844
23727
17875
27638
24747
27384
14260
25249
26772
20394
18842
42510
36697
36621
52780
34152
22299
28398
11923
28453
25064
50562
14382
18595
20920
22036
19684
17921
21779
29800
24091
43555
26791
37123
26315
30541
23603
21266
24513
26953
23369
19252
29274
38174
14424
21042
20835
15949
27028
10080
25631
10653
18536
19409
19831
15550
23046
23351
40974
41725
44696
36457
56261
48263
15079
22255
26097
23468
22017
35505
31417
19169
22934
13562
21080
32984
23556
35238
20038
23837
16752
28445
23435
23877
23606
15226
21992
21170
19166
20522
15660
22196
13267
13548
12790
19323
19340
29279
15704
27058
24387
21789
14780
11672
20256
21749
20192
17179
22992
23031
16228
12974
29502
25517
18664
18791
30109
28843
40658
20321
10505
19312
34509
24233
10086
27660
33549
18693
17542
25587
13305
24920
30617
21815
33767
30039
41187
23045
26014
17666
22905
20414
30648
18227
15744
21067
20525
24710
20068
30019
27119
37116
18799
22210
27110
21460
27863
17063
21680
18749
24143
22209
23936
33587
23305
30937
25515
18267
24690
14248
17250
32476
23352
20152
22633
20064
16863
19378
12454
19828
35985
18535
25152
24829
33621
45359
17232
29094
20764
14146
19922
23987
17672
26365
27211
24831
17788
14510
29694
23455
21046
19338
20036
38618
26851
23193
15899
26933
32129
28060
28065
22618
16579
38486
27543
22795
27530
27624
16163
20337
20065
22828
27950
26153
19290
17785
19725
22346
32502
16541
33857
25141
28030
21040
25170
23265
40119
27586
19343
23364
22558
24053
26106
17413
16440
20680
41550
23992
20424
23741
19653
27430
42433
22202
38805
7756
27694
14050
24733
28900
29662
16516
29446
48903
50826
23067
19590
21617
21290
24596
29445
13183
25957
19413
34911
25181
20249
13136
19290
22027
25049
19654
26890
25200
37592
20096
25221
23822
20165
21773
20162
21615
23292
22059
20759
14862
23057
22464
17410
17802
18733
35090
40108
24071
24188
28693
18404
16540
22928
28068
29952
14662
21770
22488
24266
22710
33954
17827
22283
24179
28434
20942
21731
20549
13267
29304
21916
21228
27414
25158
17614
26234
14758
19639
26499
17937
28901
24987
30586
21040
22363
25028
33299
21472
25775
30532
26422
22256
41369
30947
30329
27714
18975
19061
30728
36068
31742
26271
6020
15202
21777
20044
23567
20479
31906
29517
23189
24997
16120
18451
24255
23996
23240
25132
21473
24485
26141
26272
15745
37206
38105
26945
22363
19897
13081
27408
18889
38792
16085
19808
25087
16428
21483
13229
25033
25558
14021
22587
25436
29162
22600
23108
18649
34855
17247
25084
18497
19486
16279
27199
19143
35681
26139
25574
22626
20533
29425
26746
20279
22236
32448
35407
20316
13566
29660
30267
17966
22150
21140
20491
17543
12353
25733
15133
16123
18052
27201
34716
22654
26474
62525
23190
22270
32297
19644
22735
17954
16460
25217
17632
20514
15879
25652
19587
17672
28147
31359
24816
31471
17797
15912
18884
20926
20214
40510
21133
26567
28439
26021
38944
27512
29254
24738
21766
25760
26707
33161
41472
14714
15144
16210
17790
23957
22512
17254
31495
23922
21466
14587
14068
28367
20368
16368
20427
19208
20476
16106
20779
39659
24814
17080
20322
20668
18546
25268
15471
20024
36761
16757
29298
35307
28905
18170
23903
21797
38174
22233
15021
25738
17877
27179
19510
24050
19976
11115
15280
19879
20953
30774
23992
28694
19180
29980
13484
21277
24962
21844
22515
31188
27698
20490
49925
59253
12373
14527
23330
26858
18312
22302
23374
20568
34434
25231
17589
34355
13484
21398
11553
37824
29088
24559
22907
17187
15128
36612
19345
23117
21114
21141
16188
44158
32864
22371
19780
33237
16786
31469
15206
23463
20059
14099
29924
24383
20659
30462
34326
41653
18392
37946
30288
30737
50485
22694
22238
13466
21372
14343
23647
13117
18812
41493
32713
37670
21519
16490
12907
26726
20393
32379
17662
21894
22840
44542
36137
19352
22207
20294
19695
20040
19858
18606
24282
20067
27887
23325
15187
44700
21181
30359
21190
11653
27985
28117
17922
26744
22031
24074
9587
22614
50602
15705
36492
15129
32715
31002
26863
20766
26452
18540
15324
15867
11169
11261
18379
37416
53083
28696
28680
25864
35922
58458
27874
24757
15835
20765
22966
19536
38875
16193
31409
14835
30039
22974
28501
19342
25874
20824
20949
25606
20171
21065
23503
19387
21078
21254
22755
22414
17628
18371
19935
19975
23195
21944
20552
18200
19737
21279
20854
18541
16506
24083
31632
20837
32678
25257
42641
12402
21138
25102
23610
30099
25237
25050
16935
22031
22155
48066
26508
43646
21677
20276
29731
26538
42978
29425
33662
15660
23383
16466
24489
27810
19886
15348
19712
39053
19957
13393
16286
16921
24191
27692
34478
16835
20813
16314
27786
28179
26896
32210
24562
35237
34232
39492
15645
28743
24573
31249
57018
57419
23171
18555
22190
21457
42987
17301
17186
15621
31846
21070
21584
35105
23305
26198
16009
24672
27524
27579
19316
29965
28370
42911
22364
25761
20391
27539
22165
18740
26432
19694
25524
20598
21933
23003
22710
30310
16152
20932
23733
20529
17564
16072
34058
19881
20452
20819
42093
30460
26579
21118
23095
14484
12926
18638
27787
26361
22181
24078
17818
17680
28024
19896
24291
21947
27538
18930
24441
32567
25261
22418
16031
24011
15629
30670
27693
32871
45711
23433
17312
20700
34281
26428
48246
58854
26599
27656
16220
16134
24799
23449
23578
17635
19376
20888
35745
35751
25972
21953
35343
20451
14033
15473
30772
25251
30375
28047
40976
18837
28481
24449
29997
13414
30042
24618
27061
30371
29348
34646
19289
23477
21721
19286
20113
27114
28850
42688
19616
18846
16811
22761
21795
17000
21197
17678
10962
41432
24410
18767
22853
16094
33788
28158
19980
40488
16132
18016
24899
13079
14873
32052
27240
19907
14379
16326
23564
43530
11974
15358
15424
26380
21255
21442
13306
22435
17737
31657
27716
27581
27088
14865
17735
21122
14045
25405
20151
17421
24196
40420
22506
13328
35918
11894
21846
17713
19671
25461
21717
23585
20247
17475
26785
27520
21634
15009
24346
27976
21442
39537
10447
23411
31359
18705
21952
16168
21831
22916
28241
16692
29539
14985
30250
26412
26541
20779
16349
21124
19066
15646
26912
21391
21989
24982
21884
22188
33599
21549
24549
25559
22737
20223
19594
18820
20894
36169
23852
41517
15985
29431
35104
15938
27095
17025
17284
41658
26043
30528
12543
36500
37082
27515
21414
20955
35747
33533
20031
36029
38611
26260
19556
23422
24548
20449
16623
19674
18294
23975
17183
22602
15680
26602
37589
29109
15321
25891
28897
24704
13368
20830
27550
24344
22740
22096
22092
15451
15296
16157
19011
15107
17532
19301
32110
50093
24456
26928
26225
16632
16884
19783
18896
33785
42013
37579
14560
27799
20280
18914
21009
17394
22435
37551
32094
16875
17851
14104
15256
18989
18264
21848
30101
43813
37478
31100
34921
50070
14644
17905
24105
25098
37542
26453
24508
25260
13477
6261
12702
31970
20210
15861
14910
28467
22741
23249
21189
36364
26311
42115
28012
30549
19716
21930
16459
18294
25987
14932
13789
32828
22909
15538
13122
17177
12347
25147
28408
13417
21162
13348
16965
21398
22747
19275
18208
17982
19542
18478
24866
32624
19255
11829
31367
39466
31486
64931
86377
22388
19692
20978
21207
20899
39120
18655
24858
19658
32364
16572
24455
23402
40474
23853
15022
18722
24628
32477
9093
21541
25372
20466
29423
21089
24363
20789
18564
24896
29879
29595
22588
30306
22118
22218
32565
38059
53465
20565
18582
24914
37002
18094
22155
19524
25893
30372
28795
19059
32896
16335
9549
25025
19159
19307
24960
22119
19271
23875
17205
24899
22029
39348
16905
15659
26565
15597
21023
21926
31805
22628
13674
12770
24784
16842
17826
23819
18949
21598
23811
17249
11243
15534
21805
15960
17852
18576
14564
21813
29545
28866
24929
21855
23562
13015
15800
11434
13634
17965
14157
22258
23373
21711
26490
13923
20070
15749
28372
21971
13938
29101
20377
14097
18368
24510
39285
14343
18865
13593
27766
21213
18153
18658
19780
24780
22145
28714
22496
34407
40498
69857
18331
26408
22948
26189
40541
16747
33672
19650
20427
23644
21668
19441
24362
16043
29477
31699
21436
14000
27391
16875
15723
13255
14418
27264
50362
26152
15885
14684
19769
23837
21778
23104
19934
16420
25036
17024
16912
23971
24639
23409
24667
33283
16487
30151
29520
13671
24316
16941
17071
21114
24038
24234
18963
33070
29266
26492
19545
34477
19057
14112
19277
13527
20601
39522
26444
30436
26374
19782
21592
18018
16110
14693
20451
18108
29786
33412
20507
30950
24718
24466
23210
27137
21249
29283
21883
23670
26980
36053
21768
15705
20896
16906
26478
27401
21852
25136
28267
20419
24062
15493
24838
23508
33400
21135
16172
26122
29678
25995
42956
15868
33150
35763
32164
18530
25064
32958
26410
14484
35048
30722
22781
29571
26799
24348
28877
21124
19295
29007
21561
15613
32334
22133
23001
21911
24417
15035
14188
19073
18798
28525
23195
21661
23371
15653
22953
21795
20671
51839
17319
23463
28622
15164
23735
38003
22971
29467
15209
50810
31145
22459
30863
22901
18492
13419
21599
21503
23973
14821
18874
19373
23183
30055
10988
42500
31731
28214
21708
26547
15415
30733
55986
22030
17373
21282
12421
24448
16055
24123
18406
25457
25309
17470
20261
22981
24935
22321
22399
20224
33663
33949
31174
17898
22821
24356
17905
22367
18197
24451
18813
23384
34756
21900
11192
14317
19532
26645
17684
33839
20346
27666
25781
27701
18847
21600
16419
19891
23676
25352
17526
22062
24176
21893
35213
27058
34145
23902
21288
25234
17854
22704
29309
31263
43005
24420
17351
14517
26158
26409
47770
21929
23610
15999
21116
18054
23026
20759
18600
32811
13425
22080
30856
30920
21406
18406
36450
20647
30991
19099
35750
20078
21739
22537
29375
32749
24393
19460
19431
20925
40506
21249
31404
22144
31725
20265
16702
19331
21450
39084
19269
13519
21347
24162
27390
25629
27233
23627
21819
17402
26117
20126
40474
28354
27379
20218
20952
19034
20691
19460
12645
24662
19122
19059
32008
25947
35948
30668
44556
13212
20552
31948
47286
22146
31662
18610
15557
53278
23279
21462
19353
29715
20820
14780
18355
15662
19151
29233
19338
18663
32543
25243
21496
12631
24205
24794
16553
13149
13146
16505
18409
30124
15519
13739
15996
16452
32088
66484
32001
18801
34159
18015
19641
22838
18722
21765
21184
27493
18257
20862
29640
22089
23363
19528
19486
26243
23500
26326
20554
23126
20445
29169
30537
28548
16440
27220
33873
26515
33701
18922
18324
21907
18297
19915
27607
54809
14489
18002
32792
25213
18474
24059
20319
27510
12479
16555
25028
21375
19333
16487
17239
18577
51075
21267
25412
23580
24686
12036
42973
25478
12411
13483
13123
10190
24497
31941
34424
19948
19628
16535
40342
33039
24752
37551
22140
36802
44708
18294
17049
29135
17722
14509
24224
24511
33847
22484
18616
23374
32275
20301
21495
15600
22306
13804
39316
18305
28345
32507
47850
21154
19041
18003
26029
22209
18728
18404
22930
30767
33017
33556
13170
24422
14863
13715
20586
23471
27661
10143
29123
20200
18369
11263
28773
18688
17706
25857
19969
23993
15746
20173
24875
24251
36013
27002
20254
20943
27676
15232
16499
21130
22554
43500
17257
35600
29476
24472
24094
14432
9999
17738
17333
33891
23196
25562
29361
26214
16496
21587
30954
21441
32817
43821
28356
25987
19271
30742
17571
20137
31053
55079
22703
26975
46887
19643
15370
32161
21223
27562
23745
21713
16724
20225
23941
20681
19729
22724
27681
32574
19500
17681
20802
23923
21038
21574
17693
16864
18154
20021
40311
34494
13131
27956
26287
28129
25035
51562
19112
24753
24856
54934
24252
23354
32789
21594
17305
36328
10762
13640
10738
20842
27287
24190
24456
22635
25861
22782
21529
28267
23129
24299
35296
50722
13343
25236
33612
22103
39200
19058
25175
19934
15372
26489
22733
22387
25134
32491
20906
28488
39096
34840
21812
26423
24437
22427
13610
15900
24953
24639
21448
27442
16208
21159
26262
41417
19404
18720
31063
21999
18389
36109
19274
17600
23439
44397
22180
46530
19731
25597
36497
15782
18409
25853
11212
18905
39194
18856
16564
23698
43453
24102
25922
21406
22933
23041
15515
22638
21135
17699
29647
30102
17985
19526
22273
9253
28192
20288
16983
31657
16785
31110
20516
24137
17280
28569
14295
15989
24505
39964
17200
22381
12442
17721
24513
23410
26221
22307
42407
28997
20714
21330
15010
17775
211615
13165
53516
28410
24296
21874
28979
17301
22489
21492
32423
21579
40220
18342
21302
31139
28203
20530
22492
25557
50403
28896
23375
20880
19449
20995
15189
23474
16701
16549
21781
16231
21038
23443
16148
27094
20173
25501
29126
28013
23890
20055
20810
26180
30804
19121
30678
42190
18777
36728
20083
29669
25492
16270
20045
24759
24503
13003
25569
32420
14809
34469
21551
32617
21922
16202
21231
22365
22822
28476
28649
30237
35783
17712
37572
29889
26511
20155
19566
34830
47507
16640
16791
11492
19799
34670
13389
22837
22278
23152
33382
15013
25392
27291
20455
25737
26402
23248
29732
30802
18882
23927
14425
17925
33601
14004
29058
28545
14939
17233
30157
18966
14183
17088
27454
21875
30820
18577
17862
23139
27645
21079
26792
16243
20697
26103
27565
27504
20333
29798
35072
31818
22034
21988
13809
25496
20982
33125
24869
21560
27205
18909
26026
23161
17160
20856
16778
23227
25847
22424
21905
19168
21575
33665
28431
25425
21425
19809
15869
31263
18260
26219
24291
21762
20881
29416
14318
12715
26235
29346
25816
14537
20164
22304
20979
14664
25479
15103
16131
17955
19281
38612
28655
25020
19796
22646
25584
29626
25046
24537
17167
16904
17762
20681
15249
30852
16132
32290
23274
23952
22688
20348
19536
17233
10150
21273
23726
28368
27353
22499
17875
21460
21155
19623
20667
21546
31233
13554
18104
22537
11174
19121
31336
23714
17387
14992
21485
29739
25278
15093
18773
23056
19987
47972
25462
49734
32045
24806
21935
17392
21846
18963
23532
21526
30475
46209
25050
20224
26114
15337
21335
24781
13811
19167
23423
29375
37856
15816
30946
13102
15943
15533
20477
20864
18448
28821
13316
20712
14588
24153
16995
26143
10041
19876
26512
28665
16666
57371
26304
33383
31561
21268
23180
21778
16647
21804
18421
15873
21286
18137
19233
20706
18063
13416
33470
19686
22618
25104
39896
10703
16948
24849
22083
21155
19658
28135
23595
17815
20274
12832
24156
30765
22154
18871
24452
20928
24877
25523
28491
16900
33896
20577
16668
32818
37699
24290
17309
17086
29924
21625
30090
23080
26088
33125
28935
34871
60608
27490
10540
25538
14249
15022
24279
26375
22018
23790
29353
21537
20916
31563
17446
29312
33136
24778
16968
28713
23830
37799
44277
21967
26913
16857
24205
34936
26065
15648
11476
23862
27840
20856
18894
13626
23040
24574
22683
29290
19617
26392
24025
18342
24792
15724
20161
18159
31799
21116
21655
18319
17132
22339
27989
16226
25129
15775
20799
18724
21578
13217
14639
14819
31018
27913
41782
25760
56766
24013
18599
17385
18528
18197
26545
24778
22206
13966
17281
23685
28685
20073
31597
21367
21791
21634
21991
27139
14443
15447
26949
25156
22405
26224
30091
18037
11929
29204
21814
47946
27210
23020
14777
33670
13240
21754
16252
20035
18486
20687
17988
38015
19296
19305
18575
20363
17131
19901
17512
13494
31363
18665
16585
17752
28264
18627
30788
26724
32012
26696
21831
31889
18471
20618
15658
23584
29541
23521
18670
31759
35870
22302
25375
8865
28591
19248
15466
23681
24396
19266
11049
13762
31905
16695
27523
24475
24587
15029
15561
25756
42866
56394
23668
24019
22092
15585
15789
22081
22228
22927
17833
18118
19380
28427
26213
18629
17128
20542
17525
23336
31349
13594
19806
19384
21374
31430
41415
20766
18756
36669
22083
18716
30892
17724
17726
28093
30441
25409
28146
24643
17338
25928
19892
20285
19285
19764
19382
20182
25076
14627
25671
18708
29173
27044
35064
31508
15287
14743
12291
15621
18846
16283
20134
35715
24208
16266
26617
28482
36613
14703
27821
22339
16495
29864
26689
20397
16225
28009
20828
23188
20391
19561
22640
41381
24700
28834
16983
27179
42829
14895
25666
19173
17241
31156
34231
19549
23755
22571
24625
13704
24232
17964
20037
15691
20071
19373
30155
18865
22244
34609
15695
19316
24843
15402
19425
20053
25341
16462
19943
22929
42588
18623
20391
32185
20340
36738
23427
24233
20992
22805
20163
14732
19760
16484
19696
24810
16176
22729
11455
36238
25136
19218
20238
18706
17914
30965
11624
19818
20136
23378
13174
29954
28888
17429
18192
9727
36983
20936
31651
27627
15982
15531
12408
18484
21142
18177
13078
22857
28705
46462
16623
21170
18717
17718
19707
19343
18978
24198
21699
29881
23359
25793
33683
29484
16801
22012
34063
45214
49927
19628
19028
23686
21745
20238
39396
27964
24566
23225
25210
15948
26793
27982
24665
16521
15789
27118
26092
32654
62573
20035
33226
171560
25328
18225
17694
24791
24629
31498
40354
14040
26201
38291
21630
23113
18748
20417
17095
18419
18351
34740
19949
24325
21089
20156
46416
43457
30800
19537
13045
17047
18904
13310
25004
17239
31869
60543
64359
63385
27442
17789
18022
16067
16604
16783
26651
35225
24327
49037
18403
43573
24783
12905
16331
28309
17853
14662
29425
20474
18774
26026
16471
27819
25837
25171
16589
27091
25553
23268
17295
31386
20289
14198
23507
18374
11793
18138
23750
27145
38266
15414
26180
27143
24449
46314
47767
29189
44260
27311
18223
11146
31534
20307
22268
53111
30947
17981
15902
28491
24417
36340
35384
26800
34689
20960
30580
19631
12843
23687
20742
11804
14696
17618
23841
42624
30275
21469
26339
21716
18554
24183
14858
33070
42804
11506
17227
20588
23347
29594
20223
22343
24093
19317
17565
36548
37089
21126
28079
21454
15961
28325
41864
32332
25217
22282
16584
15536
20572
30153
16487
21013
22466
30001
36721
40576
23249
25632
18867
25332
16031
15059
19867
36367
24504
15682
15781
21520
18828
19056
21313
25701
41807
24141
30303
32847
10529
32987
16760
39759
20591
32381
20240
20081
22772
17322
16804
20197
19682
7281
22150
20990
22249
32319
50447
70383
49054
18705
17864
32804
33523
25080
20826
20055
23524
38584
21565
33175
21772
32951
41109
30168
35415
17035
20805
37426
15531
18113
25787
22375
16612
23418
15431
19545
28487
28510
23445
28668
16965
23745
15116
18398
44054
24059
18999
26186
25692
18604
36966
22296
30453
11718
37398
17111
14874
13719
19762
20811
31458
24072
15975
19184
31852
38015
19839
25724
28563
36168
17481
24957
57215
26186
19306
31161
31498
11841
21013
23375
23363
18084
35669
6503
25324
40338
13111
19611
21939
31805
37430
39898
17634
20365
21129
22111
26329
25117
18929
25307
23205
25464
11966
22220
22825
18898
21825
18202
17522
20044
34480
12570
38537
51046
16967
23556
12161
27308
18244
28782
21554
16459
17122
28994
18135
14941
24825
20494
28884
19953
21330
18401
7317
32280
24489
16457
18199
21514
23365
33578
11058
21919
19268
26812
32060
20979
31589
34931
19683
23150
30011
28354
19654
21632
37373
22076
21823
48232
42108
22618
21189
22139
23571
22695
22823
45656
20324
22534
40158
21366
29318
28019
13379
18643
27505
20765
20507
12419
23002
25070
24824
19470
34076
34933
17599
40235
18399
24469
26315
34141
21862
16454
22311
37634
19148
23924
26878
13376
32667
19818
22515
15853
24724
34295
17427
35472
22944
25854
41268
63673
22242
17638
24338
11495
29081
27271
17417
21957
23994
35883
18784
21618
26010
22267
24395
21466
25461
19660
23681
14421
24168
27514
48691
21828
13695
18099
24368
28579
33675
18827
21170
18895
19336
20406
22470
15335
33395
21052
24978
16312
24950
18021
38274
29545
55617
71272
52345
77542
19652
64933
19670
20083
18985
21518
19580
15369
27856
18547
13796
36437
36187
23917
17345
36020
54980
25094
44589
23913
17156
28455
44014
26321
21792
32811
28597
19679
18057
20759
38906
23008
18771
25085
17342
20213
19217
22593
26627
21431
13502
13210
14718
17293
60638
24519
20784
27293
23543
26614
21280
13840
16032
20738
17602
17771
29006
27636
18605
22274
14410
50701
18716
36621
27519
23299
30856
32321
29577
20835
21367
22098
32987
42596
16001
22343
21309
27852
17081
23710
24717
27368
21243
20683
20969
29410
19944
33427
52175
41777
15576
18280
33318
22772
20117
8225
26848
28577
22701
23925
23735
31361
25630
30255
22770
28800
33285
23749
16001
15673
27788
37518
55927
19836
72192
19755
38454
15005
33739
17227
22453
31002
20455
17151
18159
20730
17322
24412
19757
18643
21530
25481
15958
25372
20023
17498
42034
31111
17414
25937
33436
20239
34455
21135
21987
29291
19168
26698
32015
11871
25144
13553
17140
22588
21182
25769
17941
24728
21388
25221
20560
38292
28280
25199
27686
50527
19884
25977
32257
14807
18686
43093
54409
34127
24850
36602
17973
21994
14247
23634
19423
13275
23803
15616
37900
25670
16116
15174
32710
15115
22414
15245
22460
19740
27773
22023
20317
23061
24409
23000
20828
15755
20013
27972
16120
23203
33043
16791
22502
15046
26135
48035
20606
31530
13860
14691
17682
29892
17873
25192
31480
29253
23995
38859
17726
21875
26777
17464
40425
22515
10303
41724
20783
18557
23142
19507
13757
20229
17603
14165
16412
34402
20040
25389
25527
17955
31062
21820
18161
19965
18890
33410
19820
23270
20464
17668
25895
19660
10310
17845
33133
18601
12242
27659
28219
19022
26620
30346
11389
23854
17976
17529
40909
19657
16039
22319
30938
18182
23569
12651
17060
20396
33935
23105
19830
21387
19455
17714
21058
22455
26477
38771
24164
20282
11023
28591
26430
30249
19219
21107
20532
28010
14539
39122
48856
30135
20514
21812
25533
40704
10938
16808
21093
16649
12499
18107
29288
22318
31936
19061
20704
23563
25070
18169
27007
22658
32828
22791
15900
17320
6304
24071
15165
29451
22274
26718
30576
22406
32023
29832
37216
24662
16453
28606
26062
19022
23275
17262
20524
21486
20053
34603
24650
27581
24359
30456
21293
24828
47549
17168
44064
26942
73329
49470
12771
17542
30007
26907
23600
24117
27808
20362
17716
24728
32411
22785
40185
20465
49685
23613
39579
52462
24200
17473
27210
25827
17889
16278
23052
27271
19210
21594
45917
53308
25468
20531
20112
17024
16472
21255
21394
23857
19665
25842
17501
24767
21777
38789
39694
23015
14839
18397
17550
15507
29670
23222
24679
24035
18837
23731
40239
21041
24854
12190
19990
15320
18809
26909
20246
23050
17162
16670
17901
20610
36958
23465
14112
13800
29333
34784
46678
47100
22144
15063
16909
16912
18887
30132
18004
27352
23784
18231
15755
24055
26558
18266
21009
22613
25456
20630
22105
24643
16570
16967
24929
23503
50728
16401
24248
18520
12270
30906
19221
19455
34762
27247
17529
24724
28928
22578
38652
11737
21948
28055
21973
28416
19890
21672
21996
20107
22371
17822
23216
25384
25606
39271
15585
29396
26065
30314
20332
37922
20931
14774
15215
16678
24692
22643
21318
21407
28671
16310
21532
20319
19151
28645
12552
18604
25191
35449
28890
19993
32285
21075
20912
23674
13218
28529
19885
26513
33585
36708
29046
20413
18454
25995
23048
20032
20547
39120
29202
23733
19242
16683
9430
22670
28294
46822
34922
46560
38619
67786
17269
19523
34578
19863
40983
23974
20633
12504
30180
27402
23223
29795
14325
16849
31067
18470
24250
23489
30110
20873
16357
22302
38733
19202
37789
22884
10623
26107
9807
20650
44795
25478
24543
18822
27327
21260
60618
71110
22375
19179
15327
17273
25185
34208
24059
36192
30323
29294
27363
14958
22420
20931
32917
26469
40393
22369
24999
13887
17742
14178
21551
21420
20296
21598
19422
34232
46258
15930
24232
17859
22363
14272
25466
20061
14802
20122
20976
22201
24303
10929
18318
27786
21959
22154
24513
23327
17715
33007
42872
25961
73534
88164
27263
24946
20177
19542
21941
23762
20377
22733
16529
18604
21112
27846
24449
31209
20981
27858
26517
22391
17256
23326
19615
13705
20506
29770
23395
24311
16318
23784
25781
17870
19231
22258
21157
20328
33498
34704
17096
16920
15383
22875
24367
23419
47140
19654
23379
23169
28945
21850
31022
37394
16113
25101
29969
12743
20348
22705
15891
21124
29331
23481
33209
22784
29070
30954
31317
23318
35634
23497
41039
21655
29576
46998
17470
48433
16954
33250
18175
13947
32628
30117
21607
17589
18976
21860
17969
17266
24243
17409
26626
17281
29233
33607
28021
22706
21699
23703
35021
27928
23926
19277
17981
20545
14436
17895
21291
27387
25106
19795
23605
21229
24916
18648
20107
31852
34617
21444
42918
15583
21588
36075
24952
25410
24037
11281
14460
25019
31888
23423
21872
16987
15356
28051
22007
19620
15072
22090
26468
26444
21905
28342
18433
20565
35603
29489
23935
29708
17439
18471
33826
17885
43281
40417
53501
21895
37148
16216
44780
20556
23746
26947
22026
20920
16406
24827
25379
18005
18409
26129
32351
22205
14283
16753
30003
23380
38894
34098
20652
13453
27079
8902
18488
22976
21509
28726
26774
18624
15841
24331
25786
18118
18076
36831
19204
21170
27322
24606
16223
15690
20551
26097
47103
28689
28064
28339
39610
22027
31334
24877
21164
19806
19919
19754
17364
15314
19122
30384
18294
25526
16209
25016
24126
21136
25230
20828
27500
16019
18857
14612
21941
24859
19607
17459
16558
21713
18787
17691
22629
19603
22870
21696
18810
47887
29234
18431
13096
20172
27294
15180
19893
15827
20136
17703
19783
26972
21976
23662
22966
17679
21974
16933
15509
21341
20052
9314
14453
25240
13338
25079
13203
23180
27058
28821
21748
15366
15703
34921
26651
21122
13948
15303
30368
13405
24143
29863
14820
22820
12631
23290
22893
16948
25967
21914
30552
20246
15202
19693
45403
19350
37215
21331
27365
12142
14960
27569
28428
18732
16610
19373
14062
39672
24499
24945
12598
33782
24504
14884
20379
15172
21058
24099
16435
27528
21648
15368
28653
19690
26391
23143
26338
17565
19985
12164
16543
27155
18475
16424
20844
26813
27285
24372
13716
15604
17915
16118
26517
29301
10572
25755
15954
26655
22510
28602
23411
24212
28172
18741
16933
20733
21973
15462
35773
31562
26129
24182
21596
16135
23117
29630
15497
18891
21550
8414
15156
15497
23778
18880
21754
16861
17792
18597
29967
29048
8176
33892
35080
19855
17460
16749
18414
17022
27495
11779
23489
47616
12766
26212
20684
20917
16246
17867
17596
29734
47606
22766
24701
16460
24107
23746
16911
15351
22393
20486
48664
18619
17609
18326
10308
27780
24766
36980
17636
16403
21326
24334
34280
19689
43412
22058
22058
18077
17292
23144
23519
22126
19360
17838
16753
18416
23005
32340
13325
33418
28224
23569
26730
20626
15577
17690
20381
15247
23851
22526
20060
22005
20562
23862
17757
22614
25960
20641
23364
25701
17589
10223
30076
24547
30316
25769
14930
19683
12268
21912
26897
36544
10400
22870
22772
21589
29261
31792
23917
15805
42272
21273
20634
34704
22030
27808
45595
20974
13476
33302
12078
7121
22907
28914
23255
15784
15917
27930
29623
21724
28343
30218
13738
16438
22858
28983
47723
20671
22888
25208
45287
36484
24346
17912
10032
15337
20772
20077
29731
18975
29318
25319
17500
35248
24737
30860
20956
17014
22047
18742
22987
19412
19330
21160
18958
32418
13228
13854
16172
22450
32091
10791
22301
23277
14906
23582
19854
22427
22620
21549
25985
30854
27644
28534
24036
20685
19966
20638
23263
18083
28560
17644
19261
42529
23842
18361
29289
23281
33689
43181
15536
30038
15486
20749
29763
14900
25249
30081
21802
39331
23289
15776
28858
6979
17904
12787
14497
17269
12074
22678
26574
47199
23421
30107
21900
24570
15643
23301
21490
24565
15134
20789
15712
29838
22068
36054
49696
18082
22209
24381
22782
17861
17616
28456
22547
14739
41427
16520
15419
15689
23154
30893
23641
14915
25923
19424
22229
24391
16868
26456
25467
13725
18043
21945
14033
15075
16931
19849
19566
38473
57270
25493
15642
16987
19988
14869
33264
40913
21340
18885
20246
16090
27238
21378
12571
24479
20675
22883
19818
29934
22639
20444
20516
18044
18106
22193
22064
17051
19349
33499
41522
28530
49859
38984
21898
24857
18567
22373
27585
16880
26862
34084
28817
19507
39931
27298
25020
29697
28600
37588
16599
21166
19689
23238
17242
20338
21914
13397
24067
19780
22750
27675
24805
16777
11314
19766
13885
17261
16583
31362
16571
32307
17373
31748
28072
15210
25996
22769
14778
32531
47739
17303
23182
23943
21519
23913
20028
19274
20586
26817
25193
29356
14878
13304
19966
23739
14157
25066
36756
26986
20283
41900
40897
63391
22316
14837
18998
26627
25819
22187
24089
23573
16918
21141
13151
21286
14602
18713
20025
19331
20901
21432
37345
16933
23976
19450
13963
35272
21968
16488
30798
17006
33327
15201
18057
18022
16327
60060
28184
42213
37247
22524
19149
15648
20747
37107
18482
21032
20765
26072
42669
22167
28862
19918
33270
47734
14763
24463
20185
27118
13156
20851
15271
14683
27874
40487
26149
21673
22664
25645
23235
10636
32043
16513
19503
46939
22858
19070
16183
24827
32732
21486
20072
24626
22315
34468
10911
21492
22881
18633
19186
14984
30233
35741
19072
19011
23180
30302
33459
22763
24122
17183
27176
13291
22019
27110
28075
17837
12005
24928
23425
19487
34087
23000
23101
14290
17651
15774
24104
17304
36260
21457
15643
22332
20233
15158
20038
22303
31108
12774
15444
16365
21838
26590
27178
16418
26185
27081
18171
17598
19887
16979
23421
25324
46823
19434
25800
26923
14805
24575
32771
31914
18063
23487
22197
30475
17022
35925
22433
35882
28091
29351
21169
22715
20382
29494
23343
22613
16103
16649
19341
19285
28594
16514
20158
17848
18858
15870
24415
19394
28668
24611
19865
18452
23164
23624
16024
38023
30601
23142
14798
18460
30445
24074
23481
20796
25478
25015
18853
29212
25462
16707
22145
26540
29788
26240
17747
17452
17717
21698
19648
43463
24363
23161
14660
22887
31993
21708
24515
22085
5765
17895
19785
37971
22376
23548
30712
34815
20649
25703
30778
24321
21856
23345
19248
22818
26525
18200
22974
16805
25405
21516
13738
27347
16799
14508
21862
23345
17123
23724
25629
33362
19050
18489
20115
40293
29308
31083
18304
30293
18806
23168
37402
27742
53687
43106
58546
48282
18230
22808
18407
21106
22395
27884
24040
18489
51910
20019
19980
20888
24879
22977
17064
24427
17897
14430
18554
19088
26214
23681
20558
16823
24229
25511
33585
19401
33578
15063
42370
30126
25987
15607
11202
25698
28972
49273
36579
30806
11471
22415
15381
15801
23960
44981
19707
27033
13390
44901
19591
17250
23399
26735
22675
20027
18324
23513
20304
18382
12696
33602
27873
13050
30274
35248
40496
21632
20902
25632
51875
21156
22825
38007
18034
41398
12405
16857
30773
19239
21374
18371
21957
20454
17019
16122
19197
17061
17271
31515
19597
15158
23102
17667
20416
15570
9254
24870
21529
20245
23058
48263
15255
18941
24990
22599
13835
17186
24140
22576
31780
26934
24028
22270
26269
39347
29493
22673
15891
35650
29729
47191
22405
35279
34531
20318
23929
17164
37979
15681
18979
17730
16969
21597
28382
18685
33174
25089
16999
21746
21146
37175
45161
34073
22080
10439
20491
25178
40879
29334
19413
25741
31012
21451
56817
19059
14860
34381
28507
42082
26851
13618
12724
20894
20262
18100
16438
48610
25050
18073
16737
37255
30404
23343
31367
23759
20916
24510
21268
24955
18514
21466
32775
18370
16876
15571
21868
16749
25085
18328
17958
22974
20613
14148
30660
20862
25319
15122
19317
23765
20457
12163
17775
31896
24451
23484
23715
27260
17623
14144
11965
24844
28559
22385
26017
44949
19152
48715
13310
19971
23523
27314
25956
13785
23459
26448
48192
21483
17630
19256
25072
23646
14198
37372
16558
58517
28318
26626
25053
44745
17636
34090
24358
54220
28630
13717
18844
21939
16784
18404
19457
24877
19359
31611
13529
20948
14354
19577
16668
31038
22232
25668
20492
18112
12645
16130
20695
19064
18294
20242
16927
17411
20249
21015
22411
20619
30393
24769
24885
23355
37359
34100
21912
41011
13193
12750
21864
22247
15319
23677
21121
31771
13903
22713
26727
37789
19558
14602
19647
24644
20481
23176
20865
14954
11268
13128
17157
20812
15789
19086
14244
34493
34021
15194
17547
19275
24061
20751
30367
34809
16898
23007
18150
24277
10462
21648
23710
28940
19111
22988
18212
44103
21359
21211
19038
21854
18376
30075
20092
20977
20591
12329
27697
26640
31727
35125
13218
20733
15689
30828
38646
24390
23218
25380
16182
18796
20728
35969
15443
26100
21912
21665
33051
18866
22751
23826
24046
23423
23833
22726
32577
12125
22160
18592
30244
14181
15552
19233
15460
15495
29101
21556
28242
12093
32309
10358
24298
25863
19299
16310
30038
33753
29297
23383
29205
37538
26302
22923
16357
33511
18951
16188
24512
19579
5745
14616
29941
23528
25661
10286
21668
38824
21733
20905
29636
21060
21850
21892
17335
21056
29687
23154
18959
25584
20802
15114
22699
40096
47796
14818
14177
18943
12582
30432
55141
27138
22501
37256
19514
28251
21516
42982
24352
13871
21436
17082
29645
37421
22408
19730
21730
22587
22677
22073
16502
15994
31031
25737
13266
11566
20051
11044
12753
21105
22156
22930
20140
19120
16191
24812
21026
19216
16339
33839
18569
28234
51837
16641
29626
19472
18766
32228
24514
15437
15937
23523
15489
16009
19983
21122
30451
31994
22159
17530
26139
22037
23829
23659
26814
17579
19393
23878
27589
23187
24257
56266
22864
23859
18596
25876
39725
17333
19333
18454
23991
24451
45542
26271
22079
16879
41111
16750
9077
20869
13381
8979
20376
15333
31283
24393
24876
26313
21516
28178
16884
21182
18052
24649
30878
38352
14851
13756
30210
22687
55525
40743
23020
23982
18944
18243
22675
14051
24512
13076
36158
23053
13929
20151
29011
33277
43237
23272
20351
23664
27170
24595
28390
19932
11787
39265
47099
27477
41876
47870
28183
14471
34895
7232
11165
19636
18297
24747
21923
20374
16468
33528
24463
5722
23754
16883
20358
17762
31866
25501
36833
24626
15238
28430
51070
31081
17340
18266
26209
20153
32155
24411
38567
38371
41684
18094
18281
18478
15162
18106
13258
17060
31601
21417
14649
34458
34253
25797
20868
34019
27327
14272
43701
17386
25724
17004
16552
17533
19281
27783
17350
15587
25215
15048
23493
33443
52082
30930
19652
21380
25311
23671
33022
19458
17284
19467
45431
58007
63607
16310
19880
34565
27852
18137
22540
28530
14382
21686
20948
33252
29209
18134
23999
21510
21348
17795
34369
18173
22439
20415
23710
33784
26522
32814
21085
18656
14765
21719
20682
24916
22092
20868
16714
19855
23890
34820
29331
11686
19576
21362
18801
27045
22160
24863
14816
15498
18699
14547
16980
24987
24721
14335
22786
40654
14995
14943
14402
21593
23225
27029
15038
10740
19957
16657
23762
23243
21669
19622
46838
17333
21368
26410
18973
20045
17373
41873
35022
18441
17196
24920
19549
16404
27675
18129
29054
27253
24824
30679
17333
18773
18918
14306
23562
37614
34588
26843
51733
23044
22450
23858
33001
34679
18935
23319
27912
19834
20099
27225
6870
16941
36232
12647
20643
21740
23517
19416
33332
29495
23183
22439
22282
28009
24521
19300
23339
33945
29887
15644
28032
19994
20716
20213
35529
25166
18312
45889
20605
55965
24000
22066
17490
24386
18880
21253
17985
16885
25354
33542
26117
47760
31505
23236
40267
33080
22494
25879
22478
18406
16023
20603
23241
25448
24953
21679
14569
22564
25341
21353
45697
25623
16438
17235
16068
20933
27785
35511
13641
21535
21946
20677
16128
23256
33475
24447
19262
24652
23852
15113
20275
23291
37689
16155
14129
21811
18738
21266
25319
17626
27352
32812
26107
14767
23457
18943
34396
21679
23929
29816
35148
28394
27871
40082
20593
24831
21252
18195
22206
15881
33038
14193
13023
45135
12971
39212
17689
20251
18256
23614
31000
42394
17961
23918
27102
28066
19943
26290
23055
25329
33319
52283
22991
20145
19261
21793
25724
22019
22366
21080
20318
26160
23244
26668
17126
21465
29656
24586
25849
18356
44135
27920
28708
33670
30898
28978
24594
23409
27032
16298
21529
23054
25260
23517
30727
13768
14187
18531
19628
20821
15668
28501
31034
10818
22409
25926
42981
15326
42001
40891
22136
22202
41894
30794
13125
18687
22230
17224
15143
12748
24223
30044
11850
23103
24955
33865
50014
19400
26200
20212
19199
17383
27582
9487
10821
24808
35649
25919
26080
19570
12035
17242
24184
22579
11473
18868
27936
16356
13845
19388
29314
23645
21290
29718
27387
20025
24169
19934
26413
17012
21472
21258
19224
27276
15047
20184
19119
16477
21774
27483
20928
20057
31277
19413
36129
29607
42568
20122
15588
20706
28396
26633
17505
20210
15539
14970
20374
26771
49079
22000
12694
17404
16411
16654
23838
19714
29498
26489
24055
24953
25684
34436
44321
29293
19758
22168
18919
27744
25368
28961
32413
17598
23765
25923
17727
21190
18595
24650
16325
23359
24290
15465
13838
28226
18640
21034
28897
47435
14379
25982
19281
17326
19595
30180
17808
22082
29407
22121
30903
18137
22619
25516
19613
29939
29883
16768
19324
16918
18911
30381
20032
34311
26749
16487
21614
20650
26258
18799
19437
31382
25620
27151
13566
40509
24787
26174
20892
25358
25657
18258
22786
20546
32436
34386
34432
9828
26898
20059
18100
33205
43008
32287
57333
38835
35694
33900
28822
21858
13527
28083
27506
13879
22160
21356
21204
25776
42395
26654
24507
20328
32505
25176
21388
28584
23744
23994
23940
23786
26746
23868
25034
28267
26889
34414
36863
28610
37621
23481
21959
20784
22458
18973
28601
16386
34359
20100
15952
17853
15303
24305
25254
41467
19005
21986
21838
26471
40430
20943
20056
21024
22600
13683
13454
19306
33847
23836
18407
16943
31593
21187
14760
24903
21677
18135
19918
17401
26772
23701
24737
55613
32517
9987
28373
23218
21882
17497
36245
31172
21472
20589
20394
24648
20510
20269
28706
18853
23094
22004
18406
18984
32539
18138
28288
22829
33042
14435
29115
27557
32464
18631
24039
17897
20731
14026
33048
11183
18944
22225
38443
18843
30640
20207
28363
16755
22287
22306
15337
17053
26823
19278
33282
30478
25969
25010
40588
34045
53031
15291
26432
17295
14195
11305
20244
35072
24095
22632
21629
17817
20887
19995
25433
19643
36933
17784
21202
11846
20093
17233
42309
23263
21142
20601
17016
21896
18173
17790
20247
18446
22334
24904
12459
24306
18987
10330
16781
28678
22970
21999
24204
22247
14019
25549
21264
24158
18846
24458
22585
31481
19128
21720
32482
19768
21724
32321
27978
26896
12129
17999
9987
22624
29129
20585
35194
19096
28180
12965
10871
9642
11328
14871
17878
24053
23422
24195
20439
21935
22941
27840
24084
20170
26090
27736
33761
23214
24528
25816
24352
12484
19811
20008
22649
17440
18275
13616
21148
29636
19312
23158
17996
22705
31798
19616
23614
29136
19507
40417
10066
17928
30618
23274
17014
18375
20714
19864
17882
27742
35001
16102
15627
14217
31183
22505
21465
14849
28262
33947
20093
24164
17773
21992
18915
28629
19843
27251
18546
21486
20173
18428
23139
15728
22831
16482
28284
29547
25202
18804
29058
32107
23280
22494
23237
33766
27357
41094
12093
24864
18261
21020
24390
11444
23875
25948
29926
19130
18495
22403
16293
24923
16329
23715
17953
28225
45112
37851
25145
25875
31062
24023
22623
13407
29794
53498
33466
58346
17177
20469
37150
23018
30909
25258
19919
32083
21319
34825
23095
20401
18661
19622
10952
22266
13572
18325
14732
13167
52953
16331
35460
17720
38932
20708
14974
17328
19512
20728
18006
23899
23336
22286
30228
45486
22432
30296
24846
53537
28222
26853
24744
21174
24405
15531
33578
20771
31320
18374
24734
41603
25527
50434
24838
24222
17136
23392
22119
22595
26378
27223
9419
18453
31457
18399
21694
26489
29856
41751
23350
32281
31840
42843
52586
24206
24928
23808
17732
15801
23117
26910
18426
21776
27580
30571
19242
18027
22972
23799
14409
37506
16466
24894
21473
24842
20906
18758
16085
20961
12588
27992
19736
17113
24807
21940
53645
20961
22075
16304
29227
23426
24829
25447
21321
36183
24101
13662
20417
30838
15476
18784
19332
20755
20713
26766
20985
26351
28082
24333
14611
22440
23798
21685
18989
22350
16553
19692
23408
31413
22858
42563
16197
21308
15389
19064
20301
29567
20911
46675
23736
19960
16605
20300
18568
13267
14372
17722
26821
25765
41932
47313
22167
32564
21420
13734
15716
21596
23273
23832
24435
23137
26758
19471
19196
25915
19560
24237
15638
19898
24775
23359
15358
23928
12334
23495
15970
24069
15899
27591
26139
18744
15591
18496
17386
23192
19688
26289
20243
12353
21513
30848
20413
25537
22733
29812
24984
50790
27190
18541
28888
12237
18594
17963
15016
39552
67942
30129
28161
26560
31989
22628
32625
18596
18755
19957
16945
17516
64072
57103
84940
25242
45800
35363
45269
14532
56361
36786
18276
10919
20840
13719
18190
35670
22269
17349
24804
17350
22913
38206
29165
18821
15212
30344
24471
34492
25795
42587
26133
50098
20131
20902
22540
31906
10961
18527
21880
34344
25115
18778
13327
52215
20536
35844
22014
23802
22673
22861
39903
18097
18952
21344
21581
17335
20512
16166
21878
12851
22042
17321
23024
26047
11957
20401
15193
21165
20434
32870
14788
19748
16764
22248
20440
29506
13089
13084
30329
16367
35961
27790
25028
20823
12676
11827
20999
9077
31382
15431
16078
17281
23487
12589
40460
16655
15861
14759
16172
15846
18882
17600
22299
30598
19974
20232
14882
18276
9920
22261
29839
16846
33844
23872
18815
14461
17050
24976
13557
34583
35653
18130
28658
19067
18955
23734
35137
31266
15890
25315
21016
29772
20288
29342
26014
17971
20289
18178
19406
17630
18776
34185
28135
11432
23158
16733
12662
42775
19019
16193
13852
18160
20237
21094
12620
23247
28416
17215
24592
18993
14804
22424
25657
9981
24098
20463
15325
22337
28445
14937
23202
18138
22319
22156
30716
19902
13085
34872
24801
17263
18997
22614
9346
23959
34461
16164
22592
23576
20621
22988
17223
27002
29007
16078
16967
18256
23395
10659
18735
24683
34743
20368
15053
23231
36853
23261
28185
38667
20129
17839
23292
26575
23771
21677
36999
8789
19256
19157
26474
11994
28349
16203
19943
14870
17780
31442
18618
20599
25474
20536
26455
22110
23770
21101
22117
31032
30686
23221
15010
15450
32801
23720
24884
18564
27357
39038
21404
20510
26970
19481
35928
23429
17249
20001
12351
20881
21292
26514
24570
13321
34886
19537
23475
51983
28855
52316
18936
16683
23446
19116
14063
10883
26067
36665
19172
19649
31693
20812
26592
28580
19002
32317
24734
27635
23801
21889
15164
38503
22782
19248
21641
19401
33432
45704
24803
15821
16000
17556
22319
19280
29686
30508
18817
24879
19893
19394
28613
16208
31023
19547
20570
33749
20401
29713
26669
7877
43534
16284
27005
20160
18819
21488
22291
26790
19930
26303
19447
23102
12661
30185
19829
23010
12800
30386
40661
24819
31798
18016
37493
29471
15387
21721
17255
14112
19385
17205
18881
23217
19542
39199
38087
27286
26929
18293
40668
20215
31590
21311
37985
21691
18697
11576
25489
23305
20065
18170
11974
20436
15931
17932
17092
15793
24532
20713
15558
22688
39019
15841
12683
25259
17549
25555
10346
23006
15929
31110
21450
18125
17647
15342
17109
21824
23765
17052
17046
16341
25309
21158
21657
24502
13249
15662
14081
22930
22665
24146
24082
14843
26094
20954
24253
21591
12683
19191
14672
18807
30790
20435
22309
21087
24452
16227
21919
15888
15850
18983
21626
15233
18910
20345
15371
20322
20119
32734
15938
19145
26619
16908
21898
42646
15679
15824
19540
27480
20590
13924
18294
28580
21358
30437
13371
17956
20542
30207
15006
17486
14473
15270
10883
25273
22185
23430
13574
18155
30302
27065
17726
22646
36269
40366
20177
21937
22881
15923
25102
16356
26336
17533
24757
24126
18417
42230
22570
30220
19474
19740
18149
20378
37226
18693
14064
22456
17240
17525
27730
16767
17739
21768
29090
23724
23348
18271
22255
39756
17570
20837
17711
35254
20160
42344
28721
19814
34162
26580
46907
15723
17777
38516
11834
43324
31144
36444
17642
28730
15104
22627
20002
25455
19377
35871
31348
29019
21808
24686
33815
24687
20082
18115
27821
25414
25543
18633
25705
31292
22505
25941
21911
25742
25194
24873
15997
30285
15170
23284
23657
40022
13601
26243
23274
23440
17742
16606
13441
19563
13477
10639
27237
20146
16725
25985
23224
23546
24501
21805
23778
21032
25539
16270
47829
24489
19312
18344
15404
22689
31578
37134
26300
17714
20287
16667
52525
17769
32593
35219
19904
16602
30093
18519
17876
33056
40576
44436
66973
75834
29739
15733
20674
21015
16514
22190
33415
17477
21351
40839
25839
22835
24382
23104
11751
44149
30276
21455
17610
15080
15437
19947
19739
22714
19074
21527
25279
32025
19985
27040
17370
21787
20133
18341
19125
23670
24949
28981
21528
22561
42475
23520
17046
22883
24065
21243
25991
19196
14779
31259
26828
13179
15393
17852
15872
35528
18101
21929
22504
23479
14400
15672
27168
15958
15434
22187
16057
11283
18731
11547
18655
25604
41612
19238
19781
15095
22396
15605
12447
19180
31555
20494
17126
20654
33546
15679
27468
22868
20938
13366
28266
38834
17915
24674
12792
24651
22459
25331
47719
24848
24723
48071
14782
20421
15336
17642
20115
23392
23863
20689
20921
18124
26022
15162
20391
16147
18809
23722
71088
15360
23717
15905
11952
28385
34830
20081
18605
20475
24565
19873
15748
30596
18808
21997
20045
26485
25550
21195
33824
18115
14628
25156
14224
22175
26587
34637
12952
64328
18410
20610
21960
20204
33527
17686
23753
23285
18304
33244
19425
19965
22863
14325
11592
20276
17112
19616
24295
29268
30664
16595
18725
16793
34014
8809
31160
11742
19606
16537
11776
26268
18705
47093
23963
23890
18928
29991
20695
22058
30495
26826
28294
17007
27545
12602
14007
27273
20426
25508
23212
34422
46740
29868
18959
27015
21624
30068
21960
27013
28151
30448
16248
14064
14335
31535
19028
26985
24504
17060
14968
20258
18163
33248
23216
31207
22019
25708
9773
14937
18658
29309
21691
26114
44392
40620
16688
35974
19195
27149
48536
27893
12409
11780
17306
19264
20355
41436
41505
17104
22827
27457
14546
34348
48082
13103
38437
58278
68213
18723
17803
29724
15034
16541
16591
24049
22734
23576
35891
15989
21368
23704
15018
13885
27077
23365
19225
15837
37642
31576
21963
16632
15290
15273
21024
18106
16749
15355
19391
19691
15708
33919
14060
35994
22568
11687
15264
14498
20208
13397
19448
28474
20693
22490
16758
21016
21670
20977
22987
19858
15436
17849
16580
24173
8737
26120
20693
32524
22599
20129
27347
23686
17573
25388
19133
29793
33181
13918
19962
16524
17257
26905
17308
28505
19112
19010
20007
22999
31367
19513
31336
15165
25142
17310
15590
17861
17714
25189
16389
18826
22154
15857
25869
20820
22760
19778
33393
19057
16870
36976
19389
40549
15894
25307
15440
26881
13126
29500
29397
22700
35221
22680
15552
28276
28621
19164
20721
32928
49162
9565
24685
22676
22735
25209
20509
18457
21610
31165
26922
18951
22779
15862
26090
36621
24148
18724
39744
13449
19676
28531
18822
27965
15892
14198
23407
25136
39206
29936
19917
15347
22206
17622
26656
17700
20116
18057
18404
14044
22014
23374
10229
17481
22168
44220
28365
16400
16357
34326
14197
13689
30264
31427
25305
19701
47917
20728
28971
28903
24585
23118
18541
20795
26945
22213
27530
27566
20127
35688
30618
33156
17209
27056
17951
28974
23336
15795
25772
21754
28324
21690
15555
14794
26795
31718
30480
33185
24726
22791
36628
14922
26822
22132
16660
24463
30339
16606
20325
13843
35100
53561
22516
14744
19702
18538
18880
30035
22511
18853
21164
22110
16339
30328
23812
47955
16916
20499
16294
34868
32169
19124
18880
17275
29289
22066
20126
20939
26005
19977
15250
23754
48898
35580
23125
30533
27033
33315
19863
29851
15026
21940
19019
22569
25543
31796
19744
18411
17580
31153
21746
16804
22196
31296
33556
21069
23663
10753
35982
18171
28163
15609
25572
24931
21710
28351
18071
20337
16673
18701
15024
15948
27364
24974
17474
20345
33854
19857
21737
27306
37857
21027
15499
27037
15803
35612
30681
24372
20837
39847
19733
19163
29002
24168
23634
23464
31657
52137
39132
16220
21855
21058
23642
20917
16076
14109
18885
23960
24594
27358
23379
22615
32456
18852
15667
23421
35844
25757
27490
16783
36842
36632
22126
15818
14621
18727
13876
22772
19346
25757
43233
21270
30094
41889
25122
18246
31002
50729
22552
23865
20562
21707
26293
18082
26685
21937
18700
32515
23672
23037
18136
16609
16903
29137
22753
15355
21729
17565
19285
12012
20040
24182
24327
18087
20708
18224
26985
25111
26920
23729
43330
30384
21196
22309
17951
32258
25334
32757
40647
55588
47024
22803
19175
18188
21333
23358
23378
18053
22519
24249
25547
19467
18233
19106
20247
23206
13145
32951
22183
22811
23829
20733
41965
11369
12955
22289
22928
23421
43444
12813
25740
23875
22083
24465
13280
21178
25465
30360
27368
20651
24113
19331
15612
36497
28556
12529
25065
27398
18965
30936
29601
22136
23827
25471
18422
19538
19477
37061
23555
16071
18008
23795
15644
23121
20362
22178
23809
34063
22230
22515
22254
27153
42329
17210
30905
36579
18867
18815
24273
16405
37508
40333
35607
51078
20281
14301
25373
25051
18121
24345
21024
15293
58258
82124
21265
15389
23899
16317
27336
19149
27202
10186
13644
23741
25292
26184
16459
22464
20145
25516
16902
24421
19157
22898
13732
31761
22291
20633
25598
25123
15181
21117
19412
19535
22386
15413
14984
21510
17536
22240
24904
14450
24765
24573
20222
12263
15814
24675
17999
17654
21255
32599
19767
35163
22027
33362
20478
24783
26328
31695
33983
22005
18907
30734
23410
19191
12728
19738
22883
19173
17746
15818
27006
30980
17726
30701
20342
14072
24134
24114
19650
48932
37753
24302
19737
19673
13697
25275
40123
43514
20255
19987
28934
18048
26346
19431
22086
17735
19722
21220
28960
19739
26550
19149
17199
14470
28003
25778
21029
32550
20661
29105
34195
24461
26174
25279
24545
24689
41217
27426
17248
13999
27200
23032
29839
20264
18124
12739
14801
29745
18808
16520
18485
29379
24382
31582
22227
20619
30411
21350
12357
18733
22132
23683
23018
20779
19503
15990
24193
22741
19213
21530
19122
32157
40080
16535
23772
12702
28520
27020
36280
21672
14591
23376
25528
17268
16144
22303
26175
25291
23842
28093
20693
19189
28121
16067
13176
17260
14375
27001
21030
22646
19696
20525
18093
34387
23794
27647
24689
23148
20919
30412
19528
22179
18731
26041
24985
16082
21696
26667
18418
34622
17470
18676
24883
16876
19511
20448
25924
15804
9513
21118
17245
20129
16452
12973
15888
22673
22778
18686
24643
36894
30135
19477
25062
14504
26290
16027
11838
16941
18780
21531
20066
36372
35067
17429
18711
16133
34173
21180
15320
18218
18147
22325
32264
27104
30311
28516
19176
33782
33769
15292
24039
19416
27644
14137
14474
18074
25642
22380
18927
12793
20050
22600
37553
22312
15941
32182
13896
8090
14814
25414
25249
21748
20187
21205
20464
13989
21015
41293
21576
16431
32769
20754
29430
13039
15203
21605
16879
21135
27614
22286
25059
14870
27194
19820
29901
20895
10849
13089
18494
17908
27904
24416
24833
13965
26033
46170
25028
9334
31937
27281
14115
22901
30037
18157
29442
9698
19541
23498
18113
35762
38094
10473
24885
14095
23824
20667
16340
22296
23887
23839
16540
33985
40449
18924
14869
21939
13547
17739
27328
19268
36935
26578
16589
14502
38114
16549
12282
17950
22081
21900
22147
24827
27951
26120
18940
19953
28797
37020
24716
45403
28623
20996
28451
30187
17118
24492
17321
25653
26076
17638
22434
18714
19667
21316
22929
26481
25187
24802
35589
16840
24165
17018
13106
22963
14766
25486
21983
17327
19123
19067
34800
47505
47024
28288
14015
22564
16236
29705
27031
17118
40131
40228
49996
19360
62827
35660
26837
17972
29621
44196
12188
18736
24961
19204
17362
32302
43112
21939
32053
16246
41180
19095
24519
21530
18964
20191
18029
45128
41854
36470
39058
26147
17806
17719
20781
16806
43108
18154
30950
27322
17126
45144
21874
30595
36953
21280
18827
19688
20005
21335
29250
37941
24496
31260
25912
29941
15220
27814
25468
22603
53299
45686
19623
13195
19944
27319
14372
18423
28926
22548
20811
25565
19667
24023
28265
21971
23378
26011
21703
31907
24532
25222
20648
30111
27137
18590
25414
24147
21251
20638
26459
37036
23371
21682
15573
15742
24828
23928
20160
29239
17075
11099
11531
29264
24210
35596
46473
19921
33873
16963
23851
23389
19535
23930
23072
18509
27583
13493
23861
27761
18325
12271
23406
19350
35957
28188
21570
21002
15745
24423
28232
20794
19568
19337
21251
18604
12724
21410
16087
14242
21702
19787
29532
29410
16002
29772
13953
15856
20541
21730
18645
35287
18094
22796
21937
16608
24116
16605
20369
17174
14364
24151
17629
12722
19619
17721
20879
23017
22179
19839
14133
19698
22357
23088
17109
15373
22075
29072
42151
20749
30996
12830
23533
12433
16755
14803
20262
19199
20452
18027
34137
16299
11878
17264
27137
27416
22197
20466
25505
19435
19000
18224
16823
21200
13146
20639
35913
43024
11232
29736
18634
16114
24087
27748
18297
21242
16834
16069
41926
21292
17184
22496
31221
41302
10343
14199
27669
13395
26375
20166
30156
30964
16856
12827
23827
24941
20422
17684
13951
25932
30863
18970
30466
28066
14872
24088
32530
20837
30034
23243
23439
20576
29599
17833
22692
19652
12355
20648
19886
12177
45683
31895
29839
18511
18451
20609
19052
17245
21593
34443
22091
23583
20905
24358
23979
28551
24802
16049
20393
25397
16437
12990
33107
13288
37518
21600
25072
24808
35832
17518
19056
28214
26301
11225
21380
29014
28645
29554
31399
22615
12370
15573
21461
17601
15241
33822
22328
19292
38953
16239
17933
16198
20774
24305
19360
26706
32103
34593
53688
19640
19277
31008
11750
19384
29810
23758
23123
19719
39347
33901
14274
28850
24200
41326
18422
21638
9871
26182
13616
26949
26934
24061
18155
51787
73304
12830
24599
14341
21157
24455
29524
29392
30180
22154
15362
10040
26522
35985
27066
17446
25497
27744
22607
22585
46436
21791
18418
26010
19962
29457
25565
24507
17530
48054
22741
22028
11521
7577
32669
19933
8237
19373
24948
19108
34234
21308
10797
22175
22047
16008
22980
15882
16796
22261
19845
32524
26064
24389
13666
17797
17426
17878
21183
24314
44011
26945
16924
24558
17012
22303
34682
15978
11046
14391
29050
23471
20328
14750
23478
24510
18071
11892
22571
33491
58327
21054
12874
21365
24365
19349
16340
21993
13691
14554
18037
21454
14334
20860
24858
28927
26391
26806
19740
28900
17227
31367
11907
19440
33473
21315
11592
17169
27216
23356
19679
32480
16391
19419
28758
13772
22420
27299
12945
15243
28101
17002
33207
19964
16118
18063
19780
22699
30605
23456
19438
19505
24318
19494
21163
33728
19926
16018
18355
19558
28044
21851
27240
14052
16022
23824
21984
20715
27623
21930
32774
34148
11864
20414
23732
29259
24717
17311
20372
28544
26902
27146
13537
28715
21463
19556
23351
26444
26503
19560
18881
27277
22848
13129
18274
22016
35292
18385
23032
21146
41820
20340
26176
23569
29442
20733
24357
25805
21015
17188
36709
18981
23729
52078
45907
20789
19110
13875
25856
34940
44351
26561
27098
13740
21884
14059
25305
23155
20784
34691
29243
14992
16691
14791
15735
21161
22248
27139
14302
19618
20133
24703
18887
13847
19124
27381
20870
15746
21134
25895
21079
22975
30166
27626
30344
19035
14870
26677
32516
19787
20656
23013
20852
18576
21440
36059
35275
20530
23153
17247
22959
46145
13149
23692
24817
19277
17392
13253
23316
33556
19930
28889
25839
18945
10798
21023
13726
19012
26955
12595
24932
18325
22101
14778
13536
33413
25035
26236
41095
22480
18859
21957
19338
21833
30628
23139
21612
28744
18602
46022
29625
17451
26087
42971
21151
14536
24567
22365
42003
28190
12686
14243
27823
25610
15699
29163
13967
16732
24764
27470
8145
22026
11954
16593
19319
30818
50299
30589
23399
14064
14684
17576
18012
21571
26755
9443
20860
19015
29692
18677
22305
16973
29282
15212
49565
23227
33545
34369
22941
33863
19445
29103
25372
14327
23348
41634
31608
17896
21924
20288
28426
20414
23687
24633
23293
18057
22158
18287
21758
25413
43683
34915
21227
28958
20369
23879
24217
20992
24726
35932
34273
15305
20246
24379
25588
24156
27943
20463
31429
19520
34361
18893
19252
24142
10783
20063
28840
32422
27230
15144
16610
20061
28113
21448
19463
53030
32243
34641
26917
33644
49013
14059
17127
25384
21324
23145
20053
20047
24506
21257
15438
18781
20193
28065
43946
28787
26069
18257
19079
23850
10649
11867
24336
19735
16729
18325
25154
22870
46145
17656
17225
14255
25639
14158
20069
17241
17865
17530
21287
19480
13793
23387
16123
25101
13829
13969
19239
22991
20538
21826
19623
18628
24092
29858
24905
15722
21301
11609
32909
21206
16356
16781
29864
24209
22735
50787
39859
22713
28825
18372
19773
30478
18047
25972
25660
21204
22492
22338
24302
23054
27410
24494
14150
18730
16119
15649
18788
15236
15135
22184
19882
39691
23013
16496
28693
22772
15257
19791
36967
17714
29569
30588
21325
12445
19869
16995
21565
19701
21199
19603
31860
19947
16420
23609
26647
45343
35013
18861
31758
40690
28189
21707
40432
58062
23772
41384
16710
13406
18183
24252
11092
9596
18963
18817
29135
21416
15769
19989
31832
18424
18995
18206
17898
16727
33888
23599
21456
23141
22966
20589
29172
22127
43668
21289
14589
35838
21378
17047
20863
16369
16390
22452
32913
20562
18803
23524
35585
24732
19115
42405
17155
18603
28956
12858
21781
21612
26087
18654
19886
20603
17479
26556
15886
24976
18448
16921
23887
15433
27085
19442
13717
24780
13954
15410
24108
16076
22793
30273
18378
33044
17234
29816
23499
14762
18678
15499
30160
26542
16847
22837
27521
13689
22430
22474
17716
28751
25439
23101
48387
17076
24790
28541
20587
22462
17929
18272
17984
14150
19920
24124
14308
13061
20256
30943
28029
29776
17556
31137
25800
16885
27174
19417
17997
20244
11257
27343
9182
25464
41452
17762
26049
38127
23798
16799
28212
12386
20089
16972
29791
19976
16428
19630
19813
27674
36794
21193
18504
14888
13449
21323
21687
16034
34642
21009
23569
23131
21420
24174
24949
25954
20624
32027
24332
20858
27007
16134
28547
20090
24666
18077
21416
19931
25925
20436
21861
28961
17066
24966
16171
16082
23628
25190
28068
34753
18043
21003
28618
18202
21735
18452
26507
21454
23214
19763
27680
12895
22847
14574
22784
26288
19927
18221
11435
35163
18770
21648
24612
35521
20988
20339
34664
22137
17345
233158
135010
21186
14752
31512
27085
18195
31669
26604
10036
17929
25223
19672
43582
56769
19805
33760
19668
14581
19234
20590
21999
21525
18800
19960
17817
20995
25792
17329
17527
22039
29479
16527
23372
19317
23481
22188
24037
31971
22086
22688
23654
18868
16260
16919
26853
23983
19616
15867
13749
15816
36310
27009
23833
27181
46264
27742
18776
17718
14385
20131
21455
21953
19525
41128
20053
23195
36497
27244
20564
25220
22110
16847
21915
14372
23505
18371
19545
15527
24576
22685
25402
27460
20182
19214
19806
17362
19595
26197
33388
21968
14060
19692
15979
30919
10734
29467
20404
15083
28224
41854
33617
22012
21564
32824
25915
15886
14287
26564
32169
21660
10282
19586
25121
21937
15547
21024
36602
41071
13571
33417
45834
10818
12326
32569
14686
31342
24459
18518
40086
18793
19833
14719
14573
19690
18605
16919
32642
20559
15747
29003
25117
19812
33150
24540
17773
20227
18599
10395
21884
25695
17875
25485
19300
23162
25875
28414
19392
15548
17432
19892
15501
40484
14418
35754
26876
31359
20677
19284
17678
34202
31982
27509
27599
21900
15330
22176
33832
27424
23445
29167
20068
39172
29911
29278
20257
29822
16622
23060
37613
17931
21546
22603
26354
11355
21363
34664
16977
18456
18952
16730
35013
23064
21386
25331
23774
25142
38132
30337
19394
16685
24275
21793
20516
16553
44221
25445
25493
33785
31923
23732
37362
28429
18239
20597
34726
24774
24659
15998
26180
39273
25082
33870
30223
23339
21481
20054
28895
22645
18356
20636
30907
22676
44411
44717
20543
21725
22760
24809
21874
21048
20495
29629
19636
19699
21931
27929
20232
21777
14907
24051
17922
29552
18820
20404
15945
22598
38951
18752
26153
12946
43957
21446
11097
19555
14523
19062
20952
18170
26396
16883
23014
20479
15140
15120
19007
27911
24980
46408
20964
20622
24111
28121
30902
20772
19863
21657
31709
21182
23806
21879
18962
17350
36773
13735
34084
26959
20297
25092
35151
21634
26971
23916
16378
20883
18777
16209
40493
12796
42991
18469
38534
37719
19499
20072
19231
17534
22810
18014
21761
25710
34464
15897
21010
19626
27081
21728
32239
17557
24332
24971
21387
21404
20945
26936
16302
11863
28342
18606
41672
21804
11084
17063
18171
19255
22788
15792
25006
17743
23123
18043
21731
18156
20212
16027
21847
20787
26365
20641
14906
38041
53967
20332
27080
20449
16891
24512
19522
17191
13250
21986
24037
11160
22666
25140
28857
10359
18778
28380
30058
15136
14509
22677
14056
17135
27788
26548
22694
16065
12538
14615
26791
14369
22861
22832
17662
24157
23129
15358
31605
20900
17858
28362
39285
38652
18821
14742
19978
38474
16233
22816
19944
22522
12411
20240
27092
22892
17316
24529
14513
15799
25550
35090
14425
20187
23589
23532
23533
30510
21930
11168
18545
17401
37066
20762
16202
20296
24155
18599
27451
15824
21657
30841
18839
15603
20355
26451
21140
20343
29257
45241
21758
11899
15965
14178
19226
20142
19747
11376
20625
20850
12125
28103
51653
18589
17760
20156
31208
26242
22752
30466
17291
18546
19572
13572
18013
22749
15922
20800
20828
29626
32134
29679
23643
16389
17440
19388
16154
25437
26368
38051
20561
31810
19512
13480
36082
29364
17431
22852
25268
29262
59614
19722
24444
17625
19032
17311
19335
19642
23720
19979
19652
27720
23964
23962
26078
17147
35133
22967
30323
28050
29489
26828
22194
21911
25593
17657
20815
16265
16387
22214
19106
23917
49002
21805
26195
26918
23270
28650
29838
25519
18622
17533
28334
25958
20720
17906
14471
32588
21964
26765
13079
22194
14426
24900
20822
17380
18700
16554
26391
17793
27177
18286
22988
17528
23000
11984
13846
25908
31165
42154
45761
71256
24499
21091
18366
24015
21424
26158
21664
19479
11927
21709
20491
33949
15522
13929
22598
34826
22527
22431
36239
49706
21907
14908
21190
28446
23187
20634
25374
28369
25868
13831
21194
20232
25574
20394
15122
29098
27812
15444
28356
38540
27710
11676
22626
19223
20401
34963
19439
44456
51284
27248
24831
19997
25982
22307
19225
21127
15052
21642
56744
19520
12072
22023
30022
17470
22400
20072
19760
22683
23087
19687
22888
21798
19509
22369
14106
21500
26874
32138
17979
21185
16846
18125
23585
17915
25013
23399
15247
16114
18495
29390
18164
19176
24221
30214
10572
22958
31050
24333
29900
11952
18669
16496
16821
23379
17728
17780
20713
44903
23057
19929
20433
21555
22280
25975
20985
33346
21713
14357
22990
19653
21269
20609
18638
23952
16719
26486
15630
12670
13978
16556
32808
17305
34155
27327
37068
11816
14856
24224
29805
22428
23638
12911
36085
37232
31644
22003
30147
18586
26273
26660
22078
22182
14983
18368
24857
30152
31432
25192
21894
22438
30292
37979
29179
20331
15186
21882
24147
23561
13654
18987
18466
25710
24094
28020
19594
22645
18653
33468
20800
23397
22976
26011
25908
22847
24006
17386
16782
20481
11730
15086
38744
29682
21919
21158
14561
17518
18851
27208
23186
20072
18738
20963
19133
22508
37334
17000
15181
23422
21702
26161
17592
18870
20747
19270
19549
16290
18173
20787
15850
17935
27394
16602
19817
20628
33766
19408
22335
11974
19907
21074
33834
17293
20487
19405
21742
23435
32290
23348
30270
18119
22904
21336
27172
20193
24371
35380
17283
18851
21954
20114
16323
20108
18977
22538
54801
19506
28788
31704
20252
13370
27913
13752
22499
20796
20030
20657
14833
21324
17426
13066
21593
18536
21505
21145
27019
36042
41494
36631
42030
13488
14970
44796
31823
19162
17124
19392
28930
17416
22691
16437
18271
10190
25225
21150
26007
21479
36008
46051
20028
22761
24555
22862
36130
24442
13376
22333
34761
19061
22356
9428
18605
16922
16314
22636
26134
33774
13749
29170
19662
25351
17902
23023
10947
26056
12396
12548
18218
13239
19480
15889
25573
42552
22378
21621
23214
17892
18363
18648
22296
19021
22986
34975
23925
21046
17830
37783
18419
24369
33678
19844
19110
24999
12868
22433
19547
26853
50187
19497
32943
42348
20881
19192
19770
23098
29750
21797
14672
14298
21583
18316
19081
26219
25627
15806
20741
34467
48691
19542
43817
28033
26438
45836
20372
24771
21412
54910
28520
28539
12303
22740
31148
18231
16801
25592
16172
28128
25013
15891
34233
19704
18418
20015
21352
16760
23375
24979
14841
24384
15472
15309
24089
15872
24025
24932
18608
16908
21230
37070
50757
64826
18212
16544
17035
21359
22708
19061
17271
17743
22968
27272
14924
23016
20624
16652
9885
16944
24205
31941
19220
16738
21779
21433
20777
21430
23207
29103
28482
31010
19599
15029
21433
11935
11820
20157
22033
25513
17830
23472
15463
22467
17699
19223
17998
18096
15279
24201
23361
30430
38663
44355
43987
16287
10342
25188
26417
22310
15196
24543
22139
19281
32972
20815
21493
17471
18936
30337
20433
26359
14560
11237
21986
27590
12387
18474
22816
25829
45177
29502
37448
16924
10828
17394
10017
15594
19770
19764
23614
25664
13689
21226
17239
13804
19186
27162
19400
26258
18462
27630
38854
20524
17516
17303
18328
42592
21528
22492
40226
22814
18645
21100
16277
22482
26400
23512
60372
16403
29783
14565
25283
22037
16077
27873
16771
16957
13939
20134
18597
22272
28503
21299
22430
32857
18698
22840
23022
16190
19921
20859
32340
25371
19444
24450
15382
21835
24125
26207
39078
32187
23617
27895
24081
17363
14256
19478
27761
16325
34160
37394
18440
31447
19546
20663
19537
16597
23246
43120
18147
12436
24107
26410
28204
20201
46519
18751
9458
21481
29558
37047
27486
25367
22991
21976
23568
10329
24153
14963
23335
24138
11297
24985
23524
14007
27396
17541
23561
31590
33564
41118
10929
29561
17811
22620
19973
37940
16821
23180
20385
14275
11730
14278
18000
14425
20951
22245
51464
23123
69623
17238
19280
21421
21775
20733
14503
24910
22649
23526
16146
29670
11160
29127
19732
23232
18444
19833
17075
39696
10346
15942
24826
14734
29750
21267
25408
13922
29010
32237
30564
23978
27906
22536
33645
25333
25967
19711
11476
30180
23226
24039
22174
17227
18983
18528
15532
26207
29947
28641
19819
36343
32950
30626
17920
24353
25548
28124
20391
20311
25866
38296
21341
28267
24649
44450
14395
14631
24344
29165
13817
15014
20454
15176
13826
18725
27959
23468
24693
17665
30423
14322
13166
19384
20530
25450
30485
16681
26636
16028
23431
21622
22076
18392
18928
10120
14500
16161
19400
18245
25869
31646
9605
19983
24481
20605
16906
19296
36277
18245
15547
17041
24404
31597
21871
26348
50524
54500
26653
45224
16502
15967
23392
18285
17477
11197
19437
36242
17942
25698
15971
20457
14837
24961
21196
16872
15992
28722
19228
19145
23262
23393
20968
16940
17046
26659
18840
19347
15982
11584
18008
21599
40837
11946
12812
20761
28309
24672
26358
23290
18410
19154
33239
41005
23125
16056
29810
14864
26427
30042
40083
17068
23583
27030
16980
25411
22239
25064
17408
30101
23517
11639
9727
20348
25325
21020
19139
23567
15376
14449
15178
15965
22983
28501
14507
14101
24542
21687
14930
19574
30596
22281
23357
17530
15205
17318
19493
18835
31624
14248
13848
18694
20471
15319
23728
23691
27001
18608
17394
25035
23697
44280
19851
18496
13770
15897
31726
24190
35306
23943
17712
25984
21005
32886
17362
13568
21162
14932
14784
26939
26692
32445
16856
22252
29844
23843
18391
26228
17271
12654
26579
18552
42210
20403
20770
35268
14528
13834
23717
14397
23402
11347
22145
18739
19028
17677
29253
29940
23831
38326
13686
26934
27053
43877
17813
16637
17304
10838
19648
22432
21470
41570
27711
17364
32071
43208
41499
16558
16552
17362
17408
24692
11201
17303
23313
20061
23664
23881
14202
26596
20297
26650
17271
25418
28729
23890
22961
37785
20144
27320
48661
23928
16560
23897
36689
22224
15633
19384
18122
23020
12859
21494
20852
24763
24391
12122
20302
10849
24553
18017
17222
24703
20116
15471
22489
53751
33638
19011
21881
28714
25928
20039
19784
12506
14080
29930
25398
20099
21003
26336
28538
39926
35572
33895
52034
19127
23103
15715
18274
23294
31226
22005
19418
40280
32878
59578
16717
20922
15443
16614
44066
29078
15929
24362
28651
25641
23046
24726
22218
25306
20752
12743
24492
21330
32746
35902
21138
12435
16775
13543
32167
20796
21567
15181
27407
22761
14721
17133
28830
20783
21418
19715
17755
25845
13562
23249
30611
25349
28046
18607
18559
27140
12812
34787
35004
20599
15716
19395
39774
21786
24258
32788
53443
53524
63997
77149
82940
54973
21726
22591
26844
13411
28849
19092
10646
19497
26449
22248
18847
22732
24465
30612
12703
21350
40145
28115
20795
21772
14997
23680
23399
12427
17253
25147
20433
15105
19244
21823
18748
22326
19696
17953
19787
30992
14892
25038
14485
24666
22120
25505
28853
48580
52570
30523
15386
38367
18823
24726
71348
18514
10390
12619
15215
22192
42160
18125
51966
33378
20219
20601
23882
26708
25879
18922
20917
28304
24956
35085
23255
20876
30944
52845
31834
14717
26844
21982
22769
16515
15041
19120
18900
32717
49336
17258
20381
14046
19003
12297
31661
19053
21759
21547
25676
23030
17322
19452
20571
12748
36962
22092
24831
17854
13824
16641
33265
22401
30131
19905
20835
20829
14657
18156
24482
28143
22763
22645
12652
26725
23336
41593
34656
14188
17623
30261
32227
18063
22730
19748
17986
21843
24291
21968
14397
21022
28115
18820
19949
25161
24651
34879
39421
20556
25068
21614
20981
18397
28043
18510
23600
18286
14078
18076
46316
31472
20751
24166
31410
21225
14951
23356
30782
19472
20444
35310
41587
24041
26455
24223
22519
28959
24873
38039
15936
28806
29423
17240
23802
17044
28078
37052
21968
20401
18733
17947
19083
16158
16866
37021
23857
20237
18487
19729
21650
16523
15890
22190
19742
20555
29945
17564
25947
20159
24142
26684
30847
13921
42348
20635
12622
36589
25492
12953
20023
18148
20655
19562
31243
16703
27510
16167
18551
24579
29264
28909
16863
22749
18238
34847
22569
14415
26905
20833
14722
19778
11768
31431
18069
15700
19876
19671
34055
14523
15657
32786
19114
32706
17932
17766
15938
30558
11100
11982
21756
23653
20120
19039
19556
17038
14999
18645
21836
13386
16441
35229
10925
30698
43834
10380
19670
23091
17342
24718
21491
18439
20648
19844
20350
15264
33031
43332
22290
20199
20747
15612
16987
23899
31185
50957
27357
39129
17227
29924
20296
21891
22839
25289
13320
31480
18563
17912
19621
24146
20536
18042
21202
19512
27989
22090
10616
19544
33372
22239
16877
27667
19592
16393
14961
21175
27747
17173
26643
20913
29056
20017
12033
28242
25108
18919
11792
19498
28772
19268
15242
17309
21983
16107
19461
28702
26131
25027
21837
22266
23996
18408
16102
15680
22347
18167
14356
20403
19412
20077
17689
29677
28305
22146
22950
45136
63978
22360
33394
15683
21345
17904
14396
16890
17493
11608
19028
29922
24188
13712
16480
19438
12140
25013
18544
16842
16053
13358
26408
49054
18725
17539
14055
25602
26143
31176
55469
28932
17682
10010
17735
18842
23651
25631
15323
21136
23212
10009
18293
26429
15186
13724
18318
23938
28109
31030
16566
18112
16062
17272
14013
17731
18181
24311
16816
16714
23268
29082
24635
22708
41653
24639
20039
20456
28662
22879
19441
13247
17361
18635
30815
21991
12251
17353
23834
27293
28015
16605
13081
22173
18184
22869
15532
19053
16346
24226
10434
14100
23266
34130
17391
21296
42538
13847
21795
15419
24485
25301
28153
26795
26711
46423
35359
14569
14915
21274
25857
15659
19158
28127
17238
18316
19179
32175
11738
27228
15771
14069
8580
21569
15123
25961
33187
18472
21194
29115
23665
24002
21488
22579
15095
19358
23147
29968
24614
27924
23235
20455
10669
22828
25396
27623
20977
20934
25027
18010
22028
15814
17425
35367
15834
26516
43996
18239
21151
18766
24260
24346
18584
12348
27403
16492
24592
14986
18200
13448
18471
18912
17350
14788
27937
36616
34198
23855
15064
21144
18990
23485
37800
20187
18104
19134
19011
25654
19546
19947
12945
21027
16017
15042
21525
22190
21920
13854
16688
28721
30999
55855
18858
20330
24848
16799
24464
17487
20301
27795
21620
19141
18822
39426
19467
20601
22440
30567
23537
31596
24122
10771
30817
17332
22197
25211
15463
22599
25658
23337
18632
24233
22455
17875
18780
14659
24261
20501
17755
20826
17777
31193
19012
15653
19773
24547
12586
18809
18732
17744
23987
14311
17399
28231
12368
22009
24068
19543
45816
26022
44167
15420
18870
19878
14244
35384
18337
18572
20260
17827
25159
18677
18162
29979
11125
22895
28880
26006
35334
44787
57778
25138
20960
21722
14699
25243
16482
16595
15957
18511
37622
19483
24719
28813
23371
34212
17646
19686
16002
30760
25306
32013
38400
33758
14701
28902
11749
18256
18680
20305
29201
24648
28624
16014
17576
23002
25563
16814
20231
21171
17194
21659
30950
16929
21638
24442
17141
30321
31715
24319
17575
22780
16183
21401
23426
17945
22840
23648
38828
14138
15411
16439
10187
18892
17397
18763
20826
41204
19368
24337
31304
42590
21765
21475
26390
36605
18757
18746
10061
17070
21749
17305
18725
20159
21247
33692
17951
22647
18414
17544
21488
14115
21804
22263
24319
33241
17420
35481
21643
26231
22626
28706
24705
17590
32378
14969
21352
45211
22761
21296
30846
16726
20141
15217
26009
23132
22562
22652
34122
24981
14070
21960
26762
29636
25539
24155
18514
26598
19189
16996
29965
14969
19777
20351
29152
24227
20808
15643
25811
19188
21856
26282
22647
17512
20244
18877
14440
18865
24086
26973
32860
28404
19381
22157
29967
21411
16987
16705
12779
27251
17425
15950
33315
20540
32690
18999
42621
61645
21776
23547
23493
20897
28794
38262
15055
20527
16068
18781
25432
43169
24183
20272
31693
12342
16000
23458
22155
37153
14149
29877
17966
27011
10112
22567
43143
16796
13891
21785
29977
25744
19295
30197
12500
14555
15075
23887
19561
13923
12978
22589
23091
23585
12465
33024
17144
34231
20485
14770
28452
29621
17205
16646
17084
17207
22730
32956
22226
34734
23429
13266
17680
26479
20464
22860
18073
20385
35793
28357
19207
19883
17442
15710
19972
22216
17245
16659
27541
11707
19321
21847
21748
19838
21507
26189
24303
45045
33854
15298
26471
28996
31972
32548
35047
31982
18128
31470
14270
14291
19506
15959
27125
12300
23263
14869
31406
22590
15956
25222
14901
14417
24073
26934
26992
18822
21203
15086
14429
14246
17856
12889
27619
17716
16223
18872
29242
24864
35786
31742
17275
22493
21123
21241
22189
18490
16125
21389
23436
17395
16754
19533
13868
18640
19107
15464
18053
32938
27750
22335
21873
22999
31470
23873
18501
21817
17669
18807
17873
18146
29439
19497
16290
13912
23814
17810
23752
14250
24100
17898
14962
18384
30298
38590
13698
20738
15598
25910
21030
15093
19526
24645
13601
20175
32761
19829
14019
25292
19123
20508
20898
11325
20790
29046
10815
23280
9974
21852
27184
15855
15801
34238
23836
24150
14610
14111
13394
23864
14533
29826
16330
22693
22807
15663
23159
24574
26507
22544
20510
21955
26854
18028
30838
23915
40970
42533
31329
29373
21186
25465
13521
19389
20154
16417
34446
20084
38646
13146
29099
16016
21043
22125
18909
13507
14383
19137
23770
10920
18363
18844
25656
19500
10360
25060
42027
20566
28099
10367
20843
20645
19355
21874
20680
24257
25304
17548
26656
23504
23120
14846
34355
40213
16214
21644
44282
21518
31429
15039
10768
18523
14053
10900
32031
12108
20562
27857
40686
54385
53693
34199
24602
17748
18852
22923
20520
15768
17836
19467
26046
31620
21336
20962
25818
32022
19570
21137
18503
24410
16651
23910
33936
35521
21236
29979
20105
31466
50743
43087
26156
33181
37200
20931
18523
29706
31629
24929
44073
64624
43283
16493
19452
40726
29732
16407
20808
24048
15004
19280
15117
21430
15184
18089
23740
23977
15620
29830
30458
14835
28798
24379
25335
12606
24463
12449
28277
36300
13815
14782
24251
11390
15560
17012
17365
20479
23308
23463
12417
29324
12403
18060
27463
29798
23240
14137
19128
20666
15298
18914
35975
18698
23290
23830
18183
18817
21001
28462
36646
24197
28107
28850
32811
16832
23193
20991
20374
31888
28116
19786
18458
27065
34072
17009
19343
9303
25246
19780
