15288
19382
34192
15421
24441
15458
14015
13576
22649
29409
21915
16420
14428
25134
14086
17745
20225
14823
23096
31012
14689
16416
19791
16796
16640
12706
12948
19133
13967
21108
13410
16617
14689
22692
16439
16450
12778
21958
16314
14963
17573
21761
13601
16041
35135
14826
13551
15739
15046
17508
20434
17585
15919
18599
13585
18379
15904
21068
23421
16881
21493
16599
15579
28033
17652
14086
17858
16408
15157
34249
22394
14779
21525
14382
36734
19027
14345
16333
25428
19893
16790
12955
19916
14399
26210
17075
19377
14281
25062
16599
15345
16978
13269
21433
20121
16393
19765
13226
15704
14992
16542
16023
21153
15439
20360
15707
22236
13231
22668
15915
20279
27424
20777
18330
15965
14162
17701
15250
15257
13319
18187
13520
17226
14335
15947
14821
21654
31753
43596
15402
16257
15706
24344
46954
21229
14675
15839
14408
15824
16326
18210
14970
32544
13971
13350
20296
17686
18224
14989
15079
14098
15707
28168
16768
61820
18812
19374
14017
14485
24107
21477
42063
13867
26082
19058
23463
13604
14838
16814
23097
20654
18307
20238
24632
47523
20205
13201
14499
13760
23915
31200
20939
19094
18854
24666
21005
15004
17157
15704
17129
22202
15188
17499
25771
27923
18173
19083
19306
18565
17222
14505
25160
13808
15853
22156
19517
13953
14965
18888
17361
17626
14844
14225
19376
13391
15401
18924
23453
28219
15953
15389
16283
19154
25352
15890
30186
49878
15761
16140
27354
19468
13579
17397
18854
15583
16400
15609
24289
12509
16307
38706
30311
44368
44511
14331
14178
15665
14560
15216
21542
18166
13466
13383
12777
17629
18655
14282
24745
13844
19184
21934
17012
20340
14928
14462
22790
15500
33197
22140
22497
15040
15775
19880
20389
25523
16652
26632
14668
14179
26575
27075
17699
18218
14184
16944
20234
32984
46119
21206
13715
17224
18217
14346
21561
25365
14455
13687
14682
14510
18213
19209
13970
17496
20732
21299
20137
15123
26869
31541
14461
14802
19295
16004
16512
14060
13265
15052
37102
17294
14354
22257
18142
30671
23674
15900
14239
19531
17948
13678
20350
19606
19611
14468
24703
17210
12608
14640
19813
20373
16163
24845
16176
13402
16657
16287
15226
24343
20125
19027
14390
15739
15946
12859
22144
21395
13969
15228
13208
26501
13336
13988
20037
17412
18809
16476
21711
16603
13722
18586
20564
18988
34539
16231
16792
14622
17629
18290
21915
12229
19570
22643
16400
15524
22184
23836
14096
18838
34406
20326
24834
41416
52363
36293
17250
21572
20723
15337
15115
18341
53141
13719
33000
29434
31169
36897
61026
15438
17437
29362
24718
17889
17855
25857
17436
16090
16651
35586
20156
17105
16029
15186
13686
18227
28333
15869
16640
21479
14523
18441
28649
14935
21754
15167
13627
34924
61605
51503
80349
96723
16051
15139
27609
16658
13633
13611
15257
41910
33276
51660
59179
22625
17379
32137
14052
14361
14944
15151
15824
28701
13637
13602
16874
13809
16196
13023
14161
14212
20689
27690
15503
12497
25150
19191
15298
23123
24055
19267
14189
25465
13774
13147
21174
14741
25995
16775
13374
14911
22181
36623
17310
24603
13077
25126
14899
21766
18056
21078
21008
15563
12776
25762
17945
15338
20660
12891
18751
14961
17187
23883
13528
16894
16359
22823
22226
17797
14564
24085
21190
17104
14748
19045
33117
15974
15548
17378
21497
14991
14354
19324
15852
17804
16183
14351
19004
18736
13662
13766
18421
14628
28231
32851
12990
20266
16949
17588
25081
19358
24798
18373
14727
18072
15763
20483
14481
18402
17337
21826
17169
14517
12616
22919
26365
23485
15702
19857
14216
28696
15346
13538
14835
31937
18191
18814
22598
15773
19919
15474
20937
17565
15524
16411
13792
25948
21632
17917
19697
27649
14671
27154
17034
21184
24806
16315
13717
14607
16174
20368
17317
16019
20931
18999
27762
27881
42372
17724
16807
18975
16905
18482
17860
21666
18936
15689
15879
12035
15331
22883
24028
14161
25310
16041
16965
24746
14235
16677
13405
14616
13044
17470
19988
17659
13899
17473
15219
16944
14218
32939
14134
19517
25649
16762
13991
18712
19325
19414
15082
16534
16654
18413
19815
30274
24103
15990
22476
19093
17688
14150
15756
30103
13428
24537
29815
15717
19726
17091
16477
41354
17919
17865
15728
16877
26170
35112
14984
17239
21817
56046
30555
60413
49561
25435
50544
14111
17874
20200
15889
16663
16452
14299
15727
21680
16510
24146
16345
14549
14033
40799
23542
15329
14110
19718
15994
13004
15302
15990
14351
18421
15187
40511
16042
25466
26586
22247
15151
18219
14291
13860
25292
13272
23965
22930
33923
18242
15900
15076
31645
30226
21870
19242
13826
14698
12716
14775
24483
19850
20262
36044
18926
16818
27520
23506
21528
23118
34263
24223
17393
15795
25984
15143
30056
15380
22083
18635
16092
13738
17101
18155
14841
19247
20500
18515
19577
17516
19833
14370
13532
14501
18690
18014
60175
15818
16001
15077
13639
28271
13534
26052
16144
21094
18655
17116
14524
15370
17417
15313
21707
15253
29838
14015
20098
15154
27599
15614
14322
16236
13601
21567
23881
20374
13398
39662
29330
19679
15933
14426
21658
13911
24958
18355
20019
16179
20709
18473
24975
36534
18136
14106
13659
16094
25387
25535
26430
21774
16346
14353
22021
17465
24058
14311
29735
13719
16344
15901
13466
17046
13970
13039
15808
14779
13951
34230
21628
14582
17488
20675
17497
15810
16805
14317
13981
16220
16471
13166
20022
13994
14109
15068
18485
29314
14867
15673
13999
23458
20832
38442
14505
28135
18226
18589
27270
53342
14662
14915
20381
28354
18239
14458
13929
18128
14966
32239
35672
17378
18752
27398
25787
35085
14651
21141
13233
13552
21110
16512
13982
34369
21483
21864
17426
34810
18163
14582
17321
19414
19229
14557
20510
17168
13163
21057
16700
20709
16328
15251
22647
15516
15882
21878
16909
24940
15431
13098
26080
15307
22428
31280
23922
25952
20844
29526
13699
15743
16832
28659
44018
16025
15100
16546
18886
16207
27904
14934
15617
21908
19415
14123
17461
14226
14346
13096
23453
21353
17138
33814
15981
15929
14495
16072
17743
17741
31967
19505
21900
29358
16712
14679
13825
15913
23331
13640
15777
17221
18346
20191
18830
27120
20939
24189
25352
16640
17045
25247
25295
19580
15182
25288
19116
14633
22028
17245
15913
19768
21620
17910
16876
27308
16658
18280
15680
16469
52084
45532
22516
16272
24868
23961
16479
17062
16426
19019
16367
14569
17602
19777
19231
15627
12838
21714
16180
42796
17456
15715
15364
28382
20676
15231
14808
15320
33226
37686
15074
13395
22686
25383
12896
31435
30598
15341
35979
18673
23063
38031
17502
13120
16029
26580
16418
15181
15505
23230
17899
48784
31451
29806
16981
15646
28824
13187
22209
14454
16895
25301
26278
14301
25467
29065
17251
22033
20843
13007
12602
18114
24605
26868
18557
15255
15820
17609
15087
18582
22001
25040
21373
32112
15485
23198
26096
18111
21183
17380
22378
13906
27024
15541
14331
14165
20295
14723
16730
16174
24082
14723
16096
17949
12883
21492
28501
24780
16810
15633
24432
15294
15421
14689
14726
29712
16189
20088
17064
17058
16670
18305
40947
17534
45504
58534
21782
18275
14711
28823
17278
23526
15278
14874
13911
25811
21649
16017
15929
16157
16520
19058
21002
14985
17071
14544
18749
24498
14755
14819
16053
15660
16741
14902
26123
19989
26788
19704
21378
18044
19512
18254
20035
22309
18846
17940
21374
18698
14256
17990
19215
24783
23314
15709
21732
15373
17565
15436
39451
47907
14754
15319
19792
14324
14376
20312
24881
13846
22309
16005
18215
21036
16365
14602
13379
13388
14469
15551
25713
19519
17725
15033
13550
21595
33824
27996
15462
21903
17947
21037
25071
14675
18203
15364
15803
30256
16155
30376
12689
12176
14934
13827
24415
17938
17158
16027
31740
35253
14952
25765
15368
14938
20476
15071
20496
44589
13363
22600
13505
20398
14319
25878
12916
14042
29469
13620
22400
13085
16105
14359
26003
15286
28220
14105
13875
15189
19672
13056
20916
18928
13719
17209
14711
32098
17413
30805
20962
30539
18115
39725
15285
15695
24587
33215
15139
36005
31295
14248
24175
20893
22922
18758
17429
17217
15422
47349
43305
14175
15570
23176
20139
39878
14428
14962
19542
14434
45135
58768
28001
14549
14989
14259
40516
16025
16479
15299
20470
24575
35183
13930
15005
14109
12860
14672
16977
17064
13732
13355
15696
32203
25862
38704
15825
16835
17830
17591
15471
23359
28908
17324
14301
17368
16616
20353
16107
14576
14861
14347
15409
14197
15687
15959
17313
15331
16635
15859
18076
18293
14304
17228
37725
25161
21056
22494
32909
13689
21302
22925
16894
13574
17228
16712
15450
14529
15387
15533
16125
15802
18941
16167
16477
13371
15084
18472
26860
33158
17929
15862
37612
27673
41121
20593
13937
18499
16569
31183
21022
31868
33173
16582
15673
26425
14427
14473
23453
36667
20138
38106
14564
22933
40757
16890
14038
15251
32389
16324
14134
21620
33535
28357
24645
20590
15909
13539
15096
18000
21686
21903
17584
22945
16264
18081
23959
15927
18321
15518
20070
16344
15906
14674
18231
26908
17763
32856
18978
19081
27328
15205
25308
27653
18124
20028
16864
15600
30322
30651
14057
23261
15289
18241
15244
15794
35283
16540
15987
13681
13434
16688
15161
18007
16110
24364
13148
17166
14278
34224
15552
21334
16891
16677
22291
15203
24743
13574
15374
17453
15657
20926
15978
19655
17198
28098
15309
20509
17593
22733
14752
17891
14729
21023
14185
16371
15527
15115
26534
14105
16191
15578
27622
15218
14596
14272
19869
16601
35752
17124
35859
20473
17479
15449
15082
15846
16573
22950
48508
14821
14430
22811
14372
13792
15789
15183
15897
27983
21624
27869
224449
17670
21772
15727
15771
17408
21696
14313
21457
22536
16633
18312
14445
15786
16298
21340
16732
15796
14403
20257
16047
25927
17154
46051
36434
21342
15923
15766
14169
15797
42000
24546
14910
24627
13755
18003
20391
22228
30919
17312
14628
13496
13649
51506
19876
18564
14550
14981
14902
24719
17092
14818
14500
17390
24025
21008
12666
14676
20601
31335
17121
21850
17075
15287
34551
15240
15164
20134
25512
17629
13735
19052
16362
13677
49512
36103
14052
16837
36921
16088
15451
14141
14364
21025
17832
29311
14066
20692
18039
13354
24310
16261
16847
19142
18308
14961
15437
54063
18259
15177
15133
24143
19445
19569
54621
17606
16776
15945
25104
13445
13083
18064
14811
13944
17262
15928
19221
16419
34536
14283
14387
27638
18224
16097
16699
27316
13633
13293
19487
36337
17433
13973
13215
23359
25205
16848
14223
14039
14585
14712
23047
36219
18685
15974
16598
12933
34804
16182
21107
19359
14308
28407
24403
31317
18627
21612
32667
21794
20201
24442
14999
12411
13853
15112
14198
17625
18199
65831
22597
13220
14412
14190
28461
27810
16194
16254
13462
18438
23269
17479
17005
15532
18476
20464
18895
14565
15674
21650
17286
16286
20542
30723
14368
27049
51748
18445
16726
16412
23276
40775
37978
15782
17628
32466
18759
46477
16646
18838
19578
16062
32592
15998
22709
20128
14804
17939
19210
19469
18278
14652
15390
48992
55546
19865
14370
24789
17781
13645
24346
19225
13472
14392
16059
11753
18849
19920
25326
13720
21061
15048
15016
20954
17883
14838
14631
16219
18658
21731
16171
14713
16204
15299
15914
20639
14959
15772
16565
26317
21599
16590
16125
16540
14411
22071
21035
14851
19561
221752
223614
184439
80004
23727
19186
330899
15849
15253
14647
20853
23118
14562
22495
18897
20529
20769
13711
49245
39415
24341
15734
25115
24873
16255
23134
21303
17967
17472
24286
13767
13796
15841
14579
18495
19605
18657
13624
15207
17382
26174
20560
15075
14017
19642
18279
15531
20939
15327
14462
17598
25951
14716
13774
18568
15025
16637
23107
17014
14568
13126
15206
19238
17350
18469
16507
24672
24708
13972
25126
15810
17025
13576
15113
17227
14585
15613
25852
12927
12830
17898
24565
20447
17905
24067
14930
23223
19494
14451
16857
41623
15834
25689
22711
14480
23343
36845
30159
44817
18283
15866
17158
17506
18605
17938
14927
25535
27593
45830
42691
23886
17769
17559
14303
15844
28096
40341
27528
18781
28331
18794
13958
26637
16518
27605
13305
16121
19191
20860
16388
22024
37663
20019
25850
26922
22220
21140
26747
19124
15878
16060
17872
14755
23488
24389
17435
15191
28470
61190
23948
18308
21293
15784
19273
19347
35782
18550
20945
34646
25345
18443
13939
28858
30832
15338
17285
16312
21607
19203
14788
22675
27566
15746
13642
17543
18343
18072
16727
20930
19064
13692
15877
23740
14183
17784
17781
14922
19573
14727
20193
44233
14356
19306
21304
18696
14153
21781
13183
22445
15017
15711
24176
26086
19571
22819
16988
22653
14794
15978
14831
21465
16487
17504
18881
14972
24448
35009
13444
15420
16470
14148
17255
48255
17194
26048
16476
15932
15023
14994
15570
15348
20398
26364
46651
14164
16108
22674
16806
31026
17545
25728
14779
32662
16436
17706
17246
17866
19400
16704
27440
17245
39390
14293
31533
38031
14983
15257
16578
28174
15855
15115
22967
14718
24108
13902
21757
16473
14745
15795
16910
23251
18675
19559
19097
19109
26732
17000
16491
16154
17058
13475
14341
14873
15277
50107
18888
46614
16356
21892
19212
18331
15400
26838
20167
25362
28949
16623
19051
36696
18022
15538
16696
23977
16630
17603
39360
14715
16188
15784
26014
20380
20227
29856
16824
15068
15912
18435
16963
17879
24371
26564
14226
15480
16917
19222
20268
21943
20605
15082
28874
19817
21500
16233
20641
14674
14979
14313
15431
14086
23729
31118
30753
20534
24919
15583
32397
17594
17260
20298
28788
17850
15644
15809
14623
14720
16386
13674
29028
16476
24695
23405
225237
129359
24360
15463
21520
12975
28113
16639
25602
15919
36162
18757
34241
17033
17710
14470
22212
28598
23520
15961
19751
14661
42754
26858
17888
21046
16214
21214
12056
22155
19546
31915
21707
19741
19016
21096
19991
12911
20887
19214
13657
14438
24632
17816
20147
21087
24480
12937
28848
13869
22214
19084
19264
26682
14642
51665
19738
14006
30418
19543
14176
14785
28941
20200
14744
18593
28516
19619
21638
19952
22321
32979
29196
17843
25135
46975
19189
16169
17226
25952
15817
14122
17217
17742
25457
14220
14359
17208
15954
14539
13994
22255
14384
17189
17300
24060
13951
16485
13170
19546
16551
16710
16646
13487
15959
17858
16147
17368
32894
15722
18141
18504
29510
18971
21903
28609
19510
20226
15449
16463
15270
14400
16860
20386
15106
20285
23416
17246
33424
18209
23469
17796
17337
22602
64419
27840
17529
14456
14714
33246
14977
14436
16120
14804
16056
15884
19816
18582
17798
23026
14518
14561
21575
14320
37115
13699
24661
25149
29882
14598
17749
21866
21517
33650
13966
22633
15274
20253
15192
14990
22923
28703
18023
14803
17956
16522
22626
18677
14020
13015
16973
27691
22434
16650
52670
24701
17755
19804
28044
15434
17195
13722
15876
15876
16819
15426
22778
38080
50185
15794
15765
16157
17611
13416
20475
30337
32520
16924
16855
17333
17978
16499
25712
21011
15930
14478
16373
17210
13545
15332
16011
18862
14203
26024
14371
14823
15099
17648
17016
16963
17988
30809
17959
15949
20634
15302
14288
20311
22702
29170
13622
20194
15493
23038
36821
15283
21723
19392
28472
22596
31690
27688
19770
22338
36836
22879
15753
14632
22233
22914
17463
18453
13451
22608
18081
17111
14059
16600
28468
13806
27052
17367
14592
17056
15686
26347
18586
14249
18297
20565
16929
18389
17653
15480
47920
32985
23748
17763
20956
21133
23623
15833
15431
14513
17807
18654
22854
14646
15037
25192
19743
16046
26284
16704
14418
22857
17742
45148
16452
19689
17065
14393
18368
25561
35570
17452
13888
14392
13675
29825
15295
17813
13612
16235
26035
21286
24165
18659
16852
15724
21212
13547
17014
19045
19990
19574
25783
14704
16459
23296
20697
21103
33451
17953
15793
17691
23344
11983
15873
19994
16675
12769
26893
19406
18243
13875
20919
16859
16793
17452
19493
15995
15689
19014
17533
15173
32685
15829
16615
15835
16778
20899
14807
25637
14991
19953
15056
30284
19646
34882
22703
15963
15234
23623
16508
13949
18662
16829
32795
13416
19160
34253
13581
21509
13696
14874
21569
19557
16235
17698
15403
16672
30719
14652
31500
17656
13098
14713
29687
18768
13449
14635
24328
22397
13845
29149
15503
18497
18043
17732
15988
25028
14637
21160
28313
13497
18156
19178
13614
23993
20740
15203
20260
16454
13540
14390
16029
39671
16384
21011
13617
13634
31095
15051
24301
25462
15948
17971
19023
20226
17326
16857
19389
13418
17643
16225
14324
24643
17491
21725
23959
15275
21262
22436
29617
35494
33491
18413
18704
15608
14533
16577
14431
22586
17804
14677
15224
17871
20120
13801
19609
38474
14198
15025
31502
13708
13438
16802
19853
18506
18999
16802
15643
22530
28109
20636
31083
37024
16477
17149
16817
21305
16300
16231
17248
14981
17851
15617
17002
19815
15201
15632
28122
22979
17817
22717
18171
24167
18896
22131
17705
15252
20175
18562
19602
31094
28081
27499
14630
20043
18003
16861
14690
19188
17312
21737
21223
22486
27550
19903
16221
17040
15239
36235
16285
16379
31982
15990
21073
21271
18541
16298
15532
30332
16075
16042
15027
14856
18428
15557
18062
19397
16369
18231
40110
13799
23869
29076
18654
22935
16710
22529
18214
17626
37689
14277
32125
16954
25144
37148
16215
15258
18520
20023
15583
14198
19771
14358
15948
14322
21257
17773
21212
15301
16000
31605
14225
19037
16983
24979
16203
23149
20399
16467
32084
25764
17611
23662
16359
21674
13614
22803
14181
14258
20410
14203
14187
17438
15368
21382
15313
18497
15411
15507
15131
14075
24421
15050
16450
20610
13484
13455
18164
14078
19697
21883
50857
16098
36602
17137
28785
29335
16129
13645
16168
14065
23612
15593
18179
18606
19483
15838
17406
17442
28061
14016
29810
22608
19063
19026
22537
16343
18278
14741
18637
16441
17834
20802
15336
24648
15089
17732
19291
20602
15803
14055
14484
18081
17822
52767
15480
27490
25970
16331
14886
25061
17716
23678
15319
36767
14707
15968
14023
28036
24137
22631
15419
23822
20430
14782
15679
20099
33220
14526
16434
14845
20440
24229
17380
15649
26027
25595
36222
14687
22115
15892
14470
16526
13876
25417
17268
31642
18940
19130
14091
19804
13735
22687
15943
26056
18127
15356
26887
32389
59208
19295
44384
33426
17910
37923
28967
15123
18333
20087
31548
21296
20016
43540
35590
33190
18603
16055
17283
29344
17174
16572
16976
31527
15367
24517
15721
23957
25323
17555
14510
28842
18907
31953
16789
38307
25804
30884
20231
23276
16519
16946
16388
16017
215285
85432
13925
38006
15497
71924
19058
20238
18879
14021
18006
18799
14992
24962
14259
22153
16909
24772
14535
16379
13510
14523
15808
14652
20720
18674
30363
20618
14011
20895
19560
15500
20060
25886
25059
18401
53736
13888
27545
20731
15973
16653
23210
14458
17747
14523
15932
15962
23211
17462
24187
14799
20626
14206
35632
29215
34894
24267
39908
13931
13835
15558
21675
48359
14973
13719
14028
14985
28271
16940
14416
24415
14926
14235
15559
12821
18300
14020
15815
16247
20800
23957
21023
22261
16674
15809
13265
25200
13914
12963
15548
12987
23482
28214
18497
26578
19761
14282
19527
32073
23244
17129
19413
40129
18527
17602
15023
23304
25825
24628
15207
26680
13744
28166
13003
31942
13275
16697
31202
15938
14755
13028
21534
19369
18800
19086
18063
25887
18118
19551
36451
13839
13728
26739
14478
14431
15211
17925
18144
23010
28592
15545
14819
20820
16031
23582
27540
14792
15099
21572
27277
15442
17988
30734
22942
24013
13763
13023
15903
14658
17198
25555
17357
16887
19695
17614
12101
14952
18736
13969
13506
26953
19734
15900
15541
16640
18405
16323
15469
22055
13969
20200
20475
14049
14280
17473
31152
27738
18681
28275
13417
18950
12914
25343
31934
34414
19109
22605
46108
20699
16654
28641
16389
19118
28509
15411
21311
16703
14726
15757
13717
13735
32426
16357
17857
15355
16397
16215
18113
17644
21706
14074
24126
13994
13281
26910
31525
18231
19141
13761
15011
15924
15745
16036
18534
27509
17381
17159
22976
16033
21078
14338
18405
26357
20122
18377
15267
16403
15969
14570
18873
23218
26708
15998
28640
22705
17994
35980
18281
20955
18455
19950
17402
15175
29630
35875
17860
16886
25493
19022
53175
47926
19476
16507
14895
24165
15715
14883
15292
16251
15273
16026
46113
17700
18340
14297
21242
64164
36534
18531
18384
23881
19202
17329
20837
16134
15585
33175
17013
22222
17557
15787
29410
16071
35022
39948
57914
73017
29070
21655
27553
28342
14725
40204
21696
22214
19346
15295
13492
20438
17087
15416
33841
18530
28518
13791
14426
15208
17133
13441
14276
13321
27885
16208
21511
22130
13900
15088
14687
23611
34476
24073
16719
14778
27532
13614
19908
17292
18399
15678
19020
14796
24489
15139
15620
40796
18798
16779
23044
15279
18434
18384
24367
16123
30035
33140
35064
14507
17914
16610
18063
19037
16198
17076
20575
14446
16202
22606
17682
17817
24498
15624
15993
18002
22757
12986
13662
16112
19532
15349
18958
14554
13921
17985
37384
19893
30623
17502
20468
22510
13814
18739
21420
25960
18935
15341
25095
21925
18947
22112
15439
20637
15628
26489
30783
16668
16702
15103
16275
14330
20378
35160
20251
14289
13757
16842
18511
14967
18813
17211
26333
26712
15057
14439
17090
19351
17467
25088
15241
31813
16375
20659
15239
13544
19188
15353
21763
63936
15707
26901
17308
16709
15137
12417
21760
19091
13553
17499
24384
26567
14977
15547
14955
15770
14441
17957
14215
11905
15598
18434
14655
17947
30267
15017
28558
20182
15840
16742
18233
15979
25815
20157
18193
14490
26066
16320
14227
19623
20227
27459
18983
15209
16621
21424
16248
32774
16932
14227
14673
20577
16327
25534
26154
17339
17180
16593
22723
20228
21923
15909
18825
16586
19491
15456
25210
13872
26615
18868
15038
15504
16075
24406
31502
27426
34139
17500
18715
13809
15383
18746
20598
16581
16382
14347
15745
16487
28449
18811
17471
16490
14434
23049
21451
26547
21480
15261
18556
14699
14789
17792
15177
16122
15781
15570
17109
19403
22232
20075
14310
15761
21713
15586
16173
15973
39076
16419
35191
28718
15507
16728
19538
13492
25661
18670
18128
15882
13316
19531
28144
15932
14167
27500
30193
20908
15188
15818
25985
18398
15977
16216
25956
18455
14751
14704
14926
14276
18472
20239
19157
13527
18490
17833
23621
13175
29400
16441
14127
16160
40246
16249
18684
35786
24790
14403
14692
16359
16339
17722
17421
26362
19758
22159
15608
24123
14890
15168
24150
23710
20181
15915
14575
20472
16583
23023
29765
17604
14546
18217
14788
13748
17542
18455
15045
17668
15800
18114
16689
15243
17947
18865
20640
24222
16575
18033
17338
19901
25761
17403
15903
28195
14618
16729
15166
17689
26636
23082
16760
17879
18156
17311
18574
24756
15732
16754
18606
21084
26504
25444
18736
25782
14987
22103
21323
19404
17322
17057
33826
18630
27289
18577
18993
16298
15897
26124
14245
14557
17230
15982
17462
20670
16033
27906
20538
17631
15567
23821
22271
15286
13928
16265
16480
19234
15431
21488
23316
19682
29980
14712
19497
21924
15693
13539
15397
18468
16529
15563
17354
16787
19387
23356
17744
14564
12881
14209
15217
14760
15980
14678
13891
14828
18545
21315
12740
14565
17041
20393
18529
14036
14983
23881
14368
15318
13938
13655
15341
20210
16920
16659
15909
23319
16210
19679
21474
15696
15831
18970
19186
16512
18403
29133
21472
14999
14156
38482
17532
17738
20973
40962
15049
26911
27805
33823
31500
18401
16276
19244
18541
26558
14315
16434
29969
35107
21212
13985
33948
14907
17160
17077
16243
20085
14555
15805
20977
15431
27367
16137
14919
29903
22055
14949
14131
22408
34304
25852
38921
21202
29558
14687
15985
45127
17463
17947
17029
23488
19188
28699
35054
14557
19593
23541
16344
15132
16544
23355
14617
27033
31772
13097
19815
16793
19659
16551
16604
22467
24232
14732
33386
18292
22266
20512
15805
15087
39193
14345
17714
14121
14954
13419
13876
19421
16556
23730
15057
17571
18286
16285
17059
14499
20624
15860
17649
18023
15037
18898
25479
14447
14049
53866
37525
15519
14958
14277
14268
29084
17015
19171
20544
13108
15586
16166
15920
18834
32529
31034
14444
19854
15984
18802
19969
16411
17137
22455
19120
22596
17521
15407
13952
14907
17602
24864
30501
15270
52207
21634
25517
72055
22400
21831
18289
17918
19360
19490
21465
20308
37227
13833
19107
18971
35151
15229
15411
19262
15684
25189
16727
13591
24682
16270
25174
23175
26456
28652
18406
29812
16380
44683
18574
56091
21515
28771
15426
30327
15713
20754
24294
20738
14332
30063
33768
15753
19099
23591
15959
37834
15700
15316
16808
17991
13366
20649
21420
33457
20233
17529
52059
17950
14165
21243
20840
14830
18852
28250
18005
15470
36489
14047
16783
21092
24522
31063
26814
13698
27013
25146
40484
36505
14091
15362
38814
15811
19982
14697
30790
19235
14598
14476
47866
18836
29025
13865
15432
15259
27088
15537
16387
21073
15541
14506
14724
14210
29998
14326
14712
16156
21099
21288
17067
15196
37497
18857
18422
19365
15269
17820
17295
23675
30529
21418
45440
17585
20263
14967
28650
16229
14862
14637
13546
17522
18119
14016
17387
15537
26369
16784
20554
19511
27333
15300
19425
18917
15085
15357
20133
14485
15633
15166
18781
14299
15753
23427
14468
14861
22963
14108
18673
18586
16877
15775
15702
16853
34651
25834
15561
21145
15516
15675
16928
15892
17393
19520
45924
22435
20169
14029
18385
23114
28571
17079
17768
16598
14963
24931
16435
18515
29450
20787
28705
18328
15497
13992
16213
26258
32780
16394
22755
16712
27498
224267
23136
14081
21373
20545
20758
24261
14132
15814
13050
16215
15426
13389
16655
15999
16536
14458
14930
17799
13380
19655
16732
17554
16212
16598
14664
17623
24708
13719
14513
27839
14980
14102
23251
39638
15322
41606
18084
19085
15259
17524
23345
24890
17088
19449
20401
16732
14208
18591
13833
24825
17239
17864
22215
15180
14293
13464
21871
21014
15164
14087
15830
28836
23813
17173
40688
23138
13885
14063
39551
18513
13764
15207
26284
17194
22514
15141
16114
18706
30480
22966
21536
13622
16289
17046
61640
20859
17961
16025
18137
19102
35145
16905
22416
22958
18981
18896
30268
26538
29522
12698
13695
17080
14790
21784
13886
28340
18872
13768
18100
28712
15007
13348
28959
18512
15607
25721
26171
23111
16167
31903
33228
14133
21574
28457
25724
17442
13883
19228
14556
24379
14391
22179
13009
21545
18437
22454
16299
14985
19986
37639
15334
25824
50511
15827
16626
28114
15405
23109
18718
18827
19576
15843
14065
21165
16299
18016
65056
22368
15666
15855
19539
22633
14851
19724
16952
42622
32454
17515
16924
25051
15142
20262
25876
14762
16561
22600
15978
13726
23140
20326
20655
16096
14748
19098
12508
13961
17608
23647
14891
17560
16345
26861
19109
36891
17200
27599
16894
16839
13921
25464
16301
14105
17641
18209
18020
15389
18919
17908
14392
23258
49601
14565
18005
16750
17831
15643
16798
20625
26223
35621
15441
15985
20236
14646
20456
15172
18606
24098
17203
15937
14522
15814
19839
15147
14872
19961
15087
16287
29209
14173
18216
14017
19704
26214
14801
17137
18437
17729
18020
17045
13915
15096
15389
33904
20183
19053
35311
22045
16835
24021
15961
18158
15359
15466
16037
16872
16805
14651
15873
16175
17455
26691
15569
17274
13905
19604
25147
44955
13165
31790
13724
15215
22589
13616
16171
32423
32440
14442
14943
29966
21939
19645
35599
17490
15294
23670
15682
17013
23501
16114
14939
21830
22630
38049
18532
33305
17193
18803
14560
16545
15830
18806
15873
17666
15909
14928
19189
18731
28336
23099
22975
23878
14068
15332
13456
32215
20960
14606
18793
17310
18135
18381
17099
23846
20774
33629
24384
16883
13362
16648
15160
17095
19842
15661
15301
22332
24168
18801
19479
18028
19903
13894
24520
14331
14604
14969
19102
15237
26046
14767
13796
14604
16175
17029
17283
34255
25827
27203
32551
13227
27107
16176
21262
15623
48987
20840
18422
28855
17236
36081
21749
27767
30438
16353
17919
17197
17723
29885
21308
17216
21592
16815
17833
16621
16411
21206
20100
17471
15884
18046
24087
18228
18774
15975
18090
18511
14543
30522
29058
15368
31285
15617
29009
41857
18802
27323
23433
17561
14747
22255
16906
34274
37110
15787
18146
20859
16265
17629
20121
21726
19765
15332
14130
15075
18780
18028
17371
16996
18078
26092
14592
25216
16390
16188
17667
13834
14974
28648
20460
15838
18280
20687
21062
14433
17497
19595
19230
14778
20316
18360
24684
32879
22549
22802
15290
14665
23754
16304
25639
20689
15097
38761
15072
17330
18633
17871
39814
28046
31892
14767
19752
14756
21068
14954
17113
17480
25561
15148
27906
18378
16177
13400
14501
22830
14377
26971
28252
14812
14155
23882
19905
18651
23995
19407
19449
47465
15317
22932
13957
23342
14967
16019
21745
23308
24049
14738
23663
16990
19016
14903
24679
16046
17415
31930
23382
17561
33237
16079
15574
17433
32035
39923
20011
17569
29033
15121
18188
21382
18553
19169
17004
36147
13281
15363
44105
17697
15308
21117
18591
23208
14365
17594
21152
21459
32590
18285
19457
17594
23678
17728
19488
18585
16477
26188
22448
29580
20634
47176
16154
14261
18058
35759
16360
17928
29650
23461
42777
15360
17380
17756
25164
22605
35916
14961
17647
15593
14799
22438
16488
21232
15172
21307
13726
34247
19521
16184
29021
19493
16288
19237
19298
14134
15475
18161
28256
20577
17544
16399
51225
21285
17012
20291
17132
16340
15123
20410
17322
24898
16553
17940
13995
13538
14292
14921
15488
20160
26743
14911
14642
36961
17292
16959
15779
17630
16845
19304
12921
14645
25100
17958
18808
18602
20607
25050
19556
16265
26901
28143
23743
16022
14214
16121
24167
42260
37025
21736
53582
15997
16529
17092
16544
16358
16049
21273
15452
14163
22799
20104
18906
17741
15119
15909
18451
23062
17002
18582
19138
15005
17220
16696
22426
25156
14947
16388
16412
25647
28882
14620
20772
17450
25604
15716
15102
18624
14828
22756
20885
13951
21713
19590
20719
22515
17439
18182
17189
16554
16009
22860
14655
19354
18648
19404
13664
14952
23569
14848
18274
23448
17714
15463
13754
18064
15014
18436
18105
19254
25281
24667
13445
13500
14509
18999
21579
17928
14103
15589
15474
23711
15789
28683
25867
15097
27098
34140
15814
15453
15454
15104
18192
26338
20924
17666
18145
17733
15928
15887
38132
15197
16652
16694
15939
18906
31812
17054
24864
14792
28923
30184
13831
16994
14040
45326
17610
18782
17781
22166
28955
14772
15479
23593
15706
15665
16996
14873
15522
14909
16751
15212
18753
20108
14646
15975
13994
19053
22538
16600
21443
17634
12745
17874
26390
16427
19491
15566
19497
18270
30061
17894
17942
21015
17109
18695
22591
14248
16478
25560
26365
20092
22698
29166
23001
14684
15295
14143
29834
18585
26132
27518
19282
23231
30971
18126
14210
23497
19040
25066
15591
19296
33835
20655
19635
14733
13284
17252
16025
16314
17180
15846
13446
22774
29530
35540
24287
17471
28473
25416
19315
15077
14662
28528
16689
12823
20128
13446
13824
13148
14039
16903
14673
22026
15618
14170
17669
13904
15989
35381
13679
16558
12985
18558
22864
19640
15115
16852
16975
16036
17740
13835
15006
22205
24188
19271
31633
24131
20787
13304
15868
13981
16679
14558
15182
16142
15847
15313
19743
29053
20399
14411
14135
22631
15659
18898
14859
24761
15872
19500
28926
17916
18079
15004
18864
17217
16336
14566
15862
28373
15734
37549
18505
23980
16632
13901
23559
22123
20898
19735
20984
14858
20628
14802
24287
15239
19180
21078
18463
40259
33344
15226
14366
23815
13637
34435
36945
18743
16493
18207
18785
15495
22143
22582
13409
14706
18584
14083
18250
14468
15538
13921
38724
39895
19294
16397
16167
20851
16065
27973
14376
15044
19740
15820
14601
17936
13784
17033
19363
19495
14303
13614
18309
13695
36025
19776
31321
20024
21635
21617
23690
21610
25054
15868
16753
14053
37107
21484
28993
59459
17757
22658
21582
15938
15124
16869
19060
18669
18476
18077
58066
21066
16347
18881
21125
30930
16786
19450
23010
15223
21624
17149
25457
22111
16773
16512
20461
13413
17019
20513
19458
24630
17070
45616
15432
21938
29685
27840
22351
14560
20582
29874
18874
16376
36698
26085
18746
18940
21901
21661
26692
18669
15006
14627
17654
33725
14991
17376
21307
29258
18524
16185
17867
19607
29186
19939
22040
14942
17694
18571
22757
13645
20666
23596
16771
37882
17138
15410
16178
18351
16443
16266
34948
31456
15198
27647
18008
15422
16533
15299
21727
18396
19732
28666
33044
18522
14691
14717
15836
20648
16892
19780
21857
17950
14234
24544
16781
15405
17206
17734
37528
18860
17193
24640
18765
13226
14629
14381
13618
25400
24315
16104
16843
15877
14219
13662
16111
16533
17708
28393
14621
23513
27205
23535
15681
19485
16210
13944
17818
15710
17280
29001
16408
17332
16641
14138
20803
18708
22470
21153
15736
17745
18531
47822
20223
12339
16456
22758
15376
15070
18805
17392
31063
23211
14335
16953
30797
13783
18512
14034
17079
13547
17413
22451
21927
20914
19532
26196
89377
14207
19866
27059
14200
19285
19783
24847
21752
25159
15494
19937
21322
18214
13872
17230
14904
18163
21229
19819
40573
23081
31144
20807
16732
19959
27014
26009
24222
18096
32428
34124
16974
19288
23865
17997
28837
22325
29944
18528
17528
15332
18959
14017
16262
18970
18769
35305
15997
15738
13353
14623
20042
32767
22917
19175
15703
21573
15770
18724
17432
12890
43097
14063
17549
16727
15199
17370
17470
13605
14172
17121
25407
20338
21463
17612
14151
15165
18974
15072
15818
19318
16974
16332
17213
16543
20185
16077
35012
16776
22015
18152
25476
15736
24990
13599
14350
20909
22103
32370
13649
16550
17585
15873
19260
20862
20915
14654
19054
20564
24560
19828
14210
26397
15052
19137
18658
25416
17505
16682
21902
28668
18570
24528
15800
39934
30849
22475
14689
31048
29182
40119
18349
24670
16319
14601
28935
14571
46131
59041
17202
17764
16329
20826
26407
15496
24937
18854
20161
35244
54360
20475
26501
15983
15227
24332
15076
15523
18346
18668
33448
15258
15274
17433
25083
19023
22035
16350
19292
16625
13664
19742
20328
26661
18514
40909
35396
23490
19660
27385
37865
15177
20494
21225
14960
23349
23300
32791
29155
22141
17279
14868
17045
15059
23840
18895
17806
23158
17329
15585
30197
16893
16206
20789
30325
17014
19536
16266
16323
25077
17030
22864
16136
24097
38941
18742
19561
24880
19215
14813
14940
18118
18848
28896
28464
14832
43988
18103
16852
20101
15286
36035
16270
15034
15913
17049
12119
13630
18816
21809
27587
18929
30511
23352
19134
24922
24375
14734
17291
16238
14917
22731
16408
15486
30143
19718
14631
17982
21494
18676
28616
18034
24348
12593
15905
16062
14093
21270
20888
27351
20156
24943
21040
24317
20398
17740
21955
21986
17447
16861
20713
18880
16801
14382
13997
16734
19289
19968
18066
14372
15531
21490
18940
17308
15962
16628
17189
16031
19257
33393
14868
15343
15515
15704
17154
14333
13976
16466
23407
32702
17664
14281
13874
20692
14362
26593
35267
20863
40450
13870
14932
16296
13915
39885
22920
16627
20587
18860
15219
20928
20321
13655
26194
19277
16629
72926
15622
16137
29473
13746
30290
19070
16595
24872
17971
14733
18457
23083
16736
15294
16333
14161
14897
13168
23548
16994
15944
17429
20995
29156
25387
22269
15312
18825
22440
23316
14790
19340
20055
13968
20726
25580
14974
35797
24817
21865
17568
22608
20811
18626
27022
21201
15489
15766
14353
15336
13691
15727
15056
26811
24098
13628
26467
16141
18192
16463
22042
30275
22096
15761
26020
16112
15556
18588
15189
24787
15707
17645
15532
28887
17643
16324
14645
19669
16036
21671
19854
14144
23892
15857
19957
14705
14597
19798
13071
15145
19231
19803
15002
14286
15888
13962
18462
24922
22727
14714
17310
17632
17020
26013
18461
16134
14712
31912
18810
14552
16928
66914
66467
15819
24845
24443
18910
14710
19726
19231
25714
21989
14123
17283
35305
16888
19783
16155
36878
34420
16323
19422
22327
25640
15199
18738
15939
14297
26875
15733
14238
13541
30779
34464
16576
28591
16009
17627
15957
15942
14290
19956
13048
20082
14965
15298
16118
32507
23540
14865
17791
19481
18736
22466
23287
38138
20823
14407
16159
21291
19204
23288
17869
16051
29727
21025
15150
14954
13490
25898
20064
33218
19610
35100
56321
17247
20909
23358
18626
13512
27418
22395
15026
16148
17510
19874
15103
14843
15376
18066
18780
25238
19980
15522
14374
29245
15215
22484
16728
22305
15338
17602
16473
24822
19126
16576
21939
26369
24165
14513
26327
17956
25059
23645
21800
26750
30544
22031
22042
15728
20034
13678
16353
41609
33016
13282
34934
17542
27097
22745
17917
19096
14563
30836
13544
20042
16145
14256
21749
14214
15989
23521
24266
16026
17008
24443
30890
15263
20832
32951
22216
16667
14360
32039
13646
17058
34297
18274
15264
15542
15207
16177
15989
15946
15949
16010
25589
16760
25468
37211
16683
14091
13436
18436
25242
23232
22249
15938
13918
32068
17732
21782
21728
12583
20546
19852
46452
27137
51231
64146
26324
22208
19599
18781
14076
37192
20208
25341
14291
18510
14592
15914
26872
35256
20613
16339
31185
19642
17481
21122
15223
26618
18448
30759
17938
17730
15858
22960
18864
16166
24163
15518
17234
17946
22424
33567
20712
21377
14965
16633
13524
13342
15620
22556
19740
17419
19077
17410
53433
86184
18630
21976
35388
24825
18344
16769
34342
17951
17456
16994
18326
16545
24557
13794
15248
14717
17895
15304
16684
19188
14170
25729
25140
15847
17962
20088
16745
22035
18091
14607
17859
14473
16307
14938
16216
16494
15519
21083
22153
20077
29852
46347
16818
15905
16567
17513
18613
53304
14239
15821
15644
15697
21067
17509
16489
17895
26643
22226
21327
19500
16280
21771
28716
13818
13230
14882
34802
21492
25893
34874
14449
19955
14308
22054
33276
55946
78815
28680
16967
42117
14390
15313
23604
17490
25514
18931
17330
15394
18916
15279
17596
25161
18602
16211
15301
17256
16780
18178
14497
14044
17379
15150
239551
18763
17919
14645
16585
14602
17352
16808
22924
21634
13764
23829
22342
30799
25195
14211
43367
16699
27838
25314
24467
17983
21398
23340
16244
15333
20278
31379
16578
12707
27332
20329
