21336
15996
13524
14028
20852
13985
16608
14983
15462
17025
18671
22700
18897
12661
14425
15589
14580
25022
24847
34970
14537
21871
15235
20683
26818
13555
18526
25575
16817
14717
19915
16699
18109
15732
19191
17953
14034
17039
49272
13838
14244
23020
28454
15090
17802
25061
22372
16223
15632
20240
24485
16319
23877
17807
32413
14548
18822
14510
23106
20241
28796
19054
14989
20546
19112
15862
19539
15941
18072
19648
16119
14019
23755
13746
16901
17295
15964
17490
17575
16389
19069
15891
20690
15167
17573
14242
19765
18131
20835
16171
15959
14176
18901
19578
18472
21633
20012
14744
18365
26645
20342
29967
14495
13844
21549
22230
13845
18202
20323
14385
25213
14950
15308
13899
13049
16300
15654
20680
14368
16153
21867
24638
24719
18649
18601
14197
21462
14833
14395
19838
14977
22139
15038
14123
19034
13406
14724
17786
21073
16249
15900
15286
14018
16362
15597
28908
16256
16032
13503
13714
14917
14586
15324
14232
14625
15856
15286
23294
14519
16423
23122
13261
16432
14450
24332
15588
15965
21031
19833
19245
17325
16661
15699
15918
24301
15143
14654
23580
15780
15857
18269
16610
15123
15991
14928
16160
28284
23492
16020
18892
18961
13913
18928
15228
17134
24965
15631
21078
19522
15143
17733
23060
15204
14854
20891
15036
15443
17849
16282
21139
18776
15939
14598
16525
21118
22070
27681
16245
18749
15606
18472
15643
33019
18885
15907
23513
13599
18294
22863
14478
14686
19632
14801
15160
20546
19039
15864
14239
13687
13907
19646
15337
32497
12944
14642
16218
13801
13702
14333
13567
14748
28598
14557
15446
13720
24539
14220
15018
30879
15267
14291
18934
30677
15892
13209
14128
19017
19066
16899
16968
16332
15877
14944
25858
16764
18087
21477
29838
19159
16098
16032
13616
13576
17395
15889
15081
17651
20203
19005
19112
14109
20031
13506
16544
17338
16139
13210
21230
19003
13472
19714
20147
19715
15173
16452
18353
17710
24816
18602
32316
19377
15018
14409
13752
27964
16160
54035
13098
19323
30678
19590
14607
15639
13704
21301
14737
19482
15158
14297
14078
15347
17854
17142
14247
15098
24442
17580
15115
14395
39651
18105
19718
14451
18728
14855
17764
14987
14468
19116
13339
16908
15717
14338
14275
15177
13664
15445
13346
16997
14893
27010
19799
17373
16140
14237
47857
24523
16961
15973
16307
18467
14652
18285
20676
16053
19384
19904
16886
28218
19220
16394
15096
16565
13440
14697
14902
14815
18125
14574
24703
14509
28712
17695
18508
28692
16117
14723
21926
17962
15062
15829
15867
20941
39580
35580
13644
18540
15469
12670
14222
20799
15779
14923
25798
21772
15414
20734
16236
15993
16839
19236
17179
16085
14319
15796
46518
15560
15631
16010
15344
13995
14733
15241
16384
20350
36473
15119
19821
15511
18263
18680
16062
13783
13495
20415
15826
14979
16353
34918
15835
26345
17770
17120
23544
21603
13548
19563
12933
14831
16013
16413
15557
24031
15611
20140
19410
14388
15075
16493
13435
15258
19418
26614
17800
22027
20281
15895
15732
18740
14734
16189
19456
15748
15488
20170
21166
23793
14836
17194
14253
19101
16904
20812
17499
20215
13894
15408
14101
13916
23288
16271
15667
16086
17906
15770
15799
15252
16456
16827
17926
15780
18183
16096
18431
14877
14625
26032
17893
13267
12909
17800
15710
16441
24018
14640
14373
18716
15664
15670
16471
15869
14665
18978
28455
15931
17239
19974
18037
23412
28804
16377
15016
14116
24476
26869
23321
13322
14363
13855
15332
24071
16212
15277
31277
29495
15621
18269
15008
23094
36910
30683
22764
19250
15825
16152
17335
23254
18548
17954
14623
22714
18406
14166
17005
17261
23992
17188
24288
17389
15899
13982
18496
16540
24271
19090
15320
17912
17164
16443
13429
16635
23073
24632
20312
16380
16773
19074
14738
15243
16688
15443
29429
15752
16688
19527
25889
16650
25557
21226
14325
17631
15881
17177
20135
15845
18645
16931
15634
20177
14656
16433
19120
13227
14023
19445
15000
14470
18722
21794
14784
20431
15757
34905
18257
19049
17650
17509
19838
15962
20075
16909
19903
25317
15263
15719
17134
17562
21635
17935
15332
17352
16055
16308
15815
15606
18217
29579
15222
16020
18307
14864
14587
14156
19918
19971
14696
17442
16336
16092
15183
26697
16056
14879
14945
15320
21950
27349
48633
65151
14468
13884
14438
15208
19766
14873
14548
19906
15384
17324
20256
18062
32886
23714
16180
14976
15813
31550
16855
15954
14706
17242
14635
17765
14185
18002
16129
15988
18538
23347
17303
26886
26444
17208
14023
14408
17223
14695
24662
17692
26246
14042
14876
14125
25315
13899
20588
13884
14578
22086
15573
17223
16808
14289
15810
15236
15887
18113
19799
13012
22556
15842
14464
15342
19706
13672
14268
17825
17945
15596
15416
15106
14587
24635
22384
15265
13864
21077
16135
14438
44162
15408
14370
14704
19789
17501
17588
16421
26555
14549
14306
14229
17140
16555
27456
16406
19847
20285
16823
17649
14580
16234
16050
14884
17825
19066
15043
15003
18498
25611
18603
13154
21418
18103
14415
14477
18226
15610
14106
15609
18606
14214
14697
21310
22046
14259
32707
19964
15087
20483
17339
14173
14609
14807
18200
15062
22393
14954
15672
17637
15135
14659
18925
15722
23042
14610
19232
27425
35935
31929
20814
18936
19189
14523
21937
15626
13857
15496
18278
15858
15122
13274
16522
48057
15886
18807
27285
24551
19151
33152
16311
14325
17024
17151
17411
20737
20216
17182
15115
19116
33655
21907
28818
18561
15427
18082
14786
14787
15958
15767
15679
16174
13750
16597
19199
14634
14631
15045
16853
13229
20616
13100
13491
17937
13617
14627
18045
19068
16507
14542
17138
15865
20828
15416
17538
18815
20994
16431
15233
16825
16427
15505
21789
15913
15657
26664
22469
18434
16513
18819
17696
16095
15052
29604
20977
21355
13368
14693
13852
15580
14390
16173
19592
18256
14607
18755
14577
20245
19868
15308
15779
20102
19817
13986
14774
17043
17888
22896
15030
14801
13971
14224
15312
22852
14365
16372
17787
15102
16443
14865
19638
21325
13534
12512
15045
17562
24647
18883
13715
15614
15986
23297
14517
14936
14825
16216
13896
12985
14392
16711
22118
15383
15643
15248
15036
23029
15711
14102
15176
15337
19363
17241
21192
18198
16907
19663
26338
14871
19434
14517
15551
16984
18976
19163
40392
22566
14822
15290
17303
16473
15039
27427
19179
14798
15725
14839
13837
29008
24423
26766
14723
15482
19339
43349
15904
15453
15805
18243
15584
15953
39947
16640
16357
17103
15533
15205
28272
16437
25495
29203
19066
20297
17449
15999
15921
14828
21117
18290
17582
18804
17282
17418
23496
21519
24342
15285
14909
16099
16235
15471
14106
13941
16300
16578
14445
20726
18060
14780
18106
15142
18765
16687
18775
17159
16133
17548
21466
19209
31858
16207
20095
31764
15373
24529
16996
16347
16382
19208
16393
17911
17002
14602
17999
16476
33712
16891
14630
19626
14173
25380
17522
15483
15086
17422
20520
14363
15481
15225
24191
18298
20839
16840
16101
16285
16890
17336
14878
15534
13928
22077
14747
13579
16683
16097
14777
20968
20549
15627
24296
16645
16172
21748
14306
16792
15344
14373
21176
15782
19209
15702
14043
17285
15927
13649
18941
18663
13835
15932
17159
15233
17795
15377
23875
18136
18560
30757
15616
15352
17340
19150
26280
17902
15647
15942
16401
16120
16573
14659
14842
15484
17763
15720
16340
16500
15019
22886
19364
46689
58552
16810
14824
17082
34004
23020
13834
24299
17289
18583
13302
16575
27507
17463
23674
17175
13607
14910
20339
15836
15065
14425
15396
19799
16027
14919
15278
13620
15352
15524
20757
14800
15085
21819
16420
15585
15719
14857
15139
18352
19730
15112
15490
14900
16598
20934
14605
18399
15453
18633
15285
20467
21344
22514
15850
15799
15836
13591
23877
24356
15405
15253
25149
18687
14389
24842
18830
14610
18200
19352
16696
19733
18055
16738
17590
17237
19924
17756
17433
18494
14907
16598
22247
14059
13873
22793
20787
18838
16278
24910
16051
14139
15941
31395
19953
15736
18539
16054
15543
23493
14725
16668
16851
15350
13496
13998
14647
15111
19635
16703
14289
15854
15248
41607
23114
25416
14597
15706
16663
22069
14741
17862
20198
14972
14401
16430
25874
16286
13704
16635
16411
14997
22939
19262
28633
16163
19562
26067
29164
17648
15878
15701
17185
17860
15243
22604
13747
14905
21202
15457
15579
16483
20143
19807
28339
17434
19779
18877
14343
21691
19181
29324
17062
15419
17570
14751
30878
15553
14536
29087
23530
14856
16647
16379
17540
20065
17029
14347
17658
25554
20602
19337
15195
15627
15470
15666
19957
17076
17984
15692
14683
13601
22780
15477
14173
16906
21672
15665
25374
19962
16985
16134
18066
17373
14049
41694
14850
21329
14333
15432
21914
14640
22885
36442
19917
16695
17517
21380
32474
30162
16881
18046
20626
19706
13808
12729
15117
26944
19062
13877
17503
17421
17343
18605
15138
33675
15464
14434
18190
17546
18678
16738
16361
17803
21927
17157
15832
18760
18483
15909
14489
22228
18032
19343
40362
15063
16885
18978
18165
14782
20170
18550
20391
17316
14825
28475
14725
20406
15616
14103
19636
30747
16474
15665
23855
15824
20278
13764
14420
14634
15206
17084
16097
14515
27666
23871
23771
15098
17424
15707
15472
15458
16622
20437
14182
20443
18156
14972
16752
35665
18702
14027
15417
14468
20440
16045
16527
13809
16909
16746
15078
15826
20323
42570
14629
17776
16532
14151
14935
27316
20542
15038
16468
18960
14790
14274
15367
29175
32686
16990
19615
18926
15843
17341
17202
21959
16512
16996
22674
17512
17170
33209
15019
19116
14922
13789
18714
16121
26209
14020
27873
14920
17186
14668
20530
18296
15307
17711
22987
14688
16631
21927
14171
25015
19380
11991
37381
18670
21393
15245
14346
17981
14389
16808
16363
29344
16801
20887
25291
19366
20860
16376
15485
14235
18686
14935
15111
17120
14982
15451
15281
17776
17588
17595
30675
17167
17288
19165
17235
15911
15420
34788
15623
16526
13936
17308
17231
24079
14693
20972
19140
14705
28395
15170
15131
14403
13949
17835
17294
15098
15558
14850
15623
15387
21340
16185
16993
16350
14778
15772
16800
15272
14947
18274
15790
13918
19280
19062
16901
25706
19478
17114
14570
21867
14406
14614
16205
17786
19686
25723
24977
26606
18200
15089
17300
14404
14727
16782
18425
12875
30061
27946
15350
18660
16944
16517
17052
27123
19186
21112
16959
19887
28496
16122
16104
19648
18013
16454
14867
14508
14109
14241
17483
15758
24525
16185
15031
24257
15421
14493
16127
21351
18594
16244
14024
15851
24806
16867
15485
14925
37853
17359
31772
22432
14511
15562
19870
18928
18314
21841
24140
25567
15207
35068
15452
16284
17720
33969
15357
14828
24537
18897
15334
31274
15503
23183
14392
36807
15371
15736
19946
14500
23155
18867
23106
21647
18182
32194
43525
14783
15411
23274
15760
15044
21370
21382
20627
23086
18467
13209
14340
15316
16461
16624
19018
22363
16092
18040
18067
20921
15052
17827
21319
37031
14672
16514
13730
17256
22299
35019
14081
17284
18167
15552
15410
16150
18567
16145
17112
16873
20429
16388
25672
16426
15657
18567
20694
16158
25207
16227
15589
15392
29858
15661
17909
14754
17678
15117
17769
14193
15904
23556
14037
18557
14254
17514
15099
16970
24747
16456
16222
15519
14374
24133
17157
15112
13919
17697
25868
14436
17403
16162
18112
18819
14294
20342
26982
24864
22967
21166
26567
16765
14147
23891
15857
13609
18249
16014
22241
20404
14371
20011
17036
16689
13357
19389
12446
14325
17695
18251
17427
15265
13516
16035
13747
13079
14589
19352
16351
25084
16066
14571
14936
14021
16008
15837
17104
19990
18908
16277
23461
24574
16792
24979
15684
15352
43568
15711
15370
14360
16663
14186
16820
16663
22862
14891
14615
14860
15186
15475
20295
17928
16654
24114
14948
22276
15475
16794
15649
15502
20334
18304
18702
14609
16569
15803
23009
14291
18688
16591
21058
14992
18754
21932
18488
18322
19322
23805
24676
16946
13909
19210
23224
17882
25224
13596
14938
17088
21383
31741
27561
26639
16337
20052
19275
19468
17075
16367
19218
14865
14304
18195
24426
14105
13177
13679
19068
28023
24503
19166
13301
23106
13833
15870
15563
13898
20548
15958
26349
27573
17696
22781
18834
15578
29506
25960
14864
13920
24734
15454
23436
16637
14942
25762
44723
16274
14365
17992
17634
16368
17823
16000
43384
19852
13943
19940
17561
21657
14898
13226
18762
17105
17054
22667
46085
24559
22513
13684
23519
14458
16512
26842
22053
30880
16965
15479
21558
17032
18012
14743
17862
13626
18186
23558
14005
14935
13667
22906
24753
16137
15302
15944
16354
22934
16204
18538
16001
14475
15041
34921
16461
14950
14800
20893
18673
16013
13411
22762
16005
20985
17223
18247
31645
21670
16331
27624
15678
19989
18966
13915
33363
17273
19380
15403
14290
42031
51661
18997
18813
19589
20536
14380
26140
15675
15122
16454
14630
19107
20656
23626
14698
14298
16122
15334
15404
17940
14650
14393
27173
23887
15432
13513
12413
16005
12929
13711
17994
19926
19230
17871
14368
75180
18097
14989
34416
17562
17628
17040
15928
25383
14676
15392
15879
17872
26218
20136
20426
14828
18895
15180
16456
22580
13960
13849
14712
15685
17178
12854
24812
21563
15729
33914
15761
18119
16317
15358
41643
22222
15418
32422
25376
14770
16800
14308
13855
17401
16192
15217
21243
22163
16949
17350
16439
14641
27960
28488
13510
29928
16990
17326
21678
13582
18997
15805
15456
14019
17741
21593
15263
17915
19454
14461
15828
27579
17445
15480
17568
29027
16630
42449
22425
24230
18901
14764
16107
43657
14629
24330
24829
15032
18758
14169
15795
17234
22239
21330
17044
14364
16092
15709
13730
14737
15942
19847
21164
33388
19108
13513
18020
13751
19284
14371
19378
17943
15023
15697
17193
13340
30108
20924
18804
16757
17098
25713
14753
18667
20740
13477
16907
14744
15889
14880
25341
15898
15357
18719
16079
22075
19047
14541
15532
16194
14726
15100
20947
14737
15358
23708
13714
15226
21550
21470
15254
16481
15335
21241
15240
19163
16912
31726
17047
15411
17810
15632
23601
19996
15789
14982
17151
20434
15888
14705
16574
17440
15759
16796
15257
14416
17739
17754
17205
22071
16207
23581
19308
16822
19027
15724
14880
28639
15839
15219
14376
29124
13677
15529
20048
15067
15749
13919
14569
25416
25622
16406
18810
15940
17652
14522
18502
16649
13168
24453
15601
15183
18843
15683
16758
15381
15865
17893
22054
13221
22745
24732
16038
15054
15265
17317
16921
18767
15200
17037
13302
14424
19623
15798
17768
17210
19033
16003
14895
17651
17326
28585
17137
22820
15602
28690
22368
38328
22738
14825
16036
16805
14250
23169
15624
29603
20302
24931
17842
18488
17588
16258
16065
15454
21580
17194
20549
16834
14871
41626
16918
30112
17290
19605
24064
14709
15830
19820
20148
13271
15897
20391
14515
18757
19929
14412
18499
13850
17271
13575
22156
20003
14623
16040
17948
14193
14636
19991
14960
13677
22335
17280
26878
24012
15531
17364
15742
14683
23002
15597
19155
15542
21735
18930
20272
29548
12536
14833
18237
15204
14322
18730
13489
19217
14663
16897
14437
17072
17390
13962
16957
15826
13297
13525
14324
20138
14029
18407
21039
14807
14101
16446
20332
15498
15179
23245
16347
17108
18438
17130
22073
16920
15656
14482
20552
16034
16166
23898
17383
15597
40334
15116
14793
14788
13451
14619
17138
20549
15433
17696
18276
27001
14991
18789
19852
16677
19083
25563
42043
15941
19032
34194
43848
14564
19138
13171
23498
16614
26562
17630
14870
20443
22320
16815
22901
13906
22014
14697
19723
15471
17890
14840
16085
14067
16381
25467
26300
26978
20709
15467
16502
13384
13101
20031
14510
19339
12761
14103
33470
15291
24181
12886
21347
20494
14740
13806
15514
16911
19900
18587
21079
13644
41158
17159
17190
18260
18211
14752
18804
15670
13326
18592
17405
27096
16235
16732
18904
14885
13476
17101
16790
14834
24872
17753
16525
26896
17630
16937
26099
13798
29659
16567
22088
15750
23033
14536
16922
14301
15311
20514
17004
14535
21714
15214
24307
16745
12842
24195
17896
15980
24394
19132
18274
38326
18764
16026
27394
14597
14536
17489
17094
14799
14817
17136
24179
23761
13155
25380
27976
14974
14810
42028
13135
19245
14898
15500
14932
19800
15510
17114
21159
14124
16198
15491
30615
20336
26914
16415
13821
19464
22813
16852
17130
16170
16837
19889
15167
15946
17418
22739
15066
15103
21562
26952
17324
22423
23113
15204
15555
16621
12778
13642
15793
29744
13954
15219
22556
22764
16474
16748
16027
14584
21850
21475
20075
15227
18157
20968
20239
31683
16192
23596
17092
14021
17255
15170
22708
18064
30987
16062
20746
16008
14266
15995
14984
16584
17757
14664
13330
15401
16068
14378
15604
21482
22704
16809
13482
17625
17075
26844
22342
24043
22132
14631
18220
20561
14020
13022
14474
18593
22572
35902
15786
28129
13129
15184
14786
14496
13787
14246
15288
29622
16415
14166
14405
17485
19664
17526
16186
25255
20986
18748
14452
15603
15934
15129
22052
14594
23926
20541
15813
18803
28429
16876
15890
18323
21207
16547
17651
15902
16382
29582
14294
16314
18400
20601
28429
15188
14529
18112
20336
22083
28805
17145
21707
23837
17694
16420
25568
15232
27215
17230
15212
18455
17426
17125
15376
18875
19188
16635
18378
15040
15868
16117
15897
15660
15703
14659
19476
19576
22422
14090
14288
22601
15887
16590
13521
20294
24425
18702
34139
17072
14512
19706
14521
14025
14951
16201
14623
15269
15208
23686
16000
18135
15001
17234
14730
19060
17122
13422
14509
16680
14968
17021
19187
12813
20816
23602
21092
14636
15506
15545
16209
15616
19502
13688
15812
15834
17630
14315
15962
16828
15714
14654
15319
17702
23653
14308
14900
21899
18231
12914
15082
19142
15343
20486
19076
17859
14701
14680
14419
17531
19806
15636
20255
14068
23551
14467
14895
24922
19482
17039
16903
22589
19064
17636
20055
14946
17801
15593
22019
15521
17269
16317
17696
22644
16801
14919
14362
15302
17558
18127
28400
20163
24292
16084
16037
21978
16856
18698
14658
13794
18933
15337
27965
68162
16687
16248
14479
18029
17691
16198
16024
25578
16557
14208
15597
20030
32784
14508
13816
15728
21407
21163
14243
18534
23967
17292
16092
16254
15053
14672
21453
13421
22277
17259
16094
15733
15325
16991
20672
15330
16535
17851
14263
16120
41897
23132
25861
15066
16370
16637
19724
26715
17396
17168
16483
14840
16721
27267
19180
14808
23370
19900
14750
15026
17543
17359
14474
15365
23645
18608
15488
15757
19402
17443
16271
21755
17435
17802
21023
19644
17391
16104
20384
14994
18178
16729
14913
15015
15417
17326
16792
16658
27098
20091
17947
18988
18437
17176
16283
23707
15030
15349
41420
16065
22690
19897
20458
14493
15292
27383
21394
14768
15681
21027
16315
20450
14386
15028
21563
17065
21629
20955
15492
17048
15893
21895
16539
14995
18534
16709
14896
28145
14861
15108
17240
15380
15110
19375
17369
17846
26217
21572
15768
16850
17822
14139
13331
18383
18602
18639
14218
14392
16585
20884
15529
14768
18676
21621
14869
21070
20041
15717
15585
15112
18775
22238
17102
16726
28644
16013
14939
14897
30939
14727
23705
15049
14428
17265
21114
17014
15406
16408
17696
23464
19551
17068
16527
18737
16696
43138
23408
16357
15508
24441
14610
14948
13182
24971
15694
28291
16262
23523
20916
25437
16184
16848
22225
22933
14600
18108
16421
16853
17836
16409
20034
16069
15336
47335
39744
17696
24045
14350
14529
14924
15361
33639
17541
14597
14791
15410
15144
13900
20374
20853
20328
16799
16782
15214
17058
14120
17894
20845
15596
16650
16066
22452
19305
28491
23427
15364
17006
16670
18694
15720
19189
19937
17547
16439
19750
20110
15825
18501
15101
15006
29540
19599
17809
14903
17466
16231
22655
18475
13037
15484
16377
14860
15204
25452
16528
13752
17160
17364
15075
17340
14758
26997
19394
20805
20426
15300
18267
16880
15417
27137
18072
12874
16637
15761
14510
16928
14409
15017
14994
25098
28183
16831
29505
15951
17391
15803
15187
15315
22875
15475
15997
21830
23974
13566
16418
14861
18086
17592
15751
22854
29263
15916
13386
14734
17554
17037
16773
30056
19580
14576
14282
19661
15062
16513
18841
17850
16234
21983
14558
13125
14026
14617
18524
22148
14331
15775
15493
18294
17196
14336
18180
15811
16124
26916
17847
19250
13553
17227
18757
14244
16778
19990
20978
25785
14676
14723
25137
15118
15162
13064
24597
14191
21568
13062
22289
16795
16171
15016
16105
15499
15582
17818
25884
13431
15674
14410
21033
26756
18273
26192
16467
14378
23886
20199
15393
15489
15009
20426
17689
15199
15287
15294
21925
18145
15425
20317
15592
15821
17705
14357
16066
18337
33376
13559
14534
15669
20610
16417
27315
15730
17970
15584
17094
14421
27083
13671
15671
16904
13518
18161
14945
14535
20405
13617
14358
19408
17299
14402
18302
15797
14912
17645
14681
16914
21388
18356
14663
16093
16994
15562
13483
18062
12875
18734
18784
16355
13814
16655
24214
36191
19378
17249
27697
41767
18046
14828
18026
18882
34128
14988
17737
24427
15031
20406
16166
19840
22590
21424
15141
15350
15023
16013
15896
14355
16359
18914
14252
18507
15144
15387
18219
23755
15906
15159
18622
22372
15028
16545
17191
35054
17972
21274
16640
18059
16152
21997
15086
14047
17660
14589
15822
19164
19756
15451
27927
15993
24459
16954
15599
20077
21937
14611
16096
16731
21017
16352
19045
17818
16262
17639
17425
15578
18208
15627
15771
16925
21928
15182
18370
16217
23361
22418
14818
21928
14814
19128
60384
18394
22481
15658
19867
15979
21744
17233
15390
33545
15650
16913
18645
16804
23265
27888
16298
14321
17161
15591
15264
15111
28636
14855
13683
14922
17720
21882
18492
18851
13900
18924
17720
18813
16504
14712
20980
13729
16824
16228
14969
15826
19660
20464
14860
14479
15760
17725
15946
16512
16664
14907
14064
15928
18590
15944
18273
14612
19187
16163
21245
14533
14840
15704
17321
18051
18326
21881
29480
19101
29260
28010
14229
15057
15574
13908
17016
27235
15021
14846
14448
14811
14845
17882
17760
15414
15945
45255
17801
25631
28716
21404
13552
15450
15577
17160
21624
24769
14841
17012
34600
13489
19819
18894
21940
19664
27398
17175
16267
16021
23885
16046
15577
14370
17016
14956
16199
14056
24209
15962
18309
20629
16136
14789
14934
15075
15604
23321
18064
14860
18477
16579
25505
15552
17602
13881
21900
16097
13873
31716
15601
27233
15615
15461
15306
17064
15224
13514
20671
37387
14251
15349
16270
17911
17774
16929
14806
15359
16018
19376
14086
21218
15192
17473
16314
26707
18603
14964
15446
14277
13951
15191
15916
13414
14950
17795
17341
21765
20149
20602
22912
14584
16869
21175
14631
16410
15081
37238
15084
14528
16409
21366
15777
14888
16999
16099
18316
17186
16550
14702
15330
13866
14910
24767
14560
16813
16834
17859
28147
31160
19651
17934
15225
20537
28506
22006
16975
16741
13225
19264
18461
18833
15820
15831
14673
16605
19257
16336
14511
33404
37853
18875
17041
13404
22888
17221
28349
15565
14903
16210
24987
16665
17258
31548
16378
20326
20987
15294
25962
24690
17940
17161
19377
12945
18474
18851
20591
14457
19435
29247
21939
17555
14842
14380
18201
21337
25425
18768
15713
19226
18375
14676
14914
17765
14308
18896
18174
15327
15965
27369
13446
16582
24799
17017
15045
20459
16135
15655
12827
18207
16138
23301
29094
27530
14208
15273
13840
16016
16097
24654
22893
17173
14913
14362
15266
28921
19751
30676
13431
20881
24201
16835
19308
15299
16543
16476
19297
24176
17287
15315
15200
13983
17199
15697
20029
18716
14308
17246
16688
18115
19459
15672
14674
18817
25874
14276
16709
36409
18026
30380
17257
30903
16440
26582
13930
15486
22773
14031
16035
14955
15762
26507
14797
17084
17560
22327
15223
30400
28126
24799
14479
16227
35813
21853
17125
15522
14370
16878
21950
13099
20907
14107
13939
17574
15936
16341
15284
20933
15310
17036
14334
12533
20390
20553
22318
30425
15848
14070
15739
15853
15254
21699
14720
15068
26261
14977
15584
14551
23685
15239
30877
16306
20041
14692
26697
31281
16081
28640
16767
22649
17504
19443
17576
14659
17088
13437
17853
20456
17342
25564
21365
17459
22834
14606
15413
16011
19816
22021
17818
15275
20048
15915
14396
13747
24554
20798
24330
16214
13721
15671
15821
14576
15585
37491
17677
16783
15292
14226
16761
20029
18154
26962
19232
22727
16650
27979
26330
18950
17344
14529
19845
19090
19612
25063
17102
14136
17652
15582
16631
22989
19090
13757
18958
14063
21167
17626
15708
18357
13372
17614
18695
14272
14709
14739
23187
16373
19727
17512
33451
31184
21380
19213
17174
14170
16897
23124
18215
14706
14719
19368
24794
15912
18899
16704
13884
18946
15112
14119
13670
24518
21499
16408
19773
15101
23111
18625
19374
16403
16794
16409
14846
16521
14579
17338
15903
13497
19012
15145
16536
20642
16372
18313
18173
21707
17956
15194
22157
14259
13192
21297
15044
19715
15653
28068
16098
20860
16071
28469
14672
16826
23094
16247
20355
16349
17147
30838
17671
14495
14863
16509
17474
17388
20321
13291
17850
14606
20068
22476
19464
17439
16267
16295
15029
21722
17275
15568
17526
14523
19700
24726
15236
14507
15063
15363
19335
34538
13820
15063
17037
15402
16276
22997
13561
14795
18950
15028
22171
14313
13739
16663
21136
16540
14191
15279
16686
18790
17264
18639
17823
15135
18423
19443
15846
18560
31365
15163
16511
13972
15970
15046
15606
23694
13000
14190
19942
15831
25013
16411
15132
15476
19527
17166
16270
27165
16811
21271
14364
15327
17816
15394
19575
20505
13435
18576
15229
17956
15176
16959
20392
14999
16726
15009
18737
14885
17594
29011
20542
16154
14746
16905
14686
14503
16132
15850
15516
33853
16144
12565
16824
16163
12881
15418
19804
14586
13866
26557
16007
20320
17088
16581
16297
29036
28018
15526
16296
25097
18006
18314
23787
19671
18981
15103
24644
17662
18377
19830
19060
15833
33263
17119
15527
16853
13375
24414
19105
40398
20132
16687
24432
14254
19908
22811
13238
15742
13874
15174
18710
14851
16614
15408
15898
16899
13747
15756
14801
24113
24503
18422
23414
16610
20099
19115
16177
18063
20797
15338
15048
19023
17063
21508
25503
17020
28118
15230
17309
13878
15724
15630
17440
18701
19290
18386
17722
15183
24596
16281
18907
42862
15224
23248
17431
15669
22677
16949
16045
19810
16162
21643
23606
13600
15268
17112
18075
14205
17886
15626
14715
15464
17087
13438
19362
16975
16826
15705
18342
17201
16100
17052
20049
15846
29192
15602
18050
32671
23403
15374
20148
14517
16479
17886
16815
14177
15625
14948
18635
14845
18249
14192
17144
20190
14713
16604
16830
16152
14849
15471
39978
19609
21184
14569
15753
14762
18442
17229
30373
15480
15541
16567
16004
16311
14963
15897
26904
15365
17549
17357
22007
19779
15672
15280
20783
19713
14337
14329
15899
19060
34659
15183
15935
15004
18468
16238
15294
15617
15801
24374
22106
35971
28704
15532
13322
21031
20576
15541
15653
16050
16802
18553
16903
15976
18362
17609
14708
15316
14876
19156
16376
20450
40832
16283
14732
18175
17227
22064
16371
22075
28421
15285
16970
15806
18868
18637
15375
17656
16130
32654
17686
18951
17394
22175
16218
21771
17352
16950
14801
25238
23036
15478
17550
15711
16937
14379
17075
16990
16156
15602
20022
16838
17199
15215
20960
16856
15193
20168
15249
17708
16764
15515
16150
17061
20983
30298
16249
16707
16338
17376
15045
28707
15049
20377
20189
15162
13676
18173
25224
15122
14761
15041
26844
13768
16334
19914
22295
14951
19059
18214
14295
26557
16505
30784
16091
17119
13592
14743
13809
19724
18031
16317
17676
17093
17010
26100
18771
33336
14590
14907
16831
19006
32261
15661
18043
16722
15964
16579
16875
19264
14930
16305
15128
19882
24601
14484
21778
15575
14135
14816
16451
18858
20001
16190
17206
20586
14343
24234
14304
16955
15738
22928
15999
15235
15893
20413
22307
23757
17418
14443
21602
16635
19285
16105
16391
19882
30415
19490
14552
19737
16154
36701
14922
14750
24764
20635
15145
16007
24463
15820
15541
15613
14556
13272
17181
20670
15435
16112
19844
19300
16543
16393
13673
20267
14607
15024
20705
13680
16632
16620
16932
22072
28072
15934
16301
14026
19953
21312
16838
18674
15974
16858
23602
17899
16718
15564
16213
17752
15346
15832
26181
16317
27120
15765
15487
28319
16244
15656
15875
20097
16075
15709
15853
14539
14692
17063
23681
14744
15442
13970
19226
21864
41920
45501
16630
21300
15444
13625
15582
14853
15006
14170
14701
26180
17988
39312
18790
17666
15476
20508
17131
14880
15854
14269
15086
14877
13664
24200
16121
21815
16937
23501
25197
16113
20359
14434
16309
16511
17166
19869
13153
17139
17227
19435
16737
16097
14945
16810
26022
15753
18318
15620
17342
15587
16125
14272
14675
15602
14427
18996
14362
12509
12564
14470
18208
14147
13557
17577
21223
19195
20171
15209
15716
17989
29456
14665
18587
14781
17016
14876
19142
18424
18159
16015
15241
19704
18036
14876
16070
15677
14505
18771
15650
28236
19299
20134
20473
22349
14135
16623
14127
17832
28932
14538
26156
24707
14152
17079
25260
20617
22833
21791
21331
19859
26661
20240
15501
15826
16920
18409
19419
15093
18274
17761
17632
15821
17621
22177
22557
36376
15738
15552
24602
18981
15600
32069
15525
15130
25775
25765
16054
20285
27527
42052
22914
16362
25370
24535
15446
15548
14803
17041
13993
18878
14013
15044
17162
15652
20381
16191
18099
15865
25499
15003
14721
14444
15317
20417
14231
14561
14535
16445
20735
28425
19601
22355
15929
15849
15708
20369
17160
15553
14162
29014
22123
16371
15681
18291
15976
17234
17948
28395
14856
14805
27789
32056
14377
19969
12894
16200
14234
19954
21903
16026
19618
