35558
26242
24885
47186
28590
23026
40122
18317
35324
24651
39954
37164
18899
25090
24523
28714
28865
60377
37782
23280
26159
22790
20446
37708
23106
30356
21134
20066
44499
36091
29875
36133
32305
42139
25361
15750
23941
24922
43186
46737
60980
22015
31408
17304
30949
20008
26778
22676
21651
29394
22095
18138
26050
34437
26455
36826
45875
18048
30512
33079
21776
29501
28557
38605
25574
38274
22946
17762
32822
32779
23430
24301
15322
19758
26988
17749
30391
37386
49114
29257
37894
51014
30920
20727
24236
30009
28760
31076
23907
27276
11217
35115
17306
24685
17963
16390
38763
22929
30936
24922
21924
24480
26380
17873
22619
15279
19961
30914
32173
18131
30819
32418
45679
62282
32542
21000
22570
16749
22314
32682
24292
21072
28067
36716
38213
27171
38540
18190
18576
22281
25103
33662
16231
11535
17789
34453
21648
21231
19636
41822
40383
19916
26083
37036
22666
25641
36702
39663
42078
54728
23178
15699
17735
58428
26026
46568
29943
35675
21474
16203
22224
23363
28380
29295
34983
31041
35874
38327
38345
23123
24788
27014
50848
15591
26891
24288
17845
15856
19702
24047
39153
27312
56694
63848
32175
64858
27450
45281
18421
19245
25486
22804
27828
32324
60096
31796
19013
20647
28202
19927
25796
33116
19952
22653
13954
13587
27910
47941
33827
41597
23260
17685
15110
42573
20962
16239
23650
17969
18649
18674
23759
33796
33029
18911
29181
28059
24883
28817
29001
26423
30752
24341
27778
27993
29527
37572
26347
40166
30185
32328
22957
15345
37485
17198
27631
18012
44102
62394
19815
31945
37588
29314
21969
33902
36738
23715
36538
39374
24742
34350
34290
18940
29946
28201
22126
17085
39897
37777
22692
52721
47095
23631
24043
21331
37143
18779
15880
30761
25982
27627
31229
15794
27049
22338
34247
19946
16741
24230
27405
15987
26360
20563
19372
11731
42581
25915
18766
20014
26438
25688
27451
10775
15248
25777
22169
27747
26423
17160
28499
42313
49634
32332
23410
13826
31696
19228
39054
34186
22124
23115
14571
16281
25770
19174
32167
45585
28305
24393
26767
40340
21463
23142
40691
40603
60982
44330
11175
18423
25283
24128
34622
20379
23259
40203
30837
21469
18114
15448
47750
21163
17641
14338
22360
24374
32356
14259
22934
6534
19106
20962
31729
18591
46063
25618
14012
50856
22396
23113
36186
37378
25075
25053
22202
28606
52910
15070
24217
41483
22916
16369
21736
26827
24512
23657
27480
26074
17182
14579
26517
25566
20926
31146
15320
18393
32296
22082
40671
38155
51246
21165
23584
19585
23401
37720
26736
24840
29633
50937
32952
15660
32621
25043
18244
29414
22442
22487
20265
11157
25918
20842
34630
35166
27341
33739
16219
38251
13425
39081
34374
22835
17086
67521
64374
15482
28304
24030
17657
20316
19774
20592
44610
17025
25240
19722
32700
22961
18055
38765
48139
29691
38778
42330
28165
52891
20130
54734
17910
21291
26088
31357
30529
23365
34309
21255
46314
34924
18116
20793
19971
66046
20525
55426
55705
52190
13593
27512
33753
34117
29723
19331
17642
21004
21748
35225
14883
22349
18724
35720
29860
31362
21879
31460
19507
29632
32123
14225
22516
13770
20634
22135
25969
18542
21341
30710
28975
18116
11084
21950
49067
43702
36327
28144
15871
26532
53644
29754
98945
31563
32025
27722
40564
40020
26352
31661
26579
46794
24467
42758
28872
37730
20495
26505
19470
19542
18773
29962
44809
19968
24055
19558
14137
35502
16384
20573
42391
27244
45948
34393
23955
19526
14264
27539
34338
17368
21361
38717
32586
23323
56654
69238
64490
42145
47746
26039
29731
17821
22251
21909
17259
46538
21482
27621
19596
17286
29863
24469
18310
22418
28995
25374
19686
33588
33422
23871
38118
28419
25535
30189
20012
28203
18408
33650
47652
19478
33172
34605
22993
25751
21537
17772
30111
24945
21147
18009
12441
25641
24422
19574
18492
20259
17943
36541
42437
14175
21413
21270
29475
40059
27897
23156
28514
21326
27884
26225
39000
35918
22791
31412
19571
22356
31482
56628
23808
27858
52466
18275
25636
32177
21874
25675
36400
21295
20511
14333
23133
20884
38404
16390
27075
39910
38114
16693
20716
21850
22480
17032
27640
22990
23318
11502
20668
30431
38517
36744
31831
22078
36933
36722
17475
19532
21182
17300
38467
15478
40237
38290
25371
30501
17269
32098
47023
46883
26412
16697
19260
29848
31263
45027
23577
28396
26791
27080
28050
23379
36312
29621
14147
37357
47046
39056
17052
60103
24163
21780
36452
26247
64714
10387
28130
52665
32595
25027
51481
38100
22529
21659
29922
11641
22710
39478
28561
32514
28933
27815
34254
23937
26139
22507
22933
13409
26867
39657
20357
41134
28899
15065
18758
21264
16573
25423
33783
41159
37075
21507
20724
21022
25101
21096
25988
26773
28772
41699
33829
33334
28690
36772
24599
26056
29980
22408
23389
26271
26644
23935
19293
25960
37690
21206
34605
43521
49864
22944
14041
23127
45591
20587
22497
14023
19134
16875
32959
37805
21055
41643
31070
33291
29783
18169
26968
22189
17793
23549
27597
20220
35610
30428
15212
25937
26016
14001
28282
20189
30531
24935
41771
46190
27464
26916
23298
21913
23711
17721
43291
20333
27583
31023
48520
64155
42849
52806
12036
18374
17241
19216
26461
24283
30779
21876
33753
52289
53345
37602
23534
23227
19631
33852
36715
33377
20461
21099
20252
30421
31214
14522
20021
27684
25409
25384
19854
13972
18150
21235
26429
23669
25561
22005
16963
19747
21066
27973
35673
64273
16691
26255
35196
33455
40420
15716
23665
19787
17774
32660
17510
18114
33707
23954
21930
23467
21055
25731
44330
60427
39794
25176
15497
25908
21768
27161
27528
33783
23439
28248
31339
26664
31162
22744
30269
12198
44212
16517
18556
38241
41469
28241
58604
23732
20942
19923
18345
17977
29627
19808
23603
24418
21622
35959
57049
28444
29984
23202
24076
20330
15623
49670
28634
29794
18743
14293
39958
31987
36128
63244
43989
31333
30088
37265
19112
26687
25687
16765
24302
44271
28778
33505
36680
21858
30181
50787
67597
20091
23963
20975
29701
34775
59062
15978
26801
26986
18115
35240
21860
23986
20743
30115
26519
25092
27282
60806
22657
23976
26934
26375
17327
24008
28283
29559
31889
31142
24036
26767
19675
27265
40065
45532
18093
21883
32428
24786
27240
25571
20257
13827
22610
26210
33726
35334
47102
19084
34233
29724
25179
38030
19078
21756
22493
13065
11851
23128
51589
22919
46227
41503
21318
25607
24115
37559
29357
39411
36585
23215
29435
37263
29685
27529
20634
30676
32770
25758
24409
57584
29291
36531
35648
57754
52185
18855
28600
30238
27003
31892
42991
64711
32907
23436
43747
23760
20813
16129
16040
27700
20964
34000
22702
13745
19075
53821
19718
43295
23285
22868
18939
21323
18079
28588
37348
29980
23735
25606
25301
27955
31524
32657
22863
23161
18525
26394
24804
17730
30456
16765
40503
21333
25065
26698
56091
29703
13178
21119
37133
36774
30430
44601
35617
32186
44306
18109
20303
25028
17069
14806
18060
26295
31443
27435
22162
19371
25003
38366
45959
26335
38225
54943
27457
19194
21815
24112
24052
40913
15876
18188
21969
25900
21478
33368
17997
23980
23835
22539
27174
24793
21854
25064
29415
18252
24099
28083
25229
28583
21723
37318
27986
26543
48640
25720
23546
25709
21981
27502
28870
19415
25613
23265
17458
16553
18714
24974
15082
32830
22548
24745
21777
27788
55672
19008
18826
17014
17751
18735
30311
22625
28712
17668
17902
24293
42047
25259
28538
47938
61712
42292
25609
30179
28011
16091
20653
16762
26950
32318
30103
21063
19633
26775
46988
27449
29838
34347
19572
25832
17231
28360
16002
34856
50550
20194
25860
37676
22832
33677
20946
15684
16547
19787
31291
29505
19915
24782
27260
20013
32974
44499
22120
26325
23203
30499
16096
20086
21681
30024
26384
41348
58535
22478
19380
21538
22925
21634
20085
34297
21755
27569
22600
33739
23531
22847
11608
26894
29222
19963
34365
47770
19621
26238
43319
47942
29530
47722
32060
10329
17858
31226
21328
32690
22695
15383
23393
19220
22991
32769
17121
32565
50887
26773
42006
16020
13298
20850
10708
10230
20719
26826
41476
17210
25969
39822
15850
34250
18322
21969
19075
26698
28830
39254
17585
45673
60580
46413
29807
29474
13043
23621
21392
47680
47579
32737
30023
28595
44614
46162
55216
42121
19980
25464
21266
22581
19789
22048
24427
19450
24622
34801
48403
26112
26849
18229
19865
23493
19388
16066
39616
29580
10487
16272
43730
38357
19746
20233
41868
22069
30818
50941
35670
23838
21201
21424
27095
21153
31702
29920
29074
30580
23507
18829
25565
43925
24755
22430
19662
53272
13779
22278
11200
21500
23090
38540
30235
17838
25811
21963
23020
35391
55198
33949
23558
29549
25911
21606
29651
30793
25781
33527
37241
18004
20829
29841
22376
30767
52079
25823
23021
24516
27757
13780
23987
26672
38430
25277
29397
19225
11165
20759
26870
36034
53064
24111
20560
26971
21587
22166
28307
35188
24094
35286
33793
21452
20342
15128
21355
24367
21802
16946
11135
12019
31710
45790
17287
19059
25499
20195
25820
19691
27517
29950
40406
20530
25812
13218
24640
21293
35194
13813
11969
33030
23467
19393
30843
13017
41290
29003
31813
15126
32113
15719
15703
31645
27721
37837
23196
29005
17580
27254
23275
31681
30198
18830
32855
19577
19042
45769
35344
29465
40336
20449
22947
24392
19299
20702
41431
49720
18641
20860
22797
17898
24935
28198
22910
20213
18243
15661
37897
15509
29726
232373
170080
27651
170044
106598
122613
29140
35627
18375
22471
12293
29162
31098
38685
26281
29635
35820
21455
27037
39612
17414
11923
41641
28131
21943
19483
27296
77333
69576
23187
47755
29017
15773
26950
25878
22473
28887
48387
55613
61694
89361
102720
20929
33596
23396
18601
13463
33120
11844
30806
22470
23527
31134
28216
33018
18149
26646
29481
21717
14123
42762
59015
15337
13873
16822
27001
26734
41072
22571
28453
16745
25876
11414
20139
16592
45349
24273
14638
26262
20336
28179
28673
38210
23410
35929
22920
23555
22160
25334
23101
23825
49063
19274
41062
18740
27480
23944
18816
28546
20220
23030
27563
15575
16741
10635
20107
13664
19708
22936
14517
15802
34507
31751
15175
18466
20419
12868
19727
27248
16452
33294
31247
22542
15802
20903
16598
40300
11764
22928
29838
47537
65586
61511
51505
79031
21600
35254
20081
35443
35785
28737
53065
22776
27187
23193
48683
19601
19236
28300
32303
32796
28915
18418
21608
29495
15349
18072
25955
28892
30783
21232
19651
49476
15997
18168
18482
19058
36262
30831
26393
34476
16685
30817
16928
16134
17074
25512
39830
32915
43514
30506
20013
15868
24414
22787
24236
26975
30235
22217
21949
23632
37981
32093
19143
22966
16649
32620
23106
23508
20346
20501
26053
30282
52756
26704
22816
23332
34793
17030
27840
41484
24291
26446
37838
62567
22255
30442
16979
21788
30229
28712
28245
21088
20983
19313
16011
27944
17921
22362
19017
25655
25563
22850
26345
24500
18825
20945
22715
26730
35059
29368
18216
25794
19855
26856
20936
35125
17948
31567
28457
22218
12129
17203
39531
21547
33682
21422
12702
29251
27002
28153
22487
24778
23306
15036
19856
22282
41799
19663
24397
21460
23427
43271
21205
29824
26627
21428
43031
29123
41505
18359
32312
35113
37952
28259
27137
19605
24567
20708
18127
44969
19779
27759
35073
21440
31443
34447
34476
25266
50115
21984
33226
40657
27108
17320
19135
27861
16919
40648
18850
18202
19615
21136
33997
25344
23910
23808
19861
44586
62098
35152
20393
19801
33370
25638
26402
26810
24082
16889
25456
25140
27645
25703
15586
34018
25491
36322
18166
17946
19225
30438
18128
19807
28354
22054
33852
27176
29965
26937
22798
21250
17690
24012
23619
42474
19463
26893
28484
28132
21008
36691
12948
17545
18615
26649
14815
26175
44477
27952
36709
22232
31023
20299
17498
16462
28188
29019
31120
21223
29317
34265
57050
35905
31035
27032
40087
19697
26714
24737
44546
16439
26205
27787
32250
16625
30383
11168
16630
26440
26337
22677
32204
20142
25812
21653
29303
21706
42227
20202
20338
15123
22835
11038
23406
14819
15523
25817
31684
21720
53442
26872
56037
40100
20562
23818
18082
28574
19682
40348
18137
11033
30814
25377
28296
38622
27804
22343
19444
19916
16292
19911
17711
17919
38480
38810
14233
27867
34629
34218
17472
24205
45361
26050
29215
25152
21473
28667
30107
21511
24400
16437
22662
28167
25614
21909
24437
19399
15113
23325
25791
32465
26410
16722
27177
22975
18214
28219
36117
29104
17734
14604
25387
51333
36977
36917
32771
14376
25046
23864
32191
24674
17233
31190
17520
17429
35358
14475
16199
27754
16789
22732
16819
19106
51535
63617
64240
15526
38186
26343
60722
28324
20848
21134
11533
23192
22489
17734
31380
25626
54713
17647
32260
36423
27476
25127
20646
42686
31803
30755
28748
22962
33569
32061
20214
29177
16578
26715
24721
31685
21777
37306
20586
21755
18010
18854
20410
20697
22397
17823
37130
29531
18123
23494
39002
26558
11939
52455
44069
21296
24035
12446
30412
31087
31220
22823
23956
28698
25134
31355
39617
32196
23396
24664
20914
20409
41640
56779
21584
32696
15151
28057
28176
23555
50519
30226
23701
31162
57690
71975
19780
33284
19800
22016
21562
33726
39579
11951
36395
31749
33642
23097
25316
21139
21408
22246
21964
15234
34343
57177
70029
34359
18626
55199
26030
27925
23316
36692
20688
22042
28062
22960
31043
28067
26019
28671
23974
30306
32212
8858
25746
24917
35363
34808
50216
29038
47770
29535
18137
29287
34069
34175
19594
11233
23940
26005
24920
48162
28007
30346
30581
17523
18825
20122
28224
20563
23904
15039
27404
46592
24691
19128
25000
9548
31844
20127
14176
22059
14608
15658
17761
17759
24042
43771
25649
25980
18649
32126
19594
46248
23022
40731
64258
29179
17352
19046
21995
25847
27753
22867
26409
21416
11437
19437
18211
13579
18886
34362
35193
13980
25459
27782
25476
18823
37534
21131
26906
27900
23216
18834
19328
23749
30253
15880
21337
22474
25251
29815
30619
40424
26266
26109
32365
37019
32909
10252
22323
30074
38209
21945
27615
25325
14325
37420
19173
23785
27183
27023
36483
22162
30730
41847
32151
12230
36519
10643
21355
44413
43312
6528
15966
23578
29127
30363
31018
45628
57088
68740
26659
47086
39141
34069
23337
21270
21931
20262
33984
22117
19614
23139
21993
23535
10044
16863
30951
70044
17320
24397
22641
18997
19956
20552
42748
32379
35876
20898
17665
29613
23492
13204
31636
24621
34478
25316
22291
14582
29819
24838
21118
24875
24123
29520
25072
36522
26304
34142
30706
35378
53730
23144
25641
47614
25158
25372
17516
23790
26757
22349
41122
71754
28701
13530
23271
36082
37148
17624
21130
22603
23860
28280
28703
18903
13512
23169
23705
23585
15946
19344
22304
25513
27534
18135
29607
19200
28706
33994
33443
28941
30613
18182
20433
31523
30171
17694
16761
25702
12710
24941
26312
18077
24229
22700
22542
29911
36835
52073
22290
65602
58150
76416
80570
30754
34819
21453
17971
21094
18126
22942
24654
26082
27669
27893
37171
35758
69860
25221
33043
27181
14565
20913
15663
29255
30192
25066
21405
24489
22572
23958
34842
31054
32338
45121
22559
33280
19278
27330
18580
8319
21314
16280
16502
18059
17454
27852
22165
32322
24158
31698
30210
22136
16635
28813
34478
33525
18409
26783
21731
45656
32584
14811
29531
18145
23031
17984
20167
49152
65668
49202
23409
30263
29321
42304
32250
27300
10617
26989
19792
40677
20750
20799
27799
48274
32204
16219
16394
22593
22412
16587
20735
27249
35001
39113
34409
21576
17800
25971
42971
33862
17425
20562
30515
23281
24245
28151
25404
32345
30607
37422
43961
20626
28024
32558
40555
38166
27715
37209
21644
27249
26839
22980
21474
20620
22605
23913
28379
43227
36875
33121
25734
44853
20304
24567
27061
28158
45686
32079
25054
14785
31558
44319
59482
27547
22993
33244
22242
46657
30735
24668
17540
21459
21800
17306
32932
40217
17839
40659
26519
16089
27373
33048
41387
61955
83142
32837
34832
47549
41456
23481
30115
23813
19057
18033
34441
11157
12985
22732
16202
13822
23391
13946
16877
22219
18596
20557
33629
27111
45517
30679
31124
15435
30766
14797
24048
24902
21050
16665
17504
23201
14337
21490
24931
21994
28362
38151
19286
23598
15579
17266
18988
38306
35141
17965
24044
22302
31171
24918
19646
30639
31669
29005
22844
15159
19229
26560
30259
23162
23290
14371
18428
24486
32705
22567
14032
21239
36285
23088
43369
27599
17049
22935
26605
15119
26957
23153
21605
22466
20111
19702
32495
25472
22615
37524
24976
48192
71097
34471
39878
64694
34755
26787
30402
18619
25606
23306
25563
24475
23016
20834
19479
18276
25927
25540
46653
22928
24910
18897
35481
43935
30414
30240
24661
28243
25621
23780
20357
18575
22290
20636
22077
31207
16381
15226
24260
32423
34421
34009
53138
20157
17377
22074
17132
25576
13417
22210
20011
16448
35829
44170
24957
17854
28038
20854
18847
38700
30578
38462
31845
39162
61071
30212
26303
32239
22273
23937
34004
30523
27006
43835
27929
25208
18755
28297
29185
37607
21891
18028
21258
35514
27594
11776
29490
45962
18152
16027
18079
19733
36611
36745
17009
21781
13302
12754
19645
29708
24556
19295
17886
19579
18741
35298
36048
18307
32819
16860
15396
16849
65487
27256
22400
30350
62419
34254
16082
37433
34615
14129
23929
13878
14241
24607
18898
19824
21542
34055
30699
66586
48533
53738
48503
38640
19846
16055
28664
17987
21351
35082
31392
24541
13874
28777
13119
29739
29424
19724
34869
19481
17250
22771
23555
23413
22802
25549
33512
25782
22042
18184
17150
21667
27677
20303
17088
19722
29175
18921
17776
39063
27328
17840
29763
33929
38496
26318
26555
11859
17489
25308
30558
29643
27230
18976
30984
25086
26306
27096
32979
25679
61534
76824
57913
23111
26135
32887
24673
18687
20845
14458
26346
25194
23913
25958
31193
26859
23471
30022
32205
65834
13100
32116
24825
25772
26215
39099
23608
20382
27087
19630
22230
22918
23517
23708
25094
14016
36254
33028
30090
22360
18279
20986
27837
44991
33346
24428
29933
33923
17898
16799
41784
38090
43178
36161
19037
22825
30339
27247
24915
29302
30330
12540
23793
6145
18774
16534
18820
23967
35602
26749
32916
26020
22036
12911
35262
19235
27840
36911
50387
24615
26824
17698
28499
27713
19938
12637
21470
27316
15460
19732
20557
20011
32031
23919
22424
18199
23202
36723
33678
30175
32685
22816
55659
27269
46641
34865
23220
21476
42694
58362
35614
28213
26167
32572
38519
27310
23120
21246
30046
65545
15861
18964
25404
23910
15647
14009
25709
25784
26723
27138
15151
18669
24948
19203
20868
37353
21549
28472
31231
23425
41545
23071
20522
21422
36163
24464
31228
14330
17780
28765
22286
25077
26856
25985
29923
39582
52852
23983
15156
16484
32876
18517
17343
38502
28480
41509
28132
14688
48234
44575
35403
17491
18261
17442
24112
27182
23600
20684
29705
29741
26004
18022
25601
29458
12404
20356
29882
14448
22187
14884
40603
35956
27405
21130
21245
24417
12433
38279
47166
14607
18998
22841
32713
15813
18347
21161
25859
56300
16626
27249
21277
23604
19790
30701
22913
18625
24430
38176
24762
23246
22019
20182
22357
20785
20585
16982
30509
31468
25484
42206
14240
18143
21695
19666
30852
31588
39481
32375
57978
52211
21264
18215
40026
47702
25373
15573
26610
14621
15289
28484
29975
17909
24474
25279
44523
24758
21278
39818
32656
22561
25099
18057
29915
17783
15120
24717
30877
27249
25295
13037
24628
22866
28489
26428
42017
41875
28608
31456
23335
14968
26729
12049
22608
28638
20006
34688
43173
28431
37938
24082
23175
19925
37102
24184
29023
20994
26394
20677
24136
24575
13945
34884
19115
22133
20110
34982
34373
31991
42271
24996
33282
31359
40822
28942
40131
27842
18165
20313
22768
32545
34641
26737
18739
37065
30599
17997
33636
35415
24424
35339
23958
37698
32831
14658
20528
21611
35676
23327
19659
33374
23311
25181
42772
44111
22220
22128
21869
18231
24428
17558
29243
17697
38293
20021
30039
25041
18554
26521
29987
28191
23811
25834
20738
33214
24105
37289
14306
26903
20361
25339
22534
35194
51108
22639
33469
43592
26121
25933
28132
24038
25120
35238
26948
35483
67202
26554
17321
29496
30296
31837
22089
14157
16998
19919
52112
20526
40479
23812
28092
28317
17042
26255
26571
27247
29333
29091
17649
31458
40582
35152
39936
48065
43109
69617
87720
30219
40738
23344
23299
28025
20671
20576
27724
20042
29404
20714
32513
22374
17747
24447
25921
32272
26649
13363
28090
43122
43514
46438
28126
29929
16226
32208
17237
22596
23698
27461
29933
19772
16845
27059
20430
19675
22508
26257
22585
30286
22774
24243
33149
11731
15193
29580
59409
63634
43005
23219
32887
47780
35654
20042
20137
10784
36206
22500
21094
27503
19069
13754
27014
18103
23014
28975
43223
30304
21297
22859
19594
21260
23318
18352
19670
26054
17802
24621
26952
24405
24151
35160
19276
20394
24505
22210
19343
20409
26164
18452
20279
21618
35734
28789
12841
16445
32814
34129
17960
13826
23037
38724
24689
35948
15590
23389
18875
20119
20175
20107
30979
41186
13982
21541
35549
22202
27200
37713
26613
34755
16500
19917
31102
32289
49551
31963
18875
36167
35856
24790
15742
21150
22855
29873
18335
14367
17697
22827
17746
35031
24517
14821
29948
21021
12981
22717
23000
20910
18404
24386
22522
17237
44157
14100
29013
21062
27897
37272
19186
21144
34761
30206
26178
19574
17946
34575
23330
15690
24557
16414
22931
24780
44147
17223
45783
17443
21592
25993
25006
61161
21302
22059
23700
31780
23580
18796
17088
35329
43243
26149
26952
23339
14803
28850
30201
38537
38599
36973
20669
16920
38093
18347
19126
38018
32438
19474
29603
22526
20757
19857
22900
30596
50433
58945
58707
31167
25062
29457
15949
28492
16554
16085
37272
37283
51063
26597
39881
22474
26602
42567
19315
24014
22750
26698
42146
19488
35978
29805
20655
31358
14339
46085
20980
35504
22472
40112
31991
24854
36264
22083
27343
28370
25687
34161
23266
17758
23230
37628
14612
24561
25606
40063
34441
67548
48335
119114
135280
35152
37056
23132
28878
21960
12778
17777
23969
29253
20956
38719
47249
18118
46391
57727
15986
16936
23668
14657
18949
19712
30196
23981
41834
21435
19268
13434
28240
11016
22933
32607
30148
14693
16853
21172
24662
30132
24940
31543
26096
21558
17075
23605
22875
76860
33027
20501
27682
38468
21747
29211
26723
39170
45115
58001
29072
30502
55230
11436
37797
27303
18365
19508
32688
23153
28386
52676
17001
54904
61657
56865
48339
50293
42005
23136
25895
35801
21558
15932
21817
22959
33152
28045
40190
49989
13477
18926
28807
41647
15891
25684
20462
19527
29014
20173
22042
30486
18620
17164
18052
18003
19944
36352
36829
29492
18894
23809
24520
26930
32640
34852
52478
40324
32524
25833
28531
23904
25626
26883
30664
28320
12359
18416
26355
46745
48125
22351
25730
18155
22823
31994
45369
36992
45772
28022
66984
15880
25070
15166
24984
17896
35871
26088
42544
18746
22737
32501
23890
21158
36470
36985
19787
19222
41215
63644
41812
27063
30923
53761
20905
18522
22670
25568
39283
27969
31253
24426
52212
25290
23388
24419
28052
13457
25506
25606
34118
22740
30362
24917
13395
33126
35924
42482
17715
29198
14933
24961
21991
17775
18698
24347
31025
25818
16744
43700
21425
15719
31606
34114
35050
21540
20675
18461
26900
22137
20452
16989
25029
24298
37073
44068
66539
29745
15351
20916
38022
23825
16238
23121
16247
15012
22536
37843
28944
23238
26353
23878
25322
21007
24465
29918
18312
17890
13781
17968
27010
30892
56732
30814
44682
18950
37681
26050
42679
22589
36617
60907
33800
19982
30094
29223
19292
25627
23288
15936
37262
18481
44486
49117
19489
24618
21395
18682
24056
23421
28638
33909
38860
28129
17221
25511
58811
37965
19597
36077
37401
14525
22568
27629
36095
17575
21759
32613
16727
19736
16606
33626
26941
26757
25502
24466
30876
54125
49517
22259
20671
17910
12442
38866
19143
17792
21948
19995
17071
22220
33039
16871
29165
29846
20427
33411
48262
68554
38314
35298
43013
64493
11318
16221
18299
20608
31415
18749
33276
29018
23746
33640
23615
27818
21313
39003
28439
29503
20457
19101
37285
14285
17597
30204
21054
15893
22626
29211
23820
23416
21199
22465
26990
18110
25593
44264
20436
27110
34353
30322
14478
25877
22988
36584
26698
17628
24251
36718
21606
31863
41495
22156
20735
13543
24678
37627
26604
25634
21975
21084
40551
34448
21992
28974
17211
20361
17773
29030
9907
27848
38677
30972
17041
27504
21566
27988
25698
24020
24321
25960
59703
22724
27983
43731
44015
19837
18614
44536
11701
16445
29830
26296
32132
19168
21814
26285
22958
24422
33393
23807
27262
35538
20845
37982
47604
59369
21079
16094
20130
27778
30258
34175
22202
26174
24833
27088
19043
29829
26521
34771
64571
37211
49951
23573
13617
23317
22701
23934
29689
78129
26062
22706
38958
27677
46319
27437
33969
30171
30262
24856
20107
17443
25728
24801
23898
18107
29038
29573
27189
26982
26844
35280
22381
21742
22676
19133
17393
15855
18849
20008
24553
36324
36873
39696
43681
31030
21124
22445
28669
20994
18956
30069
30815
26380
55562
20664
24993
41379
59050
56773
14511
37577
16867
13994
36040
32464
26197
26369
22573
24044
32622
20744
29752
11061
21317
19750
18866
24472
29864
25328
22370
24580
33667
36963
21171
32402
28702
18947
17432
21049
33817
31023
28164
21059
20167
35079
18934
16852
17470
25851
19082
30751
38607
32248
36366
18494
31645
29699
36116
54643
29450
15187
35508
54886
24176
21780
32187
23703
25845
30890
24433
37306
27031
38588
24146
16564
20332
15124
21784
25902
22007
29662
32760
20034
33900
42877
31620
43647
22692
23148
23003
22486
22791
15422
41885
35461
16972
19565
20226
27335
11241
18444
17777
23805
25229
23113
37001
34606
24008
15464
33581
24764
30675
32778
20072
18395
26639
20623
50857
22708
16018
15532
31377
22646
46189
61849
19127
20002
15015
29163
18284
28134
18092
20114
32268
25394
32198
40630
19296
36308
16028
13792
24700
24193
34780
21947
18117
19844
15600
17243
27666
15098
22319
21898
14205
23277
24983
22087
21987
12244
20389
42706
39822
51338
58925
38598
28117
18577
21508
18008
21900
33090
24667
22384
23004
39599
24852
11496
34108
28138
17688
12068
21168
19357
28458
17531
15083
18586
16065
20844
45223
66436
28118
19061
19297
14369
15100
20652
20994
22618
33150
39001
21576
21677
20004
26989
21772
29320
33389
13371
44408
30486
15810
52392
57097
33744
46723
29578
42305
38922
44769
20091
46872
23813
23680
21994
18966
17171
33017
13803
50042
17657
17524
15318
23928
25832
25408
28862
19266
19715
29496
22755
33743
25935
17457
26648
36108
18359
21336
22092
16445
17750
18094
22166
24076
15426
23768
23189
24361
20708
37574
21272
26263
42590
12496
15250
29588
10794
14109
27508
32971
21898
30095
20180
12769
17070
18614
28343
17976
24441
22745
22618
26833
27530
34645
15492
33397
30150
19528
35099
21856
37162
28250
14543
40544
33934
28079
34083
34383
31321
20454
25971
31327
15458
22556
31897
28857
14943
23727
31402
29611
30824
20649
20084
23141
21253
10526
26018
21815
31994
30053
27471
34268
52268
26402
31307
27028
34927
35854
40902
35982
19799
31172
58375
73888
30414
56329
31180
53485
47865
90765
65002
35568
34981
42795
29121
18002
29205
31023
36518
27128
25716
19390
48973
15422
35610
31327
27503
18101
30388
22654
20187
39545
39284
35952
35650
22424
38472
46793
24787
23319
27741
21054
17315
32356
18338
27827
19147
25387
20144
17348
25541
36536
21543
14656
24525
30703
30361
20376
17187
27123
29852
15292
26416
24746
27856
30233
10098
18077
35993
33436
27839
35801
28152
28806
17803
22384
15038
26378
16444
21909
24323
16949
11960
15638
15947
34921
25570
37594
43315
78503
28902
22906
17421
19747
40576
34737
26652
32643
31067
16211
23899
20488
17372
29271
23911
36402
21552
15419
22167
37483
23314
36019
40956
37942
34717
28828
10838
31901
13978
16542
18358
21304
39952
18264
26668
18165
32626
24440
30456
31490
20793
42085
47681
19004
25373
38297
32567
22044
20793
33277
15825
33034
30809
45658
39060
33922
33174
24839
40115
30437
22532
17678
24921
16919
22494
26451
14876
36909
45270
17466
10637
21232
40512
20698
41986
21170
32523
30161
22141
31543
35031
58429
35022
41587
22827
13719
19096
34406
40932
59461
24164
19140
33194
22124
19058
21665
36205
64015
56025
21598
22833
60422
41229
22487
36837
22735
34372
63344
17405
19055
25156
26342
19394
31352
44527
30611
32974
42126
56735
23628
25173
19829
33910
13424
12765
16614
52191
53140
17733
36447
21673
19016
15357
28810
45930
9526
36883
9597
21159
19241
13734
20328
27386
38742
36356
19322
24329
23621
37234
41131
23421
18454
23093
27340
28507
22088
34704
25201
65435
39625
21929
22544
28412
21261
17118
20887
32181
27430
21834
20094
38944
26936
16113
33943
18064
50620
33284
39229
49722
22186
35025
29411
39004
25483
14503
55058
20032
26056
30676
20746
33775
33424
26867
19171
29936
27505
32580
42234
50167
35181
27340
30322
13718
26997
30035
10895
18751
21776
24703
27640
13273
24194
17406
21282
20836
27516
24436
16667
23118
18311
25906
28136
13494
14839
17563
18727
26079
24797
10960
38582
52685
16245
19409
19479
27219
41464
10537
19488
20086
29096
22109
22975
20281
12613
16574
19460
18956
22426
31648
40264
31013
15535
18791
16283
26765
24849
39564
27846
22763
22252
21838
17925
33511
18030
23316
39248
21256
24948
16629
25754
51976
69519
42464
32517
34465
20317
28693
30997
12805
25076
23723
28664
30316
31756
41532
26343
69794
18624
19557
30292
29698
22417
16958
19691
19555
22407
15591
16318
17308
19230
21663
27705
30427
19208
16779
21038
23573
21987
20228
21040
24257
20201
13169
19517
22235
15887
40269
37922
32465
42982
21980
37001
44799
21328
21774
24078
32928
41594
24010
32487
34059
35349
21785
31702
14062
25538
23216
22278
22422
35272
25905
23172
29450
24656
21434
21764
24384
20935
21291
31086
18943
16273
18899
15486
21129
37560
24712
13365
19280
21563
52463
18347
27857
23273
46889
51603
32059
34844
46613
67905
40713
33095
33231
24958
25917
29179
26675
35748
36097
28779
27801
25564
18698
16784
24751
15339
25472
18951
35605
26019
22712
33820
15261
23305
14783
14286
27185
19200
37855
30083
34437
35023
36031
22982
19868
17464
15251
22360
27794
17622
22351
13932
25519
41057
31105
34929
56357
63757
19678
41156
24456
36917
25777
17858
22658
31287
30096
24858
32097
25335
22198
19591
25816
22397
23114
29694
30704
29692
25467
56003
38535
71238
82294
27287
18710
8882
19506
29128
37541
56197
40153
20435
11415
35735
61878
58665
16768
21308
22916
32974
20218
22703
18541
24793
46481
15989
30759
19662
26573
28674
32971
23885
24151
30715
36924
13991
30478
39399
27603
23527
18462
21124
27414
12185
36687
26531
33340
30010
24964
23225
41885
31267
31927
19841
17981
20454
24477
33663
35382
26876
18909
19804
21681
24693
29262
18079
36622
22015
26920
40881
17236
19167
28580
30613
40788
15115
18572
27525
16960
28440
35015
37773
33444
20635
23118
23123
21260
25445
23562
32865
20127
38789
45440
54929
37166
22128
17746
42159
18636
28801
16072
18383
12669
30277
18472
25778
21726
38320
24849
22546
23195
17975
17529
34774
24429
19305
23965
40275
41329
27725
14258
17545
32972
32629
20069
29299
17915
25809
24151
27545
42090
42383
63495
75440
25469
43288
40959
23200
31869
19018
24961
28710
45306
59839
22987
41051
40129
33598
46194
32381
29161
14476
32799
25584
30681
37166
22324
25333
20821
18292
18149
20035
16321
23102
26508
26442
25725
26943
24559
16291
54914
27153
28516
32363
41744
47892
24756
31125
31108
24213
24220
23931
23026
31149
19077
11935
31319
17810
25709
21941
12807
33884
31171
29941
16788
35600
16557
25714
25086
42363
33482
23052
45204
19720
18096
9438
27133
17589
19706
26453
25294
16396
21334
44295
56479
16273
18806
12939
21911
15986
17418
39430
29105
30429
20350
25126
25770
25982
23484
21648
23293
19308
25116
22330
23567
23654
30241
43426
29422
28755
17782
26783
30176
25460
34334
18760
16455
21483
28136
27699
39166
36709
18728
33498
15170
25005
17780
24159
27881
36436
23732
12960
23739
18132
24610
24562
26474
16653
25869
25423
19836
10274
23020
26448
17569
31763
15136
20313
22858
28963
27330
29767
26115
23981
20314
27437
25087
14649
27977
35274
22596
28272
57834
21913
19346
25116
23196
19860
20423
31481
26473
20852
25719
48456
34847
33385
33341
17404
26756
32643
29869
35681
43714
23474
23365
30600
26700
21334
27684
29290
21531
21472
27491
19859
18701
25089
15486
23421
18260
8237
24152
23386
46014
65069
28472
27285
18880
9086
36427
33933
43414
48141
55632
26143
19433
19195
18169
44323
29939
16423
14058
45260
23828
34529
20250
23472
24345
21175
29157
38503
28135
21495
34721
22594
41846
19200
23413
40280
37851
30752
35126
33144
67786
16595
29142
42911
19152
21262
34532
24316
21959
25132
23454
29708
26428
15517
25814
28822
29362
14734
30794
47050
30310
52088
19842
10811
17930
19360
21445
37765
101464
28972
38697
54155
47449
37467
17417
24073
40668
33030
25035
27207
47445
15194
22845
49541
24849
18652
23098
30901
24235
33267
24325
21176
28317
20939
23219
22330
26861
21153
15948
40562
44122
13458
26672
24012
20095
26276
20579
16179
10593
32267
22759
17412
28485
39266
63612
19223
34801
30417
21032
36829
27077
27085
22649
9844
23670
22238
40394
19144
21526
37668
40196
14930
18963
22778
21732
19917
22418
27327
18208
38891
21583
26147
18520
27665
31418
28241
28450
29143
22889
48081
24564
74223
78222
65207
68582
57104
31487
55387
19469
29687
22158
25175
29268
25448
47707
56900
18417
38658
29017
29778
61950
19269
32905
18170
12612
33516
61543
48916
41870
25141
38125
55791
28194
24782
13235
29896
52934
15313
17267
12019
27826
20243
23531
24706
23867
28686
55099
18575
26014
27483
23646
37290
26898
45485
30860
23346
19493
18343
30537
54980
12874
26592
37261
35549
23634
15183
30975
37572
49041
61501
47318
27392
24265
37403
24870
67241
22250
25340
30157
21937
15049
19122
21059
17621
34684
52879
38828
58859
19601
22275
19699
28201
33113
16094
35484
14761
24747
26752
27399
25798
31527
18028
26466
58911
47448
20051
26866
26537
39294
72651
57038
23769
33094
20390
27134
28004
30319
23302
27957
56102
28334
18665
31649
25000
21819
26266
29258
32215
43352
28034
17063
19451
14301
23389
22168
55696
8050
25597
28769
31313
26904
24390
27466
21367
36858
19477
23095
26535
38619
48260
28990
25526
14489
35800
23304
26242
32614
17661
11298
19426
31741
32414
26661
16831
26292
27336
17614
9438
36217
23867
37101
17523
33134
48542
26954
22103
30820
26938
27855
25180
38378
50352
15958
43860
30778
24155
18297
20463
22396
26585
16922
23737
18984
22452
30703
24149
43304
28220
18733
47767
15574
37626
18496
29507
26084
21182
22443
25941
16016
27199
46750
17145
16665
31565
10556
18031
24220
38216
22838
20972
36954
29597
27117
32274
18572
27163
27126
34103
20627
29184
29339
20003
26934
19895
21382
20512
22947
22583
28439
29077
70992
26429
57663
15671
23415
22790
36972
27022
25751
22909
22007
22267
27495
38518
26730
36183
22404
25107
24507
29250
32646
19241
23145
15297
37131
20655
32588
27982
37825
31263
31075
62289
46723
41428
38480
49518
25330
22893
39484
21521
27239
22301
24287
38026
16796
31086
14911
30213
20486
24525
34113
26484
23012
33692
33417
29768
21336
20100
27065
24426
29282
31969
20975
33083
22030
24328
19052
46401
89773
50521
34918
39083
19798
28996
19234
17582
26490
24533
30466
48388
24839
34273
24503
28930
23299
16343
27219
29242
19884
20130
8523
29892
23090
22300
19618
29868
28698
23668
55711
18067
35947
50245
35244
28564
21110
19497
19452
27269
24098
25405
19540
17442
14684
16269
40151
20610
18705
17974
20711
24850
37092
22951
27844
25509
30455
16655
18068
27018
25652
20139
29597
49482
62508
18274
21635
22910
28151
16473
24650
26426
27198
34357
35102
25645
19719
35928
27458
23732
25346
38641
19550
19275
19914
29052
20766
17012
40194
30393
18532
27817
24399
30383
48662
38378
21200
27180
18073
28841
27763
24894
25548
24164
48840
15357
25032
29795
24937
41652
26109
28924
28615
27719
17747
24485
33681
23190
26229
20675
28990
48382
16283
28488
24412
16735
28196
19885
21696
30703
26630
27905
21842
40997
33160
18972
25174
25968
21688
28848
12843
21422
48333
18680
24331
25423
26701
40365
34152
67161
46113
32969
31919
21532
23371
21734
20648
24579
33579
50843
18065
14865
16396
22142
20178
21466
37430
29424
29383
23214
43148
33619
33701
53299
18337
33232
18145
28780
21130
24699
33467
31193
26714
42554
98671
102208
35893
17329
42221
40495
36299
25142
39152
27858
25242
18576
20448
19301
27407
27328
19018
23952
30068
48129
32436
18189
18856
25116
34091
28470
34244
23473
15753
25101
48858
34694
28628
38148
68852
24802
35460
42076
23132
20583
19804
25248
39595
29588
50266
26202
42269
20728
27808
20845
28547
31189
26327
21288
14963
33736
47474
19686
22791
25894
25505
29972
19262
20309
25665
21454
25489
19534
17903
18821
34535
30302
14320
24020
31427
45496
20789
27884
29588
26983
31545
26931
33263
22654
38466
28520
19726
16928
22775
26592
23443
22642
24712
20481
19349
25831
44127
27589
33233
35534
16852
22456
25609
18876
27416
19852
13058
18024
28257
30381
23911
20284
22007
22577
26639
20056
24893
21478
31951
39891
32137
34517
34014
25415
24346
25960
20782
36552
25556
33437
20242
23314
29375
70170
21098
15365
23401
26703
21753
23247
33540
37223
62350
73610
19883
22267
45026
49513
37695
29254
22701
31268
19607
23144
19984
26536
26340
17205
29533
24515
28025
22222
30697
24092
20938
32239
15392
23824
26215
22552
24620
26079
40356
23631
36666
34293
43107
61498
15823
21973
20863
16395
22684
20714
16580
25424
21791
29321
20266
31063
24442
45993
35787
21319
11928
35211
33682
28821
41534
18213
24836
39970
62619
25881
28473
22634
27444
22878
26205
32204
32892
26717
55517
26221
23159
25930
16784
33457
25051
27142
16167
45356
13436
13839
17532
23833
36424
20206
15147
18546
16691
18907
21104
23601
21452
18721
20052
23925
39634
61948
18735
23722
15355
17532
34479
15721
36898
23269
20036
43581
28041
30019
25372
53077
34316
29086
43938
36417
41227
20430
23274
29307
18156
23986
18090
21197
17656
27306
51196
45226
35141
18721
18517
27672
19712
28085
16540
31120
23221
14000
24728
30695
14195
17515
23504
24262
33410
17173
17379
15443
17581
32635
20128
20240
29830
22254
36730
19348
17167
29352
54922
51450
36953
51083
20504
40989
26021
17375
44897
37286
23580
15856
17294
20757
14935
26696
48805
27370
29849
29356
65939
21634
41225
42314
25292
28334
23161
26806
16360
30914
25974
40522
23952
30720
15108
52100
81186
67624
31609
29289
22049
18468
41861
26886
44146
28461
37619
35103
32275
27405
83934
54452
83050
97068
21740
19065
24795
35280
22783
40628
25588
32840
22754
50830
20568
21329
25620
47341
27360
18193
18776
22586
19093
24961
27769
24410
17099
18831
32163
13849
20340
39783
62702
69131
23850
32645
15562
17313
25318
29741
14120
26456
27204
31559
24974
14914
23286
27206
14229
30426
37698
20488
38550
22941
20053
20812
32049
16036
35142
57928
29367
26344
58675
28213
32502
21737
15591
32467
12726
33236
26069
33415
32560
31676
23731
17250
25938
42082
28036
40650
19359
32075
53442
37661
32590
25765
22788
32580
20782
24487
47919
76196
50978
35313
38418
63011
38798
20707
24706
19967
29391
38902
49336
19606
21126
36420
7359
25931
21929
19596
22503
36079
23643
42225
34444
41235
84579
18876
17063
31934
45178
19976
29757
21314
38272
18117
26508
66530
29826
39106
19241
15087
18578
26167
31823
16439
27498
24712
24473
19263
20398
22281
31546
19418
24858
20522
26849
21718
20414
34681
21769
41004
32509
22493
31134
26986
30775
25412
18187
19827
38118
25430
24287
15835
26224
25780
11667
26939
25918
28496
17291
41874
12724
20402
24101
31874
34501
35918
26644
23271
28955
36536
24031
18696
23618
39169
49660
31442
62718
42463
19687
23413
22623
23294
25657
32872
19832
25524
24683
26631
24380
19144
35503
25145
31788
25047
17456
19211
35752
34430
26385
28469
37517
26584
23924
13953
21460
28003
35159
35128
24904
25386
23351
28417
25074
28527
36582
15349
26272
39827
55360
31534
17280
18644
23073
16537
33040
29496
18773
23617
46390
53935
31386
30596
27159
36879
24034
40528
19412
38140
26192
22642
27163
32371
17405
32820
36566
15079
26469
42917
35140
28419
63066
79080
27187
23319
18434
14300
16355
26810
16008
22489
26776
17656
24795
25848
33079
59396
89619
29196
27595
45545
21120
49411
38055
55125
40492
30571
21896
20917
16256
18956
17065
23403
24427
13177
22422
31066
30466
55668
43773
28316
18675
30298
14172
13004
28895
22931
59187
59299
77634
22050
21059
17637
22408
31911
33282
20739
30178
24919
41402
11246
21653
23730
23120
28862
14163
31577
51479
19531
21528
19878
15506
32750
32732
20718
18017
18901
42220
10716
39100
33297
32599
35772
27615
28581
30296
46641
41357
30662
21955
62096
33566
30648
29543
23067
24804
17719
25477
22779
44873
12599
22155
29134
53513
29764
45574
23422
41472
53219
21592
44919
33286
41870
16597
24429
39375
24343
26207
32172
16816
17653
37467
41307
21554
21550
29733
37472
26287
24372
37707
20294
19772
25336
33960
46062
23027
14970
26963
28777
12748
29946
20597
26945
15099
35473
48342
19335
14797
33405
36504
25240
19855
20610
37064
37021
24983
15988
18573
21802
14187
16962
36000
25380
39423
24465
20460
25479
24683
22898
36963
39388
20769
62104
94875
24770
26806
23478
43183
31193
35792
53999
21347
26561
37275
30205
15312
18946
20263
27825
34422
23488
52342
24816
23888
38654
37214
20871
23527
15460
18162
29202
22118
25752
22020
23289
23832
21139
29906
29232
28019
26700
26187
21777
27242
21276
17018
36191
16861
15510
22123
25889
26535
31101
22026
21507
14574
22624
19475
32945
47484
20673
26818
25383
74455
24303
24094
25594
39581
22293
23446
22637
35379
33673
23456
38636
19809
23890
30097
28929
21296
28676
24100
30353
27407
14763
23625
25021
17825
29995
24222
18291
26217
40669
33174
24893
30765
17122
21698
22509
16752
25033
32134
14841
17292
12862
36125
24312
26404
43922
17045
26193
21182
22683
31226
15585
23927
20034
26365
34307
27109
22342
27257
31119
19806
24272
37235
19345
17506
34500
23495
30793
17082
21800
22228
18068
12738
19952
28810
15295
23540
22320
18925
18389
26033
24615
31759
48747
18730
33317
36745
19980
12532
16331
12672
33858
25317
31420
12405
27365
81620
52118
13912
21071
15928
5709
16214
29163
51832
26990
27730
33242
21102
16526
52905
35053
52391
20046
29352
23735
44719
22048
27652
22950
25021
24081
17976
16263
27807
26212
14857
18163
24921
24124
16492
18355
16116
18222
20409
18328
20262
26679
10972
52000
22861
22107
23836
22149
24797
21097
24923
23470
25391
39496
23311
31936
48088
20813
27625
24423
18626
31065
41382
65122
36193
22510
24212
28646
32707
16870
32245
23220
21792
12391
18188
22197
26941
22922
38783
43679
42017
20564
16556
22641
25008
36645
28820
25154
22881
25387
28557
22891
24853
31502
32278
19928
19049
23571
60245
17346
67913
19147
19157
35569
46259
33909
21928
42054
58110
23442
26455
24606
37465
24236
28131
20493
21025
16227
24104
30945
20407
34701
39244
19075
16305
15121
41951
20421
14350
25063
35277
21536
18511
16920
38910
18171
21707
30160
30869
30036
24583
14050
22654
24732
30277
18284
14344
21722
14666
28843
47978
15789
15768
25947
33381
22907
27486
28966
21916
35943
19509
29272
22884
36969
29040
27875
22894
25166
19195
25005
24388
24080
45787
32782
30574
35407
10286
19731
24404
21594
16198
21906
23850
18054
31041
30818
30017
18749
16040
27665
23446
21056
22692
32693
14819
25387
25533
14110
17788
26331
9141
37677
17485
13169
30684
34997
28947
16058
18758
28833
34475
33752
24096
49109
33634
29485
26582
34429
22431
18738
35840
17759
32303
27862
32420
19285
21951
14076
48683
21807
22063
21676
14923
9927
30415
22691
26550
11710
22673
13121
17747
18363
12700
17709
23679
29079
21752
19939
21333
45084
15132
27633
40559
82356
53678
20914
24837
22080
39166
16610
28081
19538
12370
28596
34528
46914
20310
34265
16964
21633
16777
27273
26962
19313
28259
19888
21825
23211
32451
55759
17711
26528
18258
38206
21577
27736
24061
16800
16897
28090
15396
10564
22511
23945
18634
41053
26252
43720
27910
30709
20898
34106
16234
41765
24967
27115
33942
27900
33883
42527
16870
21847
26368
19308
21398
20259
25019
17553
26472
43308
31219
25730
30581
25193
30577
29531
24633
25001
29927
24100
11776
17057
27239
20918
16950
15648
14864
16411
26049
25850
19688
15722
30143
28532
22577
29362
25088
19726
29760
29171
29389
31220
20211
26768
21454
21118
26370
12485
27437
27442
47369
53284
17796
29318
23938
26721
22547
32287
16395
26713
31905
21891
28577
53551
28598
48170
73951
34077
23078
21907
23935
15050
19207
17707
22458
31727
27739
30608
50231
30882
44897
35032
37263
21231
40967
14898
30682
29731
22281
35196
21848
27054
44403
44909
24881
39826
37246
68968
26576
38888
29288
31733
23588
34225
43115
28486
23521
24126
29921
27901
29458
23934
34530
27129
28274
33308
45544
62727
72081
82700
75170
59162
60056
36989
33373
56560
14271
23451
17362
16849
24888
23648
24311
17118
26424
63757
20715
15950
17624
22111
17364
24597
31141
32397
40798
36205
26039
20305
22585
23338
18373
17548
18310
31470
23151
21784
22138
25486
53838
63834
69955
21028
32752
26795
19424
21605
23139
24390
15923
27044
21404
25980
34839
21130
48317
29803
43646
11336
27508
20944
28534
36430
33088
21455
35606
21509
28242
21070
13822
25020
30052
21411
14382
28074
19119
56187
36373
27063
23657
46258
31655
42344
19529
21282
28954
26917
27576
45473
34600
48270
22949
25683
13162
20920
30683
20022
20745
38119
30641
28517
16615
22033
28263
11882
31283
45393
26292
26642
20961
15353
16956
27748
22775
30396
22859
35149
24814
18545
18457
34653
17819
25662
14006
21772
33153
25070
24105
31664
21592
16910
28044
50207
15893
29538
35397
20509
27859
23009
18349
25639
39466
19668
22144
22336
21495
21765
12242
24771
25064
27323
33303
21913
55353
24227
31755
24665
45434
29191
25069
35735
35345
48102
12001
39961
21558
27846
16694
21763
23523
18124
26230
23147
23194
22258
25869
51462
25070
6483
15404
26466
41904
59589
25511
37363
17297
28877
28465
17833
19994
14567
19357
18617
21022
30719
42508
28044
25352
28058
39646
17676
23932
24933
15598
18758
20586
14919
6790
16403
14362
18786
20792
20898
31209
16032
28303
28896
24181
38959
45975
16795
30173
35029
31427
21868
33705
10736
37501
24907
22597
27379
20635
24511
22264
16100
15747
26947
20223
18652
45240
19969
20559
40016
43144
21020
32742
40398
17423
14290
20486
21656
31693
22541
19718
20744
28776
51546
22073
19832
27374
52292
80956
27838
29293
29868
21999
30201
28548
19565
23407
24516
36320
28503
25040
31405
16352
20184
22098
24887
29054
22839
24070
23361
21722
18851
16216
16545
16002
24247
25699
41731
32485
28319
28737
29593
19846
22584
30866
53346
20776
38659
61556
65982
23182
30906
25411
26337
22075
30168
32062
28269
34777
27862
17477
28919
38801
22286
50153
13226
15542
25319
10959
28104
18546
31752
22598
19142
17576
47966
18287
22444
25890
27624
22216
23983
25881
33464
42945
19314
21184
27383
19957
25412
24621
29563
19860
23114
28664
32166
30579
31759
24672
30897
10560
35835
20938
31968
16605
15011
27494
26949
33932
26505
64141
21617
23954
24166
30360
28666
14368
19127
33333
14294
22507
22809
26411
26638
42749
40155
32377
32733
17589
14505
14812
23568
16560
34533
30011
34712
59176
21775
17032
35598
39602
23638
21468
17424
19762
27501
21407
27359
21895
23221
15518
15184
38783
25239
22910
27862
30796
20243
33417
30946
20727
28386
43319
22241
20211
23901
21665
25023
15075
22065
34524
40842
30876
18468
26561
32760
12866
28644
23863
26675
30487
38343
23395
31598
27831
24511
21197
34118
24718
21649
12916
24909
45221
27465
45457
17555
32276
20393
22653
26282
46256
19128
20222
19853
42813
24295
48963
51335
64683
49018
62400
19102
27866
13332
13249
20030
22524
22744
20695
35000
59765
24746
38331
46953
46404
77212
79412
39085
33835
22012
30058
44660
27332
28074
12673
17791
25161
12976
20902
22521
27344
33279
39880
41140
44327
23690
31460
16590
22666
29388
24759
26277
24328
22991
16059
13775
37563
38330
26958
21125
20529
34154
18452
23709
29731
20093
24743
25426
35309
52114
24831
29478
21676
31388
19808
13533
21207
35708
18488
20393
32994
22725
15092
16141
19330
47507
63675
29663
19988
23110
33102
28599
16301
22667
24693
28893
13973
26922
28761
27071
35525
14508
19737
36085
48974
31593
22769
49903
38222
26916
26045
13848
22857
51486
44314
39065
22521
13068
21095
42902
15212
21245
30099
26904
28964
19529
15855
44649
25532
28265
28488
14607
22821
32676
25189
20688
28684
29215
29743
22413
21990
27863
21019
18473
25647
14981
46434
17873
26503
25288
19930
19130
38834
23788
20719
23908
26531
31032
22619
26516
18502
20861
18575
26658
47681
24302
25034
14697
31687
22649
27102
19817
27605
32327
22757
17676
19361
25789
27876
15825
19954
31371
19075
21357
24495
26550
17370
30837
28811
27088
24919
18214
16651
18167
26461
24847
19841
31335
31328
27670
18339
14211
12484
21132
26977
22496
22615
40900
12416
34797
19116
28470
17896
31548
20265
40989
37353
36525
27038
19615
27047
44445
36760
10802
27375
30049
19144
31933
42359
15806
17145
16465
29957
48852
48674
17197
28630
32464
36385
21012
38289
61494
57926
23909
23982
16625
18860
20770
19316
24649
35982
25463
42334
14781
20688
23669
20856
35640
34706
23221
26433
17852
16813
17787
17473
19118
20195
37859
60833
59068
21462
21650
9857
23692
29431
29232
20423
31419
26596
22982
25243
19365
24145
27305
21391
23293
30689
44710
63864
27425
27321
14978
15517
21418
33176
42673
25393
16303
18395
25580
16175
34190
28037
37248
27493
27222
24952
19612
20401
30140
15569
17911
15993
14181
15028
24504
28912
36754
34441
22170
17253
21007
14956
26235
46606
63257
55864
24640
20934
22653
21918
15764
11430
19018
18288
28566
45520
36614
22005
21310
44421
47751
16778
19964
17808
24734
39513
26873
32517
55326
47623
18912
22724
27761
31148
26353
41170
22694
18946
13761
26234
25058
17811
18265
18998
16612
13437
18234
21592
27334
25388
26213
22137
13821
26832
21915
44250
30101
34153
28414
33846
27145
21770
22848
17136
18551
23763
33718
8069
25503
19564
21776
24627
21253
19136
10555
20301
15897
32510
29704
23600
18270
36241
16357
26150
34869
48746
16557
21638
19383
23458
37489
28181
30930
43549
51039
26727
19478
25408
25158
16460
15755
24392
48873
36814
46183
81350
77568
99400
17723
29566
20900
30440
21355
23978
13336
16661
16456
21999
31444
23371
12448
22624
30011
16053
37793
41594
26624
42116
38558
46626
16302
26962
19863
17976
22114
43752
45081
43903
22681
27849
28086
20078
16749
11929
20262
14416
25804
22709
26620
17491
24468
15369
22760
22713
22150
22232
18728
18112
25852
24894
19816
35181
16828
21638
53323
32287
18059
16368
25615
30434
26357
19260
26555
22013
29154
30054
31235
34611
20384
17923
26871
29592
20484
25811
16270
78185
37701
39400
50661
42791
49355
19899
17008
25774
26240
19314
16702
23707
27582
23808
34574
31337
28669
20259
23276
19805
35606
40907
53187
26516
26639
17050
40431
22547
34520
27204
27057
20044
47398
48924
20659
20990
31536
46924
22363
20496
27291
43706
47012
59776
16585
18267
15644
18723
26285
26011
21780
31258
24239
38546
18822
24432
28210
23626
32391
56041
35319
38624
39845
42784
11483
24391
16438
21047
26007
26207
32513
18134
32603
39303
28699
28821
26805
40705
24179
16516
19130
31165
29715
21933
30384
42291
24799
17885
29315
14009
25521
41273
31189
27757
25203
36621
36536
25877
18955
20163
19506
30825
29286
22052
19564
18534
17787
25731
17872
25848
22879
18024
46689
36392
27536
22988
24770
28229
38278
28867
20926
26004
22346
31160
28342
31756
30326
21660
25927
31682
24633
15552
24531
25247
27161
23492
28686
31853
49813
21811
25346
27048
46240
30436
39147
23539
23809
33659
32502
16822
20169
19579
19016
32629
18117
28725
23729
46338
42015
28201
16264
27624
34987
22554
17341
42406
30739
24667
16208
16980
29142
26720
23175
40440
19579
23733
29655
44760
23310
37359
17507
60198
54040
22740
20211
33793
47136
63696
22045
20028
14307
31222
14643
14282
16892
47628
21386
15540
19964
23881
15067
14346
22081
15141
13643
24160
34171
36359
21685
19210
17358
36092
28926
20387
17375
21053
12536
28882
35769
19969
44953
34726
40424
28293
19812
18886
30695
19882
28613
22943
21521
15981
17052
16892
15516
16461
20654
16881
23864
14245
29081
18077
14671
29189
14330
19073
25327
18013
18409
15135
28956
12054
17488
23232
21163
27697
26600
22035
30153
43770
53589
28148
17467
35848
24266
25009
41243
32243
52440
40844
17457
14418
14817
22780
17862
34783
35336
30392
28864
38335
20057
21988
26216
24369
20310
28286
29960
21836
31064
25607
20553
23717
37253
25970
26855
21685
23988
22628
36844
18967
23613
28392
12195
19599
28455
24107
50234
21387
16702
20425
20305
22304
11323
30255
24155
20936
20752
30332
35850
23099
11348
30835
42549
19574
12803
26197
26423
15262
43453
21843
25687
18538
11398
23374
22540
35150
37522
21858
34169
16025
22898
18881
27623
32883
29622
17940
16511
20534
21747
30053
39781
37372
26430
24324
27429
19812
23064
26085
27546
19869
22740
19625
29640
27356
18365
19586
21931
21793
56926
28712
25575
49515
49920
46852
23024
37981
47268
49817
30312
18887
30045
46046
28899
29551
29012
23796
42020
23107
21055
47030
60615
26681
17241
17058
28997
48529
12506
16892
33731
21904
29122
36299
19511
36183
23365
37941
23916
21355
21158
42132
33383
19591
31684
8239
22078
31866
16480
26193
21017
30192
31069
24820
17298
21367
34265
15737
20165
26996
18079
19547
28745
41849
36725
20374
17911
19380
35156
30398
22564
22393
19794
26237
17570
19629
39842
15596
19782
22540
28133
24313
27631
35397
47316
30209
24853
22195
30602
34355
21369
31153
31869
18187
16647
13280
20563
17562
18139
26421
16039
32278
42478
41491
26247
11712
17581
30986
41898
35711
9560
22721
21129
21979
27264
25877
17502
20413
32858
32527
34410
15722
24535
30529
29593
41768
21096
23221
20674
31013
17661
22518
15497
25212
28029
16944
16197
32354
12375
24614
32624
32211
21359
23572
21105
39362
14514
20286
19042
33210
48988
23223
19121
38432
29930
39445
23019
14947
22990
17603
29215
23266
27638
21273
24991
21871
54515
27733
21993
27259
20284
27356
26973
15792
28263
18588
14660
18177
28531
9887
18793
25222
32776
23544
33289
22478
11523
23858
23791
42816
47264
25114
27123
26731
19807
29621
47170
20460
23327
14974
21920
23693
19136
24919
44351
16255
21753
39755
36473
16578
32556
14775
20427
33560
39066
33905
31319
30932
13178
29611
22350
19051
23335
25680
30408
42776
61314
70491
80925
30053
35055
48681
35119
23477
21757
19947
25404
16944
24864
26943
31489
35765
47311
43436
19309
29984
27128
22945
22454
19845
34525
20907
17918
19683
22463
24289
17391
20613
33099
59581
18268
20776
33772
12814
29287
28971
15512
14552
30817
30426
21997
32977
30474
41476
23558
20031
26167
28459
17804
35963
31731
23833
31099
20942
20025
26413
17391
46801
17598
26955
29808
23874
26883
20476
25241
22855
19968
28107
24682
24848
27034
19291
11622
19598
17236
30157
36439
22312
20313
30133
26947
16300
17660
14738
26066
39367
17572
15108
22085
28611
16051
22012
14002
14283
20784
19510
21929
29835
23039
28860
18435
14905
21121
51439
69490
45514
20906
27573
39771
51404
41855
18344
38330
16928
14382
47930
62274
29028
17509
14514
45867
55753
20728
20695
30577
21769
21382
20053
19478
14442
24113
23482
32825
32008
37329
21255
41734
17921
26942
40688
8154
16041
24612
18099
38990
43170
53978
26019
50329
30047
24251
24765
25796
33913
36380
42461
37674
13504
18451
20613
22065
34710
24842
10633
13392
27334
24237
20211
19239
25423
15903
36879
27169
25603
23354
86314
33280
19546
27053
28284
16479
23285
26465
21686
26933
16889
20134
42613
53944
19560
21032
34238
16284
20242
29889
25091
21401
14999
16429
17151
17549
16667
19262
26920
32396
35806
55572
19706
21683
24105
18502
21756
18573
31733
27244
25212
35762
24474
14873
22348
19259
24702
36313
17964
27144
28718
23306
35448
20888
17457
30975
22750
21939
40130
42912
21366
60188
38227
30165
22248
19120
18630
22657
28455
32104
32928
22629
27108
37299
23781
23151
30474
45357
25417
26379
36324
44874
34766
16672
30267
56656
22365
21506
19766
28677
18921
31777
19000
29704
50298
66794
26591
17019
28149
35881
17969
21463
34286
21753
39000
33558
15913
21343
21733
29169
45410
21107
19951
23079
47487
55771
99895
79152
25438
15468
24951
34473
13950
21022
27216
25312
16994
33614
24024
19638
36736
11589
31941
22547
23522
29814
22808
20152
17878
34897
17116
24347
36221
32023
25789
16484
31849
16139
15520
21880
23819
21160
19291
16469
20572
26833
21495
25310
35625
25121
46183
15197
20788
22750
28578
21265
27631
19344
20904
32746
52025
42819
22471
15805
29363
34526
33915
31525
15634
26439
17924
22991
16057
25222
34270
28660
25541
21527
17489
50834
53569
31497
56865
25702
20548
24010
30872
24873
20047
31874
22119
19420
26517
21188
21290
24186
26193
19123
30905
56034
49885
60812
26592
27360
20942
36400
29341
32805
31866
54681
58874
24987
20660
25686
26901
18303
23858
12930
26331
49463
23758
17302
23392
26751
20719
16278
22833
21968
11452
31158
23414
36673
15748
33856
38114
35822
27517
14047
20498
16947
15941
22485
20517
21873
9882
27882
26757
21761
19487
18218
12600
21333
16752
19193
18610
23600
33545
28241
19154
22771
27739
18121
20386
21128
22016
31815
47407
25800
20781
25669
31645
32775
48324
28686
20207
21092
35211
24516
28311
42790
15060
15143
15773
33700
41356
26957
30144
38369
38564
23007
24084
19896
42103
47277
35656
21713
23815
35011
26872
12127
33217
30142
32276
31279
39237
17234
16527
15088
17326
14643
28336
54548
19091
16960
40309
21578
30179
21993
17212
38651
14193
17977
20491
24429
32023
22169
38294
37105
25761
33444
47289
42173
19429
44879
26725
65220
27759
22360
30832
32899
14299
17204
21952
27079
14455
30340
37057
35790
33153
15854
34090
15445
24025
12008
17598
39492
29134
20956
23872
18759
21777
35356
31895
13305
13357
28029
32306
40512
28977
26122
20821
19886
28533
33118
22535
23350
21123
15645
31095
28055
25516
24200
48142
17349
27017
25880
27537
28036
29895
15415
35346
17976
24343
22635
14309
24089
33035
43376
37022
29158
25748
17151
12997
24334
11737
23615
29142
35540
29467
17571
15326
31487
13758
39900
12863
40065
49478
15892
20098
27614
23846
26294
22776
26591
38851
19294
17447
24130
32088
18815
28553
31806
37400
19199
31900
25381
20083
20430
32192
38621
52549
20992
20358
26001
36364
26242
22428
26041
25977
21859
18472
26102
19768
25299
21120
17675
14023
18038
16627
21583
25569
25475
19769
18607
19866
17596
42464
30672
59261
27196
30622
19506
25823
31691
32311
25585
32806
26829
32732
28732
23022
27301
21922
18988
23083
17347
24423
20882
37170
22981
17129
25181
30022
14931
22985
21194
21897
19890
14961
32914
40620
16325
22634
31406
13129
15680
25279
15688
30229
14994
28128
24419
36894
22690
16973
16745
35354
12517
30075
29507
12702
23558
23628
31110
29157
29928
17218
21254
18495
32102
53710
14055
19317
23913
23620
23640
81007
16884
45641
42495
18565
20115
32650
17433
15993
22961
11889
48910
72535
29506
27856
24702
32537
35002
48096
53406
24181
28943
17311
26812
29966
21041
33537
32949
35287
10840
17011
25596
22790
20509
37361
35162
23538
24689
22521
18390
22101
24521
23375
24930
38338
32531
20302
25524
24032
20402
27645
49480
21713
26682
15552
31882
26756
25632
22595
18786
24476
19245
15848
15732
17220
13987
22265
27574
16854
15078
20350
26680
17172
14926
29773
25876
36114
33210
33076
23959
19550
30502
34772
25187
28791
23989
22195
27555
17706
30926
26569
48393
25083
21632
29676
12756
12192
23537
18352
10597
23839
25721
19509
36072
45370
30533
32864
26757
20601
17002
19505
23049
18667
28947
45654
21849
24577
13021
28740
20006
46852
25625
35992
29299
35016
16826
21258
32346
21318
17866
23493
23191
16674
21121
39597
19407
18645
18190
41647
26882
23334
29976
21035
21484
18926
19813
18219
25069
15555
28996
47045
28117
43988
32172
23565
21966
10624
18789
46623
10954
18895
15246
20356
22444
24473
20984
22794
26658
19964
41520
58219
16618
32510
33207
23460
30177
21065
16126
34224
32412
29131
27209
15960
22213
23505
54868
25131
19380
31288
19153
24327
53574
73967
18924
26576
27984
26498
21292
21716
29875
19680
26644
21530
22686
24805
24157
41133
31096
19422
22873
24879
45406
49027
50380
20318
14164
11227
30977
31071
15775
34879
24128
22463
29806
46753
67979
18414
21299
28106
16214
24301
25488
22099
26821
24295
34982
16706
24631
29457
18093
21094
26161
24207
22039
24580
22359
22228
13454
16672
15451
25392
36121
15806
21525
15885
25285
20211
38271
26156
27153
19512
17458
29815
34583
31522
27127
44626
24317
33542
51888
45031
24019
35192
22345
27486
27365
39771
24872
62918
36874
20986
25765
21341
13959
24059
19298
20245
20268
18698
22203
23567
27610
36688
29181
43294
18248
18091
18922
26509
24599
49082
29338
42661
49768
48132
18682
19767
13368
14987
25863
20828
33095
19750
20749
42285
22925
22842
39250
15273
30770
34318
33673
23378
19600
19074
34917
24815
60688
89448
121302
31127
31513
36058
35575
13647
20139
26254
20227
36124
31393
15474
19859
36558
17995
31023
18666
24314
31937
43961
21934
29326
19690
25751
26810
34045
32678
32489
29034
42815
20046
28204
21115
26444
21238
41955
38097
32174
14925
42486
21222
41944
24890
22124
23255
22574
30262
36150
19256
31765
16708
19086
42452
34201
25306
23635
16710
25079
17117
36372
23903
19943
15558
29835
42869
18474
17937
24878
19542
20745
22658
21961
52803
53227
58357
46451
21413
24289
19508
20714
20601
30985
19579
36271
22986
21185
16213
24289
30374
13840
10465
14581
45010
17701
37418
19739
23081
20802
20833
18280
28830
21740
19558
24436
23319
28597
23232
32870
10115
37193
22158
18370
41187
51423
41145
26632
21054
11905
22816
16227
19310
16348
20098
19265
13962
29723
18205
20453
21782
31163
32096
23588
15423
23928
26053
28775
40438
26224
24629
33920
31300
28597
19826
37373
35181
33021
25636
28068
32588
52079
52918
26005
50065
46405
59434
19193
34622
20325
21666
36905
21225
17832
25280
38695
28242
34757
24199
18264
25406
14810
19123
24249
14885
22793
18914
27593
22090
32235
22362
23222
15528
16233
19693
24530
37198
27139
21058
21632
27859
22366
30167
36057
21615
25209
24012
32999
33636
22467
16713
17677
24056
19092
18552
22927
30931
20228
26388
21754
25459
25628
18847
16219
31820
22037
22185
24160
22494
25740
23402
21610
27245
17889
24428
26023
32881
27915
47865
22507
28232
46158
42432
25174
15342
48666
42120
39436
17498
18568
21777
29948
34314
28940
40582
37390
34364
31057
34194
25547
24391
21734
32245
27588
10631
29676
22881
14833
17151
26389
28153
19276
29266
33215
40442
23518
17563
22896
16389
23615
23605
32419
58630
29969
26897
21549
18777
42095
69809
21077
28889
32755
20119
21054
19075
23066
12906
13974
30396
20876
17494
31788
48115
33398
34652
27309
23840
15699
25515
27071
15092
26583
44595
17288
14170
34855
20035
17373
21747
15798
24666
23299
23551
29029
28942
16003
19015
33756
19814
30461
20923
13269
21660
35511
15407
18565
23130
22618
17507
14666
31070
21564
24047
45261
30654
19603
27766
20922
25315
14011
23743
22801
23145
16604
20414
27863
40264
23295
26051
27337
20134
32501
31455
27962
30593
23674
41207
19109
20527
21584
40980
10187
41725
24970
24709
36372
19223
18798
12746
17284
28472
44367
23933
16119
14498
15808
23739
29227
23520
30392
22724
23363
28634
20881
26994
28091
36311
32625
26632
25896
17665
39220
20382
15750
32055
34279
18990
24846
25273
13021
22233
29177
15792
20933
23047
17929
13121
26868
21719
27061
23758
35850
16101
17496
19151
16154
27788
17148
33487
36061
26859
17903
32051
32372
22633
33160
15594
20414
17960
22044
21358
24230
25249
26895
18407
24072
38081
30115
27882
9918
23927
28683
18355
34080
27128
28060
23172
26700
21784
16664
23978
17874
10431
25312
26269
29214
35709
11484
31371
32456
26910
37683
18723
16436
17628
18019
15590
30766
27120
32596
15621
27213
15976
13567
18508
12706
16183
20059
27606
43665
63006
29270
23946
19678
19998
22997
19172
25823
42204
31096
50390
22598
44644
21332
25283
21626
16812
25556
21458
17184
27150
16930
37421
23559
38718
68639
26400
21069
24204
33867
28451
37276
34547
26641
19240
18889
23267
22433
27435
29168
17880
23166
27848
35236
53094
30827
65110
33799
39182
21043
37051
44628
64323
31940
29311
21161
18059
16575
29604
43508
34182
26142
22618
28223
48056
54047
37785
31423
39475
42569
37472
21235
15318
31603
26243
20207
17441
23033
25230
22150
21827
18497
27616
20367
22136
24104
26029
29174
17044
31232
33178
19529
34680
39586
33281
20691
15900
27162
22810
45903
12313
26893
25274
39476
19062
14854
39629
23468
13462
13772
37201
13531
22311
31758
20543
34947
28692
30771
31747
23096
20600
26361
19395
19548
31359
17979
22112
28961
25265
19369
17856
21538
34579
19581
17177
34568
36316
19919
24092
51216
37825
21510
22500
23466
21516
35623
53673
17245
23160
30567
26527
38325
17572
23470
20045
23994
17423
13739
18718
25340
28363
21158
20169
16690
27290
22519
27573
12419
24523
35113
37009
44952
42570
60938
25098
42571
39548
20173
14660
25598
26140
35325
43429
52208
20348
21388
18845
43512
47480
37854
62912
22666
24857
20261
23284
44707
23734
23815
42735
56175
23080
11118
26409
48466
13317
21061
26854
13885
20126
24181
18701
30139
25980
24293
26929
31804
19543
50818
23963
18166
13101
17261
39129
38392
16068
21388
25495
21581
14821
16521
20048
22174
45090
42646
24117
15112
26018
27890
27108
24386
34638
23299
29136
16975
22656
19776
22461
28963
18764
25812
20663
17740
39614
30326
39864
27521
25095
27044
88711
78376
114324
13026
18159
25047
45680
25546
31324
36549
19429
18161
24042
17233
23893
20853
30114
38712
39805
18493
19670
21938
15529
13362
20050
29873
26920
28191
28034
19588
22617
19543
23645
27111
24780
29839
27120
23139
11536
22004
33220
15907
22752
19939
21607
34150
24134
37730
37510
27472
28553
16046
26016
29194
22417
33179
22204
24213
45336
23439
20063
23042
23889
38285
39048
60556
24483
14288
28105
15262
26999
17522
38555
40065
44798
19256
24314
15565
16561
27451
32650
31867
32749
15171
26744
27158
15347
25708
44701
50133
38098
17028
16376
11872
28784
24184
28816
20171
13431
34131
34729
32705
18798
28314
14145
11480
32342
27038
20121
15860
22579
23474
24261
23812
26482
18442
11018
27065
17062
24467
22112
32414
32511
20555
16452
17532
24767
18730
14084
19481
15950
19184
20486
16587
34186
21333
31868
14402
20795
18261
29248
31749
45789
30726
27185
17530
20166
17940
33388
22360
31593
16460
21827
19490
14932
18459
15828
21150
32169
21717
23682
30605
29388
24424
15998
22848
23549
24047
26520
14084
16310
16729
18524
22950
25332
31231
22831
20803
20039
32357
22611
23101
19519
21905
20536
22776
21459
13462
14237
21717
36811
23083
19675
29705
16176
22118
21463
29906
31768
23353
13655
15628
16397
17341
18716
34912
37392
24025
17938
19691
19926
36439
20116
24632
32178
23078
30187
15056
24577
24435
25318
32795
17690
23813
25403
19358
42123
22641
29898
21232
31038
32938
40298
19910
18532
39641
43164
54842
67232
15481
19477
29971
19475
19495
20961
29832
16117
23122
34553
21706
21217
12710
21636
28359
42866
25755
27873
37774
28940
37435
15837
26363
21319
23612
19135
27080
28364
50023
36957
25718
34292
13836
36173
27678
17169
18725
32617
21346
23103
12384
18961
16369
25405
27038
17320
24436
19081
20430
16882
18456
19176
19369
17854
24982
50782
23502
24628
51224
28258
24079
11105
34653
40036
19154
32654
30481
22415
23081
22830
28284
20991
12182
17952
23515
21481
36257
26484
15412
24296
44994
22829
36915
35675
28263
23767
31141
27255
22800
25147
9565
25923
25163
54250
37384
32643
29663
41919
17093
26066
19242
19071
12868
30269
26725
36821
34593
25749
31483
21203
15596
23566
38164
65311
23684
93230
28377
33386
16092
20080
27460
18823
29587
27448
25967
16064
24263
23548
25316
20922
13246
28203
22430
26115
22525
21070
22980
31575
10443
18633
33809
34519
37105
20350
25220
17382
30633
18560
30828
39902
15331
20188
16528
40305
24162
26544
18360
19998
35177
40453
75349
41095
56224
29175
22750
41116
51999
26604
13271
28758
52082
15977
21922
38351
29911
25657
16333
29404
28570
14196
30839
24041
28309
15071
31690
34327
26553
24094
27772
16731
36130
39365
43245
42560
22974
34803
40512
41675
58515
19381
12368
25965
17651
27849
20694
22917
13747
19912
11354
14885
17831
17623
22649
35536
34392
50447
27117
31564
24687
31765
36930
19637
39978
16414
22629
25358
21120
9712
23987
30917
26005
41033
24150
21435
29746
18023
25035
30987
13391
22304
20612
36264
32873
15718
23916
27823
40679
60395
20021
27375
15261
25596
38330
30410
22967
21077
18759
16383
20043
26505
45197
33965
27495
31325
26614
15364
13518
15507
17821
25346
26377
14325
20211
25718
35942
27147
20354
21273
21412
23889
16961
26546
29475
12569
22889
19454
16337
39705
13968
19784
44494
19323
18520
56037
21361
31479
23539
30384
21683
30854
27250
17460
32084
39746
27912
40107
20088
15247
30426
22334
26877
24065
26226
16912
25897
14520
22937
25501
24203
15158
15627
21733
28108
20628
18001
24324
13548
23509
23623
10417
16042
30208
32681
29887
23790
27424
22269
19874
24986
18427
16201
13642
24694
47026
29447
35798
21076
19670
24877
24616
21981
16547
20038
29679
43491
23348
30684
22242
21171
16967
41258
27510
24179
17810
31130
25144
23505
19923
26604
41875
37292
18820
17471
21071
24884
35960
19289
29690
16419
19488
17194
22680
22902
35565
40981
33886
37507
57282
46959
18114
56009
51750
30125
15292
27949
26944
22817
21058
18825
29164
34944
31809
11349
20469
31015
26386
32186
48930
18395
25664
43063
31538
39598
44503
20098
37726
30217
18644
29030
31205
28226
15551
18718
29713
26029
36596
21937
12270
23276
24360
22108
19441
30643
30137
41372
73524
26656
18410
31639
24968
37501
45958
20957
18475
22145
22770
17762
29869
19207
31433
47989
25484
34566
10366
29355
20238
18120
24764
27568
17005
16912
22897
14402
31206
16300
19973
29111
20446
19402
10402
21813
38343
13089
23298
21285
21341
28097
23251
22949
42796
36395
36795
28550
14241
14588
27166
21868
25077
25621
17508
20234
31848
47082
42541
26669
15468
40309
12180
26865
28554
14431
16988
16794
18651
22340
26573
18914
35197
20557
15840
35230
16393
25760
17156
22090
19445
23845
22017
31331
24216
33596
24199
23253
34207
25250
19886
23830
22557
22470
37686
30052
31162
25858
18158
21270
25226
31806
50709
21790
16175
26614
15954
34526
37224
28827
18828
50081
23812
25570
28294
20107
29227
16005
25470
18787
31824
19591
15115
33942
16884
22459
16384
15913
41750
20674
23986
19816
36179
50257
31347
37173
18653
20759
16421
12482
34242
36048
14974
32275
20805
21838
25133
36253
24465
19568
14443
29144
22832
20559
39546
21504
21013
27219
24404
26202
33016
36977
48859
21603
59927
19334
25125
19554
34533
43064
44766
25288
38689
35948
40254
14458
29700
21489
30675
59070
67759
20278
20099
34205
25246
25567
29025
24489
22143
19389
32047
33353
45608
18686
29530
20021
34718
26484
25282
19051
16992
26845
35295
44145
50067
18189
28105
22920
20891
25932
30941
24023
16019
19544
22385
12990
36161
48395
45944
31767
10835
33401
39449
35394
30529
26405
19959
20441
17926
20293
25171
19803
17570
11488
21578
25831
58532
38020
32874
11498
35649
46340
15415
24255
43504
19616
22845
21562
33774
28075
26610
21743
23869
24179
65174
22876
28535
29810
31120
41066
24368
14761
26936
17906
21791
16705
11413
26666
22995
17259
20400
31059
22252
9408
19973
15527
17884
17532
17393
22494
17344
22135
24697
43600
45447
18308
26184
32743
22011
66520
24792
18585
19871
21060
23669
14609
55475
75190
23847
29947
19646
17496
27410
52265
38180
18948
23108
18817
25848
27393
36765
44579
19807
19685
43720
21923
22626
24494
35695
27064
32174
19959
29060
21034
25825
24651
47537
22477
21777
30673
36695
31475
19320
23895
20750
25115
15183
23647
36898
26719
20687
22923
25090
19695
32460
39661
24845
27943
54314
25328
21698
21474
23645
16256
23535
21046
19182
26845
41912
18701
18897
30758
23175
23633
19381
19707
16337
17429
19065
28699
25281
25749
20541
23895
15694
22742
20026
25005
26376
22817
46400
20612
57273
26371
22168
25107
31004
19319
43276
39694
20213
30815
22597
16088
21362
9938
41490
15802
23145
42012
54232
31413
21103
27460
21194
25385
15830
46271
27096
21634
40015
30485
22364
18790
15160
22785
26403
19370
20375
23807
17715
22991
23758
17533
12836
31951
37492
29479
15815
23911
17840
32837
19305
22889
32191
11559
43986
74360
43107
27709
25398
19379
15048
32467
23972
15252
25187
41997
25386
27713
17543
20495
20671
36556
14465
17982
39837
16267
15459
23362
27806
19023
39300
22296
28031
21928
43229
31982
34106
28539
23857
21175
21043
25428
21360
9295
22160
21957
20362
33086
49323
18652
19372
32489
27231
37734
34442
20613
31456
33158
20587
18015
16962
18155
11916
13151
12840
30838
25626
21147
19020
27742
30055
23237
39499
39081
52709
60126
50469
47905
36182
14367
22708
12812
41635
32899
27002
17290
25129
20714
34701
38432
21762
26060
20145
14879
20437
25489
21042
15292
41132
13283
20187
19811
35048
32394
27449
22671
13901
26082
25360
36371
28034
22983
17389
20674
12630
13239
27327
29392
13959
20316
28713
29744
28877
19481
21167
23672
47998
75087
19654
24266
17599
22946
53439
75754
83115
25150
30408
23126
26802
37763
45964
63384
34470
80892
36191
44424
20928
26465
22117
18031
29082
29266
24068
47906
13436
30324
34977
20637
31876
52928
23792
36354
40692
17466
41553
18693
23886
22246
13855
18929
17372
19699
37602
23749
35644
52348
23845
23212
25392
20084
26567
13110
16487
14093
21863
27164
25488
17799
21431
12233
26343
34844
42001
29009
20350
34185
31431
14007
43873
20796
26569
21669
17973
34151
36546
19607
27072
20693
42872
41148
21722
43291
48536
12512
20516
13515
29943
28632
34942
22990
55266
15224
20364
28517
23146
31106
20410
28851
20892
20397
23721
19924
23847
27478
27937
18705
23314
14918
32643
33217
19637
29080
21005
45761
47051
32861
23894
24661
29992
27172
24379
25103
28870
23971
19841
42256
18622
16591
13636
21325
30321
34490
35497
56348
42715
26430
23633
25791
25582
19991
21470
22410
36690
19103
19068
42236
27879
21657
24242
21466
27846
19193
29355
21415
30816
15437
42998
24802
32123
32996
27792
60199
31077
26875
32534
34389
31058
42489
19218
18917
22945
19363
15585
18447
26119
18271
32234
21643
41377
52321
51618
46437
56233
50151
25122
42254
19245
26631
27520
43179
25284
18165
15469
27426
15629
40941
57314
36091
29439
24586
19582
50145
36112
23134
26519
10390
15343
18704
23288
17857
21748
21704
21889
20712
16616
27095
18796
28773
20443
24763
44193
19626
13052
24431
51531
25579
24151
18718
38799
54057
36991
15997
16850
23271
31855
28893
18132
18590
20916
21107
30596
24244
22300
24052
38442
34104
24030
21447
24784
22250
23916
23823
26441
44908
67910
13784
23492
22855
41987
29765
23537
23094
24005
19920
21565
19364
18254
31196
46814
32708
29238
22526
26633
16800
19502
26122
18059
23184
23983
42893
23055
32663
28132
26214
24946
13814
25974
11589
32046
17751
23706
40683
19841
23554
23197
20401
17174
23808
13683
23072
30897
17439
30529
11580
27146
25539
25538
19282
37097
50987
19872
21540
27338
20399
23693
25054
15776
27840
22206
17776
25268
34264
37543
23435
22525
24529
11035
14756
17025
20493
35963
23434
14640
33827
25222
22209
30536
17572
24577
30759
27437
31863
32749
25744
22247
17586
34145
18295
33288
34121
28227
10974
26538
14916
14753
23924
13697
21378
21871
32150
21999
31146
39849
29268
22452
30999
18944
19547
20728
39603
22050
18275
9266
21540
21184
34053
30898
39556
23358
31274
33854
41382
36457
33762
33992
24929
37342
62817
10167
17161
27748
16087
22498
13763
22714
17599
26714
20280
30817
38604
21403
14018
34138
23640
30430
27045
18360
20433
22742
22932
22941
26988
18247
22021
42720
21523
26779
37014
17347
24384
31316
26325
27727
20759
20016
19686
17231
28583
13600
20569
23831
27946
15923
15245
22897
13131
12726
21217
22505
72893
41215
93193
10391
16346
27724
24340
21602
21745
16877
27817
23653
29208
32245
19437
19962
25634
29066
20452
21267
17506
28482
39028
22612
19773
18459
27557
34075
19542
20826
32755
36821
32175
20822
21061
24124
19021
29080
26359
36891
25653
24544
29312
13324
17355
16165
39052
27331
32171
13837
18293
18326
17729
12512
15671
14404
18532
23941
24888
34394
41799
27592
30932
32072
32500
22253
51760
31892
11934
16558
26369
35250
23240
16588
14024
26296
10662
20315
29715
27019
24706
20681
37091
51141
36356
15557
19126
19247
23114
20272
14616
24250
21546
27418
29875
24471
32248
15817
27519
14609
28137
21285
17284
15287
27948
25948
29863
34387
14304
47699
24248
17646
39414
30274
18822
38956
33797
21112
21744
21416
30983
36608
17801
32416
22296
15691
13596
19691
26014
34012
19429
16589
27950
42696
11391
17688
18280
20747
31782
20578
31323
30046
26655
47902
23353
25348
23671
20300
45945
30631
52397
38120
55747
24176
36975
42345
63959
20257
17927
36860
13250
24686
10148
18699
22308
14890
22773
28863
14887
20799
20636
19752
29102
15538
25387
33564
54121
47138
39421
18243
23034
22825
32397
25236
17042
18160
22619
33000
38392
23763
32656
13021
16858
29349
19316
28237
17100
18140
21000
22283
23027
12082
24457
31727
15521
16042
26882
31094
44679
43262
32790
22715
35380
32262
28246
24428
15713
30250
26446
22394
35286
29899
22439
24312
22651
21116
20081
18974
40250
31062
21865
15068
32055
35219
29172
23147
32857
38803
26369
23786
12066
14581
22990
18989
31009
17621
39584
23182
21819
29999
19996
32752
49550
18941
46915
16700
15495
12687
33161
47997
39393
47769
43558
13319
20133
19390
31257
24834
19052
27370
27745
78757
58742
55556
73118
21389
18293
23040
23883
24804
33172
22112
23608
22399
18847
16526
18701
29572
37062
38696
19737
21307
15110
28414
28718
46353
20072
42812
23435
27971
22303
33414
33503
29408
18714
21254
26364
27570
28122
29189
41308
36610
46330
21046
24644
25732
20702
36173
33515
21262
15881
20601
26470
28779
20855
19780
20841
30456
41953
28521
51503
17444
17555
28574
29087
47493
48839
40576
40033
24755
22293
23757
13552
31273
60752
75713
51133
14758
19639
28325
28685
21904
22911
43881
19881
20495
21391
37707
33062
17563
25030
39068
20479
19471
21646
43576
20699
14755
15197
41155
65758
25958
22323
9392
19896
20166
24230
10835
23132
40092
28291
19578
20209
61977
17633
15035
24428
21757
14869
18104
40843
20041
21176
33164
26776
31851
20283
20575
26279
26967
26903
20575
23345
20930
34358
32091
16706
17916
29916
39444
31295
33830
21713
42393
28614
20655
32796
28749
23406
22081
53445
46185
21892
20117
16422
26192
20741
21036
22788
14881
15727
14292
15879
19386
17473
25780
27567
32064
22475
27259
17306
25216
40322
22780
40249
18506
28289
24956
28277
20656
19875
17906
22204
9390
45962
66921
30916
42069
15159
21021
22190
22640
59877
30666
28334
34880
25826
15950
14850
44101
22651
40578
27913
22875
26477
14384
38120
37638
23138
24501
41470
29331
29359
22891
19527
12837
15772
21970
31951
12078
62118
40595
77744
30122
24836
21230
24222
20016
26570
27155
19452
25105
20433
12555
12508
36248
29427
29142
31167
26376
19078
16094
27530
21874
19493
25097
33984
26588
30944
33486
21620
24981
16898
23921
18316
25895
22114
39067
19527
40378
23029
22406
15111
22067
26918
25231
25591
34518
58710
21796
37724
25936
18825
37725
37932
37358
59757
16032
15200
26101
27800
18110
33356
30181
27025
31222
17157
15119
37038
23695
22763
18417
19375
25145
18107
18793
33904
15930
22447
25376
11716
17560
14608
20607
24828
54129
27885
42583
18689
13934
20519
14606
8142
30710
21742
23947
34767
23963
13455
14201
20843
10515
23188
19236
23451
19680
20902
29193
24571
35428
53432
36190
21246
18782
19716
21416
23193
21456
25118
44467
47379
28694
20246
24903
24456
25273
34316
23719
24158
45224
21143
14321
29059
36824
38957
21651
27607
27226
18309
30499
13112
20551
20366
21212
23406
14733
16834
19653
21565
17910
36172
29356
19978
14738
20312
16281
19786
26208
39253
49184
40710
24086
30280
29487
40219
13152
17979
20116
11875
25958
23229
54259
32687
34671
39435
53017
24738
12829
30679
47893
56056
20554
25612
17391
17356
15317
23367
23542
30668
31226
30383
23116
68938
65133
59720
40075
26699
39705
36867
36449
35856
56699
18768
19427
21634
13678
28781
55269
50521
75330
63120
51606
22447
33851
28104
20987
29399
15631
18523
27899
21940
20977
22941
15638
17234
30260
21236
15137
25593
30630
18787
37127
23111
19899
27780
27004
30086
19467
15401
20054
21893
30112
38874
24068
20955
27697
21972
35745
23763
27896
32370
20437
22583
33741
28639
27629
25482
32798
18303
22106
27323
19997
26034
18437
49090
31877
28462
18086
17829
22798
19472
32401
57940
18802
19676
31418
29035
23461
16432
27349
19633
21904
22123
15735
13866
22626
15181
17809
11103
14550
15141
19965
17515
26974
17389
25720
34949
18303
26039
20912
15134
20018
11555
20276
15252
26693
27392
57796
10221
57869
28470
22744
34046
28398
15028
26876
22462
9352
23046
23847
32084
21152
25458
19870
18045
31793
28980
22627
24421
32566
29834
16501
12566
19964
15909
16920
15550
45248
45140
45777
19737
18367
33200
27185
24587
28397
38599
41698
31785
14746
20258
18176
21413
17757
28923
49220
33148
29223
37268
24607
39871
23490
17057
13249
22550
38652
16294
23924
32289
21460
13332
18662
36821
14518
16944
18356
15211
29941
23666
34871
17459
16264
16219
23551
20474
11694
24743
24148
33371
29558
33498
24782
17974
29840
14344
14870
19977
35314
18150
22183
32322
30495
46442
17876
20200
34357
20878
23265
20984
23125
34486
43653
31713
23957
46760
18084
44916
28927
45747
45859
17325
23867
11828
22621
18418
18901
14115
33517
20316
27954
12404
19557
21903
22177
19102
17471
24661
20632
36057
33087
14333
21560
22068
39554
26793
27353
24326
14547
34045
18600
20277
20377
27619
26423
32178
34461
30895
35090
27940
23461
17976
22317
23469
26192
13258
21087
27215
18975
18955
19723
17322
32225
24588
20757
27897
49280
21994
36681
25900
21269
30166
33738
20747
26749
17453
18886
21976
36694
21769
51986
52455
54519
47118
29419
31447
31306
18428
24626
36169
20340
26623
25387
22013
51092
24308
32835
40514
27024
23983
26141
25602
35834
48028
38256
29499
28249
20712
30980
15721
21529
27765
27074
24153
17088
29838
19877
38556
33125
36106
59132
20992
27052
20724
19041
35411
18070
35545
18664
21594
24689
26909
24556
39928
12815
23473
47174
31322
28970
17710
37305
13291
40251
21272
13168
17505
34617
37892
35033
26162
32057
21308
27136
43507
31225
12215
27797
14935
29313
22573
24223
23566
19884
13211
21080
25022
25884
23234
14903
15417
39058
24408
29350
28007
21982
18141
27425
33638
21904
21462
36432
42041
29939
27573
21647
20210
25625
27352
18818
18283
22610
22019
19255
26449
36809
62636
25449
22220
28026
28654
13417
17579
17252
33929
17460
31976
31266
25274
15543
24466
20053
24923
29492
36248
26354
69227
23977
17087
20525
45433
22116
19099
17533
23097
25294
14133
22146
23594
36512
14793
17549
20942
23870
28310
58005
30437
21660
32073
12547
16796
15573
31906
26225
15437
25490
23755
9946
29319
20778
26529
25681
28434
17796
16865
22565
30081
20603
26910
27624
40137
56328
23090
38938
16445
19033
30709
28853
31085
32798
23777
23970
29244
11719
23889
24350
30624
13300
24331
11685
18787
28491
14223
27300
33463
25868
18480
31086
25989
23445
38718
22909
17987
18213
18677
21731
27792
10094
21314
32548
23912
16134
28629
19468
21582
21917
24073
21081
25955
20910
20547
14640
30070
50033
59128
35200
20490
24678
17357
24881
19584
16795
29477
19701
22168
21211
36481
18273
36151
26494
21545
21266
25053
19506
16676
12902
28188
26739
18795
15755
16687
19112
17145
27211
39191
50085
24710
27117
33968
39892
24142
20134
27550
22735
43605
24799
40700
17763
31155
35297
45598
18602
14837
20701
31919
26733
11990
38500
28553
25541
31302
18928
26693
28604
43228
51161
33181
20122
22814
29579
27102
18659
22199
27370
22194
19635
29109
21497
18496
19228
22672
18901
28366
19483
22087
29586
66481
36985
46436
36531
48493
22002
15639
23773
15020
23793
13738
31405
28484
25077
23271
25112
36644
20433
17743
38255
19092
15475
22522
21675
18716
29274
28812
26826
20233
20313
34473
20881
38749
17110
40333
14584
18869
11754
17893
33176
41834
37723
32986
60330
16205
26505
30662
27398
24262
26380
20595
27313
27842
25846
13783
17870
15773
26064
29726
25456
19555
24444
27426
26242
13962
20102
26768
31856
17554
22141
35976
38826
52762
14849
13117
30584
18619
31510
17426
27871
18756
18101
26003
33286
35558
21663
17425
13402
35186
16376
20832
22274
15194
18624
19115
27303
15777
30538
15479
18472
27517
21283
26159
14939
21562
19233
29316
31252
56445
49569
11952
24267
27892
16283
18494
21369
53152
22626
25774
39161
21893
35970
17800
25393
12394
24438
10528
22823
44071
30702
34899
18992
17920
15405
38177
17192
25782
15754
25386
17639
13973
21106
15496
13992
19292
22123
37088
20830
20027
22300
17116
37449
50226
20885
22307
25168
19960
12427
20508
13585
17675
24114
9991
39232
16438
14707
21177
13577
34185
23440
18621
23842
15185
17381
22630
33668
23288
28838
13948
14333
17070
29862
24725
41092
19362
21644
17423
12994
30104
32914
25006
27574
20941
17662
24014
19679
27897
26963
15354
26913
24672
15390
11932
15356
25033
31231
16503
28455
47758
24406
13078
24598
32912
26248
26805
16015
22516
21640
18726
34887
20010
19698
21189
20980
20988
18975
22600
27386
20423
24096
49299
56446
34948
51886
25817
25860
20599
36933
22085
22092
13780
15679
31072
24098
12772
30856
13802
16546
18037
18585
16508
20506
26811
11858
17739
16889
22072
19165
23678
21721
14864
31407
42999
27958
24315
37258
25759
15712
20587
17803
26099
45292
15749
33150
37597
14629
18651
23129
23938
24173
23308
31872
18205
28554
26419
20927
34615
39441
17987
15791
24039
21683
15969
23637
44349
20887
35700
41544
18561
24771
12822
18456
34285
30741
103396
13712
23310
20910
20541
31571
32678
32307
39902
74353
54300
91986
55946
24803
20878
42816
22530
29720
28215
39267
17227
34513
19073
23949
29518
16267
25122
14883
8823
13111
19739
24740
33767
27734
15038
14807
14835
14504
22370
18305
30906
21596
25043
18420
25135
28017
23562
14354
31301
24743
27846
24226
30105
20196
26164
33210
29185
19799
30654
36906
16401
17447
19499
18515
20019
33051
27782
28096
18004
24724
30460
20407
18201
20942
32918
32683
25968
17929
24355
27287
25086
29897
26167
30231
13256
25659
16451
16750
21775
22594
23165
25175
26716
76068
13748
19361
17682
21810
28359
32137
25298
31698
43059
33349
23035
31129
16629
25964
47680
40929
21882
36141
20485
24205
14278
17302
27445
22211
20763
37438
15503
11431
21062
26481
32704
65837
27610
26306
20641
29354
20775
22780
30241
23294
24634
17264
19861
17007
21189
37840
37360
21250
17485
12554
27207
25065
27049
23251
21306
12051
19102
13829
25869
15229
22785
29162
16435
20518
23737
28401
25055
52671
39763
12726
21657
24608
26538
18763
28553
25709
20244
21211
16450
21463
12781
20739
26607
26210
15214
13359
35811
30771
21356
31477
43039
18964
14381
26006
57390
34142
35204
31582
24010
22282
17834
17529
25139
24380
31732
29998
33255
10573
18969
24464
17187
29640
52744
35579
25930
20732
20739
19704
21166
37797
30982
24643
33846
17688
27985
29655
17372
26837
18597
17116
21419
14629
20945
32120
36726
20727
24998
36373
19644
19360
25787
22912
31453
22616
33244
32740
22230
30554
55893
35874
17629
39697
14456
20728
34445
45014
28118
18116
22501
16115
21450
20395
17940
15132
22135
10633
22866
24969
46032
23725
28550
28204
29437
17006
18755
23593
34005
34394
33043
37631
20085
38752
19369
25351
28388
25053
15684
16477
22492
20906
25804
22350
24219
22181
31669
15456
12813
16470
17591
24288
20592
18478
18002
23734
20994
18073
41892
60828
23851
29224
26622
27438
12668
14925
26797
16984
20565
30647
15562
23036
19750
35922
25069
23047
25663
15707
20316
18922
24466
13528
21959
19714
38576
20946
31290
49316
27885
26774
29159
18042
22917
34241
34530
18803
28685
14032
19712
35115
36306
28811
17760
16629
22813
25401
19462
15385
30453
19664
37898
34746
23518
30285
18875
12992
16788
24191
39162
15032
27434
20558
27279
22043
33322
44093
22713
33499
42603
55220
16162
24841
20598
22634
22129
15924
22493
28549
29595
32801
22964
10824
26737
17104
27016
34348
46862
21362
15201
22684
24591
32166
28806
32893
37021
31983
23568
14096
18534
14848
23085
28300
25182
10129
28225
25259
16863
14025
23128
27793
26610
29240
22288
18584
34800
54405
35942
19282
14973
27332
18022
18530
18304
21810
22177
31640
22729
21648
20369
23604
31613
22507
24650
20727
20597
18688
15166
29269
29171
21665
31573
20012
24988
21078
26562
23233
22866
38108
33638
15734
38348
24271
22221
15873
25658
21302
21391
16386
17830
18094
19029
17438
36625
33624
26657
25567
22307
22485
20170
20595
22264
25248
24916
23291
48008
33915
11523
33109
27017
13651
15915
28074
18833
20663
27565
12719
18803
16474
20501
17996
24362
25781
22778
32058
28709
50877
30193
22600
26530
64599
13108
9918
18844
23574
15696
18077
22293
18297
20995
31296
14744
26941
22486
15043
23365
17478
18789
18552
25268
43371
25185
28745
31073
23182
21440
15928
30065
22098
33692
63531
18194
35024
25446
21580
15987
18546
24703
23053
25431
27252
28149
25133
22177
18291
30101
26606
23926
23594
22718
29568
37506
18883
19413
19580
17768
28085
18086
39064
19646
18810
23554
17114
21135
37748
29046
21313
45560
17047
37043
32004
29902
16239
17348
23825
23448
54854
29286
12693
23104
21083
20250
11870
19367
24507
24864
24816
27098
29166
47554
21562
21274
22440
13166
38290
25866
23356
27107
25688
28651
23352
21305
36163
37444
20655
15059
16410
28884
44524
25118
37725
19927
25425
20598
18764
20925
25639
31154
31715
31370
29103
23014
12639
29794
24843
18544
28533
30645
34682
19489
24592
16536
27336
14700
27189
37536
64927
60828
19377
18606
24378
13266
25640
34067
18562
24038
18380
20226
21556
25928
24300
24377
27370
21569
22691
15117
44436
23185
27131
21265
24823
44192
18238
29352
36135
46016
28019
34487
26093
25476
38302
11288
14160
15412
30408
13814
24657
14394
20753
14232
18877
22850
11984
20159
21991
30756
24260
23827
24251
27897
25838
20513
20948
19993
19788
13367
28347
45719
66390
87962
21599
15932
30810
24950
31852
23318
50039
35216
26785
24296
20582
53909
73473
27611
22593
31477
18601
21999
21726
25112
30805
22199
25081
13184
45362
22538
22282
20429
21598
21568
34458
23289
19934
24364
16515
14726
19104
21188
26207
45446
19552
19082
17167
22311
19672
21817
30618
13933
20161
9377
19577
37532
55536
17327
15738
12589
23244
39670
40637
82539
20476
14359
21826
23739
18067
19603
19242
32145
20228
21220
23293
29891
46391
57356
45093
81861
17218
19603
18588
18689
33414
17169
16904
22581
21602
36707
21448
12374
35899
23051
30673
10214
22856
21360
27138
28191
16551
16471
16667
31795
45191
30329
22830
40848
19959
16397
30344
51102
43311
58784
49814
67434
51851
49617
23780
27770
15715
23196
27320
31621
34213
22483
23110
14604
24966
29735
17072
18198
26795
27765
31434
26465
17316
21064
25448
21309
34310
20153
26955
22002
33164
46985
13631
20892
19856
16556
25878
35308
18068
9779
23069
17433
16028
19091
17411
26579
47223
16363
23383
26111
34091
36247
13044
14898
16953
16929
14639
22355
24614
18305
23373
44377
41751
20610
27582
25788
23610
25230
22724
36688
19271
15728
18559
22399
27468
13474
25548
20825
20574
35122
38250
11048
25437
53943
30736
33864
17429
13400
25969
18843
24737
25556
17834
21609
21761
29834
22668
23447
21991
22061
23935
15030
17772
22628
23969
17875
27745
17980
25819
21371
23905
25765
33891
44484
31104
42749
20708
24134
19308
23093
13737
20032
39542
59031
42819
15659
23205
16269
28131
33070
17250
21526
22578
14529
16403
16757
17728
19505
37159
41282
71193
71061
86806
68988
13598
29600
38501
60543
31372
90828
80407
31601
39076
24477
33106
23185
34938
24074
25763
33339
14170
32050
20174
24008
26533
20281
62918
11365
32528
25036
24451
28720
16532
16467
23443
9473
16807
22426
18287
23435
21160
26095
28078
33867
23305
19889
19537
21831
30140
28727
20517
28308
16961
14604
26905
35520
21764
19324
33869
54696
27151
24175
29768
35680
19246
20746
35867
38931
22898
37323
13318
24134
31650
22719
23016
18691
22351
16324
18306
29749
27441
21143
33966
31780
38707
57360
38537
61440
43878
31509
28953
30576
26671
15633
59172
23651
13304
25678
21372
17822
23965
19243
19318
21878
21069
39184
21390
21476
28762
25641
13412
18494
14963
23599
21550
48612
60876
36942
16556
35398
17600
15709
16539
23767
22452
20110
21582
22984
18870
17342
31498
35098
19827
18631
29357
20153
21663
21610
21766
36517
51523
16931
19552
24690
25821
16043
15614
23230
40104
30617
16961
20604
16595
19380
34401
37533
22089
21245
16014
20536
25269
20045
16528
39820
18760
23096
22424
17249
19046
20513
30314
12444
17331
19361
17871
65487
39946
29245
13399
12044
22198
29036
35064
39206
47823
17151
19819
19670
21086
20784
24926
15949
18596
16240
17010
18561
10540
17255
16821
24543
26001
28074
25350
20885
28527
11994
25544
40015
27893
24636
18965
23276
27321
52438
33557
17812
21454
22947
25477
16782
27946
21130
18417
44819
62036
20360
19592
39214
36233
29952
38335
35519
34506
22130
22676
20389
30413
27560
43818
15448
20195
16402
25651
51925
21603
11149
17182
20919
27591
32512
19639
23910
18642
36072
41042
30349
29719
42585
24212
16040
16644
39377
19758
27868
16468
25510
26625
30156
16028
16839
24926
28975
22808
36404
27333
13467
15610
17776
18829
27966
11446
13627
20472
20316
19452
24912
18229
24962
19656
20866
22590
30761
33855
23448
18371
21616
16466
23968
35050
18875
23732
21207
18750
26409
11410
11967
22945
28399
19101
12090
25072
15849
18882
14160
22209
17009
24304
21777
41476
48987
76752
43450
53770
54561
51915
20726
25745
23552
23815
21761
19357
32519
22416
24492
17386
24301
29528
39652
36976
24855
12986
14454
11044
21857
25344
18853
19172
30747
25189
29563
14877
23037
23991
23863
16553
16201
27661
25494
16462
49026
44410
49229
17008
22571
16161
23363
21408
26757
19169
19242
20762
20046
16690
25193
25858
29012
14119
16678
18642
23543
30679
19329
21828
12321
25488
27701
40651
19852
20235
27727
18360
50504
39255
28357
19944
34670
33048
46005
39565
17637
22612
23929
24236
21298
27466
17746
23629
37118
22480
17542
23730
27778
12841
22489
37596
19648
22966
26316
18229
33392
20594
25354
13042
22733
18818
33750
23617
26685
27463
37524
50463
19409
20029
18037
26540
21858
11577
22919
28527
38378
38999
20691
18456
22581
21976
23027
14972
24928
43652
27240
22946
21325
17400
31529
26171
23661
15903
24356
33702
43033
50220
19548
21774
25661
17157
18674
19153
45150
28416
26891
36164
34124
17708
22489
23047
17563
19408
12035
20851
24864
10719
22120
16820
18718
12655
27685
49173
32568
30562
31672
20060
31882
29947
20729
25849
18469
16910
18683
32057
17867
25206
23661
27713
29461
14818
17838
24538
15836
19871
24167
18821
24928
36790
40812
35641
19219
26584
10635
17011
29229
10607
31266
20041
18625
31681
19873
22701
16971
19173
15437
24219
21122
31215
33096
23372
34425
14245
28958
15771
27049
21391
23609
16643
21762
21503
23736
30450
13383
32294
18532
30156
29664
49190
35796
25622
21746
26597
35968
18716
14424
23685
20257
31101
39709
38493
20916
29894
26828
16429
20728
15997
26180
16825
20832
40712
29320
28047
28853
18945
31960
27184
52269
37433
36967
58385
29715
26677
20115
14471
40388
46156
19229
15418
27513
48654
72217
53610
65288
22594
12635
31122
36523
21532
18374
12631
15815
19447
16475
14656
38286
16022
33486
37591
29620
33953
46922
14633
25525
29716
22130
28404
46786
71811
12671
17801
21884
15378
17830
21762
30969
22635
17841
25148
11105
21221
17865
22517
23607
14107
18030
24251
16858
14706
24376
25591
20419
14535
32361
19534
18177
17332
10686
15861
21400
18257
42938
22774
20440
11624
20208
14463
17745
18734
20283
28923
17769
13080
10960
18431
15992
25492
20007
18961
23758
26386
9811
16706
28928
53866
14340
21701
20165
19341
22599
25404
29289
24260
20524
15212
16803
15383
15939
31453
23063
31406
37806
35358
38959
31407
16023
13235
23409
28266
16276
22819
19121
62669
22019
20719
11148
28729
23359
17661
47669
14204
28556
23327
22244
44482
32455
16701
19978
14340
17696
19826
18820
11442
26286
49734
17235
23495
35455
19753
28976
44000
33966
24852
12108
27431
15477
22557
18861
19111
28136
32524
17181
27577
24077
27987
25439
48080
17738
22898
19485
18599
33905
32594
15285
10750
41214
22097
17111
17492
10372
23815
22969
24469
21271
26451
22091
18833
27646
23271
17269
22705
17147
31942
53955
88819
19646
25434
15968
28472
25715
20109
34598
19085
27612
19009
15755
26083
22265
34692
16985
17523
22610
14740
47526
29919
27022
35538
26392
48867
16827
24238
20597
28200
47611
30629
21791
51038
77288
50751
41407
26178
15009
39281
21840
17800
24729
16823
18444
27094
34216
31645
39748
31255
20804
27777
22127
17484
25433
19461
19108
11992
23484
27152
28099
25895
13032
26163
20975
20144
29576
21475
27903
18984
14052
37423
27259
50289
61836
35542
21445
23880
12892
18478
20716
14479
25762
34196
28638
18405
17253
39200
16816
18879
23017
30064
16648
18491
25930
19227
21951
32737
17104
27063
24878
23077
26936
23936
37368
14864
19880
23806
21187
13600
31942
30134
21042
22167
22376
11936
15213
14259
20426
17462
11072
25714
15962
18423
27003
