26434
19094
29157
16065
21019
16462
14553
25422
16908
14179
13019
29411
16695
28937
16326
13418
14768
14307
13362
16400
23920
14224
14457
14682
14501
13677
14102
15282
17048
15329
26546
14526
14779
12551
19495
16201
15048
16513
19194
32603
27601
17684
15005
15079
14531
15626
16913
21402
17819
14916
18071
22740
16640
18559
15949
16131
15689
27077
19865
15460
18135
14873
14898
16353
18880
14291
13459
19632
14990
14208
14703
16077
16661
16104
18311
18891
22476
24811
16324
32949
14050
33414
22536
15503
18666
13931
19615
18554
15905
15651
16783
18269
24485
18473
14523
15492
18740
14567
20643
15620
16449
14648
15506
19970
37917
16560
15101
20835
22387
19589
21426
13983
14881
22295
19945
18145
13755
15190
15742
15104
23025
14447
19735
14514
15147
11978
21858
19025
38141
14689
15803
22866
15519
16257
13134
20446
12966
15349
24785
13804
18907
14333
17096
13714
16987
16776
13918
17624
39884
13699
14374
17405
16399
15024
15687
13706
13458
23410
17415
15466
28033
15730
14336
19684
18727
38406
34106
15863
18780
15534
16144
15064
18696
16109
19383
19559
18931
14180
18809
16100
14846
17265
19745
28596
13937
13390
15813
16559
17256
18152
19829
15902
18854
15606
14973
20478
13687
17381
15974
17107
15398
18294
20655
16493
16831
16316
21137
15683
25209
15717
26053
24638
17310
14752
22705
19271
18040
17600
14815
14550
19625
24824
22514
35762
15341
17241
16085
17508
18934
19438
13747
14367
14325
18557
14724
14267
23970
12646
14547
15902
15615
18863
19266
27823
16348
22206
15846
19538
16300
15123
35062
14243
18198
23507
13567
20857
15395
14157
16511
17194
23232
15238
23007
16659
17489
14786
16336
14924
20377
14169
15956
15235
19754
15330
14386
15116
14702
16114
15748
19563
24951
18488
18123
14700
20488
17508
18245
16074
25155
17553
16013
15079
19109
19485
23839
15118
16259
22890
21408
15208
18412
20695
16531
14168
14945
17881
27203
30947
15058
20292
16232
21391
14618
19414
15762
14860
18826
14017
18878
15356
15760
15379
19045
15864
17069
19957
17673
16551
13958
19368
16670
16534
17556
14837
14144
16186
16728
17891
15958
28325
16767
19049
15055
15805
23131
15011
46522
29521
16290
18805
25195
18252
17433
20353
19130
17851
14352
15420
16071
19660
15412
19772
17495
16036
17029
15478
27994
17485
28384
15947
14939
18099
13500
14735
20980
14670
16173
18711
22205
29629
17013
16537
14731
16245
18045
16208
13682
17302
19244
14162
27916
14755
14460
19766
19340
13950
22481
13310
18908
14660
14184
17844
15238
15448
20493
19321
13979
15054
15635
16202
41532
20625
15338
16891
15024
13963
13006
18137
19024
14339
13849
13613
15225
31367
14519
15414
18354
16432
15500
20225
14910
16080
13675
16567
17699
19157
14386
26701
15789
16109
15831
32333
19034
19842
23352
13764
15068
13915
15289
15324
18727
26868
18851
16116
20766
16495
19522
28442
14102
14680
21463
16954
14324
15042
18556
15362
18182
15206
14546
14557
17285
17289
27080
15319
16711
15899
20002
15795
14807
17576
15393
22496
45540
19449
15823
15104
18582
15430
16138
17476
14269
18945
19502
15619
21539
27245
20578
16664
20975
18074
17505
14595
18248
18039
15919
15643
18856
15681
18881
14752
18831
15338
13912
22395
25368
14795
14315
18766
19662
13417
15295
18852
14092
14123
13536
18218
17548
14198
15994
15068
15950
16155
15616
19374
13833
17401
14543
24746
19563
17702
17019
19438
26412
15067
15188
28062
13060
25840
14497
17715
15624
15486
15798
14067
32754
15402
16733
16496
29414
14993
15401
16226
15810
18422
13976
14903
14350
27707
15384
15525
19187
13705
15306
22969
17971
15315
15356
17569
15782
13387
18121
16903
15256
22037
13955
16208
13751
15515
14613
13541
17091
13754
16853
13596
30719
23248
20307
15773
17217
17013
15398
21980
16461
23651
13910
17848
15304
14675
14841
15181
16505
16732
13895
22555
13641
16222
19712
18284
16676
14445
14183
14329
14297
14922
16608
20258
15662
15235
32490
19814
16667
16329
15539
17041
22703
21961
24511
14914
15382
17686
15982
18861
15407
16208
30486
19684
13590
20593
24924
24121
30762
25895
16682
15586
43332
31215
23602
38908
12761
15353
14978
20617
18581
18333
19152
14733
30721
14944
21120
16211
15701
19610
16217
17064
15686
16379
24534
14200
27274
18052
15923
14368
22114
21241
20576
16720
19383
14792
17179
20073
18838
16409
17595
16810
16746
18633
14240
17441
17885
26348
18799
22114
15717
14871
20074
14736
14937
23730
14605
16739
18394
31108
17739
15012
22161
15294
16058
20001
13443
17478
17371
16307
38878
18378
16727
21333
15672
18471
18568
18498
24903
24668
15481
16763
17922
39694
25434
22490
24640
23771
16022
21639
43116
13421
18346
34474
20691
21042
15091
14836
26146
21722
18093
16001
14400
30530
41848
26774
16580
14298
26703
14997
14776
19260
37529
14985
20513
20142
17744
25084
16150
14881
15822
15530
19238
16086
16164
14806
20485
17429
14816
23977
23785
13507
14623
14848
15924
14788
14440
18179
16437
17615
15385
17093
26743
41282
20593
18392
20050
15656
15405
19342
30836
13765
15585
29210
13323
22983
21442
27147
22852
37503
53942
16032
44665
31761
19329
18147
19955
16176
15670
15685
13189
23877
16564
16838
32118
16595
16206
19059
18297
20186
18230
22393
22251
15624
25132
21834
17614
23254
14737
18496
20667
14862
25258
37313
25756
19177
22113
20573
33120
45336
45105
18085
13283
16500
16243
26564
15915
16326
15892
16022
14255
19701
19455
30172
17122
25539
17739
18975
13989
34476
15610
28600
19965
28801
14350
19278
13900
42316
19776
16026
17342
15875
25218
23856
15245
15111
20278
19979
16766
21507
13863
23127
16833
14371
16049
15704
16748
19012
18830
20167
17280
19189
16360
20784
25049
21491
23751
13847
47628
15474
22170
17001
17795
15267
18602
16723
33918
18076
14848
15861
17045
16634
18479
17657
21210
24764
13992
18723
35820
19368
15893
32741
28478
18445
15659
15359
19511
15803
19983
22192
21709
18574
20318
25225
15594
20208
24307
15449
22055
16932
27394
15603
15080
15197
14499
15262
15568
36744
15571
15871
16116
16799
14983
16710
16412
23175
20936
15466
15293
25023
25302
15827
17314
15055
17724
16591
34724
20697
3180031
3331209
2705573
2009431
3001023
2393930
3415375
2570800
3934425
2509311
4285409
2879645
3217701
3053785
3143000
3078509
1661430
2966376
3027802
1698145
2944053
1533561
2889072
1850162
3082009
1759214
2884249
1461679
1250779
1001455
1081731
1294335
312224
1191473
1037958
311490
655101
451634
431831
484993
501436
367561
771479
450904
757879
314340
452137
318326
515915
487817
319421
310545
377166
314034
460193
488042
440842
570474
642692
780395
927692
1114551
1118022
497109
1032898
1173653
403692
597499
490615
697415
572398
370906
330231
423763
313370
312239
591495
312759
765356
315778
528016
433482
489569
674070
895773
456702
1107365
711149
1167335
1079713
522671
1152209
670958
1337049
412110
320636
314693
312492
314463
322066
612803
638805
804927
314638
312236
345664
453967
316022
380936
609394
314446
589944
428156
464221
264440
314862
16404
18567
17852
16806
14658
99452
77360
22381
28654
68014
56196
19856
53710
18283
86433
46681
63073
72296
96622
49784
28312
62844
16495
27978
16104
16523
16993
15167
16035
15934
23399
18457
14635
16818
14096
14870
15433
15195
28647
31609
28190
16489
35752
15126
20330
17530
21152
17159
16891
16694
15299
17165
19677
15306
16212
16100
15318
16039
15580
15303
22566
37592
18602
22211
45672
51475
17104
18799
23850
20463
14238
16057
18265
16784
14635
19169
21947
16909
16543
15364
18964
17309
14019
15629
15455
16379
17080
14910
18971
14261
20773
18719
16066
14206
18267
20331
13850
15627
17919
15477
18047
22040
14122
15445
18845
16832
14549
20268
25037
14292
16553
36481
14144
23670
23610
24045
16917
26256
26478
17395
16504
14641
15311
15420
20374
15299
15482
16990
18644
14793
14243
18219
30252
14710
16170
27787
54832
31181
46488
50910
20130
66512
65494
35328
76565
21140
28196
20824
15431
18181
17724
15073
14798
15518
18029
18054
14762
26945
16112
16123
16882
15016
15414
17275
21986
19726
29428
14300
16456
22603
16704
23475
17131
18210
15159
15940
13805
15551
13130
16917
19026
14623
27438
17314
23225
16913
14026
20646
16223
15280
14496
19976
14896
20665
17472
16234
20673
14500
17913
18522
18166
15377
19178
21020
17270
27216
16020
16472
15501
28310
17753
31129
58051
31088
57250
74809
67247
25575
15622
15558
15268
16677
14332
15414
14532
13845
16337
12666
24440
17852
19416
18768
59752
66218
30086
55919
71241
35592
52611
66826
42672
43211
57638
30601
16235
21176
14059
15241
22179
28868
16740
15715
18280
28541
16788
16742
22137
16415
15290
14740
18621
23227
15354
15771
14894
14797
22338
21449
16749
15537
16260
18664
17892
62171
83950
13835
75587
83262
41169
16296
33864
23144
22927
51159
22693
69649
30966
20821
14245
33948
46748
17665
16140
15566
27966
16470
15070
16267
17059
19093
15338
23466
14974
17259
19411
28638
13555
16731
14680
15226
18766
14936
22021
19629
46805
17794
17596
17291
15770
26695
15691
15286
16215
15668
16413
15349
24015
16212
15549
15296
28798
18500
18880
50426
26334
60927
39885
50209
23971
20185
23253
18503
15874
18628
15420
14365
13426
14122
15784
17158
19317
30898
14638
13796
17537
14987
23126
16124
45708
15732
15857
31606
18859
14285
20796
45350
34444
15087
16271
30373
15349
19207
15964
14734
14331
17129
15949
14215
17414
23057
16682
23839
14820
13055
14859
16195
15285
15537
20610
15063
20461
34435
44766
16992
43048
55590
33964
16079
17900
14625
27940
16541
19133
16501
13988
15350
16958
16476
18088
21419
27330
36062
45915
17765
27946
14257
22211
27715
16846
18165
18248
19751
21020
15190
31007
24551
14540
13946
40094
16481
15616
18409
22868
17002
17478
17381
15938
16257
57789
41964
16386
23630
23671
14129
14839
16700
18575
14441
14277
16516
16538
16158
15212
13980
16919
16413
19481
15564
17741
21317
31483
41121
47942
44026
17374
18617
26261
30541
15309
30442
21139
17612
16258
16507
17802
16131
17644
15720
17775
20584
21008
15170
18301
19086
16572
14501
24623
14589
15802
15791
15362
22516
15543
14155
16174
15084
14630
16778
32071
14659
14410
14684
16339
16507
35101
14895
18660
21094
25816
29640
38682
23058
16518
20054
13933
15522
14004
19636
14695
16633
14544
15424
17125
16719
15170
14905
28291
16186
14847
13902
39434
19509
14461
79529
17590
20133
13938
28586
15674
16425
17807
17138
15875
15735
23764
19840
17923
17018
17039
15953
16545
54499
17973
41892
16529
45545
19982
66724
94046
37646
33130
16454
49872
15410
14529
18525
16831
18566
14890
16754
16353
22729
22030
19077
16125
15480
25696
14846
17228
54631
32109
59194
49582
17462
37270
77398
44305
85998
21322
18547
15286
19610
15601
21690
15525
13979
21380
22133
16806
24541
41541
38450
29019
29291
29683
26894
15647
16490
15743
15087
16196
15454
18900
14486
21525
17093
17250
21193
32352
27146
28785
19998
14544
16710
18809
17452
17526
15958
14253
16400
15782
15512
15216
16465
15851
14473
18036
29610
19865
40761
79973
27017
27035
56392
14863
28289
39445
30038
51537
17051
16482
14965
20096
16501
15786
16904
35758
16448
22170
14651
17723
13697
17247
15430
16171
17282
26768
15694
18056
15399
22012
15668
29453
33622
27819
43054
56666
29426
16807
19992
15846
18253
15078
18730
15897
22230
16629
18032
19888
14139
20721
15996
15894
14917
13936
22317
45512
15812
16390
17974
17141
17797
14869
14218
13083
13766
16963
14955
16226
15801
17309
19926
14619
16113
17204
23561
15472
15436
22074
20094
29343
14321
19167
25728
15537
15900
15007
17924
13423
15102
19626
12730
23860
16259
38938
44297
43300
55809
38238
28001
52338
17005
17318
20010
14629
14616
15717
20719
18314
18535
28128
17396
37856
66664
15904
20313
15210
20061
31468
21464
20291
21853
16331
14427
15214
17240
14844
14731
16672
14821
37211
14988
72169
17399
14845
17975
16905
20355
17964
16977
14920
16060
15971
15124
14610
14086
14679
21701
16310
16675
37039
86142
39839
18463
20308
16637
18213
25036
15442
15469
14362
22833
13822
15927
17293
19865
26099
20754
17274
24158
16450
21003
15246
14362
21443
38387
17887
21293
30628
14626
14536
14369
16305
14132
14538
19018
14965
18127
17599
14493
29578
14431
16120
16498
18376
20025
15442
21502
24863
67554
51752
30609
65515
19481
18744
21305
14184
15295
20848
13621
14421
17337
14386
14419
18340
20477
33539
16450
57537
20930
19050
19847
16663
15529
17684
15496
16963
14057
16506
17850
18810
17765
15308
15594
14217
39721
25687
29744
85476
25803
94522
110548
15380
20532
13502
17526
14946
16124
15511
14265
19966
15451
13890
13978
26686
13816
18209
14871
15077
15948
15339
17313
17234
28831
13399
17957
20037
16354
15874
16761
18584
19486
14745
16745
16220
12599
51176
17487
17039
14482
18328
17924
14748
17183
16368
13532
15380
15521
18868
16341
17831
15324
19149
18122
34851
20456
14579
18589
19593
37831
21148
23036
21372
22167
15266
28445
15889
13338
13488
16835
19675
14794
18151
21077
17248
17488
15686
20890
18220
16854
18654
39052
16652
13044
18135
15736
17419
17031
18265
18487
18658
20970
23649
16610
18819
18031
19345
18662
20417
46050
16562
79532
21635
20607
17135
15923
46316
33674
28009
15271
20537
14096
14467
16868
15895
19265
16415
14754
14465
14296
14562
18851
17820
34846
16060
31751
15487
15199
16395
19094
13690
15004
15171
19647
14900
20053
15722
15860
17234
14499
14918
14029
14462
16184
14887
40602
17728
48995
16546
16990
14788
17351
15681
15359
18222
23533
19840
16850
21147
24018
18380
16526
14978
16595
18279
23244
18450
39925
14696
16231
18535
14405
14593
14802
16016
15430
16498
26312
14473
25599
14879
13962
19051
44666
15630
24278
31332
15147
14324
14323
24736
13349
14421
16864
14901
24655
18484
18453
14826
15798
13790
16828
18455
14216
30175
30993
22293
25658
15385
16369
14942
15220
14939
19545
17527
19870
14321
66106
101141
59219
130265
38543
31237
33789
19677
15574
21402
19743
15311
16674
13530
14127
17254
16104
17352
15309
14078
31248
39048
17934
31629
28379
22371
62942
50714
21727
24386
18259
13533
15859
24676
18766
15585
17488
18252
17987
39433
18973
19240
16696
15613
20580
22736
17045
17952
16843
25594
18579
18987
17329
17696
16422
15888
15632
21366
17828
15333
14190
15327
25083
15903
17199
22895
14813
16281
14133
35667
38705
28325
19621
18263
15071
48009
27406
17631
30043
16716
14669
20919
26072
13804
17292
34956
16962
16996
15855
17290
14635
17129
15456
27484
16750
55506
26914
16343
32940
52639
24753
26885
15253
35693
24919
20413
21888
20075
34726
12497
16973
16665
15905
15067
15168
17111
14890
15081
43670
26889
22823
25243
17245
35511
57338
24428
15314
15010
18876
15326
22236
16483
18471
17134
13643
20776
17594
15605
15561
24535
15854
17917
27596
15363
17555
25844
16031
14559
17818
16874
16008
16407
21852
20458
16322
16355
22052
15652
14564
16488
26245
15899
21859
15353
18530
33843
63636
49686
20825
61725
35383
40045
30328
56924
28493
14140
15853
26222
21786
17999
15086
16341
22748
14691
15160
14412
15146
15157
19983
15922
17808
13852
16015
14405
21468
25354
39994
33894
26296
15928
23916
16050
14959
20613
19921
13380
13883
14246
21918
23556
18503
13907
15538
16056
16661
33078
39252
15997
20688
45143
19091
54212
30687
17548
21253
23594
36942
14770
15958
21108
25360
17687
20375
15726
20019
17154
13803
15484
15797
23007
38568
31539
16848
16873
16305
17771
14523
15794
16572
14125
16800
20677
14206
15087
17575
14297
16433
15257
14961
14401
17985
20809
41154
21864
14908
20328
15043
17123
15638
27773
26685
16350
26836
16407
15239
19587
17590
16901
19294
18828
25111
14681
16238
34171
46032
19614
19939
22771
17106
14853
16203
28974
14781
17482
26072
20122
16230
14914
16281
15879
14965
13537
17437
16661
15884
15917
15511
20996
14864
30075
17285
22070
24436
13034
18491
97656
119477
156174
45910
40505
29462
43971
31480
13527
22737
14246
26321
24599
17812
15879
18301
18960
15479
18179
52417
33630
36092
23895
16219
17497
15627
19192
16321
20503
17292
17378
15356
19907
24294
22136
13515
29586
35596
41642
22001
17620
31536
14771
34942
15360
21357
14687
16179
27028
15777
15675
24941
19897
15622
32175
17746
20905
14732
15577
20829
26465
45355
20130
64415
26934
19022
21969
16924
21853
13559
16526
14376
19382
21223
22164
15608
16816
15994
15843
32949
25907
47735
37839
15079
17920
15345
14842
15447
20757
18628
16444
22318
24365
15774
19636
26682
32647
18900
23689
49691
69083
75832
85210
83863
18507
16370
16339
22788
16950
15445
18998
14425
19771
16253
18942
19995
23927
20742
19616
16055
53875
68839
42923
24637
15413
19424
25801
23799
58102
20712
21205
20936
16778
16912
16956
17794
17677
22531
24213
17051
24677
16358
18540
15347
17009
16864
18716
30809
16164
16832
16800
26009
44212
19950
71111
67919
47225
15242
15170
17409
20529
17289
15417
14636
14142
18864
15811
17454
14758
22927
20884
14630
30797
15727
17394
36660
15883
16561
16542
27548
50463
20329
19022
15644
16262
14879
15918
15872
14982
16119
15973
15429
17017
17615
19751
16201
13781
17762
22378
16787
16411
14979
20846
15909
15945
15280
24206
21807
19249
15049
14780
37523
15936
14340
18359
14575
14905
14668
16690
14812
22844
17105
27214
17831
16291
22084
34320
20975
49527
27655
21571
26900
25265
52951
67559
63524
17560
24253
15541
20766
15348
15047
20508
16252
17886
14015
15932
15432
15587
14201
14891
16395
25499
22350
31315
15665
63612
15626
24604
21614
17558
13809
25675
18546
17641
16062
18047
19118
16753
15714
14960
16845
35836
17679
26286
14450
14653
18539
15935
18118
17405
24394
14145
17583
14684
17146
18066
26309
37650
49689
44977
70151
24733
59764
42180
15514
40035
33992
17846
15541
18004
15162
17049
14123
15473
19373
16514
24002
19143
17131
21055
19001
18891
16871
48775
20115
38220
30110
21170
81715
25940
20982
20111
15964
20882
16795
19139
18104
20978
16843
20097
15932
15963
16644
16825
17073
15956
14622
17427
14960
18634
13827
16626
18137
16819
16806
20114
16979
16634
41112
16147
17112
27501
18286
14776
15435
17220
13884
13840
18553
15858
14080
15637
33604
40610
18566
15027
15301
16564
15359
20243
13887
15868
17204
16039
26704
17606
22680
78432
96810
35896
39859
51821
15492
20082
19096
15247
19117
16780
17410
14822
16351
19382
16997
18101
17866
28470
15715
17039
16349
15258
20130
15907
19561
14920
17459
14502
16765
19639
14140
21176
28409
18650
17302
15188
14888
16868
16589
16141
30558
18284
14499
14337
23040
17320
17207
15232
19186
14797
15335
16317
29344
16161
51400
65034
54837
60017
45508
23055
30978
13745
15091
15864
15911
16409
14051
15394
18059
15996
18872
16766
16041
15875
16205
15949
17505
24135
20354
28216
41561
16611
18068
24432
17970
23442
15692
16634
30832
23768
19027
14291
16307
16680
20927
19471
19108
14646
26385
13990
13319
14331
15632
17723
29949
17743
15064
26213
15068
19994
24149
24450
14165
14693
14024
14144
15895
16552
15265
15152
16621
19670
39761
19499
13902
18225
19414
17142
13799
14496
16715
17543
15863
16690
13503
16112
17822
24445
46076
13925
14763
17795
24489
21405
68264
80312
63668
25995
49298
50401
42569
43090
18085
18314
17774
17837
18854
16059
15647
25256
14143
19730
14887
21381
20582
19221
21193
19977
14995
17712
20020
18137
30522
21101
88103
14074
15773
25848
15203
13319
13205
14057
21335
17225
16021
21826
17641
15533
17363
18138
15023
22539
15237
16875
14627
18469
13892
41785
20339
28625
33707
33440
17808
15263
15053
14977
15978
19443
17404
12904
14652
13675
21828
14861
15436
16548
16684
19504
12932
15514
13406
14547
17684
14350
29983
40762
26975
15358
25411
24708
16950
17899
15931
18818
16850
17298
19097
34219
14461
20528
17647
18604
17398
16661
14991
26150
15676
19675
13430
17876
22702
16974
15425
19617
16074
18381
24518
20521
22197
14423
15583
17994
16997
18314
26763
15893
30371
13614
15769
18233
14179
17673
17780
21584
17243
20740
17212
18580
23002
23442
18301
17902
21351
15411
18232
45675
30374
44976
35880
36138
16290
16971
17724
19746
19143
15921
17444
16563
15471
23510
16374
22101
19471
15907
31818
36269
41384
78592
76503
77558
47711
52775
16872
38251
18035
14553
14482
15519
23220
14255
16979
15883
16334
15636
20520
25287
16070
16158
16185
32073
16923
13938
17301
20459
27668
16591
28707
47901
20766
17340
18806
18187
24097
18685
15618
17528
18116
19925
15402
17305
17181
18482
18985
36833
29067
40449
53445
53474
22788
89766
15308
13251
15507
17778
13778
14531
19718
12928
15079
17149
13904
17776
15336
15194
40795
33503
56821
55223
17128
51125
15765
15458
14653
16502
15858
16793
14135
14593
15994
16145
18214
16531
14847
15427
17777
13861
17389
80914
44687
24451
15418
54276
17268
21829
17970
14126
15670
13365
13625
18832
19666
19160
16819
20616
14971
15222
18663
16931
19116
21876
15795
18649
43628
14390
17158
20777
20200
18818
16368
15924
20027
20077
17114
14935
16000
26780
16347
14131
32977
26762
14266
17379
16801
16669
20232
14199
15872
23796
19068
18095
46995
21904
21584
19659
16012
23969
15195
20219
21566
14901
23250
16179
15571
24571
15128
14870
17328
16635
41715
17529
16042
16579
15975
22663
14951
22144
18418
26587
16396
13869
25130
14474
18645
19788
14946
14097
15899
29242
17710
18973
18569
19647
21210
16852
14689
14885
14968
21005
15018
19697
70950
47831
26963
63822
15329
15394
15378
14930
16558
14748
19962
14615
14280
16846
25735
16237
17554
20157
18744
17117
15615
17251
32981
14960
16595
15875
15590
15526
19152
13190
16164
13900
13378
16119
31244
47959
56246
68221
27535
17523
17282
15958
14411
27344
16374
19968
14094
27263
18528
18921
15461
24793
23864
46461
17428
48545
85337
15625
16323
36415
19221
15149
16608
19326
21852
14910
21331
16387
16256
13547
21265
16778
19719
17044
21575
14690
15181
17249
14964
21494
21352
18871
15996
18553
15553
17278
15556
16042
14581
17564
18789
18895
53057
15320
69976
14263
46159
18256
39558
20233
18276
15224
14004
21381
15686
16398
16871
22708
14147
15808
18071
25232
19964
16166
20154
27269
18395
14899
17341
15916
18836
15404
15745
18791
18583
17464
15048
16556
30402
13423
33513
21516
45500
21838
28185
15803
14246
14058
16829
17184
18707
16936
23142
16350
14399
15310
14603
17995
16026
14610
19876
16457
42541
22487
15314
14721
30042
33605
17905
16471
20319
15871
15047
19291
17198
14710
16377
13655
18480
15633
22037
19421
27587
23408
33449
15495
15420
18546
17635
15999
14868
15906
16353
14659
14108
17967
16658
15265
15458
20784
43570
39545
19872
36583
17100
36661
20052
13526
13111
14194
15157
14876
17577
14214
14926
15422
17287
14985
14308
15309
17891
25540
25215
41103
36814
86687
42334
30639
13798
31672
26243
26811
13465
19518
17749
28689
15191
15614
18563
22534
18618
16299
20784
23226
15421
15820
17113
15307
15329
15666
16533
17437
16846
15532
14983
15506
15386
16323
16832
15916
15080
16594
16911
13389
15910
18988
17616
21449
19084
27822
46598
46151
15329
20815
33798
15286
18832
16739
14256
17995
15848
15784
15514
14422
16750
14862
15598
15116
20745
17803
14012
17088
17432
48489
36786
32825
37501
16890
15209
15885
41607
14180
14768
16948
16706
13851
18911
15904
15191
31654
13222
14058
14471
14461
15025
14216
23691
30864
19219
14209
13937
15750
16046
15266
14083
14161
13850
21865
14624
17960
29081
21333
13966
18641
16011
16859
15538
15857
20417
15996
15110
13389
24071
15271
16543
13684
15297
47405
19138
20105
26404
24224
26247
16704
16544
14740
20567
14482
15948
14143
16258
15020
16239
19688
16533
16943
16997
16002
18775
18253
19758
15333
17555
20614
39051
16218
24723
14833
16699
23909
13606
18538
15970
14252
21727
16754
13672
26577
18612
17405
18546
19077
21874
22066
21367
41716
21130
16602
23496
25915
29324
14079
29822
28881
32915
15403
17278
14768
16622
16641
15727
16231
17401
18737
17417
17389
20724
14933
16630
17010
17163
18704
15548
18228
16373
14650
16437
15063
15757
17528
15290
15755
17705
48294
18019
15628
16716
15534
14566
17750
30652
18603
17008
18077
15098
23099
29009
15625
19548
16701
14831
31443
14895
15203
16252
15916
14384
17802
16277
19854
17131
15545
17970
14697
15834
17900
23305
16850
23155
17068
14893
14924
14737
30528
14074
13949
13874
16798
17650
51897
17608
27127
18209
17005
16714
20422
16490
14956
15771
13066
15039
17942
20449
16959
24443
16586
19083
16661
15462
18902
16507
17000
15664
23276
17040
15231
16686
15009
18318
17231
15018
17379
17207
15975
25756
22755
21699
31524
19638
18844
39110
29619
21188
21947
31246
25525
19255
15256
36974
16416
22722
15956
18852
16948
25945
19627
15346
20929
22191
16195
45049
20567
25014
31058
16072
17824
18181
18258
16165
14391
17279
16690
15860
19144
15710
46443
15885
13318
17529
17915
30296
18386
15071
15991
22531
16972
16515
16179
16321
20891
16563
18537
18525
18618
25716
23941
18582
16760
23734
44218
16603
44030
27446
19433
20106
19442
15670
16150
24803
16878
19216
20306
19718
28479
17950
16106
21028
25268
54222
18036
14916
14311
13804
20017
15888
23678
27762
30720
15583
16259
18365
37423
16620
14658
14779
15525
14876
25266
56711
28026
24968
29325
34517
15291
20045
13769
17693
15133
14658
15291
15524
14978
16441
16796
21590
17698
16898
28391
51597
42947
29028
46579
37644
24559
14966
16684
15297
16734
16986
14517
16850
16332
15886
16394
19393
16016
18821
17898
18118
18643
21646
16174
28322
13020
16360
15981
19496
17154
14448
35470
16875
16677
15132
13735
12992
19569
14973
13555
17564
14455
17691
15309
14304
15447
15492
16055
16044
19769
25575
25819
13635
14945
28407
46918
26298
263885
260268
38124
6673
2899
3906
3813
3121
7496
7680
5193
4563
3000
4740
3383
4328
15869
9383
27758
17369
3210
3027
4914
3083
4872
3022
6505
7465
4419
3805
3174
4214
3082
4489
7067
3273
4653
11015
9873
36052
14353
80885
10696
30624
4686
4787
3415
6590
3671
3483
3803
3490
2900
4061
3493
6801
3939
3635
3931
3586
5725
3380
4492
4008
30030
19513
3429
3274
7402
3464
12488
19073
2823
3309
2804
3216
3329
11891
4131
5080
4647
7696
2602
2992
3665
3315
3974
2941
4028
3705
6689
12044
36957
5322
13977
23419
3305
2982
5138
4911
2453
5446
5659
10535
2857
16749
3010
7009
2850
4672
13473
3734
3395
16007
6040
5194
3797
3991
3310
5312
3963
6677
8937
5319
4837
16437
4721
2812
3027
2905
3156
3494
4822
3586
6364
2949
3139
3327
3532
3364
12382
3304
8701
3486
4685
4648
6779
6694
2684
2707
24404
13339
3109
17709
18471
6100
7541
15121
2850
5975
2801
3040
10743
3197
3741
3406
2886
7320
8233
3852
7757
3006
7870
4269
9682
6063
6037
2845
3145
4180
13396
3702
3949
7421
5801
2936
3368
5565
6566
3387
3691
3629
5168
2758
3438
6414
3104
5272
32618
24175
3693
4225
22406
2863
2994
3312
3367
2985
3069
3194
3028
3851
8939
4404
3453
3143
6149
4408
3225
7146
4443
4012
3699
4096
4348
3597
3445
8822
3046
19286
2890
2537
3653
39865
33858
67552
13286
15875
5732
16490
2497
7002
8287
2877
3623
2982
3535
2910
5437
18657
24570
9591
77635
21558
7021
47092
6757
2831
6961
3445
8298
3224
2747
2855
4847
6300
3379
2907
3264
12763
2914
3423
2676
3745
4342
3486
4751
7197
3778
5834
3578
2813
7244
11439
12896
8841
2981
4319
3965
2597
21196
2503
2801
5300
3362
2998
8835
4141
2822
3120
3276
3525
3453
3263
4374
13308
3526
3092
4571
8498
11063
13202
2973
3754
3320
3750
2855
7844
8514
8306
3320
50975
22389
24757
3033
4267
3927
7634
4425
3566
3268
5059
9119
3047
3851
3660
4414
2872
2983
3107
10083
4042
8275
8244
4939
2753
3189
4359
46524
3915
3087
6648
2965
5237
3226
8566
6062
8422
3591
3576
3351
22164
3556
13342
3662
10353
16153
15639
16891
10134
4830
3001
2864
4078
3272
3537
3247
2899
7048
3937
3781
12175
5731
3621
3343
4035
11951
11962
6893
16885
2545
4355
43675
4116
8161
9118
4751
3250
2852
4141
3311
5405
5406
5808
3977
10051
3082
3723
5244
6062
4959
37103
33740
14568
5208
2961
4899
3506
29484
2380
3098
9275
3003
4351
12131
8530
2667
3125
3705
2859
8228
3543
14123
3511
6365
4841
15431
54644
17503
5129
5615
5184
2749
2629
3136
5103
11561
5370
6271
11981
2973
3384
6967
3199
4379
3058
3067
3470
3680
4700
7318
17792
10637
4894
5301
2827
4338
2758
3730
2259
2669
6593
2972
8445
4457
4762
4381
4101
3025
2743
3248
7205
4296
6752
3524
4568
4358
3492
2915
3465
4312
2948
3138
3947
4237
3364
13018
3324
11714
3657
3139
2834
19453
11046
3786
3049
8315
2897
15267
6861
3229
3637
4079
4523
3105
9667
6439
8970
6374
13387
31509
26749
3834
12346
53424
3751
5708
4333
3239
3204
3581
4393
3450
2999
3501
6043
25265
11077
15099
8665
23086
21116
61153
2850
3486
3634
4454
3203
4039
6196
3609
5328
3021
2985
3249
4863
6857
3488
10750
3202
4745
2984
7826
3221
6840
3809
5144
4631
3760
5866
13106
7287
2647
7206
5347
2845
2930
4101
3622
3698
3417
13904
3121
3098
3377
6410
3047
3508
5992
4502
7064
6706
7354
2625
3849
6301
10264
14084
49974
10796
5657
9097
4135
4866
9796
4522
9220
3712
4019
3934
7021
3660
2573
6849
3115
6318
4386
3159
3463
3405
2773
3089
6277
5113
2493
3217
4442
8049
3233
3327
3084
3385
2870
8850
11787
7444
3873
3455
3574
3950
3897
38323
2917
20222
9649
9869
5039
5599
3227
3148
7959
3948
3392
16758
11969
4782
3359
6069
6057
4130
3200
2754
5065
7239
2809
2948
3748
2649
3649
3781
3745
6542
5775
2561
2526
3259
3260
2701
3155
6698
9279
2417
3585
3214
3356
3202
8856
2808
8667
3306
2963
7253
7576
3576
3485
3109
4516
5215
2996
