21546
22122
30072
32676
16948
27409
44602
20817
33337
38264
28597
26620
22918
30059
19031
19283
23122
18206
20177
32900
25125
34715
14897
34668
38813
20489
18905
39420
55814
45024
62781
23332
23377
24265
28267
27027
27667
20386
25672
15208
35209
15599
22881
16419
16106
15418
26248
37197
56083
31857
23877
25479
22806
43412
19280
21127
45454
22596
40259
18801
26962
16149
19156
23025
12084
17743
16804
24627
27910
15611
34281
14207
33297
16471
18830
22916
20683
27620
19737
25590
27234
19191
21989
22383
28988
20499
30569
15510
33634
13111
22555
18173
18386
35721
40475
30260
25232
21831
52291
25165
33206
19509
13007
26428
22902
20138
24185
17385
14873
16693
21004
25350
21809
12155
24253
24077
21944
19908
29137
15546
34518
16550
20514
19826
48829
20617
25286
43138
20453
22901
23792
29470
14674
30594
23673
30083
16635
14417
31410
30500
31253
21309
21804
20092
23727
22648
26065
28618
19668
21513
19654
22483
27350
37222
11261
20408
27523
38802
25059
18659
20625
20143
21739
22514
22260
22598
23645
15745
23801
30987
22132
20041
23413
25520
34900
21339
45498
27341
29562
26457
26838
36984
29641
19267
19802
25106
37812
12819
25392
21959
22719
18705
23454
13204
34835
30712
32372
17986
10899
28659
19572
26450
23362
11397
22532
30425
28399
26855
78707
25093
22793
24898
42454
27887
60195
17367
12221
23246
33251
21298
30243
34831
5649
17665
25272
21664
33956
21497
18285
26027
25421
20381
27892
22643
41398
22905
36281
43753
23213
21480
15908
30450
10164
18163
28518
31273
18575
35223
33121
24403
16947
12866
20862
14375
16386
15378
18038
18242
30936
23028
14110
26449
22502
23166
31025
27907
49298
22978
22840
21730
53578
21920
26403
23239
22939
17618
21237
18504
18374
40994
22000
26534
30577
26138
22366
42060
28727
20020
19120
25620
23841
12597
25409
24148
22950
32695
20423
11208
21331
13944
18724
15881
20640
26765
39648
32636
34936
32289
15528
13976
27072
18566
40932
21019
32593
19490
20376
19244
38940
20209
20894
16494
22851
34490
8560
20425
44715
20824
24273
23970
27097
20368
18484
16477
35611
66265
18173
10747
24043
37853
17309
22628
23603
33367
23816
16356
13972
18112
24861
17485
28450
22680
18158
18510
31122
14543
20489
19720
19804
17605
22484
27671
14652
30790
33788
18777
20631
14337
20250
21420
13547
26011
21157
24174
20002
23740
25206
30290
20934
22097
28212
24847
30621
15592
20774
36698
22332
13038
25187
22474
18941
21773
44756
30713
27969
19460
22129
16149
25916
25152
26582
25617
30979
14498
18630
16012
18864
29913
20890
13163
15738
29828
20167
17638
27382
24326
18558
27148
15316
26066
12292
24008
21922
15658
42873
38392
22417
20208
33426
26397
25595
28194
24135
20483
21892
18244
17172
27917
22690
18503
19561
40793
26586
17290
28326
22764
12551
20768
19278
11320
20051
17595
24558
5657
24760
32721
20260
53325
36734
15087
30002
21755
15528
29168
22502
22871
36361
23063
27699
20339
18901
19482
22687
24590
23135
22073
15082
17076
28373
41706
22554
33901
23446
27544
20721
28894
31187
22267
25017
32239
18130
32917
35993
48391
22124
24801
32945
51934
11763
14713
17674
29477
38583
42966
14719
22978
28078
18596
19766
19220
28479
24233
18590
29666
28954
13145
18184
25914
17852
25681
32487
20432
27099
22278
22134
31026
57929
48813
21143
49436
20099
17970
18772
31570
43909
21869
20972
24671
14819
15293
18959
21063
44443
23822
20990
37850
27944
13433
21677
22679
15760
25406
17816
35447
26709
18904
30242
17548
12111
23390
13381
22322
19989
26594
21251
25531
23257
24406
21447
40237
43948
20165
20876
24295
24047
27220
20906
22142
25387
27771
20736
55560
10102
30948
18650
18652
18161
41075
28951
12791
17833
26503
23693
29086
23045
22868
15354
27629
17001
30673
26755
16521
18612
17600
18563
13212
19753
43047
19640
20227
23483
24563
35632
27268
31601
17685
10356
15594
20529
29670
21654
28540
19643
30712
38232
12575
30602
26170
16449
29260
25682
30771
51646
25774
15466
14501
18760
24745
26008
46821
13833
13609
16519
22411
25195
14952
20191
15700
31024
40478
13402
21657
24965
17048
23976
21270
24624
18763
25281
27069
17423
26784
18741
22986
24329
27204
16556
20279
34713
20537
27419
25983
54972
15252
22367
30961
14770
26639
32548
17543
21923
16459
20588
26819
19922
15833
24939
20238
34801
35900
34967
17504
21243
26846
16349
18773
20295
22360
13977
20736
20268
27362
20565
24944
23596
36387
26950
24284
42779
20479
18596
18577
10993
27584
29539
17725
35239
17987
27183
17204
17335
13807
17480
19627
26633
12314
12332
44976
83454
21386
42463
20107
19157
17463
21468
28795
21661
28188
19424
33823
25208
28619
48237
29754
16507
26882
34392
13545
30199
14147
17543
21528
15679
25518
14253
36213
24993
20490
27212
11018
19178
32928
34546
48312
20088
26495
20818
19374
19201
24215
16609
17687
22280
13987
28961
18692
23759
12453
28431
25872
19293
24434
13139
17251
23754
19246
44780
59915
18012
22956
19945
29931
29025
22431
31436
27768
26039
23994
24779
9867
23268
27795
14946
20624
37653
29271
18382
19987
23849
18575
18202
18745
20520
31544
30521
16961
22489
26410
19623
23161
24358
32561
20755
20498
28202
15280
20196
10466
39350
24253
19243
19359
27150
19455
24612
34114
15994
15523
27907
45597
36262
20504
21487
23192
31034
23731
23161
24622
21898
15765
25741
33651
30552
22623
15111
34200
22261
35824
12833
20867
25734
33559
61577
6117
32021
21607
28694
14115
20313
26581
27723
35303
9939
11232
20592
23143
25120
30457
19760
21700
35020
16748
20077
19892
35152
30863
27819
32153
19715
24355
27210
32182
17639
22045
24400
16101
20279
16637
23087
28311
24932
23357
18784
18557
26447
34682
21828
16082
17078
22041
21879
13750
18933
24965
26157
22643
23153
30604
35244
17566
23107
33258
24379
30120
24752
19011
25069
14896
19281
13819
19819
25746
27676
42469
49394
26647
28916
24792
15718
25278
36954
67213
52302
20926
15119
19712
20378
21278
15649
20139
20545
26165
23003
38037
19932
25210
6327
21434
17997
22347
23792
22532
19905
13633
18522
16669
33812
17794
20889
22152
16399
17164
14970
17333
28534
24422
30310
17382
12504
22304
25613
26605
41706
28891
18480
22915
19222
18281
19186
10526
25473
25102
18473
34121
23402
23102
18597
37092
22002
27874
20839
30300
36583
20194
43255
18864
25208
26780
21638
19964
21725
18886
30444
15153
34974
46836
26796
20084
27558
26376
25446
37959
16183
14192
25455
28751
19368
19465
21831
9950
16518
23719
30688
59467
26474
39945
53036
29013
17387
39588
37218
19115
18811
25878
21808
29052
18728
20150
20346
22763
18002
17030
23469
25448
18462
27251
22949
14000
24289
20507
27760
24053
19354
13740
27470
42236
43464
16287
24367
16015
21060
14820
28296
31593
36657
17093
14193
31592
33121
29885
27832
25641
26305
22220
34157
18952
27008
19915
22803
40496
33862
26511
28930
16792
31765
45828
18569
31264
28346
41699
72755
22891
28207
33218
26839
26087
13170
16295
32046
31766
16992
16334
14017
22877
22231
23894
21874
17775
21675
25007
21675
22595
21165
11836
22848
19470
38877
25420
17855
36085
41509
41486
18775
27506
25184
20421
37081
16351
22741
22561
26689
23692
21431
29615
20551
24468
31761
25313
22947
22767
23572
47450
27175
30810
15408
15242
24072
24517
14585
16231
22884
37901
35356
18237
20622
11316
14259
19599
20568
23350
30001
23492
43691
42654
63324
30998
24765
30121
23616
23078
17925
24296
16259
32658
24694
19079
29586
22142
32350
50826
17421
24261
24097
20425
16307
34642
20506
21931
19098
25593
22056
24057
37154
19359
33301
23116
23461
30391
36171
21723
43568
27979
37453
25435
23149
27400
16974
20762
33649
17644
35670
27571
32329
40153
22983
22140
28088
16079
18466
34281
27540
15402
24975
43091
24053
24854
20139
22566
24442
30334
18595
22943
18132
28148
26877
27794
44211
24553
16369
15597
28771
22333
18065
22146
23205
25048
12546
26178
28279
22260
19278
35907
31697
35582
26676
15723
17781
17146
18791
28526
24264
25735
17716
23281
19729
23170
44658
12760
26094
59313
28972
14409
22166
18137
34809
22412
16753
17027
18684
28719
26716
15850
12759
40623
25733
25439
18191
23936
33007
26092
37173
16980
17403
17144
22730
19043
17315
21626
36995
46496
30676
27988
13162
22019
38040
27302
23574
22339
14895
39385
39541
20172
37640
25255
16479
26337
23343
12950
24037
16163
19433
21516
23687
20225
26828
31198
22014
12382
31464
48251
34863
22764
23107
41625
22305
17761
28263
23052
19235
19500
18868
17720
16348
31656
19287
26392
21470
15423
8215
16291
16383
25552
18530
32312
16398
21484
22837
24530
21981
29070
26500
13213
20930
15490
15969
21912
14891
15532
16415
22769
18962
19421
32044
24939
19443
33120
18791
19045
26850
39160
26107
17656
27786
26108
29118
19516
45299
19462
19291
28057
30347
40809
46360
20500
18749
17259
21314
20921
16936
20371
21270
23933
29096
13175
16453
16352
26195
19985
26920
24515
19486
48462
37225
40253
75268
24047
20140
32850
13509
31198
27860
21468
24542
22806
21869
22399
37072
16716
32585
26822
25626
14722
28042
30085
19136
19307
32458
20973
46939
20855
13710
16813
20037
21617
9821
27845
52817
23734
21406
17980
21026
23673
43342
22232
18315
22682
36260
19620
26013
28444
44680
18406
15247
21332
21437
22531
26167
26603
29926
18344
12429
20479
26961
23053
17851
20263
25961
47943
23457
21750
21324
22324
19993
26515
23679
16399
15595
23220
43180
21310
16765
31405
17794
28863
25519
16385
19003
43032
36512
17619
28169
16648
17327
20304
17259
24478
21453
28279
23455
17287
20262
16607
18719
24724
30414
21439
23132
18277
20720
19304
20748
21149
24594
25607
20483
32596
12727
34947
15360
22710
20076
23690
21204
40328
56080
22682
68955
19094
17116
19687
27096
23910
18790
22528
38289
37184
44760
16519
23441
22649
17333
27471
33690
29412
17410
24283
21381
18498
28717
18735
21573
31739
35771
22467
18109
26371
36848
24684
13857
20019
27267
13359
13150
21144
14516
30769
20129
21043
12115
16928
35602
19205
19396
21800
18976
23139
43148
47489
68377
31370
31706
16352
26725
25171
24622
29973
21186
17664
36844
33135
24555
22300
17160
11919
27391
58834
60789
48743
13924
24558
23042
26039
28937
28391
41001
23824
21174
26121
18805
24019
21671
23433
19994
33200
19556
32177
17057
24467
12099
17686
20122
22585
20287
20102
20423
16702
18200
32839
24233
19286
23112
14608
22399
19394
14418
26750
22269
28509
18543
21708
25732
15448
36484
72260
22818
18945
37832
21666
17349
17402
22040
17281
17679
23202
32724
19643
24134
20666
25577
20334
24078
21085
26389
19824
31400
37643
20731
26731
14651
21548
35368
14110
13508
13479
21074
19620
19584
20784
28147
35153
10485
10617
27664
23767
31125
23834
31645
15343
20477
15913
20249
10835
18984
35494
22662
28041
23290
35374
23868
28588
17914
24259
30953
24719
25275
29510
22891
54514
15382
19348
16717
26562
20202
24737
31684
19720
14213
26665
19456
31096
28801
20052
24286
18143
17326
26403
30211
18651
19375
25822
24728
13108
19695
24628
30684
37945
22583
40639
20654
22376
23730
24866
18946
37114
26204
26274
45210
30590
17679
17625
45996
44038
43736
16949
24153
13921
26338
23713
17143
28913
28733
17810
23256
42615
32758
27902
30758
22982
31557
31820
14449
24805
18554
19050
16017
22904
19765
20668
31919
30417
42374
46428
22519
20278
28685
30933
41375
6766
18787
24416
22391
26995
23320
33551
23926
16505
25414
22955
11569
19199
31956
22436
18019
29824
35180
22609
16030
24140
17118
21549
32127
21748
44926
67937
71299
20968
21687
31660
23477
20967
33166
72803
31195
23451
15544
32171
16241
16551
31280
33998
13617
17298
25066
31962
35596
19046
16128
20116
18079
36681
41683
12796
37197
28633
20506
25528
33711
14761
19271
21482
22320
30677
17492
12296
13117
18228
28379
31089
23722
24797
20117
20488
16250
21038
22439
14995
29702
44158
23559
52725
19002
27654
14268
16748
28253
21211
29797
22585
25043
29505
21509
31240
15570
18622
20369
18840
20200
17512
13176
22279
17854
28009
19813
14298
21958
20744
27847
40019
18390
16890
23526
19043
20990
18834
23128
39342
19756
21282
26547
20446
37523
22232
16029
23824
24167
21248
18029
36047
18366
48439
30640
21392
21551
16876
22154
22514
17128
23734
27597
21445
24805
19341
22582
18026
18640
22536
37172
24556
31441
30042
24925
17929
33029
30700
63157
23243
9886
26957
26490
49315
48084
19949
30003
27912
29437
35358
25231
41744
22940
21729
22483
24866
21856
30706
24761
17324
17691
24130
17554
13914
32287
22576
20848
19678
27227
20136
14988
19107
17383
21448
38833
33661
24957
13364
12916
30210
23640
26444
31444
25799
15605
21169
28189
25481
21348
35974
41069
52942
25561
29527
24708
17709
36605
22571
20983
7696
14589
21973
17842
26503
24776
21843
20706
21616
15918
15308
19490
26952
42940
18158
16253
18522
15160
26002
18464
17241
33149
18592
20166
32922
18954
20377
23643
12443
15334
34643
34300
19570
13826
18545
18349
39550
27281
32077
26339
25770
26860
27323
19838
22680
30970
19580
16815
36850
44752
24366
22514
29098
19381
27632
31094
46584
60863
18113
31392
25349
25322
30509
12442
28677
20935
18399
21712
18101
21235
27211
21628
28770
20159
14611
27982
56468
23012
15740
10943
24385
28489
17513
22792
23102
24363
22281
22748
39894
51505
20589
28177
41271
11687
18986
17235
27327
24073
40926
18974
21808
25616
17879
38445
21843
15147
16705
26112
37469
42586
56493
28987
24651
16687
17548
12128
26840
21190
18555
27334
22671
19267
27258
11719
23180
19058
28728
24568
30671
32745
16246
17061
24321
25954
22346
14724
12570
22277
19773
12569
27410
31609
28137
22475
20718
18929
17291
19286
42937
26222
32452
31441
15044
20513
24340
21351
32178
65260
21390
27213
18465
19664
21052
13951
20675
11269
21575
31756
16672
28601
17045
31981
21351
27237
21746
18252
22060
19255
26405
24548
23375
42395
17362
17238
33291
15798
25763
20887
27177
24209
22032
18049
18573
22832
23122
9989
23187
29569
14729
36881
23332
19583
20278
28875
20271
16710
23100
14919
13594
23605
26322
28120
35991
55322
49171
17119
18796
9532
25317
30118
23867
25390
36747
32271
43120
15473
26329
15432
19110
22726
18562
15035
17820
15302
21823
22824
12292
18997
19370
16443
26120
34769
30893
20234
31458
22739
29567
17608
26767
32970
26240
20744
29848
12311
18042
29441
28846
39964
32446
22862
19253
21486
24327
26136
49293
20573
19407
19381
29045
30486
27658
55016
21569
21727
22282
19901
15275
18802
18263
22894
14823
24490
17718
16066
25577
14186
25464
28245
27744
22978
21002
37612
24352
12739
16436
50042
25485
21130
19064
20792
20752
37004
19200
36069
20488
24356
22566
17862
20398
15925
19322
24843
26706
45817
22412
33772
20752
24548
23666
20600
25910
16150
25053
10305
19746
20410
30370
22639
27759
16308
20936
24360
35964
37641
12859
21644
26911
17091
15790
55163
25684
44661
21926
22271
36854
21700
18760
19648
22177
21685
19040
38228
13631
36415
16084
15313
20655
27996
25276
20712
26338
19493
16407
11018
17352
17818
13720
14389
26150
25993
19980
25794
16192
23562
26186
20051
41222
29145
36845
42434
51535
26708
16232
53236
25272
18866
17924
23774
15010
6437
10721
15602
36565
26630
15463
26572
25530
28445
24851
15371
24839
14716
18584
23623
28193
17240
34469
26009
23654
40286
20685
44200
22626
20426
17091
14411
21919
22990
14532
42010
21103
26037
16052
21002
19201
44185
19939
19562
24888
15305
19396
53329
22537
20142
24890
31953
17775
24263
22046
19420
31373
29004
32470
14488
21146
18717
25762
34841
21343
17070
15868
16091
18982
17984
37391
19895
23082
20837
21905
19556
17394
15122
23446
24227
23728
17246
18689
21110
19786
24355
16804
19856
19061
21843
26781
24941
21953
22097
22993
18621
19211
28730
16467
46019
23670
13926
18590
21067
20964
19338
23824
17687
38709
18530
24172
25007
27059
22662
24719
22864
12673
26805
18433
36383
36819
20817
22484
19342
28207
27875
41592
14799
16156
16516
19207
18965
21814
22607
22105
22411
48954
29060
19170
17924
20557
19944
34930
44787
30511
20111
19378
21059
33522
24633
22781
14511
21310
38147
23755
13121
34246
23389
27554
32793
21856
22196
25248
23632
18416
30000
28361
25437
24544
21152
45072
24686
18817
39386
21942
20404
23007
22061
19921
20916
14547
21468
17760
46742
20937
32020
31220
26564
12256
16851
10180
14478
16091
31518
17538
33904
20254
16533
21707
16140
15941
24970
23159
27904
18645
27783
22101
9866
20405
29846
28371
50260
17276
26376
19534
19595
24746
27181
49079
18821
22603
40297
19087
16124
30148
15731
20406
28609
22104
27446
18811
17992
28191
21536
21128
17708
16454
29279
15843
25470
18917
22186
17274
15281
13201
18558
30641
15049
21790
24695
20615
22528
26543
47337
40541
22989
20649
15137
20665
27507
34586
20111
34787
23406
14780
20589
25022
21183
16309
27036
29838
33372
45532
24549
23124
12955
13204
13146
26540
19452
16793
19520
21871
17810
21753
28762
11668
30348
30573
25676
19167
20190
36015
15912
32911
25152
18981
27477
19086
28409
19505
18884
10971
26325
21426
23479
25939
40063
37592
14918
20864
14694
14270
24327
22607
36752
15404
29031
26519
27977
24545
22909
26335
17192
33515
24904
35307
25179
30640
22370
27132
20976
21393
40355
58317
21273
27498
15105
52097
23318
20287
38085
15030
35810
26334
26484
30681
25059
20519
14646
18566
35482
28297
17870
34925
30109
29713
50273
65150
18377
22317
22414
14547
24911
22630
21380
14957
23242
20463
33977
24551
22586
16528
19627
21290
23880
22738
19830
18264
12133
22279
22380
19631
33461
36156
17395
30917
36621
29897
26957
28996
16194
19278
19490
35144
39448
17720
20419
36077
13989
20910
21575
26909
18256
28249
19904
20088
21486
28915
25213
13066
21574
36822
23082
9070
26169
24342
28072
21193
19433
32910
17028
24028
24847
25861
29548
29140
18099
27453
18062
19703
19843
25348
47246
22959
21980
25818
23572
27029
23983
58664
31285
19718
48576
20427
24751
22823
47254
16617
22844
18208
33309
51406
14664
29270
35980
18995
20260
27178
28275
17778
20776
21418
11238
16409
18732
22023
17899
34071
17899
23152
24080
11017
46728
39204
69100
35435
15555
15570
15346
34499
17957
30756
21032
28138
18765
30149
33172
53803
18874
16323
22918
14505
27833
18946
21966
15041
18568
17365
25847
47125
21991
31485
19712
14770
16723
16964
17499
17822
21132
26343
20100
21733
43897
26292
27767
20775
28934
31351
19170
35375
23353
19990
34151
20779
41892
13606
26604
31166
20814
17883
24026
20060
20819
35814
42220
68797
19180
24916
14143
17003
18487
37038
19357
20919
23752
14874
30065
31013
15886
22281
21927
26650
22311
15058
12787
18102
25107
23923
14950
22117
45683
23776
16910
22925
18274
22181
44726
19354
16650
24289
47460
21081
29281
35738
29798
35725
34159
31157
12676
27777
26280
31031
24498
23956
18839
20114
33594
47289
23373
11348
34077
17177
21862
41338
53141
20437
26372
28673
23203
20928
23869
22947
25837
45543
17546
21954
26872
26508
60765
16609
25128
27450
22097
20998
29794
26422
20287
22866
22464
19189
25487
10923
10471
21560
23110
11149
22890
16404
14039
26815
23261
16018
39533
21198
40943
27637
28994
30499
32400
48598
55811
26444
21485
12712
22887
18786
18856
18442
17620
24492
24392
16449
18931
28107
19326
17687
21407
18695
23374
30257
31084
20446
20235
30665
19393
31749
20123
51419
25840
14370
23306
23101
33547
23749
23622
32845
42500
21204
12438
31604
21101
18110
64129
19121
40440
12311
25565
19322
49713
42861
46877
39498
27287
25950
6912
5692
323713
262491
235172
192959
5146
6018
5018
5567
6707
5198
6054
8915
5252
6243
5323
4890
5649
5449
6271
5749
6362
5555
5547
6581
6382
5278
5760
5828
5620
5533
5422
6368
6211
5752
5658
5287
5714
6632
4007625
3916026
3546738
3514185
3425097
3382810
3290125
3087940
2771890
2721023
2492421
2311296
2273713
2197842
2203982
2070308
1959884
1834397
1156060
1079331
762535
723274
655907
656141
3727
4941
5308
4469
4045808
3844281
3838674
3681158
8341
3678963
3269974
3033018
2879686
2649809
2593778
1882690
1697338
1542920
1299283
1284842
1175165
920595
720996
6116
183847
72339
75449
19264
6165
4408
5524
5101
4942
8075
5225
5340
4898
5926
5878
5543
6692
12560
6554
5134
5553
5575
5763
5523
9014
5676
5908
7395
5016
6019
5952
4429
4011300
3947622
3824046
3469645
3350245
3322408
3032226
2759487
2732873
2351625
2099522
1799857
1764116
1632569
1257843
1251896
1244740
1016795
842291
825861
802328
266859
164874
146072
127429
135491
80343
37134
5018
5353
4731
4966
4178933
4170587
4152600
4154538
4116951
4039397
3932684
3814314
5194
3610034
3311789
3085020
3083715
2940206
2771907
2741947
2734590
2585558
2404243
2187359
2159526
2147878
2056671
2048298
2048459
2020870
1968145
1768746
1585165
1512313
1504249
1111415
846964
766515
721227
563515
217346
4689
5138
5110
5822
5219
7876
9542
5388
6387
5110
11101
5496
4963
6775
5758
5645
5301
4014538
3988047
3850763
3766306
3691255
3656892
3595572
3602181
3321664
2765800
2687635
2643340
2518199
2491002
2434707
2109157
1922962
4010079
1143704
942219
3924005
910074
3559869
926339
3577043
878246
714685
3522350
3455178
707184
3435786
527016
3432949
3218145
3181738
3100008
3101534
9747
3054226
3005212
2963427
2758997
2685648
2642087
2518213
2240930
2236367
2065249
1767973
1702508
931401
903570
627828
592429
467452
326587
297597
3061
9107
4653
5255
4645
6327
7773
5816
5162
4341
5385
5098
6114
5315
5545
6519
4878
5641
6146
5930
5713
6857
13565
10758
5548
5322
5204
5134
7086
6925
7439
7392
5480
6771
5426
7441
6705
4010707
3920495
3820926
3784542
3668404
3635771
3598409
3547722
3368228
2831048
2628418
2178017
1851001
1847524
1709212
1472080
1373460
1370540
1269602
1162823
838291
407494
419313
217867
123760
7447
4189816
4115869
4072171
3295681
3295785
3182934
3133575
3118339
2883913
2771919
2608941
2368840
2341015
1845787
1140406
825742
619961
272662
5528
5107
5773
6843
5654
6044
7435
6469
6302
5930
6726
7593
5136
7878
5282
4912
5796
6287
6629
5820
5192
5674
5068
6416
5702
5305
6036
5731
5320
5893
4920
5821
5986
5942
3029732
2891812
2817861
2619720
2515426
2474921
2236856
1985991
1624240
1508639
1345662
1155070
812325
721613
586360
350971
5750
7685
5802
6066
8575
39238
49458
49461
3162152
134168
3081603
2982715
2949892
2726398
2679088
60667
2708537
2748260
2654398
176987
237508
2510729
1580032
1497684
1495880
1294866
1291438
1322312
72379
1342261
166353
1309065
1308458
286991
1417235
1343343
399166
1231379
1202096
1210207
459582
1149906
490667
1162317
1190311
542424
1189637
498004
634028
1287294
532747
1372832
1267286
165659
1288015
33343
60892
1249415
1239449
124787
1238268
152951
1248789
41867
1273127
1201623
758091
817660
795529
131175
435834
171438
156991
91435
161096
226521
23124
25764
22639
22305
24131
36299
12472
16088
38705
19317
6449
22339
21924
18375
29719
27167
21616
25022
27080
22496
22521
21717
4317030
17398
4192770
4187194
3990951
3528183
3386153
3405923
2960126
2845419
2444273
2394136
2417879
2247941
2004916
2007425
1865623
1648415
1627587
1690051
88527
1564070
1221839
49634
1224596
32370
1063402
73676
1122260
26786
887724
920283
854914
22010
869829
843265
683643
634261
40221
52587
44266
102034
74951
75910
77518
83232
60111
79272
21513
14590
16489
37745
19204
26172
18775
25341
10365
41766
15001
25742
24308
24260
30374
29292
21863
22500
28157
22311
22809
24180
23754
20593
24196
56558
49472
18797
27283
20070
30699
16422
17376
15136
31515
24571
21070
17775
12778
15170
32487
21944
30524
25985
8492
25858
30966
53629
57994
13893
29169
20105
43084
55261
63808
43143
51066
53055
77837
65991
44647
42839
16681
25194
38792
38137
53137
29631
79312
30902
19550
26275
17925
20356
14548
19466
25281
26853
20485
28720
15181
30077
13008
20326
31051
19864
17456
30557
24733
38298
10897
23226
20520
24823
20017
30004
11624
17391
17137
16146
18685
22105
15511
22271
21782
24265
20494
12187
27067
25562
17929
21502
19289
27295
22704
20282
53310
33041
32987
25148
26945
35590
62510
64827
19630
23261
46543
35947
8997
16975
26173
16549
24313
61591
17947
21491
21946
22276
32778
53914
19293
20399
44313
13165
28337
23790
26275
18463
23629
28520
10006
18480
10852
13536
27831
30947
4015006
3745694
24788
3497887
3515628
3433202
3434651
3285982
3289853
3270351
3241615
82707
63040
3247293
3206691
3108671
3010968
2740864
2739200
2526874
32792
2334985
70637
2366247
42260
2150267
1698101
79543
1651623
1241050
1197108
97115
924004
821694
807916
42118
692493
457364
280633
163308
87068
18748
24387
30945
39098
40922
21440
13997
24080
17616
11443
15793
27426
25538
24693
22606
13883
20383
21908
14169
25548
13455
20582
23065
33133
14838
23945
12277
35408
19627
32944
16740
27466
24683
20482
36295
9313
6095
14870
22456
16827
40837
24984
44440
31989
38120
67736
27500
25951
19152
21154
17556
26995
73709
113157
15830
146908
7600
24950
35315
28614
21550
17256
18702
10909
15604
16372
22918
23561
31485
12910
30917
25628
21958
22141
23944
16933
24676
17286
23668
25356
34622
11750
23569
16956
25782
33034
24027
17594
18282
24010
22372
14536
20026
17774
15546
11589
30786
19341
23893
37515
20196
30977
26719
31104
16640
50541
75020
48253
48859
41437
25037
21970
61397
25124
14163
34533
58565
54090
126794
53987
137759
100536
211973
136588
288537
114978
312644
200102
23933
328878
72678
444832
310644
171034
60645
108662
128519
150515
212075
70613
98283
81130
42961
62277
24515
20195
39384
19394
29118
21648
12464
18950
21002
37710
31932
15357
21961
12119
21371
21249
11317
19051
8432
23222
16780
18750
28026
28410
12403
19495
19760
14283
18192
17630
32116
14847
26481
25935
23363
16961
36490
27890
5542
14385
22201
18771
22774
24667
19331
20708
16985
26172
30584
29235
35828
16420
59202
25825
22800
13193
12588
24687
36602
8778
26085
43275
59872
27355
37217
26519
43659
20189
30277
13118
24623
12226
14701
18910
31489
28795
42177
31953
83688
22985
20924
11385
25502
50399
20589
17502
21733
17658
21030
36755
11888
25570
22342
28578
34473
11386
18045
19820
19863
27801
21700
19469
20630
19035
23561
16190
17663
20260
38245
20829
16970
22677
10877
23286
24505
18286
18265
18889
16116
17323
26608
30412
16240
19750
22490
22457
21155
17875
24921
17653
15130
4856
5915
10717
28036
24945
31564
21877
22036
21848
20783
24781
30992
25804
27751
10823
21130
9592
19880
22634
23307
24315
15813
24597
17692
20279
20789
18769
55762
19570
19847
36031
4009013
3832510
3839171
20497
24822
19561
16423
27504
24029
29866
19225
26081
23035
20184
10525
19020
23289
10162
27560
34234
25735
24358
28002
25639
21451
7658419
7105016
7098658
7106340
6941273
6807221
6768820
6748071
6667734
6686109
6645332
9181
6621000
6635396
6338436
6298069
29555
6241530
6280110
6132897
10343
5884952
5672354
5643334
5601152
5391289
84585
57159
5357330
5172711
5171173
5126489
5051952
5034802
5054591
5053408
4914828
4769585
4313879
38422
4317099
4343664
4247685
4177919
4079913
4105398
18664
3958518
3509521
3307202
16047
22380
14349
17417
17267
41699
30406
33791
17479
12752
19910
22056
30906
21610
12987
21652
18898
22310
19349
27582
20698
18863
19685
39554
14158
29344
6914127
21598
6542023
6444049
6344878
6150812
6078037
5847412
5857233
5751341
5614404
5467521
5517966
5449013
5243755
5227372
5250680
5189036
5176980
5128553
5008989
4927218
4589029
4537553
20889
4192528
4087727
76729
4135266
4152990
140735
3682107
3650038
3486358
145734
3276529
3232067
202584
2881404
2715655
2705227
2548706
2572946
2454328
60325
2275764
2141648
60520
2212022
1541336
1495894
1360492
1043238
946106
42465
888928
904728
833786
487795
497102
416591
400805
31441
321711
205151
42916
18319
19938
16118
17476
19938
23099
15762
22929
16507
17629
16690
17329
7736
23718
17072
37001
19750
21468
27595
13674
20003
22602
33121
23694
21330
26448
19562
19629
12032
15391
23407
29157
44927
25183
16591
23814
15523
16159
4970
17727
12085
21668
21649
32447
11683
14592
21227
38102
29098
10984
20770
18463
41910
17800
24331
22578
21352
20594
32434
25433
19397
25971
16263
26506
16483
19405
21446
22728
8539
21100
16387
25936
20119
14297
18553
23942
24338
42969
20745
28571
24906
20889
24521
30343
21214
22959
20095
22393
15161
37772
21217
21049
23387
15864
17757
13884
23085
12898
44070
71487
28494
40313
62193
57009
61388
85619
113241
34902
52742
73722
139562
129784
158388
56875
153833
142076
144637
8213
116192
87614
228204
58524
18939
20458
35957
36021
32693
28613
18098
17086
20276
9696
23137
14940
10029
20716
18800
18299
23231
22330
4089947
4053562
3961905
3826022
3607232
3325352
2898898
2825425
2700147
2624442
2473036
2436008
2453823
2449164
2370248
2319290
2259359
2265149
1959471
1559518
1512093
1406407
1277425
1185686
1205958
882446
801839
604732
190929
96686
22300
23622
26056
18907
18627
35830
32075
15910
31745
26982
54801
4017641
4037892
4034593
4057345
4083313
104293
36943
23295
23304
34237
65288
15411
44660
10135
17520
26455
13431
35484
27163
24489
20439
18605
19630
35181
22465
22419
22197
30393
16720
17852
21199
13465
25878
21413
7994784
7975602
7941017
7951137
7679268
7696498
7488313
14370
7502902
7334657
6902257
6392862
6345086
6361812
6317705
6319507
6204497
6100816
6101816
23947
6062058
17202
6071779
5985736
6036290
5743400
5739418
5667628
5665580
28877
5444418
5409349
5416200
5431411
25058
5060031
5039934
4907778
4906861
4762738
4684673
4231557
3948485
3494671
17721
3344655
3357759
3370518
3377154
3427291
3173092
3133561
3040641
2867605
2136107
2156094
1946765
1820470
1792979
1749788
1571344
1427228
780709
165462
22353
26547
30554
25902
38137
33885
20560
43370
25740
12287
21616
21887
11801
13046
14132
17991
9431
24914
22922
15558
16141
23002
14023
28974
21212
12507
5499
18974
19882
23853
18529
21286
21169
26331
24145
14785
7066
19751
18372
13655
10062
24471
28245
25908
18474
21318
11131
16987
28634
10980
17893
19259
18949
21676
21601
20823
39326
55387
42901
41708
10285
44308
4029288
3921784
3890351
3911507
3785969
3775263
46824
3778331
3730356
3725325
69846
3602876
3419077
163631
3389609
3381795
3064495
2982342
3008680
2983982
2840044
2822053
2810527
2714667
52750
2384862
2045883
2064192
2062131
27532
32767
30913
21166
15838
13075
18347
16081
11228
18684
15875
18968
27308
23147
21113
27043
18494
18394
11362
14904
16453
8030
6081313
5768869
5681319
5580487
5575462
5579937
5546627
5348579
5289171
5307448
5210465
5127283
5131090
4956841
4916620
7949
4835916
30287
18650
16551
21424
36884
23194
19426
17795
21143
14961
21357
17872
29677
40949
14186
20370
20988
13920
20973
16630
18972
13181
18493
30495
20522
7858586
7857395
7811576
7801567
7820839
7732505
7661131
7624224
7634321
7502865
7295743
7201226
7066407
7059187
6852125
6495277
6429831
6330853
6347136
6358613
6145341
6059596
5896301
5712883
5698882
5645513
5578079
5576863
5474101
5452302
5315199
26315
5131467
5116875
5017835
4782722
4763610
4308319
4316320
4285642
4269366
4181873
4133463
4055295
4011736
3890536
3882712
3879187
3885756
3875110
3503032
42255
3356434
3296168
3274039
3079044
3075743
3052562
3062953
2896055
9226
2879481
2737074
2408684
2174349
133896
2215491
1981986
137426
1858381
1684519
1589869
1620316
115937
1185920
167702
1249570
146910
1279430
71504
75609
33825
64058
28323
29272
19289
20246
23950
17807
22260
22945
18177
17407
16179
23935
36708
13293
23293
22313
17404
18623
7995
19399
5148367
5169954
4969156
4972669
4823767
4650964
4507727
4492524
4491318
7582953
7561110
7519341
7481677
7178074
7060192
8028034
11053908
10880734
7964855
10843725
10511840
7873892
7671285
7321719
10442930
7271782
7103751
7013852
6564430
10383333
10298333
6444981
10287234
6095659
10264420
6065298
9766301
6079899
9498054
5801854
9434471
9403216
5854883
5614567
5624418
9155065
5556131
9136925
9105660
8794062
8537899
8414779
8104973
7959936
7922936
7810598
7752819
7582647
7372136
7170105
6982398
6827933
6744908
6385709
6272380
5999550
5955703
5815660
5629920
5622809
9271132
9205312
9191484
9125477
8609529
8574147
8556457
8520515
8511687
8341824
7630207
7163448
7174338
7160378
7060616
6942060
6923684
6902270
6882928
6699572
9611213
6565794
9622219
6400124
9536071
9388582
6433837
9117745
6496719
9029622
8854203
6413377
6454833
8900505
6308010
8846757
5764206
8891449
5744431
8765300
8687597
8492067
4972822
8023123
8006995
4912438
4911934
4895336
8016253
4865667
7929277
4562233
7787822
4589767
7691818
4491353
7605631
4030020
7543831
4092408
7499586
4140627
6936496
4058479
7023877
4001156
3905094
3924473
3764889
3728230
3718584
3028732
10539185
10139520
10090686
9470089
9424015
9187648
8993884
8959992
8859725
8721626
8666699
8650875
8651223
8575242
8414205
8247563
7000517
8172183
8164014
8068799
7030106
8043606
7676046
7609477
7465148
7034421
7351060
7338404
6913114
6923234
6889081
6853851
6798396
6826208
6798198
6730025
6742401
6590593
6515831
6598422
6528118
6496630
6483517
6423477
6344724
6412664
5897639
5873521
5839548
5783660
5740179
5822770
5416223
5357123
5549844
5351414
5567248
5362319
5386489
5386549
5373051
5341432
5186196
5268191
5065191
5069673
5055970
4982476
5030221
4955605
4960289
4940839
4784225
4497221
4755106
3828401
3633649
4767128
3572595
4733331
3447306
3390300
4204024
3219780
3899466
2957239
2977510
3394597
2975028
3075826
2912537
2889388
2837900
2862034
2847213
2575351
2670823
2519001
2584291
2565765
2436222
2427572
2444484
2426230
2230273
2264821
2109512
2043972
2117948
2026545
1827670
1962745
1801898
1469788
1875651
1427199
1273725
773235
865507
671207
732425
577143
646484
402822
332623
595876
497867
47287
25004
30938
29938
29315
30049
26487
24476
24427
4013619
4022428
3903084
3711593
3902858
3471304
3801925
3156546
3677745
3657616
3124077
2973404
3528214
3001055
3525022
3451520
3043325
3187380
3170371
3126715
3088499
3102341
3100423
3020546
2955743
2692197
2388586
2983641
2256126
2973497
2928942
2204854
2905786
2032464
1863579
2649764
1401904
2698236
1428693
2630171
1303359
2464584
982156
734989
2278090
2267425
628199
2181074
2141070
706558
1972385
698472
1906577
717312
549816
474195
488997
496362
325051
49333
33383
5818262
5371682
5370464
5257913
5091491
5098268
5098123
4896501
4795407
4472087
4018754
4035176
4032576
3850862
3558275
3440860
4014782
3108329
3774152
3708628
3039815
3491381
2811442
3407428
2552427
3005183
2074192
3032310
2650545
2045058
2455722
2010354
1918821
1980993
1892199
1682889
1688607
1723376
1658273
1674725
1526102
1637124
1450996
1647801
1527578
1417328
1283438
1512988
1362822
1292471
1196747
1276298
975301
1031475
740689
1034560
721232
708635
456071
222235
141567
29625
16293
58915
22427
17708
40720
12728
31608
16740
22690
16505
14003
32896
18671
32870
15331
19831
19616
35114
37787
23138
25518
23137
21349
21933
22608
27699
19673
10200
4033196
3411537
3357792
3323985
3146784
3146208
3164495
3103103
28062
2837416
12150
2795951
2595296
2484003
2482976
2348627
1846522
1632596
979140
902509
22854
866901
208787
28314
28398
53297
69935
123710
42266
106682
117269
103143
50657
50651
86172
70310
83770
53248
80672
4087298
3894578
3791549
3217017
3109310
2995986
2993370
2923324
2981088
2992179
2969858
2938062
2872438
2785039
2720303
2450133
1993922
1951451
1800326
4013176
1726646
1490493
4082974
3398939
1526096
3399201
1368477
3094779
3007961
1394603
2893202
1410864
2806670
2443373
1127280
2183777
1253644
2297356
1160667
1921312
1941036
1917487
1281238
1345858
1572528
1592167
765768
1482508
716293
709110
1353839
1260552
573152
1171629
755741
607143
601047
620333
455471
376345
84989
32956
51737
20489
31486
22552
61431
17937
13235
23944
9399
15882
26028
24504
25192
17464
22843
18106
19627
11877
33083
22118
22121
25064
11750
21957
23284
22869
20510
17754
9410
21405
29863
15909
32947
18152
24586
30237
13927
24648
15169
19521
22518
12068
23170
18397
15571
19299
16516
34361
23531
22735
26442
13803
25470
17991
16017
21515
28072
22137
17299
23218
57004
27740
17703
11002
55956
33167
36316
29287
21540
45033
33409
65313
27508
75953
87415
33326
58328
98844
11816
50551
61828
41616
47369
23075
4036222
4003525
3939561
3835369
3803468
3748301
3773666
3761163
3664127
3565632
3509478
3486823
3418589
3440569
2695835
2531257
4036291
2433079
3971629
3859601
2380149
1848620
3861174
1430749
1221998
3792161
1100584
3777400
1131077
3603917
1149891
3620682
1058806
3461591
1029990
3260767
1021227
3264245
1023265
3096103
821594
3061987
764277
2720430
671371
2745301
695083
591978
2653574
543295
2545855
225397
2448966
2404378
2406836
2333432
2362535
2356982
2328347
2324757
2197384
39653
2230404
1789742
1494243
1283286
1020542
675391
628704
248620
251751
38620
27032
28510
25576
41476
26066
29744
14653
14621
18610
19552
14967
26591
24183
25747
16160
8852
24933
25439
19338
18954
25680
11745
31126
16671
17953
15469
15188
22555
9613
22510
13364
59111
12245
20375
24039
23382
16961
23766
18681
26798
29160
24187
36606
13918
18835
30688
22035
46071
38840
128500
38438
79666
70549
71752
101837
70280
37476
39656
53470
21893
24193
39181
46959
36532
44433
42200
36120
61231
17266
49408
44243
38347
42657
45236
67944
105484
67208
23014
24456
44242
57993
12554
23332
19069
30423
29293
26828
23028
26702
7864
18747
23749
15635
36762
12742
20457
31471
36494
35568
15176
16050
19869
10934
13337
12532
21312
10902
21364
16304
24518
13643
18274
25384
27721
19152
19201
11830
19801
19571
15556
23130
14301
19472
17290
20144
20644
6785
25788
21583
25543
28500
24887
28848
22849
35749
21461
21260
22902
27333
21174
24393
25289
22297
35072
86829
38402
67292
44483
34410
33213
74159
36738
43124
44269
13397
24996
10154
13135
30076
17915
20071
10201
13875
20430
28395
21375
28113
42970
38026
21954
24076
22751
20642
20474
15735
32049
50182
19156
19501
4065742
3611737
3603911
3582826
3240568
3082431
2830221
2667060
2491189
2396925
2343152
2357949
2351589
15548
2187381
2100448
1618670
1425672
1237752
482701
443172
438749
317202
258011
148970
183837
20796
57556
38390
35135
16534
21027
32972
48837
48824
50080
56829
19308
16620
42075
20672
28450
20268
18150
24104
40064
18113
26955
22847
36843
17109
8526
5625
21988
27873
23784
37273
30738
29034
25083
5450
7647
6333
5461
14142
12127
23142
41562
50913
42148
18131
27854
19504
18502
26130
53621
30617
17960
23564
27397
28462
26736
15878
17699
25444
20045
15090
12789
18178
16869
27594
17234
19643
16880
43917
4023436
3946202
3929157
18881
3914174
3736119
43571
3487656
2955689
2917843
2774054
2456808
2486746
2502205
2403676
2197840
2224532
2214149
2041151
1934700
1398788
1425701
1019531
1037296
1059455
1077495
887211
883315
547775
21823
585094
24040
478231
66410
499840
488111
512098
319271
245523
45954
80707
142697
20254
55994
16336
33492
25165
31122
60789
70600
30423
104751
46969
36707
21556
22291
28318
22915
26354
14383
32004
19297
10610
19245
31928
54367
14394
16054
19381
22733
11699
27298
16184
16610
26945
12976
26976
43093
25832
29352
37104
16161
30766
23363
25782
22940
18179
25444
17950
11740
17568
15817
24991
24778
23045
8105
26100
40340
5794
5606
21262
50384
24239
29096
35695
21203
26716
26045
19534
82567
93807
43508
34817
63470
34791
59357
69832
13699
21443
29993
54188
104361
95860
87535
37186
47246
9424
26064
21533
16375
18296
19860
21561
30941
30238
24858
13718
14530
15784
13185
13112
20093
29001
22959
15678
24019
23874
16889
24175
25776
19012
32531
11682
18039
32359
13823
22284
19948
20189
19461
16289
24620
33178
48477
16839
12357
17009
20102
20339
16697
18471
17956
37993
11313
13583
30940
22012
28068
32311
26444
56517
80106
95921
27357
27923
34365
24534
18829
32318
18520
27881
20771
18813
23138
19777
15330
18429
15525
9176
16185
24213
11657
14732
8236
17831
21616
15878
20185
23533
18250
21809
10102
15285
17645
24105
18562
13105
19161
15668
23357
18435
19824
9286
12565
16113
16300
18761
21691
23629
14394
28014
28460
23976
30696
24937
16503
61266
85302
209286
96042
53135
60792
56427
99902
27426
80599
80353
50838
9406
9932
22340
37399
11070
13427
16607
16177
20952
27297
31645
43606
22424
16614
17720
20542
25293
13847
16891
8821
15502
24694
23666
15162
21044
20469
24738
17636
23353
24594
4072005
30557
4071091
3967950
3836773
3840918
20116
3834239
3773956
21557
3752393
3546785
3473706
3461802
3448082
3352200
3323068
3082195
3059211
2773210
21345
2765827
2572329
2621411
2654551
2365309
65176
2256916
2138261
2034489
1639900
1235526
1223910
43941
1170724
904586
712184
651130
36423
711614
677640
637564
419724
139647
71437
28966
21481
42184
23357
39169
152832
149147
128026
112600
22263
20936
199953
167198
155291
108212
49969
125674
35544
51622
20480
23820
12496
20596
14831
21399
21118
16214
19580
10908
19100
24292
14264
14054
25562
14269
44807
21785
21905
14884
26251
52751
23227
20930
21370
11524
30375
13277
11800
16179
19063
17663
5039
23666
19673
27047
24176
26962
15794
31349
50649
17182
20523
70511
26209
29049
19096
39524
41966
59261
39054
14000
19683
22592
19882
12448
34134
16130
12447
16787
22900
22067
21898
23805
27941
19917
13685
26238
16194
26867
22646
23250
30796
18607
16623
17752
20356
24434
33813
23010
20633
22009
23352
16122
13619
9462
25037
22737
29222
32808
15723
20478
68804
81522
48202
13474
21206
16923
15875
17002
19142
11000
10890
19790
16429
16879
27874
15635
27341
34093
44762
13423
22069
16419
12319
18637
17175
21912
17549
18138
20186
10113
24053
21240
35836
40588
23862
15483
22224
16325
60401
25284
11973
8949
16325
19992
12759
26975
21044
21524
22804
32572
17775
18111
12830
11711
25787
18613
17018
39371
60892
76251
109009
32436
11991
8237
20664
33939
39644
14252
46917
23595
30612
33802
31140
42972
21743
70089
31102
14242
18761
21819
11447
21935
25786
34963
17175
22485
31232
37020
23955
8167
18633
29611
17052
26175
22812
17970
14681
22781
16758
19673
21049
27192
17534
23853
27400
13171
21818
23650
6279
17559
24266
45526
27427
17355
15105
18263
18196
25748
24158
27676
23342
17986
36044
31724
53681
24844
77471
29085
17492
21607
60438
25273
17923
16467
16680
16821
12491
23427
27532
33410
22770
20491
17063
29784
10137
15053
14606
12793
14233
13383
15744
20051
23424
34264
25031
20468
10773
19358
5044
5329
28550
32226
23006
36808
39388
32828
27599
30690
62174
15218
31754
56213
11030
24698
25439
32834
18011
17715
51474
68634
18883
33673
37356
24374
31549
11905
35822
6819
19516
23762
31707
18489
21548
10461
20180
24853
10140
25520
41304
16650
10899
26339
16594
23179
23019
21798
25162
28923
42631
20724
25760
15324
14556
7177
4041092
3935295
3903693
3867427
3468802
3396276
3316813
38278
3334275
3305995
3094674
3061662
2933182
2885253
2612291
2649489
2371491
2324888
24320
2292282
2246446
2149131
2026552
22514
1883047
1386512
1377871
1399753
1415072
1405759
1294635
1157428
1133277
1157130
1120783
24070
1025536
1036906
1037895
26388
25823
58348
32054
40427
30781
13485
15404
21328
17946
23177
16549
19110
19443
16146
22127
14477
17116
17042
28171
19229
17318
14318
17899
26046
8581
23630
38418
21836
31877
28539
21773
25691
15632
65569
56440
33130
96129
153941
18613
28296
15866
37549
28814
35211
19300
21048
28175
19338
16405
14463
12965
21102
13259
20976
18729
24744
13606
17348
14555
17028
19093
17623
19772
26663
16587
21940
20386
20573
20622
14436
20291
30600
14970
15222
23228
13965
22208
19736
14967
24943
25047
17345
23950
31843
18582
33384
31527
21319
40054
18743
39683
79487
73408
51321
31021
49595
61870
40405
63447
38209
120561
191765
38830
218157
226681
241984
23894
65257
93275
63943
71103
19460
30866
23198
22702
13986
16423
27325
22035
23718
16442
24386
41685
16723
19799
18597
15483
15393
22960
21518
17376
22220
4019070
4025839
3962473
76635
3947483
2564747
2520326
1856716
1743195
1561600
1156331
48278
1151672
28533
1146155
37580
1030136
865480
879323
885784
29347
855546
762482
533775
548257
280358
286854
87350
103977
51252
46352
45728
96952
56233
42329
31836
25033
70830
14712
15861
16776
17716
22220
23856
17638
17027
23224
9457
16887
23816
25742
24524
12311
17236
16278
17574
22981
21979
26141
24135
12530
20872
20500
18799
20973
10826
20641
19111
18880
17814
19389
26213
17499
11517
36294
31237
25311
20430
17827
19563
18658
19538
22046
15172
21529
19838
18270
28023
20604
32253
5136
20730
101488
18133
16380
16030
20270
33454
37568
20609
19703
15283
27189
43732
9097
24827
19053
14778
30991
25595
32406
20536
24341
41537
23223
19942
23533
15797
15965
21427
22872
22895
14254
12483
24553
11757
24310
26958
13752
20709
12814
19284
21987
21908
20856
28277
22865
24844
47473
24709
13888
21678
24840
8798
14351
18910
25622
22945
29784
40756
47758
17744
21755
18194
46106
20336
31060
35315
28708
33562
16424
23590
41591
56213
37261
26361
21252
26685
26462
20824
43805
19920
17452
16269
16642
11807
10162
21940
20319
14381
15336
17210
21326
20524
13699
21121
16700
19793
27376
21631
20285
24783
28103
14334
12873
28134
45772
17270
21436
24450
14996
18135
17061
14379
15285
15545
11914
22243
35376
24321
26317
23624
72417
37714
25686
33820
41711
19047
18278
14285
31015
43043
12560
21051
20330
30773
13234
22514
24525
18515
19316
17004
30069
30905
19974
12886
19287
20557
19132
24165
11823
17501
17702
21165
13679
12599
20667
13247
11696
14278
21578
15859
25597
42489
12951
31648
16641
16480
24757
38391
37606
18895
20470
20086
13565
30734
18579
19144
27626
39882
28407
24826
37269
54024
24299
9162
30555
34659
29370
19402
21681
52644
61265
16980
30008
20059
31004
23976
40384
18109
19969
25473
20117
17830
13409
17077
17535
18287
18444
17021
21443
13067
20753
11024
13613
19026
15751
17922
18131
6460
19732
16397
19787
26378
20538
28224
19396
36834
40537
56954
14210
18193
18316
24879
40442
14935
16906
19682
10072
16836
39249
23591
21293
18950
17189
22139
11890
29017
16170
18617
17472
14907
27283
13753
22857
38922
17371
56632
37483
25169
53252
20860
111429
24136
31305
18580
30602
29967
33477
60067
29355
35342
18919
38819
61916
73072
19036
26436
25377
16849
35854
27860
20940
17747
15682
17576
30035
18587
21882
26660
40877
23866
19646
23618
28531
16778
12896
15459
24300
16647
15015
13515
20910
10377
18075
20505
51572
48868
66930
4027404
3679898
3564768
3414131
3404035
80415
3177476
3035271
3032366
45558
2868232
2898287
2867815
114656
2302036
2221185
2250976
1993701
1889426
1686273
1663770
1397968
1329875
1227648
1227710
1246333
1186533
824955
784731
582214
407794
264130
93982
50374
106388
46535
189766
26252
11632
35424
4011839
4025870
3949011
3933249
3911994
3863342
3401521
3402350
3413352
3404820
3349539
3307934
3316837
3202881
2711364
2660918
2598196
2188275
2160804
1977525
1908760
4014178
1714778
3982979
1464196
3800264
1304104
3721661
1182571
1098807
3450196
929463
3421372
921764
3437821
915837
3369660
828954
3164837
3110523
2855624
2703908
2580429
2395089
2378488
2361338
2161091
1781148
4805003
4821661
4734508
4683277
4471755
4450331
4463402
4275579
4269828
4139910
5735970
4145779
5614773
5623112
4220328
5579804
4244638
5609100
5551752
5487849
4314240
5532037
5321376
4310372
5313923
5204153
4089761
3916353
5088814
4985676
3763585
5029527
3609723
4822295
4734243
4734000
3465293
4426602
3071823
3074804
4484615
4540782
3049904
4480896
3006084
4446032
2831631
4457485
4291225
4166638
2902482
4012436
2905326
3953802
2940842
3952314
2846427
2792461
3854730
2425101
3739755
2277017
3799288
2273014
3769548
3560694
2228172
3443557
2160224
1875014
3131614
3184052
1905321
1780254
3053477
3110336
1824407
3141811
1579324
1414983
3005430
1430390
3015570
1441940
2679644
2583734
1384973
2556775
1330839
2293337
2301411
1181738
604629
2246280
2108169
241583
2059680
20521
1567256
1413972
1091136
1047626
847250
464928
408544
63142
12407
25338
26959
18833
15632
13541
21813
30945
38706
17782
21786
12023
16634
36764
22674
29042
21190
17508
23854
14409
24698
12590
17680
20726
11061
20129
22694
11712
21518
24377
15067
20390
20147
23850
19333
14600
26394
19018
25246
17934
31666
51193
74857
35672
22659
39859
55559
53545
26265
49270
38604
16336
57653
23465
32125
25318
21666
33919
19021
30449
30058
39457
32722
20495
21692
9163
13375
29657
56034
62046
14470
17547
19162
24710
15372
23202
12346
15720
18946
17339
25951
26318
19287
14248
21772
13006
21321
27449
12053
12847
4023001
3815896
5084
3843576
3711094
23881
3397643
50260
3416234
3283801
32444
3260068
3188795
69874
3213104
3017348
3033178
3032831
3045365
22108
3041250
2963207
2870235
22947
2832484
2829592
2405717
34288
2421280
2073562
2095426
41560
2092018
63262
1956941
1885504
115209
1806490
1396340
1361936
124552
1254125
963681
20629
700552
434379
336615
41178
58713
87143
64456
38338
85933
38790
46822
33196
30777
36529
19985
15295
19737
17099
23701
43073
12776
18270
20653
35799
36072
23344
44606
19406
20519
30411
23563
14457
16582
23702
4032400
3856165
3591702
3546329
5764
3517225
3350720
3329782
3323833
3311956
3247371
19483
2098697
2001735
2016832
1695845
1643257
1646339
15629
1519949
1481787
1453169
1372466
776769
763914
626487
359133
17150
22060
21066
18914
21763
19896
21517
28439
17437
12362
18164
16052
20868
22445
39435
17784
10372
21143
24457
20709
26250
25171
25633
19672
13325
26509
31734
26177
38006
23099
31807
49157
19977
48724
48110
34124
16659
17008
18084
61352
28749
66134
40199
80646
165748
169677
57886
59498
65418
163477
128241
103495
142411
103017
110897
151918
69418
162555
156325
102281
46903
29180
22628
35644
22737
20379
20653
18099
16157
19989
16842
26975
21620
19226
20287
24841
42827
10254
20848
4125038
3814079
3710607
3494938
3321951
3252494
2962307
2704375
2343782
2296585
2228465
2234260
49639
1856288
1892152
1057328
21876
48980
886310
552364
558491
355288
201609
31291
225405
22816
42362
31221
82022
37154
94953
38735
18802
23259
24197
35518
22363
20089
45925
145193
57338
33848
34770
56515
31381
35254
54876
27894
25773
13232
23916
21107
24148
21760
20866
20203
12312
11890
22996
10967
26432
34655
14899
18582
20954
17648
17755
24498
15279
21418
19632
21690
10735
10571
13581
17691
12999
23572
16041
21239
18943
23596
22576
21751
17695
17513
5159
4007354
3936605
3921912
3679857
3694243
3714337
3647102
3618662
3518291
3513441
3354633
3254785
3244205
3141389
3178468
30434
2918172
67148
2555456
2560328
41247
2429926
2257426
52841
47216
2293178
1929063
1937426
1926222
28337
1908995
61838
1924568
1700342
1328373
22865
1179029
581456
488908
19018
236588
12566
7758
20734
18928
12658
18995
28539
17910
14640
30516
29598
17598
24177
13872
12938
37593
46414
13344
19077
23378
18071
20619
21223
20872
19915
23444
32702
25238
21509
18524
13656
37943
46610
21825
6446
12083
16641
17043
21353
28605
18571
22681
18345
18314
22422
29688
22486
9021
102441
54411
23684
25999
24976
22896
16128
28754
85850
34498
74411
75295
22360
16821
18912
23282
21017
22495
21239
23032
13879
17018
18499
14854
17633
18589
20306
24420
20673
18887
16880
19258
19947
18210
15756
18613
26061
16154
10083
17031
15687
12992
17354
14937
18877
16597
14709
22098
22776
4010551
3908853
3920633
3899056
3774405
53797
3628569
3483581
93979
3301920
3295414
3065432
3075330
3010278
2972328
2925750
2945428
2717729
2296946
35061
1854257
1761333
1574058
1341452
1235325
1018335
437863
92167
92390
22337
38541
31658
22120
40744
28434
21416
24119
22926
24140
16679
27132
23715
42745
42631
40665
27209
31785
20633
20689
19345
12822
17649
21258
19528
16434
19674
27330
24609
12560
17619
21837
15528
16708
14378
18240
23948
25048
38095
21398
16210
29162
29626
38088
43562
19746
23344
20838
16700
16028
14176
15112
19816
16499
25022
19512
21864
16240
18623
18280
15156
27920
21354
17588
17830
20589
15174
37722
13497
19364
11832
14821
16379
19321
16217
27355
31134
20194
24739
15695
14636
30220
60240
29862
93405
131206
19524
114938
29825
25436
36634
38209
58298
68501
41828
63671
25554
16462
19294
23098
20056
33682
15797
18707
10622
9854
22264
14934
22767
20848
23301
39167
16680
15996
27530
19469
25202
21167
17011
30103
14926
13551
17348
19784
1043218
1074786
1138109
1153292
1184067
1234393
1223999
1220254
1043366
732233
510531
584617
325909
4048901
3992511
277552
3568584
208293
3053400
238693
2875732
292506
2530354
316117
343294
2586810
353404
2366427
56986
1427181
1333292
107999
1287778
173640
156914
1336967
215168
1250141
1260035
242821
1326270
326037
1237104
1200565
275517
373605
1074473
403758
1147812
225178
240956
864233
723199
339105
366222
51341
59448
30137
59449
29858
36759
29524
16817
28744
39966
44901
53026
14192
17845
26567
24016
19418
16048
15244
23555
25408
22534
9192
18473
22963
29233
47323
19062
33829
17128
13492
4046905
3896788
3513542
3082333
9806
3007728
2833176
2789111
2574197
2348164
2325931
2302861
2211475
2202923
27780
2185898
2042144
1923967
1746703
1323741
883227
617598
153537
64934
54643
58240
104543
34596
40313
85888
20288
39936
65096
20818
98159
23460
41840
10526
92482
29578
17224
17775
19655
32571
49590
29470
19435
28651
44400
39645
11961
15770
19948
13364
19952
24327
21314
22955
12229
19455
32522
16391
18956
14521
10425
12384
15320
23990
21389
26462
18809
29543
20346
19854
24722
30558
19861
22656
16137
15380
23013
18550
16367
16867
28088
15432
19698
20898
17179
27807
37414
25793
46485
29358
22711
47587
17378
19857
26115
28661
19216
24402
13614
25775
32925
28609
52136
58401
17231
72422
92191
34093
71068
126729
150597
210162
106666
86766
35326
152585
117142
141511
31052
58523
24007
64010
36319
27824
16395
29889
32620
35561
19809
16672
26885
19814
23748
25081
12090
30816
14986
11090
17161
25009
38419
36059
8346
3070980
2961145
2866732
2445343
2327076
2323562
2338970
18932
2289501
2265893
2206133
2225581
2125544
2142377
28516
1989208
1807275
1821263
23291
1607365
1586634
1586666
1580398
14097
1572952
1527763
1532703
1338833
13325
1311409
1314157
1251691
1247210
1190775
12165
1139919
1057425
1007588
24892
790527
556874
552076
495220
166244
73864
30426
36951
29473
26263
26187
61793
44898
65517
89431
63472
123363
95139
71885
110512
66371
53167
119403
67674
57803
16713
36888
68576
78849
27649
24172
25139
27998
21721
23254
22350
22632
18087
17332
18676
21690
21777
22951
16493
18960
23030
12684
12087
21053
32974
12051
18364
10791
11330
16322
49011
26297
23314
17955
17017
20719
28959
6740
24668
16804
26541
14342
22975
19046
52166
21863
23553
30793
23475
17081
24581
32203
29780
23464
24076
27971
54911
31976
52635
45707
25672
28321
17875
66130
81925
21444
15677
20315
19285
15419
33225
19128
13615
14824
19084
33471
23773
38835
36033
36142
36990
17740
29778
19770
39664
45656
43121
25171
23910
28605
24029
16394
16877
18168
14248
10891
26751
4039178
3893188
3890927
3841112
3768412
3375453
3212831
3112842
2338967
27912
2297081
2177924
2191781
2178864
2162871
109410
168277
2222297
161307
1877078
1659445
1275684
1277730
75656
1307973
67300
1256637
1240616
104626
1205041
1271182
121103
1245561
1248451
148683
1211779
177064
1229538
252524
1043075
196195
882215
123988
892341
769193
109183
621474
62211
330848
71790
269960
72636
42396
16184
20849
21228
15088
23063
19771
20059
19252
14275
14506
15569
21576
18282
44556
21541
21562
21133
21228
27663
24944
18729
23357
24654
30793
30080
21232
24889
42653
26697
4050681
4096185
3936626
52772
3988206
4038431
113065
4047017
155357
4039941
4022596
180852
3880767
3864258
3727687
216489
3344898
3391804
121638
3083542
3132738
91281
2776009
2851475
2711831
44444
2632030
72575
2503725
2351038
2373720
2326577
13215
2349315
2320695
2269942
89472
26359
2228181
2002632
35765
1684330
1481219
1375270
13840
1368967
1285974
27110
36043
19141
30436
15247
21633
13816
24385
20428
19069
20033
12011
24972
17337
17755
11962
15708
23688
12209
23754
40836
21087
28928
22007
5261454
5279592
5266544
5260289
5267443
5278044
5279399
5238805
5155333
4825270
35805
4443479
4290822
4210276
4044507
4060572
16801
4001682
21589
14678
19842
15785
12113
13996
19732
9166
20546
32443
17292
18554
16436
17802
16281
18156
24609
25708
21019
19760
16621
13680
14979
22227
26956
8884
8008539
7901232
7174134
6884779
6742586
6296701
6174771
5905449
5838026
38659
5700662
5629169
5367767
5334778
54266
5162086
5098307
4708185
4561386
4523321
32003
30732
4573989
4478194
48810
4514459
4524007
4346106
4409466
95513
4459863
176198
4481337
4374044
4261211
4233097
4214500
3635302
3446373
3300189
3194679
2986092
2927440
2825933
2772026
2637864
2473649
2492821
41548
22726
33829
18846
19339
19257
18318
17742
22856
33653
14091
15888
24630
23277
20686
16290
18331
21556
10533
21751
25891
21233
18344
21013
12762
17545
18825
38839
11955
17414
27836
6250107
6043463
5999443
6009300
5974953
5814064
5753933
5282587
4951770
4881640
4860295
4762682
4720271
54628
4735339
4616121
4465206
37862
4402253
4275715
4197082
4232139
4039616
4020258
3786170
61113
3572199
58510
3356148
3373806
3224416
3239896
3195986
3308033
3239237
17617
2501832
2188809
2036578
1820421
1427421
5373046
5043885
4014182
4941584
4811859
4654076
4407234
3674411
4414304
3664585
4206625
4164516
3562782
4187900
3440333
4036551
3755942
3489441
3783702
3714279
3397095
3373735
3375652
3319744
3271134
3151127
3175757
3198568
3187523
3082718
2929831
2769373
2980203
2961393
2934235
2637661
2489636
2172170
2143209
2100296
1940388
1930802
1916379
1921463
1818249
1671727
1455317
1326347
1174316
1143584
1059440
947575
951680
873669
6630116
6637901
6481484
6248687
6220698
6199356
6095258
5859237
5879427
5866599
5788831
5796677
5764035
5831808
4715221
4432262
5784566
4263434
4240287
5413622
4134856
4218206
5346473
4254392
5382476
4250557
4239235
5445622
4159500
5495141
3891333
5508224
3883830
5558262
3994735
5597849
5664139
3297653
3120215
3098041
5686641
3107999
5760923
3128001
5855193
5838757
3262801
5573233
3293335
3128733
5665509
3149641
2891167
5306948
2933536
5269423
2900947
5126942
2888769
5082570
2228956
4990970
1910536
4887367
1885948
1698789
4935999
1724223
4478345
1785447
4442542
1772517
4264163
4224784
1870644
1755274
4183761
4020774
1674405
1555203
3717918
3376597
1376755
3263302
742403
3328709
598179
555583
447830
3299729
3300442
3200708
3097072
2848977
2655485
2096560
2090941
1887632
1855972
1700661
1705602
1636590
1591164
1180972
1080097
745749
348012
264945
281213
306456
284462
42441
27190
15877
21043
18152
22613
20581
12835
22118
23274
19484
15775
20586
30406
21940
4319809
4046048
4006327
3936543
63615
3595255
3577710
3056359
2880530
2293697
104261
115727
2309723
2284585
2288226
31726
1992611
1880818
52487
1646635
69861
1659943
1638008
1495620
63054
1376342
1389551
1096409
121310
1059311
951680
962554
148499
14445
13152
17001
16552
32306
17332
32441
13234
21803
26309
14778
12459
19299
29987
12804
22377
11337
20149
26960
16338
18830
4704104
14444
4570048
14737
4480211
4456242
4408250
25193
4281755
4131141
3951817
3657130
3646344
3575777
3565380
3240025
3104487
3067855
29145
3013590
40686
2989966
2685005
2645014
2614810
2467737
2435097
2453578
2437209
2455389
2205936
2097629
1898660
1785535
1619105
1123842
1035496
1004452
774726
585944
403547
385719
281582
41177
76673
32604
100973
19919
36939
24172
42028
16189
12709
13011
22066
9869
19078
14453
18343
12380
23217
25261
26946
14063
10729
22138
22614
12146
15142
22767
11608
24192
10121
10882
11845
20273
12371
15301
28059
13827
23551
44905
16957
18963
8291
21086
37155
17195
16465
19779
31789
13260
17148
27718
28422
15988
36692
73601
83115
46572
76060
72763
173493
44746
39943
28163
18944
90603
16469
64589
45278
23536
58301
31914
16257
31098
16654
58931
46359
61430
46360
57360
23910
17055
23369
10243
26848
17586
16748
20362
15538
21449
18238
30472
21853
12650
24251
22042
22057
22999
22101
20432
12047
17347
11466
12368
24870
8255
19724
19699
18292
20132
16133
20986
17217
21992
26192
16761
24180
4025447
4060728
4042180
84893
3881209
3965372
3571169
21418
3588262
94499
3461689
28003
3405759
3324707
31611
2952551
32272
2945585
2902339
2933759
2655271
2620729
4071027
6537280
3905351
3793663
6424040
3675794
6429759
3435268
6155040
3442499
3439199
6144218
2897382
2824997
5879844
2673428
5736511
2510586
5642620
2534514
5372662
2105171
5322064
1621944
1612729
1447258
4876560
1353635
1376262
1310221
4837438
1129108
4789468
4789818
920845
868948
4637841
4527828
4019206
925618
738342
3899449
653548
289071
3844618
51413
66175
3800992
3736564
24746
3433366
27273
3390088
3172911
37750
3118846
21199
2972054
2218477
24546
2094232
2030178
1992011
1996769
1978831
1860560
71865
1824539
36993
1817414
49730
1842266
1834968
16102
1818951
25891
1800428
1741035
22977
1716238
39567
1686427
1677491
1661417
1498805
1451928
1008541
906920
790595
712174
724854
19692
693276
627723
25618
582853
466145
462431
352643
327194
196974
188729
28792
14634
25618
19436
19732
18460
23445
19656
20092
30604
13044
20898
17299
18914
24212
22240
28608
27971
21767
30157
37175
11288
21058
27690
27459
14590
20799
32219
16827
25071
21993
23675
20096
30097
20542
24782
29622
23784
30818
23734
20503
27327
19249
15469
20744
21583
20646
14956
21561
22034
23320
16813
53368
9923
13411
9411
56302
11576
38272
18365
30449
19289
94333
73375
175371
35172
54324
38123
40511
26661
23022
33209
32910
22104
21961
42566
32529
22786
28142
16192
13268
18136
15221
18270
13659
14029
16740
23589
20979
25312
29534
52318
26841
27645
23279
14824
18474
15412
26619
17098
35590
16285
28268
19081
25839
26703
17400
15875
18492
21245
22059
22699
12378
31412
24903
29091
7577
16352
35167
18109
49841
20055
14634
17725
29325
23235
41820
85962
20971
143220
161054
9434
191247
156349
181751
125403
90574
80784
78541
8802
27486
21844
29606
17908
38318
4627
22349
21039
17202
19391
25179
10856
9961
12451
23163
39784
31714
9885
25195
21907
10962
21112
21183
25718
16029
19218
13369
20978
18440
18529
12553
24083
19889
9017
28568
22272
17576
18358
30501
19592
24028
20776
23060
21740
19467
21084
12462
21757
15488
20430
28197
28754
41316
10480
19938
22079
20735
14334
20115
21231
20243
18403
21161
22274
6610
22946
16871
20434
17452
17047
24359
26692
25988
13855
23208
17379
19039
24857
16576
24254
10663
18599
17486
14307
18315
9968
15292
18743
21930
20772
12444
15472
15375
17096
18053
22710
13034
19472
25465
33962
23188
24884
21902
16426
17482
19668
30526
18787
17272
38519
67121
25940
12185
25141
44264
35774
18288
14115
23094
16552
19976
18351
18635
17338
21211
21292
18955
20429
37598
18432
22463
17025
22353
20804
35915
24613
16681
20246
19984
20922
19471
14914
21079
11591
27367
27400
12642
17569
16853
21238
21157
25672
18720
7920
20551
24935
27492
21883
27666
33622
20453
42869
51148
80862
24402
29503
30138
45467
72207
43408
50218
30261
48669
70124
33184
120931
160892
62806
154739
62929
43856
102280
46806
156239
142763
132164
23375
91137
33527
52439
19738
47128
48429
28987
29509
20527
43598
72097
17582
45201
26458
15686
21794
17312
21737
32258
25554
39584
21258
15499
10852
21424
19335
9958
21456
22476
26101
20601
29728
32612
10710
4044638
3911517
3920601
3747116
43847
3360332
3079225
39385
2590622
38579
29352
36612
2607629
2619122
2615930
1861640
1750805
1769487
1604306
1611370
1647243
1103887
1071710
1076888
1020427
987440
45432
1004310
993405
967510
975806
19025
835491
741819
600158
597973
588620
272925
17327
279683
17715
38980
25371
32731
21249
16386
15199
21016
14989
15659
24130
23923
21863
22106
25832
23558
20584
46219
22047
27106
15497
24893
19104
21128
32339
22061
18012
11531
19476
14437
19472
26150
27921
21132
23571
37536
13685
21326
19791
28330
17493
16177
20518
24059
11822
15987
36550
19203
59256
26259
51635
39155
40207
17299
41502
44358
47349
18817
35501
26180
30498
53275
55014
25245
16330
32295
16477
21495
9802
16399
18417
17247
22895
21397
23320
22504
10371
25711
18208
13174
25433
12877
14361
19742
14957
12953
24514
36697
19245
19513
14613
18356
18661
17447
29720
19062
20183
18472
22865
16673
16004
20234
20573
14386
19434
21525
10099
24570
16284
14768
29826
36096
17126
23172
11188
4568
20164
24502
28192
29365
11945
46787
33731
58631
97439
82425
22874
100638
88658
67726
130806
135499
33378
22978
35305
35736
34166
19308
15060
36784
31899
17512
30299
40222
26578
21027
20519
15820
9141
20266
39083
48995
20206
50341
15722
17283
11071
13973
25816
20349
29232
19971
17641
13299
22947
13201
26173
21413
18497
17681
21570
21978
24743
17704
18440
16740
29140
28357
21793
25372
27364
25543
21749
34849
18359
22780
23322
28649
48490
20808
13741
19385
10659
86115
99269
36989
23458
24650
5581
57619
51514
25487
18847
25762
18751
20072
7867
18458
27083
21642
30141
20936
20752
17702
15156
12031
12279
15849
15598
13906
26032
15122
17836
16615
16956
13586
18857
25670
20347
16817
23284
22375
30768
35829
15324
24997
18024
19213
15120
13492
21410
11051
14321
23057
11898
35001
20773
30348
44880
83698
114135
41268
108511
173810
110841
147425
86014
25416
23986
26738
23184
20895
15128
23578
11865
32292
16291
18416
32668
21879
16091
28133
16913
31243
24375
30669
26317
18701
21674
26224
21485
21796
19761
4079817
4056944
3933036
3801291
3724059
3476444
3466498
3474218
3456429
3362409
3307954
15989
3096267
43938
3134460
3139050
3136780
2787257
2714240
2461648
81173
2538937
2631057
122509
122112
2694686
124036
2362380
108597
2373114
2369967
2123961
2140553
39134
1574930
40697
1119433
947588
579814
557252
527223
400909
389203
444489
465489
525825
72467
444316
272140
225632
13082
24373
11783
19288
18801
14528
19820
22854
12662
18920
23859
17159
15999
30646
16804
24232
30032
23556
21032
22806
21297
16185
21841
20386
23687
18411
23120
37009
33619
27401
35826
24207
4009221
3450268
3218033
3081265
3010505
3068857
2855991
2584853
2608221
2497875
2498616
2194125
1945456
1959008
1743003
1721635
1677994
30677
1592682
1443366
55179
977862
1006967
36962
654387
665556
659050
717324
487114
396029
256698
191401
34136
14819
31795
24831
19384
21875
33850
14089
22108
20083
15645
15102
19458
18716
26642
25445
18038
16959
27014
16148
14948
23604
12203
26193
24975
20818
21612
19477
21949
25283
28614
11709
15643
17162
21414
24713
14111
19831
18908
17162
24471
18770
15495
15962
6248
20341
25994
14711
79012
101182
105699
93636
42632
41358
19002
17349
16369
13413
32534
41195
23136
33925
18730
24288
38563
25715
11387
16116
12920
20079
16767
4024391
3984123
3900719
3828032
3697116
3674064
3429919
3306296
14692
11392
13348
20835
26646
18793
16330
25164
31992
22293
26815
17606
15685
19212
28413
30491
12720
53561
41347
38271
28495
7265342
7269143
7277643
7173332
7140861
7143555
84303
6540527
6268539
6113542
6056775
6024085
5580593
5512801
5438793
36430
5475298
5405810
5356558
5220368
5130770
4762596
4769573
4560345
4580899
4408407
4468891
4386348
26507
14621
27995
16977
36154
14282
17670
19785
22380
15542
11825
27229
32538
26090
18635
19594
19522
12513
19316
20427
21890
24008
45536
7583
25493
23264
21598
11029
19730
20666
18899
21528
22392
29335
8368795
8347048
8345891
8254920
8259036
14674
8242750
8181366
8166949
8125297
8114607
7860172
7816169
7795281
7697947
7623128
7616258
7277961
7016361
6996240
6742204
6433209
6248007
6070354
5947259
5818503
5776543
62819
5789255
5755345
5734718
5745085
5748240
5685781
55989
5439877
36413
5444327
5252748
5136830
32269
5158682
5055761
5076427
5121587
4890984
4788293
4770229
4794232
39180
4718526
4618237
4527536
96817
50724
29175
15871
24048
17522
25614
23788
13372
15634
18009
21440
28261
24819
22323
14916
8888
19885
19701
17441
25536
24295
18998
7540799
7364813
7239301
7235123
7059198
6447948
6131325
6100255
6057935
6042514
6016374
5859032
33172
5810757
5622189
41175
5591558
36565
5591794
5605067
5456153
5333019
5246792
5122516
5065685
5063924
18928
5081158
4983012
4937850
4837228
4741989
4216903
4189871
4174940
4177301
4018122
3740141
3690029
3470042
3440938
3422106
2624718
2617920
2556834
2544575
2561051
2557225
2530577
2532449
2539180
2159099
2157965
2137436
1985371
1974746
1901275
1666351
1605366
1495412
1479985
1481358
1484576
1332457
1337711
1235958
1063465
956345
881515
749736
46726
660756
83253
556686
517328
457163
95284
346548
63874
63932
69090
73060
25564
7789
28344
19504
22079
21871
20676
24813
15385
22049
10884
17637
15351
22372
20750
18278
18441
15081
22327
23200
20173
13369
17251
19756
21323
16467
24836
23176
13262
22283
22660
20208
25063
20913
26249
19945
23307
28172
20988
20846
26295
15531
16070
18223
12650
32557
19935
26785
18346
33931
72024
43189
94042
93735
113481
100463
168001
122765
42750
52625
113406
109916
143832
104011
165773
215786
167544
55111
7745
47283
17991
38124
17865
12162
23700
25676
24094
16743
20643
20755
19035
19794
14994
16140
18123
12941
22337
17776
21869
18685
35841
14813
21098
16503
13614
15872
15137
15677
35024
29372
18797
25416
16649
17383
16210
22125
15742
27875
5039
6790
4606
5729
5991
14558
16105
29241
25134
31440
18193
19066
44730
43114
51655
33881
19679
15275
14590
22517
18956
17874
10509
26623
21534
18913
19921
16377
21641
18863
22768
15461
12983
15346
25933
20902
14332
22889
4028486
3914440
3824741
3839850
3895587
3851485
3838813
3841427
3822229
3553867
3344675
2901066
2848165
2694558
2394403
2424243
2429411
2428674
2010734
100509
1904369
1987918
165636
1820743
46629
1801304
1622648
1477009
92939
1552776
183372
1363364
1344905
125438
92975
1325300
1347842
182683
1386783
1404310
1136771
1108568
316126
860673
213022
704283
235418
258585
514580
223624
325747
230320
302439
429233
495821
305005
554318
385367
501312
266589
518791
445242
186252
497237
385909
400821
380434
361255
369860
165322
211642
180778
115031
116427
128586
98742
61059
81490
27829
20709
23097
31711
34900
24969
21414
17915
15639
26296
21480
26639
36979
33979
25955
19168
3235587
3239963
3045804
2948267
2954919
2655607
2515173
2174617
2149030
2160763
2075283
2041595
1739300
33612
1635356
1629525
1421115
1159206
1163306
701290
512969
487738
232319
29148
20838
33167
9653
20184
20099
7537
19843
26691
45012
64325
40064
67394
16477
14437
16430
17686
18235
16178
15878
25850
15310
26869
16091
19196
10126
11332
17206
21657
14427
13940
19910
22879
40494
22356
8581
13945
25975
19390
15088
22861
17259
23961
18913
17856
19004
22297
17890
11677
9912
13678
12275
22188
19531
46841
27696
25694
23228
22177
47650
19672
50109
49863
24688
40242
33635
30104
41010
21739
18466
14520
18277
16358
23764
7865
17496
18739
29772
12979
12750
23732
23205
3101173
2999088
2895826
2866193
2796805
2731214
2706293
2602600
2556434
2551780
2376658
14993
2176483
2191952
10750
2105696
2094127
20252
2071885
1974326
1432188
1371887
1341273
1258753
921454
16802
867149
722294
611913
529256
427775
12671
176245
28596
20641
23503
28330
16452
15099
12442
39032
71316
42635
28796
13666
33945
46507
53989
39162
105944
28579
22623
24053
19047
44482
20895
27516
38208
21954
22622
19812
20383
35408
18635
11275
20501
16065
21085
43832
22106
12764
20970
19506
11040
22974
18073
13275
20148
21575
23887
19393
15849
17906
17319
10249
14284
12999
28954
35720
21172
22686
16205
16611
30462
16802
34963
34637
28571
20474
17389
19295
23649
16146
16749
16655
23102
18136
27123
28548
51219
33636
16534
12632
31760
20149
12076
17323
22841
13609
25050
17827
20348
9913
16436
18885
7049
25304
19180
24261
17226
15343
18887
23152
18532
15934
20746
22979
23567
23502
12727
13968
22070
9549
20630
20154
23104
26503
25667
12774
18012
12703
18737
20902
21472
20134
16500
14728
23497
21155
10105
18756
18463
14455
13953
10664
21013
16639
40052
14075
23752
13937
15793
20669
22868
4988
22911
24511
33037
45238
17416
9592
20595
21512
18043
19544
10925
23755
21791
30843
17477
19900
21512
23243
14138
21463
19265
3111154
8040
2995444
2904745
2261328
2246313
2176577
1769232
1681558
1407637
1367209
23465
1120065
834490
783707
646744
495689
430786
213422
168858
118070
27238
26226
17813
26615
16213
19177
21777
20406
22817
30220
36320
64626
28287
68946
52228
60440
20094
10577
11716
32311
17045
21424
14004
18466
14331
19469
38306
14201
15152
23530
17036
10083
19814
16540
19851
16656
23185
25872
31593
19782
20139
22830
20452
7121
18892
17179
13954
22893
15600
14209
13525
15149
18590
15061
11072
18460
14341
16535
15001
16769
15151
17481
21394
30246
19997
19674
28332
38788
22145
47078
47688
37342
53278
27717
93527
64281
56372
91397
55732
77128
49680
38389
64131
81803
15256
74472
97493
31979
118783
25727
19736
9239
17598
21777
18899
16928
15154
20852
13649
21113
27032
14606
9731
16688
20454
19850
17278
14433
12562
21221
32238
29282
17313
24625
15030
18805
23597
20690
17950
18270
25624
12075
21304
16053
25863
18881
14675
24216
19465
21164
5731
31771
24117
14865
53644
65803
34544
22565
27223
43472
25643
19050
23849
28151
32805
19439
22956
34199
17933
13577
20916
19092
24289
16521
19789
18991
35698
19951
39517
42398
15048
19130
18555
9735
14629
9900
14174
17208
10326
21935
25029
11936
14379
19927
17555
30476
18055
32155
10795
18461
27950
17920
15468
19298
12175
31701
38579
23194
26463
18767
14785
6842
13334
35115
18716
59477
63414
22498
63650
32107
37144
72262
50935
61357
26692
19768
16253
27932
25711
13917
15187
24678
16088
22081
19450
19960
20125
20350
33974
21722
22298
18850
18485
9199
20394
14493
23148
25258
25342
35541
40852
32320
24045
14769
20777
13305
26175
26923
16970
30140
4033376
3640187
3470742
3461600
3409374
26036
3366997
3307344
76570
3255525
115432
3153641
3091200
165896
2703328
2664578
2515600
2544134
19304
38383
2364561
52166
67548
2248111
70936
1925279
1731442
1512560
1514144
52618
1321379
1183177
1065553
545318
476793
379508
389894
142475
111804
56745
56448
25393
33088
37792
69285
22163
42657
29069
32367
23835
38845
38983
22184
93719
25205
19774
32265
13226
18667
30119
22892
19292
26111
12291
17621
12945
14996
19224
19376
24230
12389
11830
22266
17582
14645
10769
19406
26296
23640
34657
25749
22170
18669
19089
18126
22467
25200
24607
15798
18315
15107
17292
24121
19241
20694
24246
13601
21757
20114
11239
11751
25363
17804
22025
17787
21046
13497
21447
18940
18169
15729
14773
34138
27341
60622
17542
25256
10430
31850
22679
16652
16464
13517
25366
17079
11573
23837
22637
18283
18367
15700
17510
18603
24302
27082
30592
23111
20604
26246
16462
24072
20300
18260
13939
28385
15937
28219
25000
16215
12213
20993
20944
18109
20747
30574
18760
17170
13145
17740
20423
27232
23585
38839
46851
25034
15009
20251
24329
25152
26028
15412
5726
32693
55263
19642
17111
10257
43547
26384
22325
24848
95658
50055
59031
26466
63790
43223
22188
34548
24328
48865
72626
79157
19163
50302
28162
32861
22310
12028
18251
32029
53922
47029
20368
22708
46699
31310
46855
19327
16698
31425
15795
9557
28883
20169
17584
20200
19307
19954
13382
20406
11458
19888
22486
26612
25988
18306
23164
19304
17482
17078
51972
20049
20530
21761
14724
18149
17491
16462
10385
15720
19045
27396
13195
43066
25140
27460
25263
22343
31416
17882
27398
30251
29084
18702
36359
20819
17162
25172
20120
20338
15864
18993
22777
24439
22297
11336
21599
13218
16224
18289
13956
19224
18648
15046
22113
24888
27253
17955
26749
20332
24481
13377
22034
21929
36370
20515
20343
17601
13961
27227
32063
24600
20437
19492
27093
20624
15466
14812
18904
17954
20589
21279
11306
20474
18385
20537
33593
20531
20294
34644
33430
16254
24323
16761
19939
24871
19604
21890
26156
41214
53939
10292
40905
32462
24169
44208
28615
67164
28063
21849
20558
15159
24169
16843
14248
25967
28952
35321
17604
18179
31432
15653
15186
9840
14539
4023874
3631236
3632932
3454338
3451595
23486
16962
9668
20720
21596
20858
12414
19189
16226
21377
20602
13511
18780
23667
4641
20540
15433
18931
22999
21632
33359
23340
19555
7039945
6947555
61137
6895041
6882658
6915182
6901259
6933933
6842501
6517950
48845
6510957
5859407
26419
5824405
5838988
5838797
5546462
5530648
5107856
5062128
5033426
4764874
5926
5525
6051
5220
5217
18927
27601
49372
22042
23076
18460
33675
22446
25047
32224
20807
8775526
8753094
8685757
8670668
4576
8422916
8377832
8369105
8307662
8188559
8199890
8179525
8067485
7715595
7514291
7322522
7290981
7147897
18682
7059333
6905414
6716094
6351447
5737012
5371161
5229070
5025735
43856
5003532
4994838
78285
4913670
75726
4775001
4553532
4511698
18169
4431228
4252426
4253744
4051082
4041984
11515
31433
22192
24839
16536
16692
22149
21113
19819
13927
16486
27686
18553
19876
20642
22309
34083
19131
10128
30009
14730
13859
15810
19477
17407
34168
17265
21915
9048
13855
7966067
7957206
7848086
7779263
7574219
7226802
55298
7266618
127638
7337856
99861
7349202
170281
7402737
7416273
7081334
6784989
153150
6821224
6830750
241540
6707366
268264
6571451
220073
6533780
6507563
286543
6381531
6408933
6110529
361091
177083
6062729
5936862
6026371
5649605
5555505
5523091
30489
5099649
4787371
4481077
4425821
4413664
24217
3917711
3483291
3481661
3138801
24827
19805
9033
22641
22876
42303
25839
16746
22463
22312
18542
19489
18244
28299
13381
22548
12152
22310
23651
22693
20247
11266
33300
37598
7035272
6996076
31758
6844745
6729964
37232
6617252
6456471
6398292
35130
6436238
6409940
6370131
5945381
5967072
5997228
5866698
5746418
5763220
5773804
30479
5578894
5393422
5020103
52182
4803284
4799096
4709734
4744049
4531969
4411881
57435
4436517
4397538
4451992
58838
4330157
4293604
4102200
3878018
57541
3920958
3773680
3638680
3656742
3465414
30634
3441955
3467602
3321211
88516
3212302
142996
3271250
3284479
56564
3335388
3138606
2994120
2956639
2912281
2925929
2331472
40413
1927185
35677
1869282
1605509
1513456
1239912
1234277
930323
541449
434766
318365
17992
311118
308317
321518
14621
19509
21162
23318
22075
18353
10544
20553
19459
20956
19127
21543
17389
23188
17383
15607
14570
18922
17727
20947
31033
21488
20036
13850
15602
14574
24659
16548
21459
21623
18171
28633
17402
19856
13950
15167
19423
20883
4916
21419
53585
105082
36151
57981
40690
39628
136311
73913
43705
59375
75147
63788
70285
96310
52113
41336
54080
71609
25627
16465
23406
22091
17539
20123
16470
21161
24281
17487
15335
27906
18809
23016
25573
22461
14155
5695
22735
20276
24970
11847
12839
13059
33814
21344
4045805
3760985
3434514
3311155
25556
3232102
3160618
3066025
2865930
2774169
2616085
2468464
2485953
2452523
1938214
118972
1453609
1431221
1333927
1286464
20381
1290481
1017925
871474
861495
417026
348187
61406
344731
426010
498551
50036
492858
557637
567402
23224
482086
9558
12320
23713
45293
16123
23386
19206
43056
14405
23599
14035
22529
22591
21878
12269
14654
23679
22350
14436
17493
25223
27480
20174
21128
16158
26135
29346
21960
4307285
4250263
4174313
4112444
4114619
4095042
4040193
4001048
3530902
3301606
3220055
3105916
3091690
3077630
3010311
2922724
29384
2444353
2399860
2135994
2156825
32451
2051383
1946663
46416
1971022
1947648
1841558
51463
1631887
1554819
1366086
1274614
1187224
759888
743935
633919
550110
298880
79865
75744
43659
42470
61057
19181
37907
52549
23797
45163
24915
24115
61240
55524
57396
11282
86811
113264
44543
46846
23685
29949
27766
25907
25329
27120
23730
21458
11517
20172
29984
18491
19781
20086
15837
14581
21635
17816
22528
15413
30269
25178
16611
21320
36104
21630
27556
27149
13950
22017
20214
19650
32119
12035
22821
20317
34236
23834
22134
36227
21163
18028
18722
26175
36786
20723
30811
11860
20744
19107
42035
23628
16443
14031
20189
41975
20425
26348
20492
19334
31070
63317
24531
23516
28484
16902
27703
25893
19135
15357
14755
24406
21652
45640
24797
20709
21174
17469
10716
14615
20510
21379
20959
28464
19174
28481
18948
28780
23222
18101
17912
26400
26736
17848
14718
13762
19665
25374
17614
22905
15561
20863
29927
23962
22350
25440
25951
22702
4426
15537
8864
14646
21822
8642
21159
27640
29182
15705
26122
25098
17013
25801
19096
24618
22141
41195
18515
17019
21520
18827
15971
17649
12264
23842
19586
20186
26809
23527
31769
44897
19356
28839
22390
29124
13787
21701
10044
21038
13361
20817
19496
22125
22744
20034
25091
33447
21160
11537
16360
31926
73979
15405
36101
41127
81314
72427
108420
61841
63752
54974
25792
35784
35294
34946
27999
29978
41703
22793
33186
15963
27469
23148
17741
20612
52103
18402
13855
13854
15153
13679
13848
29079
45417
56489
17334
32885
20628
16824
33287
15005
10416
32617
11884
16024
16776
11315
18138
22414
16768
15001
17956
17777
28398
17391
15358
11390
5170
5029
3908
11298
5876
4158
18136
25797
34018
19576
19904
23864
21174
14410
9596
13638
13813
22342
20999
27410
23704
23932
17255
17361
4008568
3948222
3766455
3739375
3626546
3609957
3226915
2899964
2892003
2850292
2863305
2876101
2725509
2740011
1641181
1532025
1509851
1459177
1235432
1239457
1186809
1131701
837837
772694
679716
701457
304598
14803
19225
22003
35346
34223
16994
29134
34056
11089
14193
16147
23868
50424
20004
19273
25310
25862
4016485
3986328
3954404
3804988
6770
3749785
3578022
3337612
3346085
3298689
3218953
24602
3082660
2975309
2929546
2677994
13094
2564205
2510513
42485
2448518
2311128
2224318
2186992
2127316
17691
2019531
1943566
17378
1808297
37893
1743843
1761745
14646
1583155
1480367
1459694
1476670
1371767
1306778
1158815
892291
848252
823127
18764
684982
518729
19027
528194
287675
60610
15601
20619
13042
20288
18685
17393
25774
30777
17003
20481
22301
12471
12424
16539
24477
33755
24782
20601
17232
18914
19980
17382
22281
25197
24133
23366
26624
18108
20829
23784
20713
18667
28138
23332
41875
29118
25980
17597
15042
26535
44104
19064
22032
13598
15030
17439
17481
16386
16531
11870
19236
23742
16149
13916
17826
10755
26618
22914
26812
19792
16796
25315
24765
19901
19261
12814
17954
21446
21740
20809
17381
28545
15291
36558
16501
19354
18355
21568
20759
34123
24077
37140
11964
54201
24844
83632
117167
38660
57723
41612
55545
27264
22163
13566
25858
13203
17608
20717
28561
21247
19800
23610
16353
17146
15237
16184
29625
22283
17412
21299
18582
8485
18534
12698
15878
24412
6338
4031951
4010623
3993612
3825500
3774464
3713048
21819
3715739
3594218
28962
3585516
3581556
3557422
3544339
3504759
3173189
2939219
2845124
2764864
2746505
2703383
2677879
2658725
2585258
2179835
2133475
2154754
2169768
2167363
2190705
1934884
1896034
1839598
1849237
1749329
1454621
17950
1425044
1040195
1052060
943365
19927
748269
647325
644584
529372
535867
548767
565405
359709
254480
224139
182788
17798
19436
42474
19517
17248
21278
23916
33651
23803
17840
16654
5835
23678
28880
22023
39304
18763
45733
25976
33567
28250
13788
12953
17971
15754
17535
15712
19252
18410
22307
39011
18177
37885
23235
33185
16461
16333
22536
19525
27156
35361
43298
17238
17309
12744
11552
20946
14307
20148
15268
30002
10679
29181
24881
16458
14598
15064
18747
25521
22722
17758
18579
16069
17356
22810
16077
16038
14648
17101
16286
27539
23294
19348
21169
14076
26053
20551
29831
31133
20917
21072
10292
12479
9110
15801
25551
40411
19708
19467
21344
18338
15912
11163
24908
28578
28566
21806
21468
16474
19185
15458
19632
23463
13922
25797
21123
12646
21874
17946
17730
20825
17558
20812
24597
24741
4560
11802
10406
11544
12015
5614
5035
13707
107854
58209
33331
119856
84949
33468
18313
35172
82680
45208
32226
20535
65375
34698
27142
29986
19796
22128
29951
33491
14816
15008
30358
31705
25029
11457
13193
19368
15932
14566
26040
42832
20587
13750
23716
26308
27815
22615
38097
15295
24959
18128
17721
13604
25921
33759
11398
22790
20021
20461
28842
12953
27056
20587
19186
18902
35880
24407
13683
25431
27062
22200
13664
8761
12664
7325
24904
20856
27470
62258
20515
24259
25069
10477
11374
9583
22384
13120
18266
26661
17694
15225
34378
23166
18010
22351
28426
22406
32489
25437
21542
24896
15414
19576
22563
28052
30078
15354
27716
21028
21669
27392
26243
16704
17386
25619
23566
37181
15946
37194
14960
16533
12479
25612
49367
15908
19126
20587
46940
35215
51766
78341
15336
16119
21709
24777
19452
18601
24303
22142
33943
16392
17928
17389
15535
21952
14037
29415
15278
20670
24862
22790
25959
16442
12851
16167
13734
19640
22811
18010
11025
16407
16197
18436
19473
27942
14780
24173
16746
16316
16169
24425
12753
23111
12874
13290
17508
20677
22950
27085
26669
25693
24464
32705
25909
46785
35870
15600
43030
42600
43984
22199
53340
28247
43749
55641
87563
112942
103549
141285
169170
241651
204406
196203
151261
64506
100381
31645
35881
26884
14779
26529
17486
16526
17915
23751
16043
20874
18075
14035
20629
14105
11557
43886
17928
14191
25557
21554
25562
27492
25532
15866
13484
21170
17939
14807
22547
35463
6258
24458
24182
11739
17074
23590
31648
21551
21890
23460
22796
21304
16452
13524
16960
20536
24558
20785
31460
20867
34187
16586
60857
8325
22020
43145
17617
17500
31024
16648
28799
19025
15678
14379
20166
15812
18866
27464
40804
17799
19961
18380
22756
16328
32415
24805
16535
28293
15972
24143
24707
38626
20091
17931
19863
25967
17165
22425
17505
22524
24065
20425
20538
21177
25089
21172
19782
18940
24612
34579
32902
21221
26716
10044
18564
28321
7799
23482
27966
21169
28119
5847
20876
23844
38700
89063
5892
43395
27164
75317
112938
56408
66983
58411
56911
111365
121717
91557
104742
61257
59112
85771
16279
37264
16089
19845
30409
44553
16854
17827
17890
18735
22106
12528
18974
16134
15877
3104154
2715679
2718148
2690349
2639768
2603684
2608516
2452527
2228766
2234367
2185485
2097583
21331
2042783
2032432
22680
1708971
1435255
1043833
1003676
876180
837830
705332
588992
503942
519933
152859
27200
20876
29789
19743
23058
19060
17048
15556
68552
23004
19345
21120
102199
68208
65630
115313
96023
123930
30159
135768
59926
99413
15196
38784
25969
31244
46285
38244
15135
17784
16601
19878
14743
20534
19646
16385
19386
26609
31429
17954
30024
17032
24810
22630
24330
18107
24745
31289
20716
22102
18269
16081
15966
18232
15731
12407
16345
19154
27762
27240
14035
21181
19750
19132
13668
16575
22692
15626
19678
26470
34338
24641
25375
10878
20977
19805
13443
24074
38922
53956
94766
85627
44090
26405
41702
57978
15798
19897
16642
38434
15802
30340
17664
34587
57975
19964
12909
29327
18063
13116
16823
20513
24017
16429
28703
13325
16433
26501
23744
18780
21304
29681
4063870
4066940
3867064
3783241
3624877
3057486
26108
2972902
2869836
2580306
2434236
64597
2330649
2168227
4027644
3840921
3825946
6078316
3730904
3699680
5930628
3706657
3555701
5856546
3182043
3182791
5864572
3141119
3140797
5764578
2905871
2884159
5724164
2824089
2813517
2296600
5641411
2076023
5601154
2073312
5609819
2061512
2074610
5598762
1944877
1850988
5493928
1779609
4904568
1662597
4853073
1629879
1662840
4973735
1590501
4957960
832493
4900546
4867974
844187
4880590
4825862
790401
294553
4686552
37442
4455843
4491061
4553222
70825
4523960
4321372
173219
4343879
116301
4408744
41262
4428539
14526
4337788
4294295
38230
4088793
3873981
3823449
3752959
3647541
3452306
3140557
2821914
2685209
2678797
2201565
2077810
2025182
1866781
1742940
1686496
1581299
1607011
1625342
1555096
1466675
1475646
1372199
1360271
1102360
1105107
1001512
1015427
966432
864807
787298
749901
750917
318708
303475
248965
25351
19930
10710
18161
14014
12929
16969
30699
12938
22678
16713
18944
19357
17008
19858
22219
21096
20703
20703
18871
39594
23894
20376
30107
21046
17572
21811
20970
25757
18311
9430
22912
17115
4011744
3967697
3929393
7222
3928312
3803728
3737831
54641
23726
40939
54404
26960
20922
31589
21622
17991
21369
19341
49044
13533
22832
23330
22283
18803
28559
18562
19000
19047
27303
24957
19805
22454
21559
24905
44806
7761852
7735508
7730045
7711688
44443
7733247
7731144
7761680
7760833
7795277
7709916
7736749
7518201
7068750
6928868
6753546
6777922
6712347
6392651
5274722
5250561
4686440
4721974
4554389
4596983
4625978
58725
4239963
42170
4127256
4094575
3677483
25565
3700333
3604263
70958
64175
3569163
3524771
3556589
3574839
3420241
3402935
3361614
3393909
3397407
3119556
3124072
2851398
2787063
2736621
2628008
2589003
2566689
2391391
2370929
2336522
2113709
2140567
2134319
2158965
1782289
1714099
22564
1096247
19246
1055197
809153
846782
23802
649714
152880
174884
151377
111096
15305
25205
17400
11654
14221
40223
25317
13411
29646
15681
18099
27001
13586
22720
14508
17929
14216
21214
15727
22078
21346
16114
11638
21253
4014413
5155
3945148
3916008
3424421
7820
3107017
3146323
2895621
2886696
2841241
2364383
2347260
2206469
2189871
1800438
1746275
1703910
18448
1655535
1420969
1433169
1126329
21917
882728
796609
21514
784523
786974
574391
197769
50722
56849
100144
130601
146314
81904
58377
49678
48609
41423
17932
33889
23213
14509
29500
59196
14978
8063
19705
38086
14741
29814
32330
12811
19562
12608
21580
12503
23691
19746
33197
28466
22964
25511
27068
21384
39719
16946
23720
18045
24621
24845
18239
15851
24236
23494
40044
16825
18316
19966
14408
22197
19734
15634
16256
20399
18967
25951
22060
21110
17779
20951
22565
13826
4024778
3941813
3396132
3004318
3006442
2512707
4021752
3883430
3854262
3346221
3333669
3270811
3278128
3283323
3249386
3255888
3109157
3025615
2935051
2678252
2672003
2636960
2629047
2610725
2538891
2454372
2426007
2311352
2273050
1986299
2001034
1970236
1981847
1977006
1892349
1652859
1542327
1334961
1321348
1284261
1162278
1145041
1092622
643143
580247
543505
384502
23424
21138
15143
18230
23597
10058
18911
17235
19818
16996
6090174
5907535
5881362
5727230
5649970
5432955
5370734
5226230
5202200
5166545
5185721
4970492
4538369
4543822
4427562
22529
4279504
4284288
3826125
3743561
3351277
47575
2885767
107798
2879636
134794
2940633
2992934
123343
3070774
92207
37195
3154514
3065108
2970520
2900349
85165
2862241
103285
2533943
94298
2423168
2252703
2335786
42584
2436787
72447
2521217
22421
21179
14120
24247
12974
28525
15439
12827
14435
19644
26219
39906
14167
13683
12529
21214
22548
21243
22469
24163
5565077
5575151
5428518
5193686
4980143
4599652
4462517
19521
4034655
34214
3966360
3815099
3560491
3194457
2994430
2953448
2635273
1780599
1657570
1657291
1470589
1214639
1034210
954673
31330
791696
775546
688637
636363
264107
192513
87760
21503
24111
55091
42758
21618
13735
31166
31455
42193
69720
26225
43983
8272
46528
29604
37322
32399
48183
16450
23289
19043
26026
18729
19081
17184
19342
15837
14348
23081
26934
15800
18165
15400
22040
25647
20559
27643
25271
23438
20340
10107
24644
29107
20335
25200
32886
17267
14793
18277
31064
52051
18405
11906
17114
31308
17965
18539
18986
25477
21805
19117
19626
12159
19071
34997
36353
12013
25663
12654
32523
42921
15873
25592
9221
28782
49678
60536
71616
58911
16744
10442
13377
39830
33673
63719
74108
78402
36329
16467
26972
27148
23533
21588
26110
22377
36226
20925
40798
31392
24105
14102
19049
12765
19081
17891
14417
24933
16398
24215
14833
24185
47592
19982
32792
39150
4037828
3956801
3911849
3725051
22027
3553415
3508887
3336977
3347729
3364724
18294
3350200
17432
3239666
3198116
3040631
2897069
2872199
2537291
2371385
2141857
2133038
2091679
1775513
1752412
1726179
1709467
1394801
1400423
1379378
939581
886073
556350
470762
436230
18256
36678
52844
73179
83159
40214
37993
32112
20675
29696
28473
39855
9585
12813
20044
28446
16153
18466
21833
28399
18323
24052
12752
29026
33958
17025
21094
13737
22523
24283
25057
12742
20434
36226
41307
22452
11089
41737
57497
21747
20016
21214
20268
22378
9524
24082
21373
23292
18409
25568
20970
22334
16143
23457
19595
19386
23357
25312
13749
14084
19936
23287
16887
17264
18279
32829
20705
28133
15430
27262
15642
20720
35808
98196
16175
35004
76288
14873
20967
15438
46314
11363
16606
27867
10131
16114
16892
56044
20567
25287
28427
74999
55011
22198
40114
25086
70647
20044
53283
48751
56495
16467
12386
42937
18767
33842
19783
36325
31876
25085
18294
39026
20956
28387
18531
33948
30540
28975
23588
23215
18554
27917
25223
18796
23250
13988
10960
19540
20378
17474
20773
22796
34270
15673
12385
24673
4009766
38988
3754872
3163017
3041698
2879528
2834274
2793513
23109
2577157
2431974
2449334
2115520
2065915
2045391
674450
653023
199799
46055
18746
30194
54249
28786
21593
17831
17263
35248
26588
16894
14726
17001
19681
18576
15229
11839
20025
13735
29387
21394
17669
18601
23809
17141
21692
13098
30035
20443
18216
18459
21412
23252
17469
14764
21711
28577
35434
36543
26253
21528
19372
22112
24918
25691
20272
19199
15499
33663
7728
8836
7009
5020
24588
19549
31735
26207
19280
40452
14389
28209
22385
31642
21801
28291
17101
19829
14536
21929
22820
14247
20706
19740
22000
16410
22169
24365
18648
20113
31278
22616
30038
23224
29229
19560
23045
24085
41900
46235
29976
19041
27687
13821
28547
22636
21122
17384
19955
14085
16468
21619
18175
24659
18991
14553
45392
44558
33020
26816
20153
17352
21428
42483
12410
13523
19468
22013
28454
22207
26159
22995
41469
14416
16659
20256
22903
23706
23851
18647
20398
18110
16050
14076
21985
38947
19091
31796
28555
36517
29448
18492
15427
29898
38491
5548
19285
19336
16854
5853
15665
20553
27728
40373
61639
21211
11873
28966
23791
18679
32094
21995
37040
24971
17702
29357
19107
15071
19550
35345
46523
27830
35839
41474
8486
4011103
3855774
3614899
35053
3543585
3312388
3185927
3030369
2990814
2868667
2789105
17949
2700056
2497402
17650
2515616
2200698
23902
2082997
1618801
1614194
32598
1125484
1010137
946316
25794
22199
13831
16655
10706
19031
14223
23077
22635
18956
15080
28186
54627
21489
16125
16752
46275
44045
53578
35703
49992
4949543
4888912
4638017
59267
4527496
4302680
86765
4239789
4156875
46112
68111
4167592
3869191
3903455
3584272
3573660
3605127
3650067
3431495
3192143
3182933
3017765
48947
3061568
71981
3103096
3096565
44347
2921745
2978869
2969795
2397683
2478587
40830
2413943
2225013
91047
1711631
1643849
169296
140902
1356406
19575
14320
18343
24430
14048
15174
22821
19945
15745
19672
22131
15423
17219
25971
17787
14187
16423
25564
31094
27728
28935
21882
39640
31257
25581
23565
20758
21151
31298
21836
16584
5070925
4779947
4753788
22159
4677825
4457288
4402851
4267381
4148150
4132304
17335
3973385
3566324
3384174
3346407
3328738
3335861
3293412
3163886
2904286
28719
2786048
2803569
2617054
2653580
38292
1909937
1918884
1789744
1791126
1775812
1585788
46725
1604806
1623513
45324
1639071
1407320
1346674
1259905
40556
1204228
1030383
1005178
829561
746759
751062
661545
15376
392269
63891
336404
16311
22660
4213195
4175267
3723061
3703892
3463725
3486159
3134820
3067429
2867825
2580502
2507998
2363490
2280663
2224945
2233777
4021738
3943268
2258034
3896031
2119345
3915997
2133100
3816668
1721594
3862121
1768705
3885246
898236
3956407
971801
978823
3941819
3929085
975073
3925930
3690348
880109
3197786
771282
776644
684009
2704754
2664454
629799
2647420
682302
2605984
678452
641234
2600225
623077
2394492
2264965
447254
2076037
388959
2113763
289697
2152451
311110
2130951
6032321
6031505
4314129
5994647
4291943
4254473
4261884
3972321
5898936
3822969
5780443
5652246
3705530
5471164
3174208
5351015
5290252
2997210
5232765
2943613
2692889
5183686
2635133
5097371
2458487
5103764
2366415
5019345
2155839
5021619
2155068
1939145
4998848
5010581
1396984
1135210
5033227
1039928
5024425
4994755
4742077
4512241
1005092
4433914
4371374
909266
4271086
691442
4034873
547443
3955071
332867
3974873
321062
3892546
261389
3763771
249196
3792138
168213
3677793
143167
3635126
3611254
123784
3602675
3472103
39546
31780
3079760
58155
3045818
3002931
3005506
2988897
25774
3007364
3012416
48685
16398
3094085
3130144
3030728
2974674
2926467
2862837
2709044
2082406
1997404
1835877
1832116
1772113
57011
94305
1787869
1812817
1834046
1817462
24323
1536775
1279110
1250040
1167380
1204375
1158316
18905
1055413
899528
561446
501121
494276
19560
34339
12661
28645
12406
17127
23678
22400
29347
10416
16373
29200
23484
32429
25253
36646
20594
26169
3499045
3409930
3140515
2994602
2816116
2809082
2801529
30651
2501568
35079
2308102
2201468
1871161
18924
1876191
1754993
1660337
1120846
1042058
1048938
984205
907203
42668
646018
27170
477940
28573
282910
250969
15645
16486
28560
25128
26148
43064
17370
27594
18097
36285
20422
23221
46951
17413
47102
9628
32071
62450
34181
22334
31638
33493
15194
29551
21927
25037
35566
53860
15841
21256
28876
12610
20804
26433
19374
18355
14306
17432
23240
10660
25555
42292
17493
17266
18671
10648
21248
18309
21661
50059
8518
13188
20260
19622
18293
22005
17145
19048
14327
18924
19868
41127
37911
20222
17227
11067
13027
24389
40882
17485
26114
18192
10292
24057
55977
18965
52354
37097
30099
18577
63236
76069
55457
20600
25704
35101
30658
20295
45165
38698
15630
18985
18264
18001
19415
13864
20441
29961
32691
29781
16883
24962
20664
19003
28095
19384
21840
28053
21372
38119
17275
27113
19330
3074873
5046
3016344
3014667
2932448
2682255
2280293
2266827
35744
1826908
1777532
1650128
1658022
1662542
11991
1550221
1562392
1471796
1348734
1218518
22544
1128173
568019
489349
262189
167397
30037
26542
15876
26826
19979
4028641
4005750
3947228
3886816
3525098
3333817
3295368
3265595
3030334
3028878
2916968
2845886
2758040
2744348
2630979
2499868
2079793
2105332
2061054
1936675
1954985
1826630
1816142
1829835
1763926
1791785
1660292
1490828
1445394
1057297
515550
522957
4013543
518798
3880522
516129
3898874
3829905
3720894
440870
3254587
3114203
318493
2292364
2232519
2123121
275458
1833300
1335395
287051
1271670
1266309
1133226
1148076
1144163
701224
716258
607203
472915
52178
27685
33221
17170
37804
16734
22909
27181
29247
25110
12052
16478
16835
19191
16357
22936
19541
20006
13139
21276
27024
16606
15317
27553
16008
10670
4446363
4326268
4262991
4167246
4114801
4147337
4115419
3912894
3887196
3822393
3314123
3191879
3104676
3025669
3018915
2534303
2528376
2231123
2245493
2143552
2077989
75142
1816422
1797412
89427
1662823
143223
1595966
1576482
1027699
1000137
849869
592776
573884
471939
492069
295662
269466
237220
12709
25218
21524
15690
29968
23065
27548
23238
21255
26486
19684
11597
19642
25770
20029
22901
17110
28805
26753
15865
22051
38623
19678
21193
23613
15262
15688
21249
17872
23947
15749
19758
22640
33571
52263
14589
18522
20012
17458
23044
16949
31551
23771
17292
26026
13681
16456
12472
16262
22680
31655
17731
23540
20879
17856
12219
30876
32629
22196
26683
53868
53790
58200
25511
24994
49700
34135
48018
37975
24686
48586
28802
60878
116247
131021
71425
110814
92225
30309
47495
44802
7056
28992
54825
54112
24224
16699
25445
25754
34212
20961
18695
34365
21355
17681
19629
14967
11869
27793
15996
22600
20741
25058
14941
31212
13527
18680
14436
14865
22371
19477
21341
26454
25192
17177
17901
14485
22565
13784
20427
10954
15525
21398
18989
17673
25905
17970
27626
20092
44003
24051
49817
25987
27211
44639
24399
61760
56449
61522
34676
31473
13703
26290
21333
22968
27791
18826
18475
29738
48338
4370
16742
14764
13837
24741
7859
21805
4009002
3878470
3567773
3443605
3389936
3334182
3317055
3302618
3073238
2534601
2436480
2240723
17662
2250767
18897
2180081
1998183
1944795
1636805
1496173
1460781
1253767
1001851
402383
308425
69821
16283
22975
22794
15381
16880
18605
28624
20217
20822
20687
36226
16862
13633
13318
21403
40804
46066
20205
24519
16718
23019
19986
20591
15168
24824
13494
25051
17995
30076
14136
23259
17963
27517
12318
21785
19607
18393
16329
27009
18494
16941
21055
14320
33938
17032
5268
10597
35732
21199
22067
13990
34622
38170
87708
108502
55509
63643
42932
41533
18126
18708
81179
25892
23094
60891
24795
33263
29639
26760
31588
15615
12429
18725
40953
23354
48466
11176
23545
20110
21602
26682
19151
15632
12566
15048
21573
34147
17648
23520
39155
25205
21771
19878
19825
11967
26975
24740
32102
14621
22256
16843
23003
22707
20930
17315
27432
13352
23078
25339
53377
31441
36323
20477
4025672
3956208
3977642
3847678
3547461
3470426
3221219
2945920
2544836
29612
2526577
21600
2434191
2381918
2315450
2207675
2199389
2183742
13649
2114860
2125137
1834930
1727798
1743037
1658930
1617360
1561656
1326629
1167679
1174948
1047496
997053
967206
494435
207970
144121
14515
27149
14135
10822
13982
24551
15849
23313
30991
20555
15170
16318
22825
27062
32166
15470
23061
15758
21112
23286
19019
22231
20559
8388
19956
27589
17427
14223
24741
15836
21052
17404
19626
24481
18994
22496
23867
28316
20766
14725
21892
39010
11018
21466
34774
18727
16692
18800
24981
26178
21268
26284
14428
13446
26327
27453
28364
30042
6124
6878
4446
5713
3527
16666
15508
19023
15036
21001
19398
12374
17699
22506
21672
25903
14467
21018
14705
20841
21448
20453
23270
14714
24218
23500
25596
24722
14144
23169
19608
11773
27369
20930
28236
23604
35046
26826
13825
19311
14648
12948
22832
29577
23626
18258
18124
14878
16665
23366
10982
30524
18485
12434
12526
27603
47957
49648
53894
33645
30332
38117
60291
23984
32597
32195
99510
35683
96963
14119
50433
60416
28677
47650
33116
20087
32728
14629
15059
16615
20633
13569
17306
19895
19753
10252
16446
26562
25048
25486
29618
20987
17031
20160
13261
20883
24773
25454
16813
14795
15818
9342
17586
14256
27447
18041
20049
24213
24769
19542
9049
15993
20806
21988
19542
17762
12614
21105
22255
25016
13848
40115
23767
35901
35835
88378
120943
56512
46077
39639
56778
59196
141228
99878
30599
17207
17426
31135
34296
20204
16351
20794
25604
18467
13925
17518
16585
18690
17774
19362
39090
21548
29589
33329
11529
19369
17094
17161
21133
25378
24301
17088
15497
35722
21516
25073
36923
27404
34854
21240
25318
19528
27663
27479
19492
26840
22495
18001
21099
20830
20667
18361
26906
41408
33023
29506
28829
17089
20876
26057
13998
34523
13034
25697
33287
19790
11390
24244
16045
58292
22440
33695
28084
