43888
26688
30293
17231
17596
16578
29367
15439
24092
14748
17475
52594
15535
22876
38990
17021
17929
15343
15182
18613
17722
21794
18083
17640
27373
21335
15596
1300196
276626
121807
1270100
1209017
1237549
1218963
1137783
32246
1028227
614114
430901
304343
25481
21294
21518
14020
15004
17786
22083
14658
18898
21381
16063
21078
15924
14133
14274
15805
14353
20654
32671
26815
23053
20066
14149
13866
15859
20430
30280
17932
15366
15869
19373
19826
20503
19844
14675
17654
24315
15107
15298
16512
15568
30573
15404
16131
17967
29976
15469
14454
24419
36708
21518
13466
14140
14908
14423
13973
18082
15494
14950
21328
22805
16080
18187
22593
40514
36107
14204
16938
15322
16017
21302
14868
26878
14064
15062
22154
16140
16494
14789
29486
16695
14684
19430
19545
14907
16192
15117
27896
35243
22627
18708
17843
14243
24198
44454
21505
15108
16270
15708
24105
32004
28434
15888
17507
15527
24589
15325
13463
13042
16905
16543
22180
14304
28596
12766
15417
16615
16053
24115
19066
19169
17934
19899
16720
15876
18381
15452
17258
18245
22350
18548
14590
12910
64275
16368
16029
13497
14745
15577
24299
16321
14456
16970
34159
25067
20225
14962
14568
22957
17440
27236
17448
27147
27613
19814
16068
13705
16902
13892
17531
17780
15176
15279
14445
17849
26828
27879
15044
13291
13857
13356
18478
36560
26857
14322
27412
22211
18569
14735
13300
14886
24735
23473
38293
16850
17220
15121
14424
22214
15494
18493
14298
31376
15641
14978
16548
52045
12706
15886
23278
13946
14188
18714
18775
15563
20008
17693
40694
18188
19408
14383
14256
17133
17722
16263
19964
37592
14586
30838
18095
19250
13833
23844
21787
23324
17585
19794
19881
27254
17316
17338
17575
19764
32180
15414
15798
13292
16442
35384
21968
20570
24412
38347
17702
14114
19060
16446
17053
14406
28575
16231
18339
19907
15568
13855
17137
27884
16982
15520
13767
18609
15585
14101
18023
14172
16809
16154
17063
20125
14248
20625
17083
18857
19655
17664
31835
15462
19982
18068
14314
22824
21499
18535
28545
13932
27373
15482
17672
18756
15952
17610
16789
13911
14948
14925
19322
39723
14596
26430
14818
23465
14602
15230
14860
16440
15396
13203
15802
17547
21391
24767
25872
18020
39950
16620
25844
29686
12835
13604
16616
14480
14048
13308
15911
13879
20017
15615
16498
17156
14489
23498
12886
15835
15269
15876
14162
15056
19633
21737
25015
40430
19967
17750
19156
14638
35256
15924
16212
14202
24548
18283
14772
17306
26987
13327
16615
25361
14332
13585
14928
17602
21930
22755
19767
13909
15253
14842
16797
19721
19753
26369
16946
16757
22929
20442
16748
16957
15519
16832
22278
23089
19562
25372
19650
16129
19034
15954
21191
17378
20589
15532
39655
53402
23678
33070
23291
20875
32031
22581
23232
25215
20588
17380
39747
13743
14993
16665
28156
28149
18277
20685
18964
15401
16286
17854
16574
16954
37920
17464
17391
14721
14508
16745
19959
15157
21457
16420
17914
17193
14415
23132
18261
14415
17345
16135
15633
29627
17157
19953
19168
14892
23624
16356
26235
14296
18291
22129
24688
22209
17550
16378
54194
20865
32675
26002
15863
20580
19624
24885
16904
24318
21660
19038
16998
21538
30377
23941
17298
14717
29087
13572
17362
16340
17079
13669
14688
52994
13765
15008
14462
15807
14774
18451
13970
25216
21556
14271
16468
16828
19189
20123
15838
16745
13823
14217
17128
31375
16128
38272
54307
17997
16734
15977
17523
13571
22092
21252
22269
19131
16364
23684
26610
14364
32157
18148
35735
14119
19859
16190
18874
15762
22555
36390
15541
21254
16583
16629
16379
27903
21153
14504
26607
15574
16960
16725
14255
13632
18608
16917
15237
17023
21287
17536
15241
17479
16391
21622
19882
20546
18266
31552
31959
31257
16479
27889
15859
20496
28317
22183
19736
14342
21494
15335
13530
14621
14828
34481
14166
14183
13145
14486
14487
36161
19995
21614
14188
18934
14558
18869
17239
28258
14120
16176
29261
18367
17086
24040
14349
22173
18487
20100
24208
19052
16826
15509
19822
12883
18104
26103
16474
20525
13838
20576
19066
20895
20038
16033
33676
23875
18062
16938
25164
17417
29110
14032
15169
14279
27727
15410
15621
17203
14441
14405
25396
17403
18209
14795
13676
15884
16396
16795
14384
19079
13817
14825
18061
19528
16202
28887
15143
31143
15475
24122
16159
22165
25557
20095
20134
15149
17967
15905
20564
14700
15563
16471
19536
15090
31015
36569
42675
18102
20694
15924
13491
15829
30865
14966
21081
22760
14487
17984
29725
17694
20442
19619
14870
14230
14700
14681
36363
37804
18212
24625
19262
31561
15934
32328
23429
14613
80271
32303
22201
26744
33409
30269
20469
18246
21718
14596
22022
21527
33617
18027
17066
14059
17774
16514
19422
15736
15441
29688
23466
38525
16536
29833
15860
17506
22412
19282
25311
35578
22088
28481
14863
17637
15223
17250
15321
17761
17933
16070
25424
20826
20637
14594
18087
25468
14937
14994
19381
19246
14038
17464
15156
19244
15246
20377
22465
29258
16770
16185
24048
18109
42948
14645
30034
14856
15689
26524
18484
37091
21440
14396
20117
18223
13625
15974
13323
19921
13835
16101
29491
15906
19383
18048
14242
17762
14216
13732
16252
16271
14489
20522
17312
16356
36959
39041
14760
16741
17479
17027
15539
12777
17706
18404
21398
13565
20344
17874
18331
22100
14837
30037
20138
18198
16335
20250
20857
18005
16421
22905
23697
45042
24794
15682
15147
16274
16652
17554
17018
13659
14125
14266
15954
14608
25412
17486
14081
25711
15241
13438
15168
20185
18111
14658
14411
18182
19709
15023
21949
36740
17978
18809
18292
20908
27754
23120
14980
13552
13875
18020
15876
14236
20027
13355
14114
13671
17726
17870
13208
18758
32195
13485
16240
19042
14126
16517
19695
16460
16021
28138
22163
18237
15076
14887
19001
14858
14217
27864
13720
38012
13167
16508
21132
15102
17011
27665
19684
17263
25669
14733
15781
15614
16433
16106
32481
14550
14783
22666
13534
19071
25469
15496
19094
14604
20380
18510
17760
15787
17946
15044
26952
23539
19800
21856
14424
19751
16202
17622
17531
14889
14076
14134
33727
20603
15955
23683
27285
13717
14287
19058
20411
19414
19287
15999
18543
23887
18577
14148
21215
20266
31295
22671
36431
22771
15665
13607
15823
16776
14630
16388
21983
14223
16612
17462
17157
14486
15113
16230
15322
21706
15180
19564
28683
18067
32944
18577
19294
29201
15043
17239
20470
16246
15254
13546
17069
20150
22259
14159
15322
15949
15124
14158
25133
21263
21410
24822
30443
20454
15479
16022
14910
16743
15102
13195
17799
15406
15147
14591
12899
13092
24123
16023
14393
14529
25415
17474
21324
15056
16368
33302
18253
28866
23706
12864
15635
14725
20520
15535
22628
14854
16224
18013
12387
14889
23564
12536
17456
19263
16517
31327
18711
14531
17764
21931
32651
18796
13354
18501
14693
13366
14888
17154
14547
21722
18642
17063
19893
20946
21639
14621
18276
17435
19863
23580
19102
15584
37373
14661
20604
15082
23373
34745
15964
22444
20400
15327
17062
30016
24415
14871
15184
38508
19867
15070
27940
20788
16051
18091
43514
23054
15751
17650
29752
18287
14947
14692
13923
17671
19386
23216
20908
30154
21411
14034
44187
17484
26279
17862
21259
22751
15420
17793
22653
23547
16505
21015
24121
14734
27541
28655
21934
23030
15536
15098
13871
16155
13422
22597
15735
17730
27013
14658
15341
14699
23789
21787
16728
16132
19546
16979
15106
15728
16910
21106
19674
24061
16345
20887
19137
15465
16475
15054
17282
14147
18460
21597
14911
18197
25382
15240
38661
17829
15230
26264
31061
22714
29022
45306
16373
16291
29785
21189
18155
20389
17942
21212
14399
15481
16371
22154
17212
20486
18518
17421
18366
17970
20145
21331
20951
30085
14768
14276
15340
22366
21935
21677
17579
16532
14639
38957
17884
16387
21167
21801
31276
16006
17207
16294
26321
34866
19597
21133
16643
187685
175491
19734
20053
44813
14163
21045
22544
25781
20453
14303
27843
16909
24814
13141
13163
18882
40787
15963
19702
14941
14376
19320
16099
20179
21161
19031
13217
14869
16487
18180
15097
19242
18744
18167
20937
26702
46240
41637
52978
58548
16090
19900
19970
16777
16894
17347
17562
25775
21273
19471
14311
14247
25520
37160
24252
16267
23638
14410
19719
13792
13830
19456
19938
15385
19812
13863
18404
22535
14898
16555
18566
18227
21833
19987
15255
31512
15528
19928
15483
16339
22950
15547
18567
15250
13975
15101
21931
14520
24876
15100
25882
20755
24670
19165
24795
16782
14115
17710
14023
14993
20494
24362
39535
19318
13567
23947
15146
15512
15647
20727
14151
24184
16854
30845
26202
15813
13494
18739
22463
24935
16580
14869
16687
17619
15154
16917
18643
26015
44938
19019
16465
15122
20231
14125
28323
20928
16963
14101
16836
20634
17239
25328
16003
14237
19817
17765
13416
19923
22932
16260
18064
13712
14417
16813
14704
16078
14687
21666
17469
15868
22734
17313
16688
15224
24389
14494
16741
17239
20609
14972
14703
15972
18242
21784
15987
15425
15718
16329
15066
17023
18107
34735
26194
19671
16554
15384
35984
32299
16270
16967
18751
17152
14561
17614
35161
16032
22292
16446
23032
16056
20158
16484
44942
14741
15132
46158
15594
13477
16615
18964
16890
24610
17460
45682
16084
67443
13231
15931
14081
15501
14978
12936
18807
15400
35430
13694
16805
15600
16953
16548
13179
38098
16414
17693
15625
16111
31943
14729
17108
18774
14726
13640
17499
21754
13999
19799
22773
16760
18751
13818
15358
14530
24589
20212
16743
22085
23756
38755
19807
15073
26257
19439
16344
15970
15244
14518
15087
24157
15992
17013
25941
15106
14588
15763
20956
14794
19368
15823
49779
15686
35026
51811
25314
22105
14189
14902
14597
15013
16208
13880
27695
16727
17506
37116
15116
14428
24250
17039
24681
16036
15405
15950
14558
18683
25591
13384
16413
18908
27068
26286
13579
14747
20864
14057
13648
19403
13769
16677
19219
20106
14183
16351
14314
18610
18438
24592
14747
23618
15720
21009
24349
40151
14726
20338
14984
15471
20280
18901
14637
19676
19211
15673
23841
15812
14509
15038
16205
24561
19238
22668
14132
18499
16402
15073
15499
17500
17779
23049
18175
26899
31151
21827
31220
16260
2611470
2688335
2155038
2478079
2007008
2492360
2010204
2028229
1483089
560549
1000424
16427
17103
21408
33995
41568
21836
15181
15014
20396
15335
49376
14036
14981
15066
24780
13283
14310
29677
29167
19560
15592
17683
19525
15292
17938
15745
17739
15020
15077
37334
18635
14239
19009
14404
15576
14078
14918
12903
13135
16968
13278
21638
14922
16788
18853
18496
20407
23739
14382
17884
21087
15220
25231
26736
14375
18128
8598
15080
17450
13957
20505
13116
15206
47173
17866
37150
15234
13473
14405
28413
16144
16373
33930
15541
13104
18247
11761
18991
42215
13332
14145
20654
16454
18741
22096
28489
28165
14503
35858
15686
27822
18621
14852
13791
20360
21060
27648
21477
16419
15793
13969
17872
15361
16945
14135
16149
15828
19064
18508
22910
14629
18738
19217
17704
17547
14706
14692
21129
38870
14641
15108
17591
16419
16965
14597
20607
14603
24175
14193
15189
14127
14001
16867
14992
15614
16618
14735
16932
16924
13429
14226
14848
14607
14397
14364
23383
15343
13626
13239
15376
25991
19327
13984
13046
13805
21680
13221
18069
15794
15646
16407
14291
12842
18008
14637
18021
22741
27694
24718
22336
13663
32481
28145
15988
13905
16523
35538
19638
28888
31863
19187
15113
17636
21530
12726
18796
18966
15909
16353
14628
18626
14456
15626
17175
22040
15421
14030
13366
13216
14846
34643
18118
13554
18893
18215
15993
15699
19363
14848
15459
19305
16974
16178
16458
21013
24529
21413
14877
13719
20896
16044
20212
22964
14750
14663
18256
16882
27466
42091
17633
17267
20522
17715
20589
14443
16575
14067
13215
17216
14664
20981
17485
20838
13739
20146
16887
27926
14535
15817
15181
15443
31971
17547
14224
17564
14276
18174
22463
15637
16059
14019
16790
14886
14292
14371
21609
16697
17506
13134
25836
14905
23333
17947
19138
13941
18228
19037
33433
16406
13869
15177
14305
20528
15924
14279
16845
15978
16582
22177
13778
17591
15622
18407
14112
16750
18656
19457
14834
20656
14219
16924
20827
13969
16199
67654
14362
20383
16728
15498
24377
23381
20866
16067
24639
13410
16129
15335
14976
28891
46437
28133
21658
20389
38216
19679
17719
15354
14550
19748
18509
13148
28296
26310
19573
16797
14171
15024
14247
15916
28763
23257
30269
15987
15752
22871
16967
14076
39033
24657
20831
16414
16235
19626
21277
20686
15432
15342
13547
14863
14540
14694
19084
14439
19900
16654
14241
24144
16178
14302
15171
30056
15603
20169
14462
17821
15451
18993
16506
12648
14631
17589
14599
14959
17941
13364
15838
18920
14428
14389
14511
50079
15897
31799
36963
50164
22514
19204
22894
13576
14613
14933
17632
32207
16837
18009
14769
15806
12821
14049
16766
14595
24397
14747
15479
25305
14532
18365
13995
17202
16833
17479
32098
13922
20869
33136
27306
14508
16664
23525
13379
16173
24351
16783
15200
15683
15418
14776
20487
27156
15927
14501
17795
16977
14337
17838
17383
15302
17014
14669
18754
14914
21895
19446
16062
14252
15199
22825
24647
30818
20666
13786
23978
20190
16312
20517
12466
16557
48816
20167
31566
17550
26607
16243
15461
14559
27183
22505
16372
22995
18940
14544
17148
15067
23359
36998
27401
19440
16285
14508
15419
25994
17148
15667
32993
16631
17217
30293
13601
21460
16102
22713
14714
16665
18697
14579
15200
19173
14966
23418
13017
17827
15563
14864
16623
14976
13635
19907
20164
20560
25144
23175
18843
19182
33169
19914
14756
18916
15796
18548
16625
28442
14412
23112
16871
22935
45297
21028
19991
18213
16731
19355
18153
28632
17011
20377
14971
19404
15601
25918
28007
20459
19793
15547
16560
20576
21831
20404
15542
16267
34381
21005
26599
18346
17211
16990
32438
14784
14698
15059
30902
37852
13685
20965
18844
17162
16441
15612
20510
15251
15526
17774
17631
13496
21857
20118
18066
18625
18289
19766
18800
29007
17192
14657
16995
18012
15670
19553
16370
17934
18309
17374
16305
20673
13391
17473
14687
22035
14838
14143
20895
21846
21374
15272
13398
18967
17980
15617
21123
15669
15409
14800
14841
15142
19693
20845
16137
16285
27202
24881
30972
16228
14837
15824
26850
15595
23715
18471
20552
13880
15091
16257
14306
15017
17256
16229
25207
12137
15143
16832
25785
25178
15595
18243
13995
19508
17086
22912
19184
22168
16295
38465
20335
18314
18353
27788
24243
23643
15999
17785
15551
22735
20748
32420
30229
14354
21542
46906
16059
18226
20668
19821
18053
15575
15351
23399
16588
24935
15445
16456
14031
23633
16632
15388
15205
22390
14865
27939
17579
27434
18349
17879
13792
16839
14310
29671
15332
14760
15687
24232
15608
20348
16804
26747
11956
16252
16848
24493
33007
15198
18853
14375
15926
15465
12746
29893
20086
13756
14535
18323
26295
16505
15497
13787
17471
19630
16175
12917
17084
15221
16949
15750
13492
17092
14043
15585
14309
24210
14257
14082
14673
23082
18537
16733
18424
19456
21814
18688
14842
15504
19004
19459
20550
27101
17720
18637
16608
23219
18101
19563
47213
18404
20896
22621
18147
20222
17522
14623
19813
20962
23640
19278
13409
16594
23674
26312
20248
16177
13428
15013
38742
14020
15273
13762
