37176
44437
36065
38135
26854
56889
14737
51975
32352
46608
83980
17876
34300
18939
3358
18908
14008
24646
20716
18382
14203
12438
19473
24247
10010
14202
21809
15570
25025
28132
46280
39441
13220
19828
18132
26027
20476
21298
17717
10858
22336
14100
14200
14575
20614
13762
11108
10738
24844
35151
12519
11857
20964
10567
34142
20320
16853
12228
28401
16511
2923
12555
31892
10761
14861
16219
10409
14129
12337
25935
10293
10226
13217
11450
12365
35483
10639
10248
14046
10630
18776
37411
28450
18188
12728
14452
12983
11911
11486
18033
12605
22899
15052
21527
24988
15585
15050
12236
13514
15612
6727
29940
25374
11844
21277
12798
18717
12269
37603
14561
20658
15930
19528
23004
10074
10942
13070
11851
17233
16830
11644
13675
18240
22611
9512
15097
11371
17670
25445
17754
13295
13754
11294
14358
12432
13845
23006
10375
28306
15523
11917
17899
17482
40363
50845
24486
20210
18576
15255
18975
43571
19800
33303
16208
17216
22108
30800
27160
16248
9694
23526
15003
15542
30291
10001
21299
14206
10326
13162
18890
25560
18638
10463
15493
13836
38757
18042
13693
9750
12158
10468
14705
21774
8073
22331
12765
10224
13138
17135
15368
14772
21448
16912
27823
16733
15291
16912
9874
12885
9594
14276
7635
12002
21581
21052
17022
15932
28165
11971
20220
38447
22357
16578
18100
9739
16228
14247
36523
14391
18432
19681
31184
15322
12058
12634
15969
15772
10945
14284
17683
24225
10678
24154
29809
17354
10446
31435
19443
15693
15246
11280
12370
22546
9233
11506
18737
24609
36455
19195
20640
9467
12172
25128
7977
14286
1456368
1398331
1470424
1405877
1484845
1259693
1460398
1505929
1508053
1325266
1520850
1523815
1331315
1459637
1462179
1348933
1491240
1494895
1523944
1252347
1481250
1419570
1435553
1264654
1450472
1283325
1501389
1249191
1227556
1223420
1552526
1225272
1194498
1534740
1511357
1170053
1400506
1161541
1387906
1150811
1401105
1044491
1064862
1423094
1053022
1014007
1388867
1005944
987262
1375873
1008680
1000245
1414205
879055
767159
1347963
669617
602308
1217852
390735
1191684
1154719
321868
1149108
1154542
14132
1003292
1006872
916073
13700
17832
45816
51916
60021
998399
784114
11210
13705
774829
793953
8678
746778
762989
15173
634280
10580
653273
684089
547816
414992
414098
10258
316862
340836
278965
254715
237218
185921
149977
19230
175606
166569
179335
14245
112173
9398
8184
10187
17862
13477
10697
23803
11136
21429
10204
18257
10274
10654
17338
24467
12147
10288
16868
19175
13614
21588
14134
8631
12973
9907
8483
12351
26639
13043
12099
16615
9959
7692
8720
9023
16853
11246
16424
12517
20125
12348
22826
13636
10419
13039
10672
12926
7172
11805
17210
18749
13579
13622
11158
11620
10371
16704
47027
19206
70902
24993
17433
13979
63627
38710
20658
24473
10968
28955
15062
31180
12539
15532
13693
17328
17331
12107
26173
31581
11895
13005
11820
18360
22696
17611
23131
14263
10144
17267
11681
14478
9989
5167
3867
21420
12072
15097
9790
10773
17596
10126
10579
8976
8862
15962
29766
30468
10379
10629
18979
12875
12281
12583
35075
42469
77571
32837
32554
37105
33813
33441
20887
12704
21651
29624
9423
9734
14103
17388
18153
12420
14896
9715
19952
18287
25358
15259
9359
19383
15624
22383
16929
16041
11362
9691
8306
10294
12202
20806
26321
32597
13974
23381
19101
17009
26908
23503
14090
16698
8909
20670
24434
10873
13834
24697
32669
11809
8799
10069
9682
11493
12787
27705
12014
9332
14496
9794
11839
12577
12548
14682
11495
12230
19618
13894
25346
21456
33901
12876
21194
17560
18214
15824
14612
12038
18192
21189
25406
11543
9449
11468
24354
18449
4584
25872
25697
42978
24303
12718
23899
10468
13102
13523
15129
15482
34540
21329
3913
15426
12253
9965
18014
32551
52332
49855
50219
17259
16590
33400
36277
47509
15345
27035
14811
20112
14906
20584
15062
17021
17936
34588
7775
13650
10485
11839
14308
12045
15205
13277
16136
16817
16267
10371
16045
18423
24679
15004
26297
24888
15465
22268
12610
16016
20197
15173
9567
12741
12767
22374
11477
11803
14175
17180
8356
17390
35888
50212
50689
11752
18224
13234
9515
12888
11959
27440
36908
10268
10557
10414
23118
11534
17996
16209
15197
16145
20178
39485
9054
11294
10531
5420
14109
9884
42120
27190
37250
11974
13274
9272
11207
21242
22094
26584
28712
24624
23550
63813
21179
83161
24508
30045
27176
9395
13614
12289
10578
10573
17371
8757
11768
14170
11715
16646
6970
19622
11524
3174
12941
11593
16123
8840
9146
9728
5869
18833
18599
23956
10008
10039
9598
19069
16133
22877
8349
9746
11699
22562
8782
13835
16691
11523
5217
10334
21409
11200
11109
4407
11971
10382
12686
15345
4313
13872
30977
12817
13149
14112
15709
18732
21216
9724
11778
22691
19235
10016
22297
22691
12287
23263
10216
27059
19024
15747
23777
30444
16026
11462
13112
11561
16337
18602
19192
9278
10848
9947
16768
11948
10087
10035
14813
10777
20946
33933
46032
15999
11286
21002
25008
28701
26785
10160
9522
23640
11768
12214
23129
14543
18704
20029
17246
26833
12429
20063
11818
37180
29780
12122
9837
10989
21367
23015
25279
14059
19177
16215
13462
14496
17299
9337
10690
20699
13493
14048
24485
34123
8737
17797
28997
39475
30132
22183
24376
15002
21111
4146
34192
16425
15550
12895
14459
24532
8999
12038
15367
12486
12977
13353
27571
24950
15953
13962
16451
16887
15543
11884
16172
14143
13190
12048
27864
22227
10935
30744
25279
21974
35858
33095
20996
10342
15045
15868
12294
17743
12986
9816
14324
15024
11151
12819
17231
16438
11410
30099
12755
22029
9524
17765
12360
25839
17212
26229
20120
27776
30190
16174
18782
24830
16292
16559
11451
13761
15736
13606
10601
19718
12093
46890
13998
32855
23188
14762
17631
20300
14413
33664
39390
29619
24566
5548
35253
20494
16104
8893
18172
12480
13035
19212
43021
87156
96242
119780
50156
43035
43206
9440
13203
13408
30366
11085
26687
9529
17445
9677
24817
10089
11129
17369
25406
9147
13139
12960
26822
21652
23409
18054
19080
11432
12765
18210
27508
11128
19541
15889
17637
20767
23350
16585
13373
15496
18039
9624
18729
20749
16669
11793
11879
5393
18986
17991
22726
42719
11972
16363
13152
14692
20371
9919
24586
3704
18691
29351
11713
11953
20266
29725
19135
26784
51298
26187
35811
28702
15794
9608
11931
35276
39680
27961
16257
13836
15441
38588
11905
11168
16644
10373
10990
14278
10700
10941
4762
22966
12341
26814
21685
11048
19197
31738
14306
29462
24893
15008
27182
14220
8342
27434
20492
12627
12652
21002
12239
14763
11306
20751
11454
18643
32370
22499
18898
27296
24401
24800
14643
23193
12371
38340
31822
37145
15164
16358
27606
11073
15208
18013
23669
24482
17326
18282
12036
17258
20088
10761
19885
15801
17721
43363
56754
17881
20654
18700
13100
8890
17993
30703
20344
13326
21641
16673
25143
19519
9817
17697
12024
13388
9443
17115
13143
10115
14574
9860
10699
8709
11195
13642
13361
11773
13368
9501
16799
15810
15144
13706
20571
7327
11769
15419
21646
10000
11296
12101
12553
10385
28247
21586
14748
7932
23482
17065
16105
11885
10691
15155
14954
11864
10535
21480
27418
36678
29494
44114
47126
25656
19242
29282
21879
22132
10028
13657
8679
24422
20062
33919
20525
28973
13875
17964
8933
11766
9020
27513
12651
35553
36982
15921
23407
32519
15296
13764
13479
15351
23094
29298
35072
10939
13422
17320
4335
8687
20150
28451
42644
10533
18032
10796
8893
10754
11718
9275
17006
15394
22530
13471
16537
20373
32908
17692
36802
9497
13408
10728
66029
13679
12826
10536
15246
13594
23904
12667
20899
24461
19797
13935
19475
13087
41267
16458
10432
12424
14197
9634
16457
15259
27854
8244
15864
13649
9994
10536
18405
19109
15352
12083
15663
12384
38185
14486
18549
21396
29877
23176
18546
19093
14393
11473
24301
33603
4034
12951
8316
16580
20411
23381
3174
13700
15942
22155
9175
9585
23193
36313
35591
45387
20781
19535
8658
16864
28411
10428
15054
13501
18831
13300
21382
19726
9868
15865
20307
17815
13406
14774
18484
11045
15650
11699
10927
20523
14609
13678
23309
13562
19666
18250
11146
9085
22749
65778
35122
62516
20537
19614
19595
14449
16736
23526
12284
20180
37915
17048
16723
26484
10254
10291
19909
15066
15088
13326
3317
12060
12093
11974
11017
20131
10744
12650
25330
24189
13908
9688
13121
9989
10943
27180
26372
14875
36502
36568
21086
10602
9419
13132
30734
7191
21122
14333
25705
25528
13041
9532
16910
30380
8411
24242
9781
25701
21421
10551
23071
14097
27725
11910
26884
15590
14488
11123
22925
26587
10456
11078
9906
38028
11410
19270
12141
15827
16158
8691
14609
29387
36022
38266
17020
17926
17640
15321
39849
18676
22211
29090
28465
24166
30793
12973
14336
19250
10833
20317
29031
14846
15095
26543
18786
11550
12597
21688
14007
14135
14883
15517
23890
12161
10456
11538
10797
8852
4337
10408
15134
8702
9421
10339
25453
14244
23011
10869
9411
19715
27046
40188
15258
13642
10008
24579
24548
23323
13892
13465
12901
35529
28567
12083
12562
20908
9858
10960
9447
11252
22880
21997
31193
46997
35664
13003
28086
39551
25889
36934
19320
27838
27815
26698
29162
43063
46467
12406
10141
17519
7362
16456
14438
18862
12874
13207
13127
22238
17284
24236
21382
25363
27870
33108
28825
20024
14230
22316
13513
10793
14437
5147
16694
9618
22879
13242
22013
28398
20489
10863
13309
19893
28248
21438
21204
19508
15203
13261
8824
14398
13328
11892
12128
28968
43070
46737
12175
13359
21646
33572
41473
26759
14206
19812
10977
20839
12603
27492
20881
27920
11207
19022
20154
13567
13243
11473
15978
16840
16715
18262
13094
15755
22019
19390
16834
9250
34718
40062
47534
30814
10342
4001
10905
26644
20431
18796
17859
10231
10900
17208
11231
8372
12216
11303
10101
15158
12868
13498
22019
27097
22847
22745
21625
14866
20445
27101
9941
13571
15260
14189
22570
24936
12420
9488
16388
18192
17967
12784
23393
29758
18192
13202
35879
13392
27581
17557
21079
27580
12228
10638
13214
13337
17231
21256
18317
31939
18289
14372
23359
20815
32740
54961
20514
20831
18349
38216
9645
69284
14442
75032
18609
18558
19643
13690
28579
12190
40569
23751
9674
15680
9004
9292
8765
12848
13897
12381
12022
16992
27963
22259
22020
16810
17655
15423
18360
39200
17490
23344
12566
14376
20820
5522
13903
12317
19043
11639
11910
10230
11787
23211
19380
10078
12207
15275
10359
16768
12170
18227
14418
20602
13024
3533
19521
17553
15278
18589
20354
12983
20769
17274
28495
8961
8373
20113
20681
17119
11291
20514
19644
19230
10032
14098
20771
26792
31379
25626
22733
19264
23378
9052
20689
12704
9592
6885
15256
26969
16006
15776
19272
11832
11523
18222
15306
19566
19648
11747
11110
20574
38718
47164
56302
58376
29759
22424
31972
23317
20841
14151
10922
18880
11215
21609
11609
11748
25709
18187
13174
14865
27042
18692
13158
10714
27041
22729
18201
14680
20310
11726
22165
12800
14563
9773
13060
10006
9685
14422
23165
33142
16537
14234
9682
12765
9206
10988
15144
11018
7404
14258
15968
38617
28922
21889
45357
21220
28359
34134
18691
10560
15326
22351
42314
35638
12198
12921
24853
17813
15943
12218
8420
13889
18573
22234
33905
8338
20499
6571
12688
11572
22031
24177
9869
10438
12179
10034
22112
34943
29649
14190
17078
20050
25956
12067
23295
11658
9056
19364
25230
10399
20675
19696
8177
12631
9904
13595
17643
21746
34560
42178
53321
14446
57283
16253
15017
17502
10477
7928
13785
13792
14707
9436
12832
13688
10157
10110
10011
10907
23005
15574
21740
9585
12235
9856
16998
32918
17568
14432
21157
9951
10887
13869
8556
13921
18967
8625
12236
12031
14745
12305
41990
42464
20559
9081
10549
10512
8973
13997
13658
31659
36224
13134
24970
15410
16062
13667
8823
19290
22708
31971
39647
31053
28920
15955
9628
8519
10919
9729
13102
8514
11354
11620
11083
8331
18180
10784
10881
10760
12001
9613
34168
21735
57506
26549
54259
10901
10141
16632
27569
24570
25421
21540
10823
9932
12608
9025
10137
17538
12915
18435
12353
8627
21731
30190
10434
20343
21236
28671
29748
20198
22881
27750
13104
21311
11526
16485
11268
12341
12199
15648
8808
22587
13140
11036
14536
17962
13109
10813
34969
13509
23820
11001
11286
9947
23909
22615
20647
25651
9002
11645
16458
8620
17521
10632
14030
13223
12765
13448
20099
17225
17945
13761
16738
13456
14388
17347
11723
12597
21144
16812
15909
15801
9831
19712
20000
22332
33409
14661
11032
14296
9564
13588
12125
9827
15074
9726
8693
10466
14522
38149
27986
11553
16344
15810
11241
19238
10251
16485
9114
17484
15069
12667
10639
8862
13700
17838
20024
17999
12965
12723
15505
14397
11919
7639
9946
10889
18363
14443
24180
10506
12644
14639
9705
11337
11929
10841
10826
12925
26257
21232
26220
20953
13379
11946
24792
19170
18799
26431
30327
19380
46866
13940
32485
35569
12753
39258
14720
9757
28701
11217
29285
4687
12023
16845
12834
14158
11191
9753
10323
20378
17668
20243
22501
12786
19620
9453
14094
22749
11424
20291
9701
10518
33000
40172
48620
11845
11637
10860
9769
13552
15715
13636
16121
12592
12069
15093
24981
26991
20580
32700
10515
14030
17299
24744
12904
17552
15713
8184
18790
13206
14982
24486
9178
23152
15240
33334
11687
12327
22353
22102
25173
15905
26933
26532
31446
10854
32845
9690
22271
17865
22030
18469
12122
18249
14067
15325
20333
15921
25727
43656
54840
48951
10515
12729
22568
32295
8981
16822
10453
14274
21045
35093
18088
13140
8596
17302
4969
15870
14099
22888
14163
13746
17307
20002
13044
23611
24842
9740
14594
10776
16369
18559
32042
41641
26369
25617
9205
17510
12495
10134
16357
15528
10427
12310
22533
20333
7048
13561
9437
22762
35359
59442
14428
12781
10271
12342
21776
18496
22981
12642
13208
11176
10298
9398
20724
11503
9527
17814
14085
16631
9845
6924
13285
15045
14887
19436
13520
4183
10380
13989
23973
14375
12958
12718
12797
12521
17250
10445
12437
12227
19485
8792
24097
31454
39808
17103
11474
18749
13745
10191
18804
15160
25599
17510
13448
13773
15054
8324
11373
13644
19338
23142
38758
16327
9787
8533
16762
28468
12693
20402
10936
12507
13817
11821
22517
32921
36067
17244
7264
35391
10341
43969
15920
15483
14840
25854
30604
9074
8317
21690
10528
9135
9611
9027
15153
11504
18204
22253
29002
12989
23477
35420
35278
20195
9011
10268
14427
24996
25328
24587
2843
24641
11909
12141
10424
15659
15057
26173
10215
8110
9894
12070
6325
13550
14672
25059
14448
17262
10135
10932
9283
13051
18961
12472
15204
11502
29055
10031
9743
17838
27510
8275
27249
37331
18097
27998
11381
21827
15964
18471
16302
28535
24072
12732
10411
18981
8794
15044
16904
20713
9591
17633
13757
22911
14650
11361
8891
9946
15272
9978
15775
10060
12973
35023
44068
8561
13696
13354
18849
13242
10229
13963
10047
3302
11490
12334
14543
10062
10429
15122
14976
12310
17741
19626
28367
42954
34813
16108
12771
19440
15155
15253
12146
16170
9306
10666
9105
18129
8472
22172
17196
10236
9581
25182
23618
15621
18900
32737
12071
11133
3616
14484
17974
24218
9898
9330
14015
28701
10939
11836
16777
10707
9987
15050
31417
9670
20238
25225
13379
11407
10934
9474
27518
19789
13146
29170
36834
19303
41646
22817
31261
14285
18578
36716
10714
15643
13335
17723
40820
21636
20947
31541
3574
9923
17158
11308
10505
12120
14095
30657
10364
27646
11623
13022
17616
8721
23191
17356
15565
9725
19504
11355
16733
11682
11947
18876
11794
14159
21564
12769
10047
19896
25340
15375
11199
9756
12334
12716
9062
18040
7837
10787
25917
31591
37701
26628
35629
38906
26286
24191
14512
22170
19360
16327
17646
9412
29747
10978
13351
27591
14691
22429
9976
12700
10267
8237
14980
10495
11326
13239
10721
8402
13667
22599
9281
12310
13641
8935
14590
5000
18951
11101
20504
13513
13797
17992
30489
42633
42163
26253
11907
15242
28417
53908
9235
26201
18602
17551
16251
11973
8804
13778
16819
25116
19433
20732
14260
12212
9868
12472
14924
11066
15763
10551
11638
18553
8517
8428
15434
11091
25421
33161
35314
4750
31694
11672
9697
15055
13062
36121
21445
23970
22116
21245
29228
13154
16825
15330
11782
11104
16494
15894
42701
32945
10808
18161
10624
20133
18342
13710
13035
11224
10790
11137
26586
9590
10671
34042
11383
16584
26230
28490
22916
13818
27318
14025
15662
18643
19698
15501
15877
17309
15596
11651
31432
24266
30581
65544
12201
13200
18498
14341
15186
12849
7266
11542
18161
10179
12727
13608
29111
11799
27817
41738
39838
41216
53528
51841
58664
36020
9234
10388
13701
22975
32004
14974
14649
11453
13731
33757
19670
12997
12328
18588
17204
11169
12125
15033
27248
24185
9403
22199
19481
32752
13285
13668
11264
15217
21510
22667
34880
12895
16903
9265
11361
14829
10435
9323
9966
12766
33387
20055
19498
14967
12888
21472
27701
14569
14062
14317
27552
9547
31189
11838
12402
25559
10738
20485
9493
21743
15000
15082
7863
12584
9656
36798
49167
13770
18649
22064
13767
13695
14582
12152
20013
11974
18231
13095
8767
11580
21758
27184
13375
13788
3981
12376
16803
14774
22216
21787
15269
27017
9182
13262
12552
21763
12713
10400
16568
10538
14804
9374
14321
16117
13669
17025
8363
9407
22980
11868
11220
21361
12505
14034
19962
24368
26993
12883
48633
15816
14566
14310
11869
13671
16192
10783
18910
24202
11495
20536
18327
14817
28547
11440
14053
19639
21194
8225
13549
18453
14338
19446
10023
13046
16535
24443
26329
15551
11982
14689
13903
16591
9436
27212
17132
21222
17937
18564
22825
25363
14817
8824
10821
12127
12939
19661
12561
10800
18487
9879
14272
38447
46467
26589
12344
13855
25642
29704
10931
18340
6820
32756
52561
37602
15784
9940
25337
10785
16609
15538
12799
8752
14155
15063
7316
15142
14274
38797
12095
13434
20333
31212
18717
22240
33884
19848
17954
12790
11494
17857
10341
10930
18083
16958
12598
7672
21909
26386
11479
20758
9673
14648
16895
12869
15603
19432
12694
14646
19076
13384
13697
18125
34980
13244
11411
12120
19763
4693
9486
17251
11316
11851
14792
17105
21427
31591
11130
25713
22321
15103
9632
15177
17552
22242
19628
15759
18422
19770
17598
16288
15997
28612
36707
30423
30117
13199
15717
28979
11248
29698
55653
15957
11992
12709
14175
27778
11675
12312
11266
15415
10290
5748
31594
16818
42287
33192
73578
66820
23796
3866
29226
37792
43401
51565
59507
39127
12780
14543
19652
14487
17182
12497
16117
12523
12661
28356
14517
17671
10178
19149
9971
5767
13339
15607
10941
15069
16508
14745
31491
18077
9369
25641
32807
15108
9446
10170
18783
20515
13136
13639
14068
20231
16657
11023
10798
15919
13110
19816
34773
27594
20318
19198
28235
12165
22119
21479
14642
9619
17718
3467
20845
17829
15845
26143
23823
14892
37422
12788
20285
12981
19702
8219
20884
11971
4823
22016
18732
16907
15339
39264
16882
24563
37111
31392
36537
24722
14244
32580
11395
22994
12840
27385
26433
18723
30897
15965
24214
27527
13411
14596
9896
15597
15408
24864
17395
30669
21195
8745
16309
10376
15142
21252
47772
22536
11896
21156
12260
12205
10388
12725
22693
10048
10685
12455
16550
16413
12957
45347
44783
13894
26253
33036
12852
35152
13456
42553
11574
22900
35597
9168
18597
23718
20801
15217
12630
41683
57273
10849
39238
47796
18865
11307
22057
14993
19850
23709
14166
18217
48805
20461
25877
18574
18426
49549
24058
15521
27035
15500
20050
14978
9277
12671
25326
8081
15945
28827
12226
20928
30161
30759
16432
17664
12704
9957
18891
13455
26038
12115
21160
20948
28597
35131
11101
38404
10539
14098
11299
14795
10891
20776
17263
32329
39045
30411
26895
16647
3513
11196
23586
20963
22962
13707
11243
16011
11597
10711
17560
5120
21128
8713
19846
14409
18162
17555
14885
41646
58917
94295
81210
68977
13555
11029
19118
22148
8816
27672
11675
12773
13566
8891
23941
17617
16913
17248
15952
16933
15076
12718
20566
12736
24462
19598
15989
26551
16965
11748
14399
11589
19001
20482
22184
10800
24708
12829
15067
14001
13850
27422
38428
20947
17349
14892
40082
10435
10712
26518
31555
16905
11376
9295
22785
14924
18593
16354
26921
11479
11190
20102
9300
17503
19519
20321
13330
13405
12800
11808
14091
22115
20915
13799
7991
16080
8589
20240
22724
35705
15201
16490
12171
8548
10210
10702
9282
15898
24443
8955
12165
14038
16855
23021
30701
10540
22466
27173
18445
22816
32761
14430
25540
13628
11393
19066
10836
11889
7793
10662
12629
12684
18589
11777
17707
9792
24375
9553
13640
10436
27926
22100
29627
18287
16131
30678
46916
12546
26431
25523
9816
10666
23032
11833
15012
12678
17908
19518
31304
21104
26770
36427
18357
24855
24431
14319
16859
4800
23459
16931
21893
18622
9809
18803
26487
23984
15783
13311
13933
8695
9604
10772
9493
9666
13163
18720
15144
25923
11881
13743
10641
11744
9968
13602
3762
12485
22045
15283
14078
8684
10922
23658
9317
13474
8498
14367
21393
9726
10932
17067
9340
11103
13978
13524
13993
9505
20669
14173
18725
15886
19389
13410
16640
11330
18990
27843
14314
11035
12602
15496
11164
23522
21955
16609
12852
19809
25636
41488
16558
15647
18441
25110
10253
10278
6532
11476
14649
18797
21832
18214
23600
34068
9567
10482
13686
17946
10558
40219
11509
26189
13038
19877
15839
8793
15159
24392
17986
29365
9396
18242
12102
13775
19720
11823
21131
19634
27549
11053
14137
15750
10319
18433
18912
17488
10174
10471
10480
10277
9606
17480
9298
32527
13624
13700
28617
11527
15131
17414
11427
10510
23154
3198
14326
13866
9213
13599
9847
13656
15354
18705
16139
16534
23737
13891
14371
14140
32188
18410
15130
37130
22723
16165
9838
11542
33071
53102
49062
13503
21353
10149
15716
25473
36209
19090
10240
13369
14964
9506
14915
34053
24576
11325
15883
16912
11749
19670
11975
24144
26061
15976
27571
27550
10294
10069
30100
16443
10405
11580
26217
45363
16174
14301
13922
9692
19677
6551
11478
21492
12034
10046
17245
13687
10702
15417
13725
13016
9365
13876
10342
15404
13018
24432
15260
20667
14557
20266
19537
12540
17096
17374
19823
13717
13402
37101
21413
17079
12239
23778
10439
17079
25753
18496
12857
31121
32432
16529
33827
14715
19371
24119
10668
5187
9589
16037
12688
15030
13027
15009
17571
19325
22283
19350
25017
33621
21692
28251
46309
10032
8375
10952
20104
24357
14118
17309
10407
18103
15736
17491
22331
23724
19611
12603
12355
6123
13977
12961
13836
24035
35399
19746
14752
18625
39233
47317
46131
21998
17093
31244
50015
25444
13328
23085
15633
11181
20435
26926
10544
14400
17556
22525
28206
15992
44247
27469
72717
8653
35617
30551
15218
16982
15191
12241
9560
19057
13255
10061
16012
11310
42217
63024
50683
15927
17807
9997
15832
27563
19119
20283
18457
14337
9583
23594
20130
11759
32351
6485
11854
15905
9014
9732
18952
13348
19668
26740
18368
13793
12999
20297
18749
12755
11308
30371
16251
14200
14091
21729
14991
22762
19745
15856
19039
11812
9821
9120
27696
14453
6156
20071
16296
10707
11901
7808
14526
12645
12993
9015
23878
32926
52361
11177
13409
27979
12560
30079
35469
11257
11510
26395
31657
24499
20562
29410
11512
11808
26444
39350
34237
15484
49031
18841
47830
37998
11012
94322
18292
12159
17009
10746
23360
9831
37808
49780
11528
23689
3890
8816
11684
14475
29787
10338
19518
20412
17912
11581
18793
18570
23851
24219
28965
10644
24192
11078
14430
11634
17369
49260
72638
24698
18883
12368
29205
23876
18454
36469
46847
27661
13734
9873
17077
50540
50317
18905
12581
22751
29340
56062
8996
9664
18081
31022
10417
15920
26420
26922
12510
10000
19671
23021
11560
29838
12279
19320
9296
9541
20800
14711
30071
10947
20989
11605
13950
16684
18086
24535
18520
30133
16758
17515
15053
20025
10475
25664
23744
15801
18696
22263
13030
18537
16200
24939
26815
18348
10391
15457
25131
33501
20285
30640
14633
23655
13610
27635
9251
31845
24002
21008
14885
23198
9435
13007
29052
12608
18867
29340
14768
26442
40371
38533
19625
19942
25173
18888
16307
11372
18611
34802
18882
23259
15559
18172
31272
25804
12859
42076
16411
33071
17086
16481
12194
48688
43394
81903
73194
89134
31890
17280
24580
20478
20364
15396
10625
26308
11078
14834
32583
26426
40374
10309
15624
11113
11015
19806
24512
29117
7841
55863
23056
14024
18661
13647
12158
27232
18765
11504
10266
15501
10536
16263
14171
11810
14084
25525
14355
17086
21906
19700
9007
11389
13798
40417
16809
17640
8930
9554
4528
18638
11394
10538
21017
18158
25957
11138
17686
22278
18615
26540
16833
13275
18311
27008
61156
28879
39177
31570
19700
15382
19546
10554
9711
14732
18080
21132
8219
16763
11366
23655
16159
14337
8993
24052
11333
18691
12928
30376
17637
19662
25612
5735
9416
16945
25058
25090
13238
12163
10242
17744
25026
20146
12759
16142
24720
27796
28692
11958
14821
12790
26401
43959
21005
18621
12810
12139
19848
18089
9523
3790
7799
10291
10018
24911
10537
12677
16657
14511
17644
3770
24367
12396
17362
7359
14333
20465
9781
20187
18416
14093
13092
11848
19576
10081
29850
17039
6961
26604
10439
11959
11080
16977
8910
12697
5669
11359
31672
16254
26770
30646
19440
28952
16014
17537
26739
23965
8629
10618
11054
10367
11206
11131
12357
14379
11758
16251
14162
34053
10516
24317
17808
13404
19989
10400
20312
25313
34703
12164
23187
26513
17323
22174
28227
32422
12389
20403
15068
16139
27223
18395
9581
19568
33431
14235
13544
23807
18246
20454
43979
11311
36772
48973
17995
11753
8760
9093
9769
21700
45824
22170
29317
18760
15073
17647
10790
20329
13182
10391
22221
38912
16593
10210
13097
13319
28199
21974
14224
14436
10400
14097
20586
12895
16756
9887
14732
12979
10756
12686
4237
17000
32376
22189
17601
10160
25184
22445
9778
15905
11762
16788
21053
11755
10517
18297
21715
17820
28133
37476
23630
18851
18396
18216
14037
16926
20700
36338
27351
19109
19907
12496
22086
29067
11063
11216
18705
15260
6423
11597
23137
21574
12552
13637
15868
13886
14612
12443
17858
15967
19326
15278
30227
23711
10721
41447
10922
14100
10427
20647
32487
24740
25354
15415
3924
8367
14284
10313
17474
13329
14588
28412
13209
26937
13526
10927
10987
18325
15889
14229
13263
13728
25838
11939
22635
24100
35100
12245
56555
11695
75531
12352
8220
9536
10873
18957
13964
20496
9051
31624
32925
28197
14698
22361
31636
26234
13423
11534
24945
17761
45265
9688
17208
9803
35282
34528
44991
12577
10488
18212
13830
11884
12059
9288
10435
22744
19577
9624
15280
12315
8514
10755
11670
12374
18060
14373
6575
11951
18876
12331
11524
13426
11346
7849
18645
33537
31648
33708
18096
14606
8296
13925
9759
8412
14786
22717
14243
13983
15504
12123
31474
28909
10024
9921
15989
22381
32371
8833
9748
14844
21551
11981
16603
14665
23937
14606
15793
15799
8771
19722
28815
9120
14798
18129
16739
13023
9581
27027
25249
25625
29035
23446
17037
11906
13571
14068
14237
13035
12654
14549
25217
7837
17216
8766
12164
14375
22433
33670
16484
19421
19755
10855
21368
17604
12289
13291
8806
7272
14827
9302
28511
14595
32790
17743
21610
31276
28784
28843
42188
45652
55064
12270
55230
15185
26690
36770
10836
10753
21242
27940
44116
21450
14066
18720
16748
26270
13697
14099
11347
18908
8892
14341
26559
19028
23580
24739
24652
18944
20219
12936
25101
10778
11896
18792
9351
21866
26154
9478
11124
10132
21942
14168
26332
29347
29825
18204
15418
11619
39021
47882
10962
49723
20439
36750
15274
16913
8649
20307
12640
8820
19228
23650
24932
10303
17016
10474
10629
11124
6090
10412
21528
14225
21711
40340
30835
7050
10184
8655
10089
12651
26555
33782
53192
29787
76024
26846
54704
33860
15196
24983
16322
12947
13560
17435
8695
21096
33290
23106
13467
22221
8661
9619
16499
36053
31540
15101
12090
21779
26952
11487
20026
12637
18552
14363
11059
13764
20907
10711
15997
15331
14081
42233
50016
15168
20850
12216
26008
8782
15524
21721
25337
13757
13954
15353
18008
13311
6555
13500
11962
20265
25415
26834
13545
11079
12645
11390
14532
8581
11987
39081
31861
17439
9840
11225
11416
17300
13598
24671
24872
13266
9369
14408
14203
11378
18975
14389
15799
9359
11119
17485
25095
31874
26236
32785
14437
14361
13920
14968
18407
13906
8699
9069
15650
13553
18053
10928
19088
20889
28898
33827
29353
34963
20767
50781
23174
35702
15602
9976
15822
12304
19346
13155
14162
15899
12415
18551
22646
32425
36333
20662
30303
19687
8514
9075
14729
11238
24349
9889
15178
19546
32708
42643
39175
30101
23378
15584
15119
15366
15596
12515
8828
19702
12229
28034
15543
15403
16962
18653
19042
13582
21494
21062
11593
24801
28982
12275
16032
29969
23745
17947
35094
15490
34808
25880
12591
33002
15806
10800
30154
21838
28698
11573
9500
13146
16962
30480
28106
23848
27008
35403
23989
39131
35732
28408
31211
19809
9079
34329
8140
17002
24567
14649
27051
10629
12240
22484
6913
9834
11374
14058
16569
9272
9484
9137
11832
14662
15804
24157
24051
20457
11168
15137
19073
15597
14247
19037
23186
24899
18671
19760
12825
9269
25422
19641
37334
16395
11199
22372
16301
28108
13475
17925
21011
36661
18879
16115
19706
14488
11579
15327
11903
12453
22529
27072
12715
12265
14408
14975
20232
9163
3563
27312
8893
15832
13147
15463
15243
17427
25790
9620
19673
16734
31512
13293
8661
15567
18710
28425
17751
9470
12801
15425
14260
33364
28084
13432
12497
17216
11728
11979
16758
21573
19353
7936
9023
3682
14440
10046
21264
10518
12955
19316
18052
9455
11865
10611
22394
14185
17225
22909
20356
15525
19249
9088
15011
13617
12419
14954
16763
22944
16955
23772
16895
15808
34443
13936
18113
24807
12686
20420
41122
11446
30626
18453
10121
20366
30896
39125
10686
10200
11435
22419
12384
13587
18276
10840
10691
18476
10827
22478
16258
11767
27665
8450
22435
9812
8985
20294
30043
33152
27962
13585
18942
30796
17108
9289
9561
17594
22144
18133
4844
16511
16067
11016
15312
13718
19019
21179
10954
29458
13295
8883
14408
16434
8134
19370
15971
22192
8179
9928
16927
24233
11644
16181
34017
45113
13714
47902
4552
30608
3161
26721
18152
35019
47110
49469
46840
21527
16774
20368
15567
33477
9374
44586
9360
10017
23086
25099
13336
14109
9554
9012
9458
13497
18726
32590
18797
17306
10637
11939
24413
31846
10905
10497
35724
9111
15682
20653
27694
46983
20860
25136
44079
17056
9967
14666
16982
13207
14682
15541
19275
10159
26945
19512
17713
9337
17150
15686
26067
14127
23346
10095
17648
10563
15284
24480
11737
20805
13459
21659
12699
12810
12442
13740
12872
14393
6845
9621
9333
7866
13160
12550
12209
15901
18104
8159
24821
23774
7353
15152
22087
19514
25709
10755
14578
19709
9221
25917
12077
11777
17859
11877
15597
15139
17000
20859
15799
13239
10082
22549
17549
30306
14798
16737
27414
21193
12851
27676
21103
11364
18455
14064
8891
14062
16097
16772
13214
11792
20526
15437
10949
12700
14165
14868
13803
14879
12966
10224
11174
21456
11235
22072
16823
20232
11468
18835
18156
9446
8304
17211
21096
11346
9428
14188
14926
16166
27390
12962
4304
20079
21019
9613
20724
14141
20633
31878
18020
13075
18551
21484
5949
14674
11392
34892
15088
11978
11915
11925
13119
26397
14343
17495
15868
24764
20018
11187
21506
10116
9133
13666
10080
22490
29085
14004
44494
50436
21986
19029
28822
56503
45732
20978
9517
35168
26710
20243
10045
18117
20176
37545
32197
14798
21356
10119
20959
3041
9909
22089
9670
11514
23144
33733
30555
32444
22856
12233
12460
25225
30571
48674
14389
12516
15843
26475
10585
14739
12887
18744
13963
16244
21215
27348
13598
19412
15087
13474
22315
14094
20874
31439
26464
12036
18740
15737
11090
11805
15590
11811
16497
19654
13749
11618
11486
12626
31939
14875
45290
10717
21371
75276
36835
47779
50093
18608
37651
9871
47218
18287
13126
20507
19513
10504
25593
9796
18897
17684
12506
28223
14272
24529
21980
13063
13612
32788
17140
14945
16169
22864
15899
9708
20141
19843
27699
16865
39062
4164
47245
12812
35938
35621
26355
9485
15605
20112
21572
27588
23318
21299
8215
11293
16728
12492
25731
31300
11252
12576
16557
30469
41687
22191
30834
12437
11872
19224
12051
15755
25454
11534
14323
20828
10620
17368
13833
25470
14225
9920
21144
10359
8700
10342
14235
10249
8731
10354
13375
13386
14948
17154
29365
36885
10215
25941
12172
19063
17574
11845
13857
23940
4754
18203
15354
33103
9485
14970
23740
12580
10997
10506
22005
15883
6498
10586
31039
23427
32026
21945
13183
20243
20378
19928
22991
25149
12975
16644
28179
40242
68153
15527
8978
12247
16223
13644
18684
17825
15033
25137
16902
23568
22184
18846
14774
13156
9435
19053
12595
10902
14130
26804
24908
8786
9696
11033
24342
12921
11668
26052
9758
30110
8882
14533
12632
8755
17777
13454
13528
13804
13465
11464
18801
12232
9372
14437
14216
17734
24460
33804
39509
18618
22969
33357
14371
10374
9930
12917
31368
38954
16793
21966
25544
18080
28465
25001
16059
16925
16873
5747
10879
14384
11891
10522
10858
15179
13327
20111
14158
29428
10225
18250
22175
15934
9169
11318
12733
14727
22683
25880
8937
14167
36261
16030
8858
24230
18345
11049
33212
10588
31931
18879
9688
24449
11598
12466
7081
11115
27704
21151
19743
17983
10594
24196
27125
24080
24171
43294
33211
49125
49244
16211
13627
10508
14976
4609
27387
10421
10373
21009
10134
16720
9760
21150
16569
24755
29171
20702
12494
9077
10300
19915
14514
40380
19674
14731
9503
27164
21258
9972
7624
10157
9554
14478
8551
18684
11694
18165
17313
28775
35490
12629
15174
14069
5617
10233
31161
14529
14972
22672
19497
12899
20367
11710
27781
13958
9006
17327
26937
9903
17258
9935
9500
10323
17903
26015
24323
18460
13240
28141
15786
10359
14697
9622
12443
4758
8344
12957
8769
15472
31755
13860
24163
11529
23833
20542
9525
13695
12979
9763
13121
12666
20710
21053
9589
7324
15202
12154
19899
28507
19698
11904
17199
32205
9102
14866
22582
12871
12848
11068
10890
12585
15379
17485
13552
12162
17564
31832
20497
18085
11607
20848
29041
10733
15730
13784
10977
20474
15790
43961
21186
10691
8815
14611
10510
10997
17925
16184
11396
18262
41740
22169
43141
11793
15078
20463
26360
36402
18512
11797
21817
17585
30917
23919
33235
20977
39355
10594
10248
25851
12271
11104
12864
8639
3792
20578
19294
12968
21546
47635
35037
16694
13567
11426
23257
30811
9967
13196
10766
16462
15065
62127
24447
34016
19159
15449
18720
17403
11775
13257
28835
18991
12230
9991
17880
19507
18795
10356
21430
11025
28547
10118
16354
14529
29998
24641
9572
9584
16171
21456
21269
47196
10871
16691
13953
15187
13937
19884
31930
15900
2999
4533
16727
11692
12995
25731
23526
11410
8004
12713
16129
15404
10749
14573
12424
15691
28622
30300
39570
11832
14918
16735
11663
9028
13980
9306
26507
36982
33521
26133
12810
11633
13616
25463
15355
14097
18739
24200
31106
30885
51453
70858
12416
20208
14533
22786
25559
32331
10613
9761
12187
12195
24456
10556
9046
13251
19581
12256
12036
30178
12618
22491
17544
31555
37693
22040
16750
24601
23122
13411
10637
11584
20135
23784
33493
29335
31676
10789
10308
9120
9774
9292
19923
10930
15991
20503
9758
16647
7980
12014
11241
19254
13308
17239
24920
13302
11848
27194
20656
32297
9649
12445
17560
13169
14609
8881
13668
16178
18005
21237
19742
26265
13384
10696
20884
16084
12691
18440
12998
23569
13042
15654
32064
17409
21169
13880
4208
16836
8473
10260
12831
18670
10839
4180
11815
11813
24656
15706
22244
10784
10866
11906
17140
9148
18645
9613
21932
10597
13503
10535
13578
9801
16708
8438
15678
18701
12374
18552
10843
15074
25989
24797
16868
13499
20744
13876
15761
31061
14060
11756
14952
22485
25813
4997
22004
18593
12416
14753
19217
11146
42930
13826
17086
17024
21875
14745
11040
16603
5389
12815
14795
14442
13978
14487
30180
17488
12650
14277
11307
14364
23457
18547
9146
16315
18691
24186
30083
15285
16242
12799
11394
13304
21990
30713
37411
36431
26986
23000
13544
11758
10113
17507
12985
21061
23869
31766
17709
15562
16697
37274
10331
13971
31137
17531
9348
12996
21127
18951
15199
11678
21474
13245
19485
10532
11963
15326
26766
15423
32713
42833
42597
33931
37561
29773
20852
10309
21543
27615
18570
12646
9528
9990
8245
11873
41861
37785
19145
19014
18817
11261
24318
10080
18592
14054
13785
11324
9750
12999
24845
16904
27179
23838
21269
10804
13575
22715
12614
26951
9819
32796
13634
11817
19437
40177
10247
56005
9705
20463
26577
11532
12273
11366
17962
29253
6836
10358
10624
20073
16506
10738
9038
15175
11064
11014
15620
18642
21629
23292
38122
36583
16528
14967
22556
19752
12325
15720
22965
15875
18005
11808
19027
20165
14090
13103
8536
18194
18462
16055
21460
14015
13701
8933
14343
14897
16901
12985
21573
30649
46300
29501
15805
39811
42500
45180
41898
30789
24875
30878
21921
14533
16784
29576
16661
26436
21015
15479
11497
16592
22231
3489
8868
9885
12861
17129
15715
21477
26665
19490
14641
16632
24986
17087
16123
3310
21632
11058
11664
8564
13951
16380
14338
15751
11069
15143
12365
20080
16179
12535
11378
11993
12449
3862
25241
31607
36563
16425
28579
32317
41909
35044
28959
20811
17166
19973
23725
9808
22541
29987
24517
10488
10206
17789
17757
18193
11781
11916
16274
9883
21309
19199
14002
18115
16161
14695
21290
31877
13340
10989
18468
10597
26576
11870
18362
16354
11905
14386
16828
25326
31313
9633
14354
11985
12623
29083
24270
34608
12808
21210
25141
25022
23336
28307
19321
14477
11518
22823
38064
11320
20322
11498
9375
12234
3387
23869
13225
17962
13215
17590
10560
22276
11322
17213
17274
18610
22468
25063
9441
21329
19801
12524
10744
34693
9581
21073
21132
12458
25754
12845
18439
17180
12408
20821
11560
9654
25726
20034
35723
9118
18037
17568
12565
12957
12595
17488
10370
13593
21742
16936
20710
16744
12070
14528
23448
32630
16395
13400
16141
37965
16483
11410
16222
11330
12935
10356
12770
14172
18187
20444
91180
76858
10202
65642
78620
78679
12486
17134
34477
13934
16213
14767
21567
9975
24963
34814
42495
22680
9360
11948
41268
19357
15708
12180
20417
10870
14596
36008
13942
15267
10200
16371
31785
34805
8563
11046
10769
13127
14031
10429
22130
21983
42180
15643
14226
20998
13142
21427
21895
11928
22941
13021
19301
24419
10986
11415
8756
13465
11359
23484
10687
15313
14804
24870
18056
9370
17710
10629
15641
16860
18974
14543
23770
14230
18841
10213
9860
15025
10573
10066
17728
29003
40905
9863
12471
12324
18661
23509
20999
12725
3994
12243
18359
14883
13716
14268
11270
11481
15553
14201
8845
12315
19088
31695
39113
30990
23867
30316
34453
19253
19783
12333
30064
14727
9279
20771
8720
15334
25472
13607
24215
8306
23099
11963
10162
15476
15726
47823
26335
38141
31551
22107
11786
9457
19029
10392
12100
26429
26720
18998
26496
34009
25973
11766
9679
15129
18133
9783
12501
13743
11267
11740
9289
9948
4449
35029
38732
21704
14976
10874
14666
12820
12962
24134
9996
14786
23595
42538
45346
36654
10224
17534
24450
18267
12654
25333
24117
18991
13508
24942
36506
32041
46223
48720
10290
13710
16501
16716
17307
23820
14539
22073
20939
10135
9310
10920
19296
31940
9680
17693
19938
10749
12108
21040
12747
15541
13796
26833
11319
11455
23282
42938
28850
23537
40166
16086
10045
18922
19284
9813
15662
19325
13592
12862
28755
9758
40064
61272
68956
12958
12281
48221
12399
57308
35555
11474
21413
12281
12727
14446
14682
17983
16022
12989
25363
23628
12038
12258
9698
12805
9800
21678
14350
15429
32176
34430
24004
18915
52235
38002
38757
11348
15299
23695
17901
19023
11823
12591
20487
17184
18253
8431
12875
29446
16220
29818
31074
10957
11582
9615
38347
13684
55948
94987
53365
21011
10933
12105
28662
44127
18960
10748
32862
18815
32980
14827
11341
23117
14561
15163
9024
9465
13096
8722
11598
28783
28165
15112
12278
22723
13301
12089
12306
18837
11687
14336
21827
12334
11580
23345
13235
14891
17000
32276
10311
12931
10065
14089
15383
16680
16431
12871
18183
11787
11601
13161
9770
8707
8819
13208
13209
10170
11646
11064
13483
9113
19485
26862
25792
13620
17602
24395
10308
13201
19065
14542
28070
27352
10342
20282
26511
13961
11266
15440
19009
26067
29147
26009
38203
23304
21259
15897
33133
24926
27223
10448
14642
14469
19006
17925
12498
10174
15959
18052
28068
18911
9794
10319
9947
8099
13087
19062
11265
16995
14071
14620
11244
10100
11426
21853
10819
14378
23924
11708
19684
15934
16615
15914
14842
21504
23228
14864
17745
13053
13760
15524
23512
12351
28483
18216
17235
18966
31193
12502
20361
24693
25108
22269
11655
8575
19460
14062
21608
24113
9661
19347
9702
10073
15563
14755
26326
25055
15382
13420
28627
57878
12345
46995
10414
16277
14180
20688
10227
9004
14573
19920
13508
19937
20225
14256
19536
29981
21547
44328
23156
26545
11540
9658
15527
30694
12433
23333
19084
21648
23382
11993
16335
10495
11873
12523
15532
27324
19108
21972
7814
39050
20058
19197
16437
20024
22356
9031
17605
10530
14573
16730
21267
12080
17294
24039
16085
18502
15204
10483
37245
46200
17539
12385
13370
9337
10609
18221
21373
15480
12069
20604
26179
11214
54979
25785
20792
14068
18844
12597
14885
17718
17930
14041
35320
17616
31018
49765
41003
13232
25002
23646
12345
28970
20896
11177
11328
14332
27355
31860
25632
15464
25754
12659
22504
44109
21488
43255
65861
42153
63101
51547
22833
91164
29452
15045
16552
11683
11907
11723
11334
22238
34318
14588
20030
12416
18852
33924
19758
12841
13195
19078
25784
9654
11484
3840
16085
11855
11287
10388
26480
11214
10924
12742
14935
12667
19904
12084
30692
12601
15640
23248
27674
16830
33073
53546
28801
9877
25239
14342
12415
4627
13351
19294
28327
10364
23395
13576
23179
10957
11996
15149
11528
18205
20419
15218
30109
33540
20114
20114
12430
21221
24222
15568
13079
30561
20042
24966
14531
10183
17861
10986
33186
10677
31225
19808
19496
33921
37414
27031
14251
6948
8163
12606
9196
17952
14022
13231
11987
12728
10248
20064
11031
16934
17301
26363
10572
27362
18715
13986
18921
9590
14506
11517
8988
18330
10013
9411
10912
16553
5199
11252
10053
14215
10357
14671
11149
18154
12620
22203
20332
10496
10854
18534
13483
15730
5173
11808
16298
41573
39042
42634
57412
26851
84127
12150
82464
9706
19968
14771
9775
16090
19023
10495
28282
23494
10413
14235
16105
39377
37155
16770
23984
12442
14839
12176
20169
19796
14361
20576
29624
18852
16024
10786
9768
11517
10711
11733
12531
8482
11531
15727
9791
10360
11888
12124
42008
54513
24083
52370
35534
9646
13904
7678
10677
10927
11706
15276
14800
16753
22328
8812
12331
13906
14941
24700
21783
31857
14745
24333
11671
18300
26412
25368
10509
3525
14805
23335
18235
8624
14836
14062
11535
26209
13050
16265
17688
10047
10483
21812
13486
10289
9175
13812
12177
19506
12133
23197
13641
10479
21300
12431
11868
16291
12406
14118
17933
13773
12136
10862
18314
18462
13054
11565
16724
21455
18048
15557
20929
13932
12557
10090
23262
16965
20412
20428
10078
41378
8570
36391
18155
12037
17615
12922
17580
14008
12641
14726
24178
11416
23402
17552
8056
19270
12347
24453
20178
35430
15122
11167
9649
9667
13506
18370
29358
15944
38979
14294
14927
13641
16590
13584
16549
18674
27045
16141
18814
27140
10837
10780
20248
8320
14026
12082
20163
13123
11760
9855
10934
12320
14011
19715
12958
26077
26007
15778
11728
18248
18871
16488
19987
19572
19407
40642
51062
15544
29559
15476
12988
20089
9092
18927
26477
19923
9684
10984
23679
34878
13781
10940
12281
11725
16020
10262
25535
16282
17681
17334
36689
42493
10166
46661
16431
8665
10297
19575
31019
11237
22063
34803
32329
38465
10508
10578
10609
10437
7365
11773
26299
26835
32222
8119
25005
20813
37759
14333
12062
16668
21070
29684
17331
9939
23121
23540
22241
6828
12286
12187
17281
10726
14419
25931
18247
11100
12349
30330
21122
39387
46147
13253
30935
9625
13669
13830
23578
12058
17227
21929
18250
12699
10413
8743
9281
21094
16980
11401
23871
18603
12840
9849
15281
14145
10322
18708
15879
9823
12141
21101
20708
10210
13473
28774
20036
16373
14034
31387
12088
32227
21067
40812
17096
20017
16639
11939
14563
9594
19490
17263
28917
12408
33835
11739
33854
19031
10690
13382
12269
13743
21206
10576
11023
16767
37040
24382
32051
35990
28350
25633
25969
45847
29676
15633
15130
18330
16600
20541
27940
15197
18133
10734
17720
13568
11581
11831
20649
14895
12973
10845
8324
11335
12855
9074
12052
18113
11583
11096
13061
11920
9747
12671
16316
30428
18348
9762
27159
72141
18493
17343
15742
18036
19176
9872
12538
16101
13374
22218
22109
19604
10986
29737
10625
23118
11358
14857
14286
28249
9373
22681
10605
13081
12015
10851
15438
13262
19860
10866
13028
49540
49914
25347
9629
12655
14535
18311
4647
10152
11465
26582
16919
3240
18386
8574
23101
11536
14885
16260
13112
21469
12163
9275
10832
10663
17257
30854
37778
41976
44938
13006
11990
12314
24596
21177
8210
16647
14368
10773
13583
10523
10605
15439
18284
11851
9801
16996
15122
9968
15567
10620
9301
16120
25061
17033
20930
25873
17116
14185
17336
15023
26215
15416
45825
65664
80070
11800
80284
87552
16251
82282
55694
15778
11799
18226
10879
18178
10383
18724
18364
12933
16164
10545
10876
24480
19565
10366
21147
26930
15536
15221
16036
15348
26771
17558
24802
10362
12669
10982
14480
16903
16549
14019
9786
13204
13176
12217
27540
12826
16531
9986
12920
15781
9965
11597
14117
15511
17448
12536
10577
17503
31950
35852
31149
47416
37853
17973
13078
26915
11101
11436
20567
20790
26339
9443
30423
11388
11514
34526
19300
26765
12882
9339
20296
13024
27571
12679
14744
19539
17101
11446
18226
14519
9244
12858
17529
26456
15422
11159
13240
18165
14416
22949
11029
14201
22387
16078
26812
15832
15760
29785
39229
21883
10828
16887
15020
18734
17510
23564
10442
13893
12941
12806
15638
13428
9947
23275
13111
15560
24762
13119
12341
10059
15745
22651
17678
11123
9779
13418
15063
16623
10823
15427
17117
15836
11223
10408
22283
29007
10858
22212
16987
12107
9720
17668
13954
21701
14333
31082
11546
22542
24044
11120
14810
16494
17231
12634
11074
18247
22349
26557
18580
12723
16776
11560
11507
15804
27086
37981
46810
16189
43218
36098
28197
46426
14979
17281
11667
20529
14332
21003
18750
12780
9125
21968
23810
20824
12142
24038
26574
31527
34060
12260
18790
29804
10890
10092
27925
35625
21706
18586
10787
15657
17719
21141
38425
41248
8060
9246
11181
11702
11422
13988
16106
16617
10690
18040
16392
29163
10676
12334
18954
22403
15198
17668
32280
11809
25381
31894
16149
10300
11257
11521
23647
15112
26081
39462
5737
41333
14126
24770
8969
23026
20187
14610
20668
12985
27920
19106
20569
13688
11921
32001
41939
45799
14861
13671
11762
11417
16295
18608
27103
29242
14644
28409
33777
32897
19672
26850
12748
16683
18210
28486
33017
36274
14778
34132
22206
38269
19940
6683
34036
23207
12146
17342
11827
11041
12959
13015
12130
13693
16923
17254
16114
26378
14924
18845
13609
29740
14381
31505
25378
12563
18088
21817
13863
12510
11851
20281
13540
26440
26791
18440
13575
25874
14663
16286
17033
10755
27825
14845
9977
9094
14092
13321
30960
11788
12409
20079
9746
27323
34017
45642
11312
12548
22314
18722
27588
3392
13396
24065
28652
21648
26711
26390
37951
65790
19212
34911
27305
19413
39061
12291
15190
31414
11535
16358
33162
22337
13554
16003
12489
29047
36150
29024
40076
37561
45484
24054
18738
19251
28933
25083
29865
26768
11761
51141
29765
44725
30545
45348
19062
388333
381591
496935
342990
328619
352834
367861
190415
463497
207544
223473
432923
184769
217652
74561
84310
622681
543708
466191
394976
11138
395646
390752
413589
18556
248186
22605
201476
214764
223452
214221
221858
160339
145206
132551
10690
131741
26980
26480
15704
18748
23151
19699
11980
20192
35953
20771
11552
16761
13659
26825
14198
14331
18882
18154
23533
23740
21080
20230
13598
13275
18845
23444
21518
23692
27945
10715
22851
12460
17200
3936
22656
4790
10173
13217
8838
10571
16242
16689
25071
35144
14496
35085
16726
31813
39028
38625
15165
21991
61399
43766
81463
80320
9312
11241
11272
20134
11191
9505
20557
21449
12703
23173
15207
20326
24049
17165
34885
14682
9790
15616
27371
18299
13371
13421
9863
10204
19524
37049
9751
11920
62698
64614
15795
30905
16668
10736
14347
25525
20168
26612
12984
25331
16568
13194
11530
12102
32333
28931
28741
47749
19816
14980
21377
12344
18396
17722
12516
16739
18509
19832
18925
16062
12777
12574
14498
16022
15332
9940
30823
12335
14817
16231
20654
17853
18332
17911
15210
19556
20076
11986
15631
22804
14431
29407
25854
33270
17674
16615
16683
14208
33513
15007
15120
22619
24895
31272
11596
19823
16865
15261
16777
21449
15335
12969
18803
20628
18342
32527
16180
21525
17071
11213
27175
16324
13536
15553
19539
12252
22501
13345
24105
20126
21171
13957
11963
24160
10819
17461
26180
13406
26086
15513
23560
20888
11929
10123
19931
24209
18721
36882
17888
9101
9300
13816
13950
21100
16030
23334
15997
14578
14065
18938
11141
16344
10877
10722
13156
19474
17390
16552
13551
19066
38545
42343
10484
15613
12427
8453
11873
13245
20322
20450
20537
8207
18256
11609
18759
27250
41150
10949
18955
7890
12444
24174
13591
20003
10290
10260
13340
22886
22544
12242
9806
12099
17901
17840
44558
23346
16631
27351
13846
10928
8734
8836
18685
15358
24405
12410
32603
21728
11685
34423
42388
16828
17918
18757
13652
10886
15195
11638
17263
18997
16843
27920
13242
10823
15911
16978
24240
16844
13401
27577
13090
28352
15680
9587
21455
16114
22717
22690
11840
10848
11144
9391
15637
12852
5967
22806
13702
28368
25564
18694
14067
10188
25726
18793
9379
11274
13678
17711
13780
19736
12610
13034
10124
13861
3430
15045
12147
20284
11962
8067
14962
26537
22972
17115
31238
17421
13638
16487
16689
11774
16258
9807
12806
25612
18590
12841
15221
20966
13206
14559
9046
21133
15712
10828
11824
12062
21983
14138
21012
20625
15475
13659
20054
21353
12312
10867
26272
18501
20754
12207
21529
19496
12377
21427
16995
25005
25548
11817
11298
25879
39868
22081
14028
16395
20727
31683
19058
32335
15354
11011
20781
12975
9014
10573
17688
15058
26505
19990
18521
26621
31469
12107
44153
22792
30031
30820
22637
18854
18674
15990
15146
8636
18064
9310
11836
14622
14595
35821
51072
22073
10568
9304
16443
17210
20576
18100
16425
11502
15582
13248
10906
33891
10020
19170
35129
14100
11027
15020
14904
16314
10671
22564
26944
20214
21068
13602
10409
15721
14642
10805
26307
17703
8253
13110
17871
22663
15587
8372
20890
9105
16522
24962
16087
14818
14449
8711
11624
22825
16181
15765
21720
12826
17091
10168
20042
20649
15255
12038
15440
31276
30598
31198
35257
24129
28607
34059
9497
18612
19050
11373
20565
26917
5638
9280
11069
12377
18656
10275
18533
9533
17087
15086
31763
14779
47909
72967
23431
33492
9827
23743
23274
19696
42659
53380
29143
11130
31434
12040
26012
23746
11329
11764
17117
14745
12755
20003
13290
5224
12142
15603
14443
9308
20529
15148
12847
13020
17365
18154
17680
15884
11607
10435
19104
9143
11952
16899
12093
12580
13761
8945
14237
13292
17105
11227
11282
26448
31576
11972
11582
4249
17858
11831
13742
12742
12687
8250
12025
17324
27131
31365
16012
16561
14415
23547
15878
11288
13625
10527
11435
20830
8852
22826
12875
19668
20847
10352
17919
20292
17985
14599
18794
10052
10765
42984
26432
10761
16284
8998
12294
15907
21995
11593
9872
13494
10370
18433
28656
8640
3158
19235
17863
15681
32806
11233
16905
12985
35221
26688
28869
23065
19798
12739
18658
26575
10603
23068
31154
12202
21653
26512
13415
10162
28919
9141
11479
13073
10191
18688
9063
8672
19720
15263
14965
13519
9214
11307
12780
23306
13678
10792
17470
13459
21183
22626
47584
21351
18859
16111
33010
29258
12159
14391
9663
19305
26366
17764
10489
13498
19820
10887
9894
10461
9210
18872
16077
23199
21848
30644
16732
10909
15309
13967
18574
11309
17266
9709
14028
15378
18513
3824
40466
9553
10613
16374
9178
10170
14647
22449
14385
13557
19410
19551
10276
18328
26936
44594
20955
13864
20526
5867
16011
30346
14658
10430
21834
32429
15421
13465
17892
8589
15942
20250
11958
10112
11593
10516
12834
18366
19181
12471
19465
28222
11498
12888
14966
10071
20779
12869
10953
11348
42545
12252
19866
17780
20977
28026
28080
30283
16852
9788
14667
27511
15524
11529
8915
11268
18597
11172
10775
22991
9112
19341
14973
21169
13690
27919
21814
17608
10552
18034
16652
48527
55806
63217
20441
15790
9398
9973
15570
4535
10800
23216
28122
20666
10489
14363
33219
43214
10206
20245
13199
12885
9829
9523
16091
10865
10636
8549
7033
17713
34182
21266
15504
16361
13265
14421
9822
17069
15248
24859
11106
11452
13684
9825
35467
21007
12605
10417
13953
9788
15594
12259
42510
5735
45889
12770
13331
5705
20349
9447
11005
9888
19068
9373
15220
8581
14713
20378
9757
9831
11941
3673
10934
9890
13364
15830
19436
39980
23016
27794
15780
12089
15406
11987
19543
18766
17079
38838
21087
14269
20443
23321
14181
10790
16648
15566
8767
10260
12269
9385
14555
9724
8015
11106
11612
15516
9576
10391
22309
18263
9811
15459
30318
37888
10738
46099
38963
13149
11245
11973
10005
10048
18372
9630
14890
19657
20108
12908
27700
40309
21514
13230
26101
16861
5108
17515
17685
21807
8858
24253
27462
11309
22177
20522
12004
18097
25177
15643
10339
9644
11759
15243
16488
22131
19004
13167
12116
24943
20778
31272
23575
17927
29374
10454
17774
20368
12164
27433
32991
39316
31993
44507
45896
18661
17233
32949
48488
13635
18889
10472
18076
39194
9966
9682
19074
22670
20940
11140
39365
24052
32081
16347
11091
10367
16628
30451
24371
22527
11213
9144
11210
17428
25088
14024
10416
18182
10857
15550
30766
28485
14617
25783
38464
15575
18280
26011
13128
15774
17647
23089
13604
20788
11199
21311
21377
15316
17520
29713
13818
13733
8257
9999
15625
13554
29990
14580
17203
21157
11566
10934
13651
14806
25510
23621
12534
11264
15157
12457
10053
12607
24084
12549
17542
18255
32213
22016
42993
25646
20776
17513
10601
20732
9525
13324
19347
38945
26789
13175
14501
11632
19661
21759
9239
16678
9935
13679
23567
19684
17849
37341
13177
17022
35161
11284
21214
9615
13895
16638
13794
24931
22481
19064
19904
39667
11062
29690
14026
17597
11848
9034
32220
10153
20258
21937
34138
41869
13455
21477
3202
9348
14273
37507
14161
8638
9532
8898
14016
13836
17752
14055
11596
13818
12934
24441
10375
20947
24882
16604
14131
25794
18039
35353
8572
12760
21068
29906
34645
23914
31988
48791
34047
11033
18913
25801
11857
15135
12434
16862
17828
13880
17368
9757
10819
9204
11094
21377
23647
21268
15659
11605
17650
19551
12134
12308
12615
26282
20067
15041
28808
17357
10771
16834
10166
11423
14319
12308
14867
9972
9403
21522
14900
26986
28132
34537
38799
31640
34673
13747
21232
18099
11365
27586
21112
26799
10440
13229
14807
10038
21984
18538
22542
14421
19529
20778
46021
49975
48853
43885
58763
37898
66352
67317
18565
12379
10640
16885
43738
24010
10558
15279
11271
16809
43080
31415
43206
48071
23229
13389
19575
13304
15576
10300
11219
13065
18649
17302
21333
4198
16457
19124
34340
16658
27732
55492
26503
67008
32609
15474
11490
15128
38217
18618
23405
29549
46903
10277
12940
16985
12237
23189
33741
17998
25594
23865
11912
17303
14727
15552
14194
22185
26077
58541
44470
33770
37083
10055
31321
18322
21392
42859
15539
13050
20560
12711
16933
18207
50405
13327
10183
12859
9358
23541
31076
42334
19955
43786
32799
10209
10899
11661
12133
11527
16393
14715
32321
40274
27410
12995
12540
8028
15332
14019
26106
14993
37011
8330
28847
23356
12545
12259
19471
19202
28780
34483
9689
14078
8685
10303
16312
10360
10484
9162
8907
13967
18335
19088
23451
14986
38820
41659
22796
33143
9286
9987
39682
25880
8909
16904
13608
12026
9539
11769
19277
12899
24019
15673
31215
18188
13451
15809
16520
17753
19012
10902
15047
15976
8939
18916
18449
32193
10793
20764
14049
8701
10220
12941
9802
11204
12983
15959
9718
14027
18822
14232
23707
9369
15914
17053
17140
27921
13636
22861
25562
34685
14718
46084
49161
38076
32796
12117
13415
11128
17094
32314
18853
9829
13930
13810
24152
11934
6522
11724
15356
19927
12217
24404
28097
10068
8685
15926
15373
15915
23775
36103
15652
9865
8755
11847
15852
20476
16260
15676
44083
10419
9773
19930
15072
33169
16188
14246
14286
9877
22952
17348
24219
53224
29978
22146
23985
21293
9936
9861
46034
11843
20964
7806
14453
19067
17311
16123
16818
9262
17522
17798
29590
11879
17636
14351
18030
10116
18757
26082
32435
21825
20698
16647
18515
22799
24848
16375
10069
9456
14573
16153
9352
11773
17869
8978
13946
9678
24994
8954
14878
13119
19765
12451
38326
15717
17110
10659
8336
9741
22496
20622
24876
23831
30781
25140
13893
11333
17715
12808
15333
15949
8701
27526
57103
15570
20792
10449
15230
17138
12813
17470
19075
11354
20947
14599
17445
16073
13804
8231
27442
31698
13844
14974
7732
17968
18821
22831
14469
20465
24399
47928
56198
51521
48301
21424
16588
29356
24274
43214
17150
12854
14042
16360
14576
9202
11457
9095
15692
26753
39871
21834
11976
13350
10231
11285
15535
9767
5008
28668
35969
23674
18668
10930
23581
11529
16479
19751
12438
10942
24962
16381
37632
36342
18421
12593
13275
19642
12437
16486
11663
8958
12290
11195
24852
18997
25292
13628
11560
27382
11429
17795
8512
17639
22233
15928
18314
38808
13762
15250
11335
14430
11966
26913
9318
19891
23615
10103
21718
36746
11640
31080
37069
22574
13829
12398
19460
13817
22194
14643
12587
33998
25148
38388
34841
32269
14688
27138
9260
11464
11096
13769
16171
20752
15873
25580
50189
57849
59391
66732
55663
34262
21313
59532
39359
21329
11197
14291
21742
12865
12474
21239
10488
15073
16729
29616
17110
21318
35290
20540
17688
21112
30150
46970
69070
90579
39460
22389
10987
14221
10465
16865
25921
29544
18775
36742
29133
11737
41805
13132
13141
31272
15571
19848
15930
15616
23057
15336
19796
9149
15191
20048
15733
9802
10378
10400
16713
11863
16215
23081
26761
32046
11040
12585
38662
19838
14908
25260
13036
17994
9492
20444
9920
25215
12221
10174
32517
49720
53952
82141
13306
47498
24686
25700
15901
11061
8508
19612
14976
18447
27253
20457
43042
23755
29430
23245
30362
23883
10972
41990
24494
53748
39878
43449
15088
31622
10964
14922
22274
10958
24974
30235
17104
32382
9663
16597
24753
25796
21583
13208
22850
35294
14791
14137
10355
12104
12472
11251
11878
24233
9986
14952
24544
44631
35971
13195
17196
18225
17061
22889
8313
8307
12887
10373
22914
32467
12486
20695
11060
10801
20460
12096
31875
11725
11630
13081
11359
22913
11036
53442
42135
19356
19584
12505
13731
11597
11857
21525
10899
14870
13435
15554
22201
16005
31390
38365
21233
50601
56162
39539
41492
9599
20883
13944
11343
16688
25406
15620
20864
16338
11928
14992
12272
12259
21734
16686
13219
20456
23312
26975
17289
29777
9096
19387
17145
11433
13078
25395
15191
24145
18984
32920
14936
11356
21534
39290
13933
15129
9812
20702
16572
30155
31811
40726
42044
49121
9037
15704
9347
12589
19210
23049
3002
18270
15184
25754
23833
24173
6320
21135
31558
43793
18649
10493
11919
30498
11773
15795
10571
11743
19489
10417
14219
16536
9620
10384
15800
18061
15793
14213
11240
15935
13225
15754
9037
10307
26293
14372
9911
16796
12752
30821
14166
13027
27949
17881
11773
20030
17415
14001
15769
19685
52207
45425
41577
14668
47787
10467
25022
12733
34948
43117
9661
18220
18283
13919
14586
10667
9285
13471
17117
21130
13294
9800
25981
14290
18859
21957
15164
18112
30744
19133
13306
13681
27099
19953
13265
13464
17958
8843
13613
15035
11633
9171
18571
9123
32904
45814
58495
22924
14487
13016
11867
42708
20459
26540
13087
11773
14532
13407
12684
21273
15278
17017
39626
20368
22294
28975
13820
15536
22317
20526
30387
20587
20500
21520
13957
20614
29164
14844
15061
13991
8413
17978
5220
10483
11915
18222
8463
10532
12830
10811
22927
32586
10151
11875
26225
14608
14145
9985
13415
30086
22715
33619
13710
20328
10524
9552
10959
13166
22200
18648
10404
11014
17666
24503
35793
12837
10000
17107
11378
12722
17222
13649
10521
13426
12025
17548
23789
28922
12858
22659
36632
46323
21086
22040
13759
32324
38405
13113
10108
23533
8638
13199
20678
25197
31485
26546
12854
14317
11429
34774
10080
10598
32888
9093
13787
17055
15288
13864
17814
15904
20608
12827
25104
17740
12710
19517
10703
16909
17995
17926
16605
11825
24654
25657
10226
28311
16778
27683
15056
27733
13680
24806
35240
42615
27069
21599
10751
17383
19942
17259
25594
21919
13359
12483
13463
15312
10770
12355
10958
9747
14777
14759
24079
10755
15869
20555
44851
15738
12750
10678
14022
21253
12738
9511
12774
13133
12680
9962
22528
16195
12004
9307
15838
12166
21208
28695
18344
9833
15597
8398
12002
13608
9240
14132
33088
35696
37563
28193
36198
11674
15874
34657
42349
24939
23180
18337
14654
37965
11637
10569
14838
25447
33442
17624
22808
6638
34134
10138
16482
11345
15611
16066
23399
12676
9093
15026
14152
17732
28770
15667
11797
19752
21999
17449
49158
9727
24171
14604
21907
9501
39080
36312
22898
27059
12133
27803
16990
27839
13280
16836
25963
16096
21304
19007
23858
18442
27802
20623
15448
29937
22120
12785
10640
9333
11971
22356
10573
10814
11711
16145
11112
19845
10502
9912
15297
16224
14860
15274
15374
11089
16814
34052
30759
43082
21569
9893
15178
45665
17805
32415
43198
30049
20850
11176
23992
21278
3655
9593
19024
41803
35160
17417
15472
13485
10615
9642
14508
3432
10031
13614
16722
25352
15978
9527
26366
26648
16057
21969
25701
15048
11652
37982
36167
39446
14981
16058
21992
12613
16148
23399
12007
17036
12089
11306
14357
14367
11340
21962
10634
13063
14677
20495
31884
11135
23454
10066
11441
16867
14475
10931
10712
12080
14544
16968
19906
10175
30770
50315
13049
60020
26442
34948
46395
15113
15778
18348
31924
26360
44794
45792
50494
39212
13730
30561
15145
23505
9992
14814
26462
25150
26961
15686
17376
18786
12585
23594
11066
19518
16644
39738
20619
27959
20475
11444
29937
21464
15653
17311
41534
66613
31813
13422
71982
92676
84060
21129
12962
14772
16834
12624
11006
9217
19378
18923
16260
17261
9195
10122
5552
10825
11039
16215
16179
39570
11238
21048
17208
18693
2765
17727
12119
7020
19161
12026
23974
19444
13617
17514
25666
16588
26104
14188
14567
11362
13516
15677
23453
11716
18445
14205
17021
13801
15998
16643
16939
16155
21235
21581
20579
10725
13068
8833
18312
15791
13454
12192
10217
14374
15177
15978
21636
26480
20329
22118
9519
31537
13494
36412
11288
9876
21533
24487
18168
14495
19028
22079
15726
14522
12285
13717
16809
15470
14665
24723
19088
19565
19247
26672
20353
12031
38809
31403
10359
16937
11569
12283
11609
36721
12984
10049
10328
21952
20725
25666
18112
15480
18820
10741
9927
15853
19806
15556
15761
16233
18444
22759
9951
15171
11480
9529
12351
15480
12082
16147
9647
19499
12143
9556
12722
18725
44593
26242
17960
42263
11539
10187
14249
10759
28385
16845
27552
11091
19423
17580
26713
35857
27748
12409
8523
12463
9896
15387
22831
15108
12258
17129
13750
14445
24769
56010
23915
20989
13824
11356
17698
14393
38840
75834
19268
13987
14680
24591
11289
9627
11600
18627
21805
25408
11066
9698
15157
21304
25714
16929
15415
11260
18564
14124
9895
18484
10507
10515
8797
11821
20343
15089
17732
23616
10173
24355
19011
18938
14458
8776
9559
21776
17155
15750
15201
14717
19045
14733
24797
13046
10652
24637
34814
22996
17143
22636
18823
13945
17778
24687
13136
9848
10575
16092
23762
13895
12499
15108
22598
21872
11611
20699
17942
32711
18212
13102
24409
20122
14981
10192
10692
10192
10208
9376
10194
10316
12565
12744
19634
15814
23593
21467
13050
11610
25177
15219
21834
11310
20353
14665
21177
22215
10413
8419
16245
8465
18633
10947
9838
13564
29033
9808
43293
24588
26985
12541
15260
23481
23772
14981
41599
10762
15648
10752
15879
18231
21324
19297
9044
14330
12419
18588
11168
22142
10592
22147
30611
18352
20821
9373
33274
15872
23149
16343
11239
24462
12826
17767
11496
14062
20041
36187
18031
18982
12329
28234
14599
16424
15212
27532
18042
10156
36416
12591
12256
13380
20491
18657
21018
14039
9089
12910
11350
11195
9288
15610
23656
17829
46889
22132
14391
10057
14128
22840
18488
49559
10976
11627
9342
11973
10088
12518
15841
10626
7958
11547
17997
8639
11309
12774
14444
26794
14703
10222
10761
13178
15588
10680
18033
24284
30913
32378
15784
16159
10013
14336
21270
15313
15852
14224
13800
29011
5226
25048
18032
14007
23659
16157
14328
16332
35292
40367
35107
37201
31236
31408
34854
8638
33154
43377
51366
9873
12921
28712
35307
11765
12197
15675
13998
18515
13304
15807
12434
18053
12896
23835
14755
14112
19143
24782
17857
10368
20425
11240
36022
11106
5573
16964
8842
9374
11082
17296
10120
23318
10198
32723
9558
17244
12325
14528
14248
32357
28124
13462
14466
9220
16281
11485
15482
14337
15035
17626
15923
12105
13451
10789
15013
27073
15485
9393
20274
17005
12761
35437
28908
30122
37290
42911
39145
35268
10720
15579
23879
23579
26468
18294
24183
13376
39305
13654
17647
39757
42475
14544
40405
68298
57344
22333
12149
16777
18941
28122
11326
9337
16960
20027
13123
16619
9847
9551
10372
15236
13793
42191
35474
19049
11955
13324
15338
15223
10968
17299
11524
17645
13663
30314
36881
53738
41867
22647
64125
13196
42720
9863
11985
13672
45960
38217
12205
63504
11153
13944
27017
20525
12932
13421
13506
11561
20444
27981
18442
27252
6158
17779
10891
54534
40470
28883
35276
47163
40233
22961
13449
17803
10740
12201
32365
11996
13657
14252
16344
20400
14422
19595
22138
12734
29691
18955
14226
15282
16341
37637
10606
26282
20207
11657
28891
9895
26660
41095
14458
23376
20591
24189
16293
10980
11397
17039
27225
18603
21073
14012
12880
10292
13031
9340
20048
24037
31558
11780
16866
21560
23033
17466
35595
38836
8929
15529
18129
13497
25038
26951
28223
20338
14221
13914
31139
21262
14858
10451
19266
19659
22939
14509
13882
22329
31963
11103
28535
32691
14835
26321
46362
13959
10026
12072
13558
21553
20117
14205
17917
12368
32595
55393
17957
28692
22226
34617
24713
15387
24578
24860
21128
17347
30111
10628
18338
9798
20009
16373
9416
11899
17316
32839
39083
13950
23692
13602
25242
11413
12760
21065
8674
15907
40975
47872
38342
16888
12593
22227
11219
38012
27647
17287
9071
13798
21794
16647
15016
15422
19547
14851
23144
7843
10331
17392
25561
12966
19782
20607
9675
18320
8701
13446
28962
18340
18824
10439
26930
33264
18002
43970
30801
14712
40052
11661
44436
40558
21933
37748
44192
33014
31808
30102
14034
14381
18176
20397
17926
16007
30111
18056
26990
42455
12869
33773
9223
8851
12179
26155
23027
34106
14723
17770
16665
27290
18517
13727
18552
16247
14018
12856
18861
9253
24115
13321
18556
9926
14090
18988
13295
10177
13458
35789
17097
16031
34769
17650
32228
12173
17987
19022
16280
14911
11278
9608
21988
11083
8432
18306
9485
11288
12683
13079
11801
13217
16347
13086
21330
8184
15485
22601
28480
11780
13985
9358
20693
9110
16228
10397
11166
13046
9046
21151
12482
16151
25212
60460
16952
3064
19029
12370
10244
19549
14025
13218
20018
10370
10059
18246
8665
13693
11518
32154
36492
20135
8690
10547
14781
23590
8711
26820
34152
27910
42643
8416
8622
18558
35127
17770
15915
15736
33354
26848
27734
30721
11213
11701
16931
22102
37800
35239
52080
34211
29404
32464
37024
26344
15532
18559
9121
20486
10622
10832
24229
29635
13860
12717
3784
18495
10551
13827
12149
9345
13795
18481
11764
17125
11097
23991
13928
24158
17897
19673
10836
12739
14200
20300
13210
23544
16684
17561
11047
16405
18633
52353
31017
14156
20555
30384
30168
19414
10959
14331
9579
12001
10176
19301
15155
44362
10726
27473
94495
10947
23614
30116
34414
20046
29795
9798
23726
61121
70144
57902
28221
36941
34563
31714
18314
45607
20929
31654
9108
9227
15725
27318
23687
17452
17933
25930
11207
27080
18426
29183
15866
13622
17678
14995
16467
13275
19969
14794
18811
18179
27595
21536
13940
19405
22366
17367
22075
11746
14753
24816
22804
25339
11297
15201
28182
20074
20709
11444
9564
20189
13598
20410
18954
29407
15776
37912
35858
32236
45357
46764
37162
49571
11157
20473
12921
12612
9805
11594
10283
12842
21056
9072
12108
9246
10885
23652
29322
11719
15870
26023
12699
39723
12052
10982
14640
17549
11611
10286
24345
12633
13948
17514
17226
19075
15383
23814
11499
26808
11074
13585
14179
15822
16163
28167
18880
17838
46731
24389
32937
8842
12888
17463
10714
16501
16502
24283
15678
9682
28914
36144
19188
15140
22010
13245
12302
19023
32225
24210
27904
13142
11889
17098
21628
11571
13592
20458
19653
16022
15852
11019
11684
10512
9046
12156
11773
11734
19163
17703
12512
10693
21630
15492
15471
12253
11919
15313
23124
12831
9191
14693
17078
8570
15044
22203
15159
13921
14865
8806
20322
10016
10580
8811
15479
14490
7901
17933
19707
15437
9421
13340
8413
15318
8815
11962
10491
13650
13645
9167
17749
23363
10631
22025
12124
35926
33070
13829
17890
12697
4372
14645
9630
12900
17603
18227
14881
26636
14250
19591
22609
14470
12402
11352
17416
25725
9693
27108
19770
16493
18196
14052
13920
13519
35736
39770
33586
30001
13548
21212
18829
16299
19189
8172
12538
12300
15369
13125
10897
13490
9367
21143
11229
19856
19713
26063
15468
13806
14877
15006
29441
12974
27221
10754
27127
18741
40769
15029
17706
18955
28402
32186
38393
35982
18369
9363
11624
13329
27512
18386
12290
11641
9387
22117
9249
18352
13095
18162
11581
25406
28211
42746
45097
21613
33532
39405
10887
19453
9930
18902
26719
10235
14921
9306
12178
21060
12175
11168
31457
44715
31069
15191
38191
59839
9156
27065
10107
9641
9320
16225
9210
26514
11995
9888
31579
17518
15158
17635
13269
27165
14883
14046
14937
16930
12085
14455
9248
19939
37678
48079
14495
36876
35638
23140
10396
32029
43536
10878
14041
12846
12209
27076
20065
17091
44580
17555
16659
12083
42532
49810
11808
58068
21820
10596
18444
15944
37712
13565
50216
16386
13783
19368
9502
19086
12537
25420
21226
17118
13974
11426
10844
18652
11331
10672
22352
10428
8829
26433
13203
31061
23305
22088
23849
15869
18453
17561
13456
9603
9809
15883
13399
9196
15606
9136
13933
16609
11785
12283
9805
11021
9814
19849
10367
21677
32425
17979
37749
15828
17819
10373
12941
10349
25206
18657
33093
21536
26455
12861
20405
22831
24385
43143
59441
71072
12966
81363
10436
31631
11297
11818
13370
11686
16335
13613
25069
17440
12844
11394
14036
12678
14560
37756
49714
28779
26313
18055
16032
23107
15850
17340
10809
39320
45851
15947
18655
9378
12380
22780
28321
9585
11386
25285
30223
11689
55039
58154
16115
13224
17037
16584
45888
54154
13137
15580
9907
19295
35771
46073
33030
14273
26830
14446
27515
26742
8580
19733
6622
20831
11585
16228
19445
10557
20816
12109
11676
16957
9665
9644
19285
14162
10386
12341
33024
10817
8473
22392
12165
10002
13533
11028
11659
9987
9819
12666
17265
15825
12530
16313
10689
8457
28727
21135
9099
17226
14675
22632
16647
14329
25319
34459
38483
28699
13731
38187
20672
21986
18099
16765
14098
15455
15291
8870
10926
13013
18436
9453
34797
26761
34594
27053
16630
12956
42984
25115
21857
43703
15971
35978
25706
12256
17078
25322
9505
17216
10181
12038
16248
16396
11660
39381
24770
18586
26435
18455
25596
32444
14817
12479
30197
47195
44096
13680
8849
15085
12477
22090
16003
14779
25636
35584
30267
14448
21374
22731
27264
10693
18566
38406
21548
19070
10908
17549
14743
15232
41185
21221
12682
11923
21686
47248
25769
11827
34762
17531
51172
35526
25954
36156
33815
56717
18243
26032
4622
33624
21306
52217
68078
56395
10639
11885
14767
12999
29672
36990
35694
66969
60915
60662
68389
83726
20583
13937
15027
25731
28382
44201
7895
10875
35094
49966
21198
14348
13606
15550
15797
13176
11262
13747
19962
18869
16644
21921
26904
35900
9449
17697
14334
13607
26413
45196
15770
17498
10604
33137
15180
24437
25130
26407
17333
14030
9681
18628
16296
17501
16606
15506
13576
26836
30371
19102
21882
27758
36468
47243
54709
51297
15935
14740
19415
32850
18810
10727
12921
3045
4857
13614
11014
9437
23915
13400
20532
39136
15766
26283
25727
32882
21100
9158
20488
12479
24439
10299
12954
11047
9750
14820
21420
16611
15155
11418
18818
37017
11945
8223
14290
8536
19377
32831
16603
13852
18513
11380
10714
36235
27619
41550
24016
8921
17842
16036
20267
19558
11519
12532
16630
17159
21799
15165
27564
9372
10949
28031
19164
15976
19358
38473
11389
12960
58032
25850
21088
19350
35080
21978
14778
3206
17386
8933
16307
8426
10548
11980
26184
42613
19874
32709
30832
15101
9257
10381
10389
9231
12820
17048
26830
13173
30313
12719
9551
20149
22612
32882
23371
23083
16881
14699
3189
19436
18044
9208
17615
15359
12221
11077
18207
15134
16159
24788
9942
17240
35022
21379
9370
25379
12327
10565
10533
12507
14879
33289
29872
21472
13887
57277
12059
13442
15228
30545
12325
4838
22641
13786
13638
14236
8707
11607
23743
12830
17866
14035
29571
21660
10917
19746
47275
19620
18564
20972
4719
25391
13273
9237
15986
14054
24814
14405
9816
11528
18685
28204
10834
16737
21464
22162
15291
14400
12210
11013
15965
13737
29070
17648
10524
32163
37656
17456
3041
15919
11212
14869
31493
45384
51652
11691
17081
16378
15226
11411
24942
11254
16296
18116
25880
30581
12174
29470
15281
47675
31873
40124
40961
10087
18819
12811
13243
25473
21102
50916
22724
78199
97965
14727
81596
11738
12281
9506
15466
13546
14657
8856
10022
10486
12317
14996
17547
11352
21759
10242
13101
12170
13808
26858
37622
23202
25968
3256
32005
32375
14972
13323
22464
20228
13324
16041
16246
31755
10352
11284
9525
12774
16601
17292
27793
48892
34587
19822
11504
17549
15013
16065
9353
16874
29668
15595
11185
13312
15902
21197
30220
21277
14279
17831
18569
5312
9936
28469
21636
14407
12977
14647
20922
11865
22360
15635
27132
32251
17460
13370
11898
13672
13063
15502
11730
12595
21869
11034
17704
15647
30387
20652
16273
11818
15346
18825
11012
20672
51581
36491
23260
25606
13778
9732
11489
13034
31172
30362
12922
9560
19301
20668
13540
8316
17111
21244
15619
8767
32206
18422
22570
41842
27017
25363
15837
12032
17309
14388
20114
15367
16726
13495
17862
14503
17486
16518
24529
12802
31620
8381
11154
9846
10584
14623
12708
12801
15526
13753
20379
9756
8373
17368
22098
12229
13543
18187
18848
32695
8366
17689
20663
23170
12481
20396
25957
17016
21058
8867
17844
15424
22678
10737
17598
19485
10874
11392
34799
20033
13796
11428
23374
28032
16203
11977
25187
20343
12078
12139
15092
8726
13931
13413
11957
17415
9756
8393
12540
15284
20589
25563
33540
48186
57229
61383
9663
14610
36790
31653
36283
26175
11908
14854
24472
19647
11801
11755
16011
13607
22045
16963
66960
68263
36193
38939
36360
27886
29208
37237
10933
21105
24009
17226
12891
12319
11923
28197
12127
25631
17901
12556
11382
12295
14291
32478
43497
19291
13134
11445
19836
16570
14178
16376
20697
10000
13043
32904
13431
10805
16205
31464
17784
24348
11325
29861
25665
12768
11811
10820
18779
12517
19697
20322
36913
17842
12438
19025
21753
26531
31230
13743
31072
45568
49025
10619
16956
11316
10573
18714
10463
24538
12091
19977
22577
18235
20716
11857
15880
23292
32226
21682
31376
13449
62825
9746
19203
12438
39850
18927
79539
24256
39247
35075
40195
17368
38246
27030
14148
25045
9863
14814
7940
15982
16820
8210
15495
14217
13139
7226
10037
13644
13179
18446
10234
10548
12448
10795
8793
18983
17777
12650
11022
18947
29674
28117
20709
10606
15044
17978
14090
10263
5065
10681
15498
10654
14234
12475
28005
25454
19085
25480
18018
14542
17058
12967
10293
10357
9647
18296
10743
17525
12485
14064
22547
17602
15584
14787
33431
41557
11208
15817
9889
25717
14790
12508
17793
21032
16089
15388
11056
12395
12195
14428
16903
21356
11833
10967
9145
11458
12914
19538
13364
15128
22573
28658
18547
15027
12766
14041
12170
14565
30273
40548
11680
18144
13713
11143
18169
11052
24010
30799
12362
24025
17575
11738
11786
8117
11761
9993
11621
14013
13097
22105
9871
9679
12816
11732
15694
10515
10707
14935
15936
9114
12949
12588
13934
21671
9692
12919
17492
11619
17949
21538
45476
12903
12642
29534
16115
43439
53264
11758
11825
11279
17721
16174
19573
22887
14342
10581
4210
28604
13002
12366
16979
13243
11010
30958
15544
19152
11114
15603
26229
18975
12358
8285
9694
21548
11020
11119
10987
13597
18770
17790
28061
14169
11180
16765
15662
12097
25367
9927
8916
17156
21441
23017
19249
13914
8453
14351
31801
32802
14173
18818
29965
23576
11540
10162
10159
26691
25220
31803
15819
52498
28962
13005
21546
11284
19147
18067
14434
10967
13199
16104
15334
17993
10180
13340
26854
17314
10548
25142
39033
7235
9699
8914
16899
10976
14352
23119
17514
11620
28997
11792
21910
22568
14800
11706
20630
18871
12512
11017
15553
16814
20792
26565
6845
17544
10127
30117
21414
9763
19297
11571
22632
9040
16004
15832
13706
13999
20505
18834
11065
21722
20526
10023
25404
18451
10252
18996
27393
14783
13351
14470
12029
29013
38068
34691
17728
19021
16622
19844
16029
26171
14202
44431
14724
17163
26591
18975
12628
14326
27768
17102
31759
9225
8175
19317
8023
16083
9549
10695
21417
17155
22256
36441
31823
18581
20984
14412
23404
11943
14246
26336
17756
21377
14857
10673
20668
27036
35764
29540
13033
25851
13629
12187
10534
5090
11489
12460
16051
9935
11444
22916
21553
12884
9215
9181
21265
14083
11779
25591
44468
18806
18085
18152
12475
9691
19466
41680
12711
17279
29846
11287
11762
21654
26300
32164
11601
34234
33151
47206
65460
45998
41604
11434
21990
41741
36876
34259
45236
14882
17131
23262
44252
13830
9641
16877
11766
27554
9000
14499
15525
13951
9462
21199
12537
30115
8646
13355
9526
8661
15507
20048
25314
24268
11975
32657
15168
15232
31430
10673
10287
7921
13598
13884
12293
11424
14199
9445
38758
31274
70682
23463
8788
13526
9073
10399
9154
12151
12986
18626
11255
26135
11419
10073
9506
14516
13338
31880
9738
15021
19216
14655
22999
21132
39723
23486
9651
19233
26468
13662
13162
16044
9959
17948
24600
10410
9608
10713
23801
10456
44939
52003
18795
57934
69671
45007
21243
18481
11844
9942
9076
17677
23042
42376
51137
69297
75335
44762
63210
58959
21594
8661
39735
14876
9870
9530
15302
22680
28689
21549
24426
20146
24530
11120
12708
10212
22773
14367
9716
14892
14862
20086
10703
16188
22469
19410
32164
33019
35679
12480
17408
24797
10325
15219
18880
36214
19146
9490
10291
38894
38498
28410
9347
35466
11464
18926
15524
26369
20022
12306
6382
20537
23560
34422
12340
17348
20121
15380
19546
12230
11574
11301
10847
11748
14303
16743
12455
16891
21712
23230
26106
28095
17415
30820
31659
21681
11688
12871
14530
10338
9679
16290
27841
19059
19040
19884
36734
18510
22187
11994
11635
13930
17855
19943
15886
10091
16021
18131
10417
9471
10618
12575
17679
17139
16466
15456
29268
11834
18671
11951
19087
11797
11351
14238
18005
29649
47929
14261
14208
10466
17564
42126
26269
17433
14045
9785
11317
10931
11980
19691
11568
10169
27717
16729
7855
12542
12989
15940
9566
13287
14623
10948
10662
11470
9525
18967
17943
30992
16426
13058
15082
13126
14456
20431
15591
20541
16787
15772
24030
20795
10496
11206
10057
11863
16593
17231
4955
14820
32841
12614
14062
14175
35358
16403
19285
22463
14494
13038
27056
30847
44237
14330
18746
16479
3603
8607
9442
11632
30626
18703
14052
13012
13108
10711
18401
13078
8935
8066
8504
18906
12606
14606
13313
13255
25232
17675
18239
9533
11340
21919
8808
9673
9626
22214
8469
12642
11980
16266
21971
20982
13112
18120
15714
14020
18243
26357
14820
20773
23553
16455
27311
13517
20561
12556
19525
16872
13584
25886
25885
24330
22544
14422
13282
13394
11611
12855
20073
11501
15441
16837
16066
11784
30954
19574
28291
42027
31230
39100
17263
14873
19949
13536
16827
14703
27034
33187
32094
21910
20456
36253
10366
22522
8818
16730
9521
22197
16865
12963
10031
15080
18331
20779
13579
9138
14666
14587
11019
52485
15664
20374
25682
14369
17103
34507
14978
24537
10478
8246
15793
36328
32315
14267
11252
12732
12365
8365
10261
17635
14763
29156
38474
49643
31114
11011
7972
11116
18519
14166
15751
21947
15580
14020
20653
7804
12959
13183
20900
18893
16381
11522
26203
11103
26853
10371
16012
12573
23417
9230
11228
15497
19164
11093
18184
10436
16977
38352
9201
15229
8312
13810
15036
3508
12019
20440
29971
12451
14903
23693
15215
9455
10151
17164
12751
11902
15260
9080
19256
26474
40430
37406
28557
15457
11066
15592
34836
50454
51256
25163
26613
14014
9246
11032
16163
17629
13595
30184
26796
19744
13386
17330
11428
10173
23699
10659
12082
10031
12791
11207
9651
11492
19706
13561
18316
11934
19067
15514
15394
23175
29019
42311
11080
24040
17496
14243
20283
41739
12761
17690
25262
16136
20686
15007
23077
10339
14932
27050
17426
34575
44168
39075
29135
30964
29627
29530
29496
13220
18851
19396
17946
3990
27184
11655
11893
20348
15301
17587
11123
13265
25863
15323
35482
21181
19901
12101
10154
12421
12067
12520
15476
11975
11260
15147
27740
21952
10636
9908
22841
4019
22903
11743
18201
15717
12729
14280
9957
18834
20013
10647
23508
19330
9323
11747
9466
11873
16190
26813
32754
9164
14485
19258
25817
25464
11748
13334
34344
10041
13365
25696
19246
11486
25048
13621
23967
20899
14164
17186
15337
12033
20958
16892
13670
8437
16136
19671
13524
10222
16950
15068
17147
22127
37722
12710
21715
12783
18661
11452
19426
32946
11848
21525
14208
29218
15458
19050
18071
16068
12417
23544
38113
29715
19039
20225
24412
14219
22933
10142
20124
30027
14660
18423
30688
19773
27451
33615
33097
10654
17925
24878
30798
23965
13747
16760
13837
17563
10656
27980
12599
35550
13008
32493
36907
40960
13762
13273
14313
12438
4847
13451
18577
31491
27709
14152
13886
18484
35317
14042
17315
8108
10880
9818
16931
15114
32316
15821
10761
22716
19110
25397
14782
18332
12188
12517
21875
15169
50562
63861
76450
55879
8450
23792
13471
14356
12051
15660
31738
12105
10491
29342
17067
16835
22005
13546
27530
13463
20697
9609
17306
10277
12797
17035
15778
31706
21779
28325
26866
39029
40058
22738
26612
18120
13718
12543
16893
16752
12177
21662
19626
24401
16277
12326
13466
10053
21988
24779
17005
23335
9094
10082
14244
22341
18361
15559
10516
14402
13197
9409
12863
9788
18959
15323
20830
12384
21905
56778
17847
13675
9783
14552
14450
17153
26888
50067
67402
15787
30241
31768
33046
14548
27945
32080
14626
13551
14735
12508
20809
11548
23783
12098
23847
16548
13397
18593
27475
25871
33303
13389
22001
16034
45119
10020
10164
15711
20527
9559
18689
14696
11751
19767
14578
33009
24059
26977
11824
25232
19866
25513
14652
17691
53113
10223
12649
11454
24380
14484
22031
12750
24778
9882
15206
13556
19611
13122
16817
10395
12267
15313
9293
13679
10508
13338
13481
16622
11184
23995
6116
32134
27753
42223
14045
12955
29845
8791
24055
10027
10413
3798
9882
10564
28444
22689
13308
12927
18897
16139
19845
19596
13944
20284
23464
27713
29231
28072
39105
34880
27590
37650
12826
20719
16403
23895
19855
63785
73979
15901
24315
29000
15530
20822
16351
16050
12491
24308
26482
11277
23022
32587
11978
9874
15529
33341
36656
17621
13459
20717
16748
9852
23202
12276
12014
26063
34123
53419
17838
66541
21359
19957
19072
24256
20275
8826
13293
22343
9827
38048
19652
25501
12897
22637
14039
12408
4738
9721
22097
11732
20118
10464
9853
10065
17641
34160
15349
9471
9173
13839
34540
21230
16237
19134
9969
8798
11542
12044
15428
16258
19675
28656
23325
15453
23893
11068
16795
10060
23845
12614
31382
29894
23520
16048
15482
17110
13230
14755
23405
14245
9897
12880
17080
12650
25843
26102
37039
34707
47323
30478
15644
36390
32202
36329
15585
16252
21151
22003
15209
41559
13479
12809
20058
20140
13456
11455
27517
36322
13506
25573
14021
21546
13056
24147
12419
49772
10777
71062
40804
52792
51869
37671
55978
27682
81443
30747
30112
32256
9929
18614
12987
19465
24158
11144
14284
12819
24513
12847
18870
14785
13770
11555
9976
13288
24047
19691
27958
39201
14046
14506
11323
11744
10572
18634
13381
10605
27424
29782
34335
32809
43730
40591
50230
37367
20582
28215
28960
11027
20293
19047
20755
18375
13524
14944
20201
11593
17304
16761
9057
11715
11969
21456
15978
37652
13203
10053
20121
12085
11679
9353
21890
11078
19218
25142
13672
11207
8619
13018
36453
42838
20640
28464
11191
16401
16208
22486
21996
15463
22480
11973
40006
9800
13797
18547
20674
24547
12059
27319
10856
18216
21789
16425
19776
24703
24838
38858
43624
18571
24941
25140
10325
11410
13479
16915
17216
18081
22623
12084
11404
15398
19992
10318
20349
37550
15788
16361
13375
18100
13612
23969
26657
37435
78945
72487
54622
45748
39630
46606
60443
24531
16803
16800
14930
9869
34411
13687
32089
16227
14289
13742
11330
27132
36118
20009
7469
10954
12302
10089
15811
14445
17813
15698
9648
20014
13171
29011
33512
29529
12769
10352
13728
16621
13078
12191
13628
11729
17098
10815
9263
14474
11029
9039
17021
27562
14701
19029
20331
9574
10045
9492
10944
12769
24770
32086
15910
21406
10666
10970
11652
10458
2777
15647
16764
25821
26750
14743
39298
8837
34590
13616
18545
20838
14349
23231
20075
10099
14646
9617
17312
28030
10008
8340
26302
61269
10862
22057
19988
10501
26212
12010
18570
11010
19794
48081
15995
13445
25643
21572
30552
36281
14638
27301
16541
33506
9256
18497
24275
12330
8924
24168
10675
17577
14324
16177
22539
18055
25131
24434
17508
9475
9155
10660
16516
9735
26427
10746
11717
14808
13083
27498
14004
28849
32294
33367
9360
16871
25266
15838
21444
21413
16001
11471
19047
27906
16213
24960
11816
17070
9809
17141
13736
28117
79379
80906
53962
41858
32329
19500
49029
21296
16038
21137
20810
9165
12675
16131
15163
10162
14537
27326
24452
13435
10717
12204
11448
11638
13788
44910
56629
80391
9816
68337
10397
48885
12837
14712
20671
12803
16831
14287
14706
11892
18855
20328
15728
13456
20189
20444
23743
19438
10592
31603
17382
24281
12847
13585
12276
17342
10085
15579
26565
28746
18193
15661
26159
14374
10627
18489
32697
41769
29389
38035
53472
11859
31565
16485
10469
12890
12690
10548
17948
10718
20105
11176
18956
34815
21638
16541
18625
20527
9740
16472
15716
23062
26487
20916
16142
24343
17439
13667
14139
16700
12630
11001
13531
10120
13641
28150
9640
13401
18104
10197
13808
13871
14278
13186
11688
9327
8988
35849
11976
25013
20455
13392
14926
17087
12188
11581
12025
11292
4318
13712
10430
22079
16006
20800
18739
13663
16314
9262
12784
21101
12364
16542
18277
30616
40772
17364
21890
19474
9569
9230
13085
9696
9701
11649
30422
11430
10949
10857
14519
17215
14801
9515
21957
9647
14429
13524
17561
22265
10058
34519
38537
10229
39712
33423
12682
11062
21585
9858
11219
16732
13592
13810
10460
19305
8856
18532
13891
45223
24655
21385
12932
19441
17068
14328
16671
9866
15434
12541
15995
14485
9581
18147
11601
19108
14258
15169
26897
44169
12192
33120
22642
14690
21405
20089
19455
15493
9391
15813
14460
45966
42874
9495
16582
12542
9607
12343
14940
16238
19499
11697
19678
13249
36012
27045
9550
9969
15230
14646
20641
16098
33101
43569
12305
13449
20216
17279
16731
11416
10034
11621
12969
11720
36760
49762
8789
16095
31434
27201
11324
18799
13015
18286
12256
17827
9863
18419
11219
18989
7289
14596
10467
16639
49534
31527
10954
21574
9320
9823
13878
18587
14897
13585
10272
12007
15880
9569
13907
23287
23105
27783
47645
56447
11224
16400
26675
28005
23215
11270
11490
13530
11098
21730
34963
12168
16055
13225
14562
13073
16473
14561
11557
17340
15836
21983
13154
11794
23285
10596
13662
9980
12106
15725
16222
20913
11811
11176
14045
20514
3245
10376
18461
9640
9580
13083
11327
9278
18505
14874
16879
16654
27452
13800
20667
15228
11129
24278
22187
16220
11184
13337
12277
15255
9013
11246
11247
33373
46487
40396
43431
53005
15717
15493
17047
11689
13500
14095
14535
11721
10648
15718
13780
10509
18407
29645
10763
13676
16608
14697
11078
23731
11977
17802
13286
10356
10562
8304
16288
22562
35367
12836
16691
27532
24593
32041
13302
23497
17831
12580
28906
19491
42562
33160
12583
15834
12931
11524
18320
14374
21198
19557
14340
9138
10183
19050
18983
34482
24765
11229
19954
11293
10239
17660
19346
26573
11320
19446
10527
15721
8694
14163
10231
14408
12022
39076
10606
14165
11098
11476
21264
17608
19786
14374
12680
12509
21929
9655
32640
11767
10047
13363
25332
22040
16186
9757
10918
16483
9587
16495
9607
3174
14465
15649
12875
16608
8053
21431
26536
34543
17136
5278
16708
11219
19087
23593
37826
39755
18526
8843
19922
17205
16678
14255
34843
52920
57037
47608
13653
19304
19378
10947
11471
9283
15851
14937
19438
12545
10251
28061
13649
8732
15832
12106
9788
10294
17764
17351
22399
9266
17549
14603
12167
10895
15335
18850
27151
10966
16857
26674
11874
19024
19866
10979
17212
9893
19004
15403
9835
9875
11436
8938
8588
13714
15894
26705
18016
16526
13507
17866
12322
8785
9538
29250
16738
12689
17218
20262
11499
22461
28107
20373
20498
36176
29629
23085
10859
9841
4480
14918
16538
18586
13057
14305
22308
40034
43264
10809
29166
31342
21708
10157
36408
22413
28562
18794
30338
8354
29001
12730
15210
23834
11199
21746
9348
10636
17095
9766
16272
10483
21764
28300
18085
11035
10064
30554
130738
42293
64579
42099
21685
18129
10139
10345
9474
14761
10619
18062
14848
13713
14492
9388
12232
11247
9896
30857
24592
24752
15713
22631
11702
20319
15353
14762
14132
24634
21550
23791
10231
15945
17740
15311
14826
11733
13819
47740
13062
10531
24860
21764
16310
18291
17747
16055
21786
14212
13173
10399
11815
10984
10017
16340
23507
11071
10480
13441
4136
18436
12567
11252
16989
16886
18313
20877
52448
53896
16475
11656
14862
14813
21217
14091
15389
14072
16932
20909
15429
14712
17817
9390
32187
20124
47238
49537
25287
11627
38047
45047
43654
20132
11914
11020
22746
12195
24442
17817
10089
13561
21434
9192
32384
15938
17561
12410
19849
15923
19642
12049
15061
9395
29618
13201
10455
25947
18602
15216
27214
29222
42169
10148
13555
13743
16313
15343
15090
20259
21919
24841
12737
28772
13658
20778
10295
12421
10073
9696
10568
34246
54720
12138
86241
11834
11069
18102
10725
24326
19514
22518
16577
14647
15951
23399
10116
20560
22275
22617
14341
12303
18022
16877
17296
11170
16574
12714
14619
14826
13957
13242
22220
11832
15239
24836
22793
25179
31209
16168
13743
17040
16905
13547
30760
24715
12249
9678
13291
21623
22592
19967
16586
12657
9069
11582
13604
17709
35780
11666
21859
23845
14041
43926
17252
24727
26568
24544
12880
13604
19303
15481
11663
24775
29167
17414
25104
27662
22504
15533
19388
23237
46143
10518
21441
22127
32739
42027
13715
18755
12771
15770
14817
13930
23232
11680
15946
9927
17135
12546
18430
18816
12094
12067
19243
15785
21809
8956
22367
13030
14057
11934
20596
20267
25089
15027
35662
15575
29555
20189
14487
38463
32057
12652
16845
23692
13520
20938
10069
7913
13025
21169
12238
16330
10171
12109
