42482
49451
59466
58250
42455
58523
27791
27376
36340
22979
27984
26164
33093
21315
25910
30135
36431
24964
17396
25652
16357
22446
24609
42499
19576
36688
19581
25119
16653
37189
17080
15943
19452
10971
12980
17550
11408
22752
33759
22127
42593
37454
45200
31412
28344
16543
32102
18094
18539
35490
31409
30013
34900
25760
16062
30851
15375
32331
35984
31861
21610
27953
35471
46062
26151
40648
35805
15783
26929
32936
39169
43015
25321
22184
18113
22234
14089
19147
20220
18408
50534
21321
32213
26017
24876
35665
34435
35559
26321
20915
19455
24431
13476
19019
58294
81299
32598
51284
27649
25585
20250
63894
79988
66681
20980
27194
44613
22558
22272
12966
35931
41141
68297
63049
27104
18068
11664
39191
17182
21500
41547
30478
10725
45366
23117
11874
23610
23767
19882
16484
22636
20099
21887
18362
18445
20715
22972
17284
21143
45057
19409
13856
18219
16124
15566
22085
27586
51540
19658
19855
14977
48964
51147
163245
101348
109124
249370
259578
86111
59622
73073
63036
80880
102581
45037
106489
49227
148890
131193
117254
170378
61235
103687
50097
67515
33672
55068
29812
35044
18400
30561
58986
79617
31177
19860
25494
23225
19053
16174
38973
30497
38931
22798
22644
23310
20941
23092
32689
44672
28064
24462
13803
19741
25365
17115
37480
18925
29691
45378
53449
23721
19510
17855
17404
36417
25468
61318
50971
59047
34717
46045
55475
34635
29380
44079
51202
46252
64525
48402
73017
106304
28850
26443
27335
44845
25922
22285
39875
26816
21788
20625
26083
24686
41979
67838
29446
19910
26085
42460
15696
30167
28300
26320
22580
33619
44111
32950
35443
33760
32766
25174
21386
29643
22152
15764
23339
29863
48217
16778
21560
9987
24852
28742
29923
22678
23759
34878
53748
23599
34297
20163
27025
21326
13850
19415
30270
29130
29790
23517
14682
20136
37777
47710
54751
27723
24922
27102
18434
24667
22972
46522
32533
45432
27272
22171
33712
26772
64992
61860
6557
23210
21174
22246
47400
24133
18686
18978
24699
24470
28493
27125
22360
19616
20103
23287
19829
25477
23773
21534
37829
32138
22276
23053
11189
15527
41218
35196
80995
64754
47621
16865
21850
37404
40618
48817
20244
20083
23666
24262
25511
49887
42845
44936
43265
29969
40738
14569
21573
22134
29755
19022
24086
24607
34808
26398
25165
27224
20838
30033
57661
45543
19141
23561
32610
22878
22058
19901
11304
21488
16172
19306
21225
31251
24164
44694
71379
21780
44834
47524
25168
21512
28436
35009
53371
36058
22293
21538
22914
23790
28684
30123
34188
23799
18694
31129
29779
28562
27026
26163
18916
23411
19836
28705
24480
22600
30638
21298
26622
37994
38130
24566
40356
16184
23737
27449
21910
25295
38092
63103
28715
17621
20954
21472
40296
36530
26689
22889
19769
21418
33220
58841
32334
67171
32751
33291
16439
28195
25755
23765
32790
35528
45702
27968
27359
40067
72803
26721
16370
23731
27434
39497
14255
34675
102002
63604
78320
57073
41607
27139
31868
19080
19681
23072
14617
9848
33784
11646
21598
37640
24989
25371
56359
29435
26737
19643
31656
30415
45828
27058
19528
18830
38822
29801
42256
44263
50751
33118
18395
26989
43113
20792
60924
16981
19026
26895
33579
17031
25039
47850
96205
29406
40252
33038
40891
53544
28909
61983
20677
29207
20237
32964
31618
18396
28424
39394
28901
43060
16953
43907
31375
16808
25696
21570
26767
24553
30848
28422
21037
34899
20791
20767
15981
15114
35150
26188
27666
18421
36079
25014
27471
17751
21933
30900
45636
20823
25837
29425
20471
17816
22874
23575
41898
26188
25494
26304
22844
23906
27576
31875
26902
29368
20807
30563
22094
17490
25701
15105
26698
33849
24430
39398
42331
38072
35767
64865
56187
17168
12730
21860
45478
25488
25423
21188
18231
21222
11524
16312
31010
22842
14571
33046
23903
27210
24096
26752
24168
27406
25265
33653
17758
25722
30529
17125
19914
12835
24706
28321
27205
43189
25542
34124
16777
20054
35046
28827
43999
52169
23650
45915
43974
29209
30640
26067
25516
24438
39679
18965
9972
33180
37624
69418
34975
30932
28201
46179
41005
21520
30035
24607
31825
52804
42267
68885
98785
116205
37043
25490
26380
17322
25323
40427
58947
22423
41286
33913
29323
33329
14325
21661
17857
22633
15435
21192
38580
46817
25644
50548
65830
42479
20990
31601
16276
40665
10617
12356
21217
25119
20645
17140
30996
28267
32966
74352
20142
21124
45350
42046
25167
19019
15428
19838
23768
33313
24465
13830
26507
19355
14164
18296
14343
10804
19010
10975
24294
24117
29791
17641
16779
38415
22658
34059
13482
39549
39331
16028
19855
13974
24475
35182
26841
30500
28112
20215
28839
22228
19962
12954
18095
31875
27648
25207
25167
15622
20794
53647
27967
20776
14885
23470
24293
23431
32022
11415
19046
61771
89050
27688
44024
118505
100026
79414
123571
123541
30283
122356
136730
83315
11919
19709
58905
17377
26827
20802
21021
31827
20952
26844
28110
23262
13717
36805
26605
22471
26049
28239
35128
45679
30942
24313
45796
24149
34019
23257
28657
31488
24575
18382
39186
27617
18200
22404
16921
42602
36153
32252
28799
19967
27254
26524
13100
34367
37044
49552
23628
92670
14036
47460
88506
95036
60431
13834
12547
20271
38633
18035
23304
16160
45141
44382
20340
19357
25392
39150
19906
25773
18323
24294
18707
14817
21144
20381
17082
22652
30739
27218
42859
28145
25593
58248
46936
17490
33305
35150
29625
19795
28224
23869
31518
17892
23069
19269
26935
23533
44138
27767
27068
28192
39943
18983
36620
73287
57637
30055
39864
23644
37845
27780
52437
22713
15907
32579
17444
28540
23243
28010
22250
16033
12966
22232
17438
21763
17915
22948
35731
22811
22126
24562
26178
59064
23858
11978
24110
35311
14616
21463
23146
34294
24245
62013
21630
9845
49000
35339
15681
22470
21634
12230
29079
19891
18878
24816
64060
53555
26667
28150
19135
17229
30465
23587
29795
35355
15333
24890
33636
27272
23152
23828
33566
15117
25971
18112
16174
21710
36741
15288
18406
30017
26028
25818
40511
22498
17389
25105
40108
8809
26665
20878
30263
41367
52559
21011
28361
24798
35797
31266
32841
54910
26086
19506
34694
42352
75707
14973
38593
37090
25595
30735
33148
22939
54693
44446
44300
43763
50476
44582
19597
17435
25156
29367
25422
14631
23847
30171
20704
41895
24538
26345
22806
15572
23621
19635
24529
18117
19728
20321
12722
19551
17000
15254
15803
22639
21491
26966
30331
23510
35737
23934
40816
48455
65502
24885
27385
43441
24776
24542
24629
33639
23483
16091
40241
8769
26878
16215
22972
23693
19355
16783
18565
27001
32200
16546
27429
21420
15533
24011
28557
22496
22173
30646
21163
29744
28007
33077
21953
24189
23899
26586
20740
26410
17071
32326
31080
28590
15158
44676
23831
29889
31734
15749
19873
26363
22847
34930
38068
15933
24118
30145
29828
21204
21756
43556
17530
29053
32577
29695
20914
29377
6081
34299
29989
27762
30744
39654
20140
27058
22601
18512
21007
16698
32953
22252
41530
73575
87063
24536
74127
43294
16691
16075
17631
21082
27498
28451
31043
24632
32907
37209
39193
59936
73331
37194
44467
66808
26082
25765
19436
13841
29224
38894
12748
15080
28074
29578
23973
26014
15992
27561
28199
24159
15423
20048
39245
15304
21132
17318
30551
13007
19599
14703
23743
18993
34012
25983
25658
23419
22828
20571
26082
31073
20437
33754
23628
24266
23484
27063
19476
20025
22277
12380
16804
19603
20901
19486
23174
29569
22504
18731
23438
17080
26377
34416
19507
24729
24406
20516
27302
18479
66709
27390
20713
23010
27979
22211
38974
26524
31389
22159
25785
41286
31834
19016
17939
19919
45757
26924
28497
22357
35205
35890
48093
26247
23590
27083
46178
23213
29971
14709
21656
23259
31306
21898
37730
39753
57874
19063
11559
25711
40814
25013
10683
21999
19814
19873
42974
36926
36519
25882
45236
28097
30757
21271
26412
59938
25231
34944
42091
32494
36522
44433
59216
24761
18270
31148
66954
31781
25828
18721
24333
20532
29973
13724
33097
20826
25601
31049
20818
30776
13149
26461
23159
24324
35479
26211
30096
10617
18504
21999
21567
16773
24802
16936
21555
29793
31115
34716
40346
39454
17718
20458
19729
67877
77914
33891
31707
31801
25830
29490
23747
22228
19035
28367
30394
21463
15397
20203
26457
23454
14912
27341
26785
23781
19930
28897
17656
26688
22760
45149
28605
21496
45495
23212
24010
33681
26492
18021
24692
18741
53492
33847
38321
14864
39068
26621
24344
26496
19729
33861
33310
28681
27752
45814
25727
33028
35341
31765
23809
20045
24339
48925
21438
20712
20169
15376
31392
27723
27509
17604
46092
43567
56178
24380
29241
23352
14855
32569
24122
36051
22546
58444
38738
31376
18047
32170
26186
9148
34222
34354
37964
42167
47563
29376
24495
31364
28463
32046
53675
25218
63657
39556
59001
14762
36248
25820
21745
36255
18473
21517
35208
21250
31525
38788
39871
37462
26368
18102
28324
25180
13418
21534
23089
23123
21601
20648
30706
14036
25277
16157
23269
21434
28397
24310
41990
50481
70200
30889
17459
22692
33919
26411
30919
17338
28168
28393
27723
22915
25733
15282
46980
75938
70142
30726
37243
19690
31211
42541
23595
36274
58002
34949
54428
29418
78734
33195
24960
34574
43667
29957
21593
13451
15665
27139
35791
60692
34853
33850
21920
14168
21258
21130
34932
15516
23540
24747
24763
21039
31440
13110
26611
37144
19537
39058
24686
34166
16423
28608
23356
13136
29482
27109
17265
20612
19768
22143
44142
21403
22323
22289
18476
23117
19228
30585
33524
19334
28816
43787
18007
22680
29115
22394
33736
20858
23046
25702
27916
20797
19206
17189
18041
13773
21257
26078
24822
32573
30917
26928
29647
25831
27649
23482
29323
35628
30055
28779
31770
46090
23724
20002
22527
15656
40940
40659
20698
33464
28659
45052
68013
24245
23841
18341
51488
24895
21384
36850
29071
30138
31451
24110
24621
23056
33653
21652
16898
18721
23029
25858
30423
38701
19422
33155
21946
30072
15611
43329
16262
24509
51483
39253
15797
15395
17742
30019
28489
30513
16894
16758
46633
25604
26299
56044
27752
39114
41150
19057
22327
25968
25289
28164
6579
21035
34074
17881
35720
32337
44529
38284
22097
29926
21115
15125
35954
25578
25593
45468
23061
35214
25000
16437
18711
20895
27074
53229
20319
22927
33649
21969
14304
31089
53203
28079
12135
18648
18497
36049
41892
24540
34573
46377
41959
20140
25923
23511
26902
30677
24489
20124
12461
12662
25754
39937
50122
33960
25564
63225
27503
26390
32962
22153
27379
28772
18291
38324
49578
17985
25950
38499
47828
27895
43259
18503
20264
21872
16833
19416
20471
39688
29005
50611
27401
44988
18456
19640
20988
24453
15492
41167
17245
24001
21442
27403
15867
18287
22676
15357
33702
16687
32668
43185
27770
29151
37631
22554
16131
24533
19760
36751
39621
23091
23623
10706
38304
40456
61220
101520
54876
26713
34296
45830
22288
20446
29014
23994
21634
21539
26901
18137
45491
30819
20981
14652
28290
43347
24159
16081
30329
45643
22740
23314
18436
27736
29402
24828
13282
29800
42300
17115
24661
31324
39563
26609
23760
38200
32406
16238
26831
15089
36567
8456
29948
24265
39708
25607
36304
32503
55747
15089
26371
53345
38877
17181
18423
32284
13148
20104
15306
27951
16704
38011
20839
12337
28711
17673
20502
21196
24113
47402
23789
30059
26023
16388
30395
22204
48313
19924
25030
12707
33528
24627
26244
19378
22939
34251
17775
23703
20666
30043
15060
27291
39054
30492
18213
47483
15734
26946
31190
32800
66034
75857
35920
63579
34160
34691
24884
37542
29754
54449
67332
21495
15694
20854
14176
15255
23421
18796
19107
18682
25270
15914
25845
19543
26256
29276
28648
34278
51118
54234
17891
15469
19709
20306
23928
25029
23220
24235
20718
49669
67487
16231
33214
27430
50281
52108
19625
34302
41691
23422
28002
35121
21873
19575
21804
23171
25929
37423
22072
33763
40717
22000
21771
23538
24848
30152
21633
22412
40064
57735
33559
67178
34565
19977
14549
22735
18611
16567
24729
29605
37523
50502
21695
26336
63906
82250
75512
33350
69797
30249
37837
24636
15180
23601
24045
21368
24762
18739
20999
11361
25090
22130
27279
35980
12810
25141
36068
35061
16803
28480
26650
22530
21396
18461
49940
15132
40955
23448
11783
20614
94456
28185
43234
31596
23490
18911
38026
22323
41878
24295
28509
15779
26535
22893
30457
24592
35652
16406
19829
27721
42929
14797
21315
23208
25959
16724
40211
27737
21058
9616
20944
25871
34107
20309
18803
15471
13281
23124
18300
18581
13560
34742
26287
23990
11946
27750
31049
21954
27361
24849
41249
36064
13100
47847
18890
24810
12997
27336
14547
38889
16027
24413
54508
74706
47044
53478
24932
13418
17914
25383
32051
22219
17029
25940
24441
16329
26389
71007
85178
83951
67423
20253
49022
24672
24003
14581
18845
20702
18644
26144
24381
29628
10647
20284
14271
33836
19309
34429
40087
31048
48252
20231
30355
14252
16144
29963
36227
42392
18444
27766
32562
23357
32329
17653
21777
18620
17970
24937
23283
31402
26864
21890
23062
26721
20479
37454
15685
35018
26301
23055
17317
14287
19457
22394
20256
35749
41795
46102
30303
12712
10830
23382
23484
24508
45836
13360
22918
19709
18305
36481
20266
23001
19999
29859
28400
31261
12035
32365
26367
27632
18692
16355
23244
45989
15096
30440
10600
22046
12464
26914
21338
72924
10834
16753
17919
17590
45033
25204
21977
30798
18050
14382
40683
17474
30527
19753
23001
36593
19643
19114
18878
18660
21821
17339
22388
29739
21925
22529
22084
55505
14362
32527
22408
22880
31231
25404
22389
28785
17774
16582
26682
16536
25751
26710
26314
26695
26003
26773
50485
20809
24350
13022
57903
22254
32418
39935
16345
27352
18607
48114
18750
25078
25268
18711
21448
36397
52117
40911
18448
86042
28598
25060
17495
18532
19054
19159
22728
14930
24906
31591
42687
28067
25808
20460
32586
31105
21643
29995
18619
17077
41551
30642
35052
45116
23498
20524
29046
36273
21214
35548
22761
37427
28797
34992
19129
28941
24609
29064
13636
22846
16795
13438
23365
19954
22182
21597
45648
21255
19963
14475
29070
20363
22896
44966
27119
23499
21074
34025
55640
25990
27919
23167
21823
27804
30274
26148
21846
23922
42914
31944
42615
75916
16716
19400
21648
28718
24890
22040
32270
60397
42302
22888
24422
22521
20114
16704
21140
18069
26240
17497
26447
32314
23951
13309
25306
25612
28745
49990
37672
20933
18835
24953
17664
29150
26796
17936
27599
41492
29801
19961
43580
23236
19907
23875
16404
35686
21561
28098
47835
20564
21883
28807
14671
15566
25088
15434
20692
25384
20504
26563
17843
25150
30064
21325
19354
24341
22835
31230
16152
26293
15791
19771
22426
23520
21131
23077
16584
34204
38891
50722
41349
62137
17429
25898
42315
73695
21808
17358
29844
22464
30917
42716
40651
28936
31573
23092
11458
19578
17166
26665
16494
28419
23168
19622
21050
31871
25764
31943
28049
56346
19173
62471
42523
38549
34283
39793
74284
16657
20943
23437
32794
29186
59924
17916
19199
18014
25367
40967
26674
27689
20116
56960
28900
25252
25124
26296
26424
29548
19977
25406
22590
20944
25106
18486
25127
32967
35394
14347
23234
31184
5869
17549
40784
46918
21862
32763
31037
41096
23084
18188
19954
27568
43177
19151
27900
29558
37181
63366
15832
14799
23373
22473
17281
36291
15835
35688
15616
17276
27876
22172
37913
26657
28266
22124
25075
16026
45316
30351
85831
21078
39391
17369
17549
14894
21151
20464
46032
26589
22999
25952
45259
20242
23485
20063
30411
28808
40699
24180
25601
25108
19396
14801
17252
23115
18471
34642
35993
17859
35219
20102
18282
19086
19157
14623
22263
20658
40688
18768
20735
22878
24053
30180
19243
16495
29761
47635
30076
20654
24627
25752
29483
39833
30374
54798
71959
40653
22724
14182
19064
26427
17035
11436
25008
9449
19477
37269
19620
27558
18414
32285
18944
22353
24389
23098
20424
17238
47576
29438
21253
20170
19172
33323
24286
22346
17511
17867
37736
27712
28722
17735
13168
34031
38276
54163
69228
21743
23128
38482
42348
22210
43084
24771
18478
27636
22831
32810
14989
23367
39497
16904
30135
22522
25168
12425
23975
21018
27191
24032
35352
19305
15506
20436
28867
23018
27810
33486
82198
86852
42883
27835
27567
26939
20494
9932
19424
17430
22386
24115
43467
24720
22245
19210
28923
28979
23591
24370
24348
24552
33556
33371
27133
24819
26279
21554
20973
18740
22613
50519
15852
30448
69182
33664
31116
34472
16857
18420
25538
27248
23117
27340
20425
30626
19354
45487
15317
17749
25080
22642
13440
30588
22441
28791
27916
75226
18842
17521
25407
22390
41466
65490
84673
18661
13203
17509
10420
27021
11772
17208
18893
18550
28585
15743
18411
16870
15245
17609
18588
6557
28517
31447
26874
17357
19423
21097
24259
32342
24104
13338
18318
30851
20544
23957
17619
22147
16273
13437
21913
53297
30292
21356
16617
25278
39345
29599
19688
14835
34950
12604
22090
28641
15334
27498
19819
19816
21226
30794
21442
14292
36452
28342
10514
22955
50513
67375
66167
28391
31776
21645
40253
27092
25052
31859
41729
44791
24157
14263
39027
23343
43333
40343
29333
20766
18621
11511
19837
38996
45704
29770
39470
30131
29636
24651
29246
31466
22346
30667
52914
60430
29577
30124
19967
33960
21525
13945
22444
53245
38826
103181
19159
30142
17181
13783
24986
30029
48795
21592
20594
37411
16417
37315
29618
29245
13180
22941
17922
30212
17004
16533
21698
22667
21922
26987
19786
27696
27057
29632
50142
35376
19191
35101
34113
28411
21029
30576
19348
15407
14659
22850
28080
24955
20992
36115
18685
24115
34377
27410
19420
11612
33555
23722
27174
17656
15867
28462
29821
36308
18294
12543
21111
28389
44085
64788
28271
14164
39373
34994
48675
34657
40052
85293
69470
31359
53538
22667
14302
36272
42986
38262
23368
30930
29418
34590
24640
25840
39067
23931
34265
21775
27295
17538
37895
25660
30783
17507
10834
21752
34027
16284
25814
13382
11901
20763
24925
24940
22339
32360
19022
49048
20369
17515
19489
32193
28544
19945
28744
21566
27511
20462
20564
26134
19327
30244
20121
13604
38173
25519
26111
25296
22993
32806
34047
14751
11388
20925
13661
19508
22766
17914
31457
20666
20019
16180
24541
31034
16992
22747
11568
26896
14970
25367
23322
25328
12364
37538
26169
21375
24294
21269
20430
27305
18828
33265
31648
42215
13006
21726
58113
21154
41165
23145
29393
19632
45087
14090
35767
32703
18930
18446
30773
18504
15490
16899
23338
47676
53044
69484
22086
19062
18466
30744
24117
28891
15959
25372
30531
9425
18154
36439
48984
16311
25745
21168
22293
23458
30261
28711
13786
42953
19019
23755
44767
18395
15533
25667
20496
11026
18294
22659
20729
22605
34581
24211
17883
28052
38064
37217
19257
13229
19750
52214
16557
25999
22305
21833
22530
19177
16177
16693
14043
17168
20720
15309
40045
18553
17977
32854
31507
31803
26781
21974
38025
28634
20640
8217
20680
35947
15462
22644
25312
49571
80945
26359
34340
55399
25703
22984
18791
27521
54674
56535
25110
29922
27713
27466
33618
46185
83021
49553
33322
19309
16754
27360
32438
35919
18809
26995
18700
31715
24165
24528
27566
11368
20878
21357
30494
24770
18847
43917
31452
27792
34258
28123
16954
16779
31063
28994
12790
19961
13958
26697
35094
19812
19700
34732
22676
21821
34606
20595
22474
37806
26830
24850
16404
60872
22432
48213
19369
30492
26026
42554
30698
24772
28863
31374
31515
52296
72789
33989
16553
18777
25258
12684
19667
22913
18200
26324
40716
46440
37698
37800
59512
33768
39237
13735
20253
29781
20132
20279
24801
16567
29674
24713
16532
22798
29273
26569
22290
38065
27869
30797
20544
21694
15020
13756
23096
14096
31375
28665
33516
25956
40306
46313
25166
30972
13792
21217
31405
9457
24216
11803
28717
25120
22410
35064
45759
30968
17276
17973
26844
24169
34487
20363
19294
27381
13198
14143
33937
23274
22503
13712
29447
21419
25030
12581
16818
32672
35994
27872
25460
29881
18373
24200
55300
15258
36286
37775
21277
29077
20311
16697
20970
35107
20961
17658
21216
33398
17399
20484
21649
22651
17472
19681
20586
13908
34229
17612
27201
25272
29203
26244
28761
20883
27596
20382
24766
15638
21605
26657
16100
28030
19165
16143
34097
13584
33761
22295
36452
28348
36228
47618
25614
28716
30596
12577
29751
26135
17565
17365
27129
36253
31444
21329
68870
54822
26228
32314
27933
25763
18748
15560
14129
33397
22164
23657
43852
21899
26359
30215
12694
38381
30812
22795
28180
49621
24998
25538
27748
31299
32108
21690
15277
12144
25714
23912
29642
31434
31684
47611
12479
22481
30013
35848
50920
12694
24174
21758
12332
13934
26967
17637
21139
21063
49407
28010
20935
47775
23945
18703
19584
20668
17531
34701
47493
13960
35818
24803
33181
49291
74499
50709
26286
15982
28913
16725
15842
13307
36709
22540
34606
26109
15457
19463
29120
23077
17148
23021
54081
20631
23205
29683
16456
23730
24977
23014
17370
19219
44320
33971
20847
24256
23625
31068
21854
20819
19380
21772
38789
16974
28872
25491
15595
14759
22964
40062
31777
36846
11423
24333
41027
42109
25375
21953
21243
33134
22100
46759
27581
19742
23643
15468
38961
22309
22113
17223
27694
16338
18121
29205
20562
29012
26345
19044
25454
50538
42161
23021
18322
28550
30241
22415
45032
41447
21971
21060
20729
18679
22565
29178
20754
36048
56681
58703
38173
47301
23577
19935
26056
41039
25527
20437
23595
40676
20540
18827
35557
23728
19305
15504
38893
29400
12306
20760
23034
22841
24091
33907
29575
10697
15463
25828
17658
30385
17578
7052
29908
23560
12416
19615
11343
17258
20411
31381
19634
20753
39489
33537
15559
36051
44349
26007
12138
23842
14344
13909
17339
30606
34972
38050
47416
37158
23827
26155
15338
29656
19299
35875
15681
21481
33383
19156
18512
19655
20244
28931
10992
17754
25462
31008
18977
21956
21008
28183
21193
25122
28932
37976
35684
23331
19539
44282
24751
19311
32269
23635
20984
22557
42846
19949
23049
32378
15552
21802
24008
25486
26412
28968
27158
14830
32048
33296
26285
14424
29045
43965
26811
25027
28658
24513
51724
30511
25282
51299
24225
42412
35825
43110
37880
38055
33510
31725
34892
31118
12625
29905
30331
21066
27993
19861
39047
22949
29952
25851
24108
25607
26939
15655
11847
22187
29579
28705
12623
21911
24184
22150
18451
33290
48696
31151
23689
41995
28216
23290
21765
24632
32724
27393
23889
46281
19607
31112
9247
22873
19583
21358
23281
16048
18619
28951
30594
24732
35232
23377
27594
15748
15975
19139
27181
23909
27911
28396
24324
22115
23991
34444
42632
60058
60085
72303
28530
23623
13709
25846
13156
23468
18423
42881
16253
26300
18962
34284
19476
19375
15299
21683
38033
29466
15343
23933
36978
22339
30164
31022
14750
29675
15121
16617
65796
28728
25911
42678
47363
24528
17892
24289
29349
16973
27766
39103
40833
21431
41282
19274
26868
38407
31301
17382
16975
18512
21366
25926
24558
30298
39733
22125
38247
51728
16149
21534
26656
16442
29397
25141
29349
10343
27789
21941
20375
24160
29868
28471
17309
24043
32668
58460
71043
34841
73080
30142
20596
46154
68304
16961
22418
20892
24507
25243
32244
23172
19538
37695
19230
18220
38097
36138
38070
33247
22224
32180
29673
14528
25155
21168
50597
38578
41491
46812
17677
56480
35462
19031
34466
19761
14595
37804
23979
35824
63111
66200
33338
15750
37833
55708
22790
17586
23650
25657
19045
16223
32935
22286
25658
23136
22000
23070
22432
17989
12824
33762
22669
50451
27071
21371
13570
22212
19596
27268
30009
33144
40284
18941
59370
76903
21753
27596
22960
27557
53790
23441
14077
21456
28047
17118
24447
34216
22434
19012
44555
15773
14425
32876
43688
22158
20884
24117
24443
20241
15503
38572
12197
26201
25274
71557
111964
132280
57578
101781
56680
118910
95514
101756
109318
22035
44195
25054
34600
30998
18516
35638
38807
59169
33377
15580
26398
16135
66704
58525
70743
56822
48457
51741
20335
26083
26492
45691
24846
12313
54786
60807
25539
36826
32830
24205
27932
26786
37488
15322
31417
40206
19486
23625
35011
21434
17532
49007
19574
35233
30177
15219
26199
22326
24788
37578
32566
16458
25293
31628
41747
16613
39891
29381
16609
31045
30006
25420
25636
25255
25060
20586
21755
20036
28677
23495
23910
17943
15908
26526
34503
22041
45984
32328
26231
28436
25338
26113
30151
17959
23756
29608
27970
25600
35240
18240
30069
36783
39724
14289
20038
14813
33611
26133
18425
21656
16346
18417
20678
26721
37366
34174
19785
20090
24793
24103
19122
49270
59281
27806
35691
51748
20186
41452
25636
23271
26750
23180
18845
32621
21049
14500
20316
34610
25095
20420
26174
14891
22938
13928
38424
26262
22812
12042
30332
18730
25833
24095
21337
37129
23675
22658
39287
25025
14440
18127
15257
22437
22853
23204
41641
63592
33202
19239
32045
25145
26572
28719
30722
47711
17226
16928
31388
13777
24876
17736
27839
16973
24482
36240
13510
25815
21015
29841
26653
46245
15006
27576
28454
12035
17384
21607
32000
11520
13307
16439
19141
36030
18460
21609
27251
10981
46257
20354
19468
10963
20146
14428
16289
35930
22313
22660
26699
28892
24907
29257
24734
21105
39098
66111
36665
26930
38845
33011
20516
50171
35041
33261
31940
44285
26335
15355
16438
30383
12439
11005
18274
33624
42159
59471
61598
26315
14516
24587
22255
19267
25315
15829
22411
30701
28443
15469
20092
17931
30259
26601
22776
27051
9973
24768
44559
31996
28705
23163
20691
21766
17594
27509
12516
18046
28053
14665
17112
19189
26162
22805
33116
22211
15719
14523
19591
22633
22974
45025
27008
41103
23574
20879
29838
25902
28435
28106
28300
38179
27673
19843
17830
29917
36016
31976
25026
26230
18264
22596
17000
27027
33724
19881
21045
25851
29367
14159
29123
42446
43395
33050
18331
24167
15947
30666
17881
20442
21800
22316
19798
23715
53509
37671
67116
19837
16101
23697
18705
19006
26442
30017
52378
46952
17581
21058
31474
18403
22737
25793
25711
25265
26108
17964
25678
21254
10285
17318
32704
22042
18988
53202
50633
56572
20857
26901
34851
21448
30796
22147
33558
30531
22671
23496
20233
14582
24334
16359
33095
25657
14179
23148
37170
27339
21832
20767
12576
18451
21294
10252
21936
38815
31440
29446
56379
21092
23526
20391
54191
28059
55959
33074
18286
21083
9238
32777
21756
15940
20173
26950
28544
23808
40072
58520
23397
29007
10269
17554
19571
23397
22553
19449
27514
36961
20003
23566
21223
32370
11973
52979
30272
48692
10105
31168
19691
18669
28846
20823
26449
28980
16820
14938
24867
14494
17401
16540
21934
15167
17238
34939
23142
25711
23009
56172
41329
24005
13185
20422
48616
24873
23457
18547
13581
18357
18336
35371
31431
19672
32127
14346
29100
19859
28916
22733
26375
19419
33706
43552
33273
24470
14209
28259
34099
26964
25360
25522
32717
19641
42590
10846
25169
19350
38832
22534
25547
34593
28484
20368
14012
22103
18864
12888
21261
18745
31070
19806
34140
21871
10311
20825
45826
30328
19012
22015
22489
43134
55092
54831
30537
32654
17005
17697
25852
30386
26805
28978
23719
40266
24159
27763
21899
19038
26834
16479
22593
45970
18301
27262
21485
20169
24038
28579
29099
18519
27549
14705
21655
15219
15539
31760
38618
18621
21996
26787
24894
25347
28932
20764
27056
45645
22668
44644
36047
40761
15314
19180
23408
31234
27190
22449
20175
18766
33966
16042
23361
18606
48513
24534
22402
30094
26420
18069
43463
60390
28427
33307
26967
24836
18868
13884
29301
22085
42574
17570
12945
24364
39593
23398
36317
37909
39044
15404
26918
23091
17326
16093
30840
22123
21697
14834
21154
37992
58327
74253
15893
29389
28444
54974
30133
39351
44834
31130
48914
44286
20425
37103
18015
20588
19970
26981
18938
25281
15785
19411
24931
40759
26976
34511
17777
21295
20242
47838
11212
23944
18146
15172
33405
21856
27377
21329
65091
42523
56706
35894
42949
20048
28939
26332
63010
17175
35419
46217
19144
16929
17735
26425
38140
23025
24845
21950
28325
14906
10864
22739
27993
22961
42100
13619
21769
19173
23103
26627
37104
29418
30767
27774
24356
42979
31214
32693
61574
51452
31870
51534
34171
27389
26608
24688
38424
19930
20259
10079
34047
51654
26091
37566
26021
19584
46151
50718
56806
50553
67650
16634
16439
36793
36398
49965
18638
37450
25549
16800
41546
48053
23802
61080
20351
27824
18784
31142
15434
12136
18763
31903
55734
37122
41764
6275
26639
31035
18899
22459
29351
20170
27993
28395
23935
24050
27445
15670
35196
16524
23706
17595
31006
48495
25379
40105
16509
38870
19768
15314
38394
35468
57279
30000
33176
13308
19414
18545
18256
75367
23502
23692
21117
36074
37621
35576
50911
26525
35204
38676
17241
17083
27236
22471
17489
59430
58838
25033
14682
22884
16592
16861
21365
19111
25046
9984
31634
38479
40750
21118
23038
19946
42555
71723
20346
33815
40291
21023
27582
27840
23857
25471
14708
36244
24470
45063
41610
19083
21249
18623
23656
16304
18893
26062
24457
37325
13421
29678
39654
17212
23688
35643
27941
19666
39875
30813
36803
59770
42066
45201
23299
18280
20957
11922
21397
19685
23008
10081
22730
29155
17565
55293
20931
37172
12806
46737
20874
19517
21494
41915
43541
25399
27809
45739
35284
21606
20270
24117
35333
21343
20487
14987
35810
52757
27119
41482
32962
17812
36389
27123
23827
17908
21043
15203
23074
21417
33339
38410
21725
18502
25556
15656
43874
26435
23806
44100
17536
46498
53448
14874
18505
19707
21075
21492
28325
43876
19611
24781
20617
23017
32091
23473
25032
29818
23334
16487
20847
15218
28030
18578
35727
17686
45623
31653
17215
25680
20807
35210
34963
25969
19691
26684
30823
23960
32689
19878
22609
33481
34093
23989
21581
29978
44943
21512
27099
17519
26796
19549
13262
24824
16770
20876
21178
17796
20498
20600
18912
30110
16391
14974
25320
20030
19168
10858
28281
44440
72982
19873
64758
53409
35431
25091
22395
21436
28529
28152
23739
24905
16024
30021
30184
61570
28411
77711
28491
20202
36489
28991
23341
25771
16336
52330
43834
20908
32281
27578
19832
40376
20338
16906
24913
33955
48258
16035
13437
28806
21739
31557
20261
43103
23065
40462
38930
14971
25156
38041
20612
25985
18607
38008
20268
28068
22459
21900
14988
15237
38328
17795
38017
33280
25916
31380
41809
23829
25515
18600
21539
29168
23633
17641
19032
27379
23369
14495
20633
16591
34560
15509
27373
31178
33412
17702
18859
34560
24827
18818
75298
39796
52749
38565
46535
47991
40064
36513
22320
21567
22285
16022
19022
20107
22162
20271
33082
18018
37728
15050
36722
31351
30319
44330
29306
30371
17393
15210
12760
26037
29554
21749
32665
36971
57295
23742
28842
23496
37303
18598
40407
22663
27536
29035
16947
26695
32082
59392
34324
15164
33738
54127
22317
18733
27216
25269
34425
27247
18502
16649
26965
25652
34721
21123
16148
21496
25955
25299
19807
24891
26930
24949
48871
41733
20836
42554
39876
24985
23660
16813
40818
16883
22048
28067
29295
12721
16497
17225
23649
22273
42710
38474
21309
29698
23793
17852
31694
36988
25446
14766
18900
34400
33556
28199
16251
13457
41773
48492
33504
41647
54885
31117
21110
20890
20677
37770
28650
37958
44838
22285
36998
52507
36712
73378
13998
39451
23975
21448
20620
40576
36901
25501
37925
32795
19157
47997
18324
22921
30990
30347
16314
13527
38585
47461
19534
28094
17311
21935
28372
20080
32763
21579
29521
17631
26998
26809
49434
47042
19624
29415
22207
17348
20278
21518
19842
21581
22733
31365
26806
29874
19240
30472
37449
53695
26324
35138
32721
73242
87298
39854
80785
16612
98508
51164
33178
57301
21570
11452
31506
45332
27056
56300
29091
24282
26760
44661
20948
26155
29270
31368
44396
30260
27659
33500
17490
17065
46308
48419
72817
22024
27568
18911
16108
40263
25984
16458
36039
22459
31782
30094
17281
49468
23511
41113
40650
38004
32265
14771
30251
15415
38323
20850
26148
34759
35585
17951
38414
29982
50357
46098
33427
16770
30169
24609
38298
15587
27585
20141
29970
41282
27986
39030
23438
25498
19382
22441
30356
48285
16413
18211
27211
17375
34271
46077
59520
29946
19541
22319
23874
20356
29534
10232
24047
25558
39725
53609
23813
14406
22663
16570
22292
28120
52234
44022
38169
78595
54925
25820
13588
15012
19909
25328
37172
60306
20556
17029
23132
25035
50764
22444
28182
18731
28338
34738
19843
15470
31337
31218
12256
22333
14654
20758
22671
31779
20202
25087
31875
22865
30641
28548
39608
24007
11541
35900
52682
60483
27938
19561
29132
24318
21759
20483
26459
17063
22412
10710
15830
39444
25107
25182
10358
18690
21329
34425
50542
22432
21387
36418
17638
23800
34331
24847
20782
15114
11075
52349
73762
43291
88982
93575
28633
30183
23031
41660
39911
24585
25636
25652
28243
24714
24285
44334
24926
26712
23322
24027
26292
24613
34428
45555
11992
19920
15537
16669
39080
54025
50682
37143
28531
18177
28564
31440
21351
24361
22028
30775
30369
32355
33754
20229
28104
47148
61021
38190
31516
28560
29748
23993
17262
29751
15348
26773
15049
21910
20678
24730
35986
37291
42403
12081
17232
23099
19541
24001
32983
20035
14435
25902
30349
15974
27726
24482
29213
13316
11663
30424
23341
43171
21220
20343
29654
42046
18841
22062
50196
18668
86424
92620
75212
70805
26861
24545
35291
21670
22881
41273
24913
26004
31079
44908
21297
12116
19276
26735
22661
32983
31601
17993
34160
59501
17477
28311
35784
16118
45170
37526
55125
31126
16171
26651
25400
23018
29060
38501
18155
20263
42070
63219
19873
26915
37227
20009
24541
17707
49706
77822
25731
88052
73544
33270
51446
28429
48901
39774
53733
28403
31665
24588
30762
22064
34470
25953
27649
22342
20063
27841
35379
24399
21094
30811
55880
68107
12091
55701
40428
133859
71451
75493
30089
26713
15927
22411
17592
26245
17571
25518
20291
25653
20366
28733
73458
29847
13542
20803
20481
18533
24700
22641
21733
30743
43882
55226
20548
26089
25975
25784
23490
22441
11177
20414
28518
23091
23601
25494
24800
24883
39126
21989
29289
18752
50725
37118
51415
22229
31774
27527
44493
9611
32373
48300
70144
16295
130018
106814
33724
109183
148922
195026
43994
124037
18779
22922
28856
38092
21194
20484
23313
24939
27736
51742
53805
28861
44468
18437
28067
40339
108924
21111
35305
38381
36864
18640
25288
77817
49324
33771
34156
27322
25443
23467
33774
24608
35996
23940
30203
37112
23907
21202
31086
16620
21972
21736
17119
19466
20611
23289
31010
18997
24044
29640
29020
20301
26813
22846
20716
19171
26644
21375
42601
24839
17918
17040
16514
38556
20637
18765
45548
27379
45149
22711
8337
22661
25550
44184
41303
32517
23268
20959
25271
31373
18512
25539
25141
24498
22547
28951
19348
16549
27097
23426
30078
18898
24792
15312
16044
23525
28171
32222
40543
19937
42657
52907
67260
77386
18549
21176
15871
20272
14617
51845
34213
50172
27165
52078
18851
35334
37721
21857
17575
21025
25695
17742
30550
37239
47051
21144
19743
38205
19006
15216
32284
32564
13330
22590
13605
21572
30660
21710
19642
21315
19905
50538
37284
23206
23533
33626
25786
19811
44050
34992
46025
37926
22822
22328
20973
25701
47824
30844
23166
46319
21565
18411
14010
26476
29370
24633
39228
28051
30244
20881
20987
39024
38582
51075
16683
29808
19181
17948
24777
20147
17117
15642
21044
21831
33060
39534
36038
41052
37450
47626
19681
31019
22411
27128
40376
25916
40385
21852
27136
38131
40536
29636
22252
22495
19099
13825
25000
47817
30622
47641
65653
18962
18215
29866
49961
37705
30962
25228
20265
25298
15002
18519
33058
35376
27830
19609
19540
16315
23283
38570
58363
17814
23217
49986
38626
42474
49186
15539
33177
23203
34898
15609
19895
22520
29671
24174
22253
42739
24053
13887
32027
26489
42102
18695
21224
21599
18124
30282
42940
58262
74746
22074
39427
18575
23023
30432
30931
32089
24653
37416
20742
18171
17114
15964
27307
24954
19987
25322
28382
36986
71063
22949
22984
19701
20981
30145
18653
18907
26032
18590
23844
19912
39977
55368
52541
47201
11791
26180
26890
38615
20044
27418
47351
11183
22605
29783
33016
23369
17415
22694
22931
27047
31703
25611
28105
37475
61774
29171
15964
17631
26879
38760
26825
35423
35653
68919
69856
28939
37932
25219
59123
71101
19197
37450
27123
22763
19213
38330
34611
21554
26801
37183
16342
40335
40367
31057
32060
49653
54866
65565
52133
49908
48995
20636
32634
36869
44281
83911
51199
17814
42628
26073
46355
24721
49598
25347
34389
25031
14444
25256
21358
75518
20217
40743
32958
19496
25565
23113
12753
29443
19079
17682
30078
23350
35392
31975
40247
62291
22595
24212
28357
19522
24376
34073
26090
24160
18387
21778
17390
13581
28982
37860
38299
22192
19655
21511
20036
30529
47438
27038
21053
29895
30227
15329
28453
14025
14558
26657
21409
31909
16900
19001
20689
33513
24820
24819
27435
21448
17004
11883
20722
17574
20969
31081
14504
20818
19745
18033
19199
19893
21956
29127
20262
21618
27983
29425
27990
15318
38344
57553
27299
15970
18982
28786
31992
17761
21435
21485
14737
33172
28293
18905
44994
19699
20885
22984
21603
17194
14921
12483
14941
28162
19612
42697
30655
32241
31180
20818
25629
25465
39927
24546
10353
28240
24421
45802
12359
26214
21299
22365
16108
23161
21531
23356
30885
22269
40948
20197
22177
30615
33001
24962
26275
29508
50103
28246
40312
20192
26385
26840
19343
24509
12411
27190
15663
16696
25208
32343
28094
22907
37253
24261
72202
18972
45373
22672
26994
25710
24419
24354
11366
27466
20877
28731
30241
19657
25769
34088
20457
19764
26048
27032
26201
11614
24856
20542
12974
30833
18533
13510
14533
11608
21107
16098
21000
26735
11773
25475
23929
29811
19329
28613
25704
37703
27727
21517
21120
30042
34846
16037
19780
19548
21733
46955
13944
29837
21260
18055
39521
24397
19338
19921
17721
21867
23424
28799
17721
35551
40737
15762
26321
24753
21262
33814
13296
27434
16002
14205
24624
15407
22341
21027
29460
42783
37955
19090
38520
31247
26520
18414
34416
20495
22397
44150
43735
11974
13238
18196
23364
25202
34905
18916
29556
29726
18645
15467
16516
17114
16143
19797
59380
17271
26921
21397
18367
19349
48616
18813
21486
31654
57371
24868
14428
35608
33049
19177
13573
14750
19951
20269
12560
32477
30516
16999
44119
56613
26925
23982
34118
29321
32612
22983
14746
19069
27864
59448
24770
25591
10791
17038
24094
23697
28704
17922
25373
44153
27246
20710
19563
21754
23848
19402
19112
23327
24575
30637
28153
51521
35521
49668
40405
19875
11993
19255
21315
28469
34855
41180
35534
24326
17644
20189
25721
20277
33061
22967
29266
35015
23275
16598
23020
31696
12955
24794
57854
19994
16896
14611
13388
20959
17431
25627
19543
16885
18671
19386
23193
20446
21945
25268
41031
16622
22881
28758
23459
26595
23274
28692
25758
19473
22023
34811
62700
69824
24178
21368
14757
30337
35975
26714
17814
39998
36383
15838
23273
18009
40735
28506
39481
31583
13072
19734
15317
21037
20649
19338
22187
31746
20460
18894
31105
51913
69619
27793
18236
15006
29084
17088
31707
23448
21625
17879
26521
24771
25338
14902
21520
28826
8050
31004
31438
31211
27871
38607
26540
19709
23073
35187
38962
50473
36890
35921
38297
17688
19509
31110
29430
41455
26760
25764
17888
24885
39203
35894
24674
26494
97590
72187
101044
63050
57691
16854
26976
11958
22096
41532
24436
31990
26439
24788
25496
22099
29686
27015
48938
18428
31585
19918
18606
27714
23977
44887
61047
28096
22362
14835
30185
38986
22409
25589
57361
93799
62215
37985
46980
51388
39430
27304
34076
62395
48275
41668
21561
41673
15133
20417
17045
15347
47463
26204
34001
40532
18103
11580
21574
36593
15457
25939
24085
44935
38840
51973
52179
22071
22316
31152
55565
33907
23910
32944
25098
30171
19996
26331
13295
27618
67142
16321
20125
19290
32794
21190
14796
25329
18321
13118
24137
33289
15562
53120
27218
21583
17849
16805
16459
23294
34979
13436
15757
21051
24002
23113
28280
27585
34020
41836
23154
23458
25772
20389
20469
42771
22320
17938
18068
33725
17005
18986
26770
22265
22204
18037
23316
25815
24248
27452
21109
20979
21826
22830
36856
27640
26550
14951
21738
22271
26099
30290
14647
32207
37590
22476
50222
33461
22615
19670
38682
21941
26048
17143
23944
38681
20220
17747
42777
12632
13339
23683
24509
11412
29161
30494
10070
14379
24364
18127
28047
14261
10937
18944
47055
24336
12554
21736
21584
42336
22142
47624
18734
29835
42340
32110
26817
20813
18078
25682
26639
21046
24195
13554
28906
24756
17700
28420
23811
23957
15956
24222
21128
16442
27554
9667
18036
22957
11324
13488
26450
31620
15394
26259
15068
21307
22622
16555
21649
16981
24913
17572
21255
22477
23359
24999
19025
23507
12326
40215
30577
23564
25012
42619
30149
19856
37290
23884
22370
16801
15476
23270
20434
39101
24887
49325
22415
31498
25300
32016
15574
21730
26587
19359
31702
30187
22634
21670
20831
22799
34176
15630
19674
22302
20123
20133
37090
20073
24781
39162
72999
19839
26338
37225
20460
14398
12911
31360
25162
19908
16189
15093
18057
24275
14432
28217
31126
15054
32755
49625
30863
39630
50623
21311
17493
47839
33491
30595
23591
36512
29661
42007
54088
23883
25567
21097
21729
31333
27577
18837
29939
44677
41709
13928
21101
25808
49288
51658
29913
53402
21954
20952
24292
31913
28748
41602
38001
13753
23085
24246
22657
30496
20178
19819
14214
13068
21485
26247
42376
29349
70699
81225
38983
16489
26471
33296
28871
37824
46709
33399
31549
26473
25088
23178
18989
25968
21191
21857
17798
20889
21894
13574
22126
21406
21426
19258
22200
12350
16885
16189
27317
54623
31292
18717
26511
17987
27027
26875
23088
29354
43197
45064
25654
40307
25360
22965
32671
36150
30864
17769
56492
30950
10846
30470
16964
26541
34066
21536
16917
20876
19264
27869
32212
28836
16113
25872
27744
43083
20112
24929
21291
31548
16752
23239
26677
15880
27863
17308
20524
31256
75017
18893
54779
33493
27888
16324
18790
21011
37323
39754
17878
40396
23302
41356
27130
13120
21018
35032
21140
29215
18973
25623
36295
19214
22087
25349
10690
30198
18279
27321
29364
19612
34183
44787
28581
57807
24566
21144
42359
43228
27348
26276
43441
69832
23211
15413
43622
16594
62029
39880
93716
191087
62266
32799
25807
47410
30501
9546
27494
23603
33645
49118
52836
27239
27149
61370
34082
45322
33470
55997
35599
34956
49069
18445
38354
23950
16543
21168
26376
19945
25109
19207
15426
50646
21912
23397
33398
17268
22644
15740
18282
21468
27376
13698
38240
15111
16019
27530
22846
31637
32605
52065
28337
41804
19500
24174
14756
52023
18274
26897
42764
63172
17144
17599
28909
22512
30922
14396
22809
20092
15744
40327
27192
43925
20431
56479
30266
20020
36550
20756
15784
20482
19436
24083
26659
19548
33214
51777
27849
12056
9943
17714
22021
17060
21898
20610
30629
20050
28722
53696
27268
20920
13901
24359
20605
26574
28788
47390
80796
34410
63478
20970
36087
52867
21725
22288
29155
10151
27825
41581
16306
22936
18008
24392
27841
20734
12141
14892
15690
14332
23383
21945
54036
25992
23663
29183
28976
28650
22304
16672
16399
23437
13973
42669
31932
18875
27074
29783
21334
11600
40085
40648
30367
21597
18721
31286
26363
34266
21442
24101
49908
58310
25907
25437
28003
30321
50795
10882
31017
30754
23355
31415
24037
23678
36607
19908
42204
22825
17677
23119
43777
19766
24619
35132
15610
10967
20736
44037
47334
22348
25619
27503
18818
16180
44190
12445
47057
58452
23127
20355
23311
26373
23394
12199
19273
24362
64708
28689
19493
32293
40308
16978
30359
15443
15211
19129
27478
28909
36018
12856
23896
31069
14035
21973
31536
31602
20567
19139
42347
20641
15930
11430
26412
53464
43398
35360
19036
35557
46470
23726
17530
26516
17068
15244
20116
32447
19121
16516
9917
15835
36088
78696
41290
25934
36602
17589
33981
22499
31288
44259
53251
22960
32221
10190
26912
26739
21733
25328
37714
22794
13397
16645
28975
9613
14874
22351
11702
21661
22351
13585
21122
34716
9042
21082
12982
20326
25460
17170
20503
48738
70131
24952
17382
44603
28255
26054
48535
26180
20435
34049
32183
37202
15658
27356
21504
19453
22978
26956
37404
23050
12261
18188
36929
20366
23743
31385
24779
20119
36544
35653
16141
16702
17812
22253
21923
18893
33481
21912
22674
34839
25788
24285
33648
24212
34194
20041
19921
16362
34461
29371
16945
15912
16744
26845
24449
17996
18444
22987
29643
20731
22553
9999
40464
26448
15045
29584
20809
23425
23792
14811
23796
25549
12518
23387
53013
21279
20652
24795
17194
17974
40542
24900
30044
15480
18600
28182
23141
24657
49269
19440
11351
16044
20417
17453
29792
19047
19320
32954
22575
18491
30229
27116
31658
31969
31908
53299
22538
23400
54794
40860
20597
20647
38920
10105
22559
30088
29220
61785
17200
20115
25674
28297
11714
14263
20378
25950
23029
47780
22904
46178
16655
18878
26259
32627
76119
26833
10887
24093
40610
20023
34024
33518
35836
17420
13694
15876
13900
25691
17805
17680
45052
43651
28108
12590
18541
37972
15561
19769
20939
25222
14833
20097
19864
18849
18692
22803
15409
12345
24966
24392
13983
31916
52752
18413
31584
20839
19680
26731
16473
23566
9809
10153
21203
18088
17924
20137
11045
19732
33836
17284
18317
21413
13441
25187
25924
28993
24249
29667
15617
23910
36370
24086
24962
25725
16832
24529
36918
23739
40062
43087
38841
13563
40458
17270
16469
55704
59455
22425
22900
75794
79024
40233
31086
49829
25667
31729
50126
26130
19512
18704
25593
35052
32771
47181
26588
17820
9993
26853
19503
14285
27571
25404
10263
26801
16594
26674
17385
18908
17470
21473
15963
36215
27844
22600
10877
23159
29036
16948
32601
46436
68305
46969
23149
40937
24159
23241
39481
28273
20757
16977
31231
22757
