15190
15190
30879
16421
24032
28632
14049
20721
14846
14069
16512
22104
14070
16487
15420
14291
14797
19939
15554
24770
13417
15508
15908
21651
19464
14080
22401
15074
13986
17856
29318
17167
11962
16093
13544
13791
21491
241980
222322
42577
17195
14085
18002
17998
14029
13266
29065
18801
18465
18846
15230
15069
16259
13538
13926
14108
14058
34912
14973
12955
17386
15298
14154
18593
22660
15161
14498
18121
13977
13450
24242
16719
14901
16927
14818
18711
24923
15620
22853
13604
33993
15212
17033
28939
15609
43494
28588
21139
14689
16543
15397
234237
18046
36461
14678
19763
291179
18254
14463
32074
225669
79502
14890
22573
30901
20994
16604
13083
17236
23470
19283
16560
26428
14487
21184
19041
17453
16053
16403
15222
18279
38488
13689
27434
16670
16129
20307
29421
14908
14825
16377
14494
16244
14244
13993
14337
15310
17923
26683
16531
15648
16225
15983
14140
14719
15837
19439
25096
16096
15217
19036
13629
39979
28744
16695
20910
14039
15798
17446
19519
14720
16000
19360
18199
15380
42920
15870
17603
15559
23008
16234
16216
15791
21751
17923
23138
16220
15666
17939
23235
14101
16239
19052
16286
15994
17431
15477
15888
38021
15030
14061
13458
13906
18504
14604
19354
39630
21524
15974
17237
12932
17399
21710
35101
18778
17959
17621
16937
15145
25230
15045
15704
16871
18257
15679
15826
18116
16719
17229
14518
22352
20256
13489
36694
16928
19079
15593
14648
13002
16067
12903
17548
18111
15085
20694
15134
17029
16800
226558
23131
18596
32351
15835
27608
14129
17590
17788
37513
15892
15568
17516
15777
19962
17922
19963
14681
17182
17973
16551
26947
14153
14674
19223
18124
17193
13055
15157
14320
16227
14312
15157
25470
20373
14346
14369
15065
13833
18680
15915
25063
13920
16736
33165
20093
15818
14710
17408
18084
15193
20080
17464
21869
13592
18223
15429
17516
24063
16674
17311
19534
26730
18892
15656
20141
13950
16221
14276
22715
16774
18504
25180
15043
15048
24928
23960
15414
36228
14658
13928
13974
40210
17327
14774
19656
16752
15782
15942
21457
23499
22840
15624
14094
14203
14265
16138
26340
13930
19096
19991
16541
15763
16465
13806
231792
21245
14294
20925
14853
26127
14277
23837
13978
13964
20811
16816
13923
16556
18216
13244
16629
13934
14117
15604
17278
30599
13826
15328
15136
16531
19568
23824
18696
14867
53956
16542
20011
17364
25419
16924
15548
19247
20535
14761
17973
15886
18466
15202
16675
15858
18287
14683
17149
19962
16889
15601
16449
16972
19922
18301
14715
16036
15953
16743
18437
28715
16983
22216
16261
16669
26727
15681
240110
26394
20890
14410
17643
17700
17236
15486
14718
16572
13590
19636
21515
15323
15769
15569
22649
15294
16513
13570
16563
15248
18617
32354
16483
17376
16338
15446
22569
14815
15443
15798
23058
15690
17152
13223
16874
21046
16401
18301
15794
18225
224111
213126
17352
16197
17262
14410
22524
13805
16927
17199
15747
18648
38368
224114
251253
23844
215021
24108
13757
17549
14751
18810
16532
29161
15114
14549
13671
15805
227288
369939
323495
68833
36088
16542
18856
19196
18950
19463
20813
15917
27642
22697
21330
24572
16424
18671
17993
13697
23419
15460
16020
14882
35691
18089
19501
30216
21994
17142
23256
14470
18665
17610
33304
13413
14538
22594
236491
20407
15656
37158
220813
16085
18143
17215
16932
18168
14960
16413
12295
13606
14687
13790
15553
22301
15776
14091
16801
15928
15094
17434
24471
34463
47177
57355
20632
21388
15368
19978
27436
17746
16761
225904
15443
439382
136525
15716
231353
15619
232606
16303
16811
21569
17242
15886
18597
18364
15145
15094
25954
16579
25543
40496
21254
30155
15779
25467
15206
20198
14408
16871
23327
18994
39232
19897
35041
22378
17939
20320
16634
13832
23059
17557
15484
15310
15572
18354
15352
18929
17998
14851
26138
20962
222125
275064
81778
13430
21744
15401
14965
21776
22560
14741
19194
19789
16401
17195
14651
19116
20046
13902
23900
15412
16731
13267
16929
19907
22040
21892
15818
21017
13324
19921
34452
16088
14909
17199
30478
16131
20596
15906
35790
16766
15621
15718
13632
14999
16810
26650
14818
16947
15927
15134
22434
14725
24441
16007
61967
24197
24028
16926
17601
18340
15466
225022
14030
14610
13933
16076
241047
34955
18839
20159
17578
20349
38351
33324
18413
19959
22363
22621
17900
14443
220498
15859
22516
34607
14679
241722
250032
86746
59374
13352
19787
13944
16939
23927
15880
12456
14469
14760
14648
29880
21815
19592
16479
21715
25287
17486
241270
255798
14143
25076
42147
15822
27913
46013
30176
17073
13541
15683
13949
13280
30805
18779
14274
15516
15298
20714
20561
18024
14651
30925
41138
15491
36748
27919
22101
25175
20022
16143
13012
16439
15558
24911
16778
24564
31446
17986
16197
27509
16129
20956
19909
17262
19024
16094
22196
17089
52261
52089
50072
20089
15183
17606
18322
15657
15891
15196
14278
16291
24241
16740
14241
17574
46710
19657
29575
37921
20141
15619
14447
18960
17455
24922
19146
15793
32903
19687
13882
14657
18002
16735
13570
29352
43624
17815
22321
28033
13725
14505
18442
27479
40723
19159
15448
18832
16958
26747
12781
17308
17052
13259
14300
17849
29322
14652
30649
17750
15273
15578
17933
12871
14955
16459
16654
15214
13919
18153
21903
14028
14308
17251
16907
14614
15155
20849
14904
22309
14412
26834
14256
15410
14019
36649
24860
41065
16821
20282
18072
15470
20752
19495
15611
21956
16717
19605
15726
19108
26824
14519
35605
44397
16343
20834
34577
19802
19791
14135
16106
13903
20370
14251
28073
237419
16667
16570
83367
17017
16086
18296
225133
18174
19087
13717
18351
220341
18068
18554
13904
24559
15231
15140
21406
22152
28428
18677
21846
23132
18296
19960
15055
14746
24085
21391
18278
17653
16143
13627
16090
15205
25462
12975
23799
14894
16141
15418
19046
49788
25482
14040
15348
15138
21906
15694
15863
15273
27095
18885
20851
33534
21427
29001
14974
25862
13915
18636
15629
25698
16041
14549
13997
22421
22666
17302
15510
16335
17634
16653
14410
14479
25039
47909
31446
17699
25096
24012
219967
19331
26220
14530
18414
39810
16547
16357
16707
24074
15444
18380
20691
26394
16129
15732
16138
15697
19062
16036
20911
18460
41322
31151
13899
13915
14425
15815
23223
15190
13600
13411
24476
18882
15710
25334
19205
19807
21083
19324
13388
16588
21395
15003
16348
23940
28541
16569
21313
16010
15138
30806
28622
16729
15406
16141
15403
17461
14232
14899
18291
13797
15911
20156
16638
13808
19075
16771
29540
15950
18656
20264
15052
15050
14726
19348
40884
21268
14456
20576
15235
13769
13430
16092
22617
16978
17852
14670
15573
23544
14333
24956
33413
15138
15988
14852
14644
15313
24959
13950
14131
13174
15871
15624
17968
16944
13548
19066
26128
22561
76070
18244
251466
17463
16003
234698
147873
27454
19547
18953
16980
16229
231329
15942
14859
19802
22016
14566
16210
26361
13661
16709
15184
13921
18068
14150
13444
22940
17676
17019
24469
18398
17015
17758
22739
35652
14373
14496
16823
18175
16699
26803
16257
14699
14579
14387
13469
27751
17623
23217
13600
16152
23414
15116
14089
14667
22350
19787
19723
19523
23392
18638
14963
17621
19163
16333
14195
15435
17014
30330
24222
22678
20438
15371
21504
17906
15822
15502
16430
18093
15296
16215
13838
13872
14545
23418
13415
21857
21576
14398
15515
21563
15782
16561
28989
19926
13570
14200
17528
16678
14006
25985
21876
13838
231217
47692
18048
16162
19506
13961
16337
14082
16897
36809
15142
14484
18916
15508
18668
14929
15852
14678
14064
15664
34704
19235
13673
20650
15684
15664
19227
16974
16669
16695
16781
14872
20126
20428
22144
16387
17478
28189
35204
19698
17997
18139
14068
19886
16014
15498
15923
14993
16295
18960
16793
37437
15512
13704
16915
17264
19842
19707
14927
22344
15033
18012
23596
28283
19507
16901
35072
49536
26848
16158
13258
19391
15180
14075
19512
227311
171909
176237
19094
21113
18081
18149
13792
17122
22098
18762
20025
17330
30029
17505
16282
17001
14107
21834
16334
12786
19757
13084
16073
22792
13027
14497
25594
17071
14770
13639
17604
21083
14267
14152
14126
16194
16880
31841
16823
16710
18314
24806
15884
16466
16105
23144
14271
26784
13681
18511
19967
18340
16237
27291
17336
17696
17183
20943
14709
19090
15776
17449
28947
20806
13816
24990
26734
12676
18243
15201
20774
15315
14444
13460
15493
19912
14373
16836
15608
15377
13117
13929
19039
14889
17714
14399
19896
15005
15567
15278
13552
42698
16892
19581
16772
20038
15112
14244
16419
19394
14078
27157
16357
13969
13776
14039
12629
15655
15212
14606
18139
23442
17833
14144
14418
15621
20928
18962
14435
17114
33482
35393
13464
17001
14846
13716
24869
20233
20161
19986
255144
27369
13983
18060
14192
16796
24871
14875
14022
20882
13730
16003
13041
23074
14583
15405
18642
16463
28654
17322
32871
15249
27350
35686
21381
18308
15472
15480
35515
31443
14058
15164
18921
33571
31733
22122
15134
16303
28749
14749
15503
24660
17655
19829
15752
20426
22645
34993
14276
18048
14443
26710
15958
24549
15895
15702
13986
25257
26575
15701
19054
28880
14020
17952
24939
15758
14886
246310
244111
128301
25660
22837
32787
18649
15854
15759
17830
14390
18764
15925
14221
15067
33188
16000
16910
17950
25115
17918
16506
16748
15129
26650
17601
14958
13269
30637
39870
16282
21237
31600
28191
38469
42187
21044
17728
13878
14899
15802
17966
43808
14109
19879
16587
32690
14680
17226
26036
20647
14476
14700
33835
14048
16223
15205
14345
16248
21859
16520
13303
15248
16400
227456
178969
18725
17222
17134
16970
17108
15990
14457
14527
14009
17100
16668
20682
16271
16811
221080
193082
19879
17662
22514
16247
16114
14241
15828
17609
20029
15684
20368
34652
17557
17916
17382
34043
16705
18593
22686
17226
15845
13568
32364
16471
39239
16112
16376
43799
22881
16372
17014
40768
17011
23913
17518
23631
255566
22601
17190
17168
18982
24517
17050
19135
17222
21570
17114
15786
18389
19552
20443
15846
14640
18082
21947
20975
15401
15891
34109
19188
26407
12650
15426
13569
13522
20067
15785
24921
14825
15933
19358
15585
34714
16606
14592
13940
16356
221479
18840
14553
44406
18228
19016
13522
15304
26637
14644
16364
18445
14464
16735
19340
15571
16751
16251
20939
14098
15087
13683
16770
14866
13210
23649
28496
15170
28250
17769
15960
14028
31663
18161
15436
20602
14621
44697
17779
15614
29475
13829
14516
18349
14280
17395
19780
19962
17268
15851
16103
19757
16848
18162
20682
15521
15312
36722
23179
14173
24084
22502
53613
17558
22801
221141
217994
19368
15621
25561
19552
15587
15615
27958
18052
17927
16085
14051
16469
14330
16120
20417
18306
21831
33732
20477
24568
13769
19393
14064
16347
31662
16650
14968
16155
18032
13604
13723
17043
15726
16639
17890
15344
20580
20004
16099
16066
31685
18181
14021
13494
20099
14934
17268
22517
13386
14079
16451
14484
15210
13876
16086
26839
23674
24315
14095
13112
13969
14019
14864
17513
15439
21674
13034
23539
18196
16626
20088
16579
14581
32593
221101
124313
18408
33409
18668
22783
26540
14347
17961
22783
15815
16126
14008
13732
15739
23065
16741
19785
15764
20641
16136
13669
14147
20606
15903
18402
14769
14850
17365
15755
16153
15605
17856
20372
63890
47362
16675
15441
26165
19008
15152
18718
22005
27614
57264
13662
242804
29078
115665
44999
44513
12928
21340
33123
14554
16180
16451
16467
18294
16003
16041
22554
14867
17663
16832
18710
29010
20156
18419
22928
18345
15193
27932
18132
24581
16600
20258
17449
13398
15002
15083
13213
15570
14263
15590
15822
218689
14401
17182
16283
14701
16362
41451
14482
23774
17915
14797
18964
21540
19931
28231
16169
14536
15984
15363
18418
18558
16074
29285
18592
16833
13819
20694
15136
18485
18457
16349
34554
19973
14782
16085
16319
16936
15352
15685
17508
16376
17091
16046
16026
18195
15193
14881
16465
16566
20409
14775
15948
13777
226433
17516
20911
17068
14575
16478
19011
15706
39625
22056
13966
16015
16802
14822
18904
15741
20906
16345
14241
18257
15295
15123
13758
26654
16644
13938
19163
15857
17785
15201
15534
18730
26141
15684
14606
18349
15748
24390
16433
18539
14882
16772
15007
13780
21947
35928
18828
12095
24468
15436
20526
16414
14104
14641
17176
15040
23172
19627
15476
15448
17819
14656
15276
16577
21761
16991
228494
113230
31204
33909
18550
16060
28634
20085
17869
233105
22097
13969
16280
29242
24533
15251
13613
230587
20413
16165
14240
15929
19036
14934
32373
22863
21698
15150
15304
48036
15817
28496
17107
16090
19315
15927
28664
22228
25331
18142
20278
15753
14565
16489
18797
19329
15331
17748
14609
36229
17163
18088
16077
13537
16737
13313
19001
15770
16512
13921
13276
16525
33711
13952
14632
18457
14642
18715
28140
18319
14157
22280
13565
20122
18512
14357
16104
21010
19798
17426
16927
22084
18575
25481
15810
21175
23146
25994
32099
244530
212087
163074
14044
14442
14040
16845
13828
14497
16905
17433
16920
17649
23693
24123
20549
18824
14631
18876
25222
19113
16286
13107
14149
13343
23489
17731
18591
29987
17134
18895
22596
16325
16451
15642
15134
23098
16040
15044
29698
15999
20648
14422
28425
20748
17834
16350
16370
12401
12979
32519
21302
17517
20675
25563
27876
17839
14861
31004
19631
20486
14603
13414
16825
19011
14612
16002
21474
18177
19019
25561
227469
19730
19414
27093
13696
19256
26996
22173
22229
15441
16167
25888
232690
139759
23905
13203
14149
18912
16924
17593
17391
223354
16422
25429
15842
14125
15278
41521
27993
20141
20074
24121
14853
26789
14683
16804
15806
18564
16049
14957
31845
16033
14416
27450
15861
15325
23852
13417
14060
18480
19789
25350
14448
25356
23073
20332
17932
16478
18730
15610
30675
14492
14477
18505
19570
15920
14489
15684
14109
17441
13635
15363
26864
14638
15638
18826
13374
14845
13623
20415
36818
16071
31667
17720
40868
24743
16098
30976
14829
16597
17893
22437
13714
15502
20494
16665
15470
27323
30438
14226
17225
30472
21085
16280
13851
25251
13861
13697
17685
18137
17072
220372
16108
14673
21798
13822
28150
24481
17386
17113
13535
16759
20784
14022
14562
18176
16057
13230
26175
16217
15017
14000
18555
13479
233799
225116
238922
44215
39483
14242
17372
18848
18423
17813
16267
16835
15306
15416
20421
18764
15258
23535
23088
19259
16349
40215
55260
22283
27800
14535
20465
18280
15231
16273
18696
15527
15661
16575
14443
15457
238847
219910
15678
23388
35403
21664
27142
19322
34288
17525
36146
35991
17057
26569
20352
17688
16298
25407
23878
16345
14530
35905
26804
30090
18281
22495
14886
15128
17858
16353
15003
21290
16023
15350
17237
21083
16251
15451
15594
15563
15212
31539
16993
17203
14690
14664
17859
20040
20467
18851
15471
16544
28404
18734
16736
17713
14790
20858
16124
19176
17269
20241
14796
32593
15213
28194
16800
19743
17851
18583
18198
14795
13086
219266
17105
17721
14829
17523
16987
14438
15221
17469
17486
14218
24783
18386
23451
13992
15713
14927
16897
17827
13924
14469
15511
22376
14596
36289
34786
17517
14055
15244
16058
14670
30022
13803
14775
12421
16223
22682
29734
19944
19250
14581
28908
25278
14528
15999
17374
18879
29642
14423
20205
23504
16667
13405
26086
14212
18065
22509
16960
13337
15382
21520
19377
15530
27498
14447
14362
14962
222406
102147
17199
246826
30148
22731
17098
226879
18716
18196
16882
17837
14270
24816
17085
18506
14613
29919
16107
22192
23738
16057
19975
15530
15963
18056
17203
22496
18430
23039
14000
14263
17627
22589
30963
14583
16617
19127
13775
17108
20743
222161
17812
23211
17088
32618
14640
15218
17038
17896
25671
17257
14991
14913
16326
14862
17379
13477
14349
18345
15397
19345
15727
25743
15089
25270
16282
18225
16388
19586
27108
21485
29307
22180
15357
13613
13585
221145
15841
18649
16873
15380
17895
26992
14875
29222
19826
20151
41909
17982
14959
14731
20196
23189
21736
32444
16091
14987
12914
15609
20462
14545
16220
30824
14764
16884
17180
17629
21024
15152
15202
23409
42018
19415
16370
28999
18347
18198
20418
18619
16663
13709
16294
17337
28362
36633
17915
17691
16565
17077
21134
27110
32417
19678
227570
125631
14717
14507
20477
14875
19186
20096
15499
14619
237306
15116
15057
19890
14347
15513
23243
14118
15864
30832
23150
18869
21075
15358
14657
24804
13089
21208
15470
32800
17526
17330
28829
14418
14518
24041
15280
13801
21082
16726
15481
15364
19346
15933
15018
25154
17404
35278
24175
16104
15558
13466
15536
16336
32852
14904
27627
24155
20777
15499
16663
16652
30987
44941
13752
17577
18428
17278
15145
49358
14069
15453
15856
14309
13730
19836
17858
16431
14712
15889
13098
19203
13027
26955
16880
22441
19821
14728
19761
13764
15433
20888
21564
12534
15880
13935
14969
15769
38169
27419
14488
14740
21286
14508
13128
14655
18814
19798
16854
15916
27377
17878
18257
17281
14172
13616
25444
14649
33229
14586
15871
14846
16848
14785
18181
13952
16899
14973
15549
23451
29392
17237
23059
15986
14692
16651
19708
16198
14229
16331
17344
14507
15599
20289
18223
28931
15273
20063
13711
18654
13991
21186
17159
17253
14592
19070
17069
14995
16800
14259
19996
18804
18172
18980
29954
20191
21152
15957
15931
17401
16652
15617
16101
19753
13451
14513
15874
13880
19093
20436
14806
24130
14696
22891
24717
15944
227104
73751
26530
17701
15078
18571
47991
13939
16251
219859
16562
16580
21293
15916
24040
18083
15032
19215
20357
20132
14418
37025
40260
27312
16046
226590
14138
14377
16418
14227
18725
20871
15146
16165
16684
13730
27034
17452
14739
14865
20986
17838
21331
18042
18048
13085
14607
14544
14413
14996
18100
19026
14080
14256
16751
14543
23851
14692
14933
13402
21043
22475
13299
15557
14776
22409
14154
15132
13976
15775
15657
14319
15947
15858
19972
15596
15557
16114
35393
14884
35920
17925
23939
14168
14301
17284
20549
14972
12733
17699
21925
14318
20142
26510
30472
17062
20724
19494
23725
14597
15216
19064
15425
24679
14810
22107
22688
216746
165674
15037
16384
17645
16125
15851
19496
243036
20424
32031
16801
14681
17834
13015
14457
15877
19041
17962
15937
15014
24922
14250
14301
21078
21979
20389
18545
24926
243520
19946
15960
24256
13852
14158
16394
16710
15487
17767
14911
16386
22630
23214
20933
18256
26427
15084
19018
19227
15444
14515
17125
20331
18625
23958
17497
30620
45793
22306
22561
17163
15943
22276
15463
14142
12765
14596
18629
17043
16397
34126
16772
13471
16077
19441
14430
15958
18983
14018
30870
13181
14631
14204
14028
17680
21273
13743
13694
15532
18200
14689
15416
13923
20065
14885
20209
17504
13778
35296
16826
33797
17706
24988
18761
21392
17717
18973
14640
20157
14941
25173
16384
15169
16003
15417
18311
18495
15940
26717
18559
28180
23672
14181
14119
15917
19856
30649
14823
20829
17796
34983
23441
16516
15069
19322
16514
14140
16963
25940
27221
12856
13974
19402
21736
18555
43868
36507
16674
20028
19948
226382
424457
459477
18141
21606
18006
18325
19000
16689
464006
300392
356237
258458
29813
13404
20920
13820
21651
27300
223760
134386
21889
14031
15128
27716
35575
14842
16651
14700
16110
15420
16393
20412
17131
15579
14525
18134
18889
26652
15743
17785
20325
19436
29294
15456
33354
52464
16009
47277
16047
21799
20021
17371
15289
14118
15012
19798
15494
29890
26652
17794
15761
17449
16669
20736
19537
15802
32935
16054
27620
17750
24738
18264
15886
15538
14875
15899
21520
25764
16114
14951
17559
27898
16991
15694
16024
17265
17945
18557
24657
15585
43644
34154
24785
25531
17481
15468
13438
14494
16020
17914
19421
17988
14862
14724
15308
19821
15324
15951
26063
16957
20444
17409
16018
19654
40917
18802
14761
17013
227062
153343
19756
55527
13051
18254
30309
14442
30949
14615
15325
16710
19977
15657
13958
23240
29441
14585
19067
21215
18224
28988
15200
18120
16698
15145
16182
17274
18853
222229
16603
19185
215349
18673
17853
19375
17782
15886
33657
32871
14748
24731
21191
241451
21245
18622
15494
18251
16148
14295
23836
16877
16684
15361
15789
14941
22094
19427
14517
15618
19556
18833
19192
14487
15753
18925
17758
38958
17936
16223
17165
17037
221180
16135
25863
23475
28935
29479
17607
20700
16741
16689
18874
15184
18244
24561
14711
20171
20314
14343
14721
17771
14300
20026
15471
15052
15428
14640
20164
14690
16353
14419
17122
17699
12967
15786
16122
16628
27623
26196
224255
14987
16178
14820
21922
15901
14701
24407
16237
25052
22424
22364
14465
17586
15704
15831
32785
13240
18518
18424
15798
16126
14766
19751
16333
14882
16786
16462
17538
14365
17433
18721
14864
18147
15952
15459
19122
15715
17487
18877
29663
16327
16587
23368
24618
16893
23111
17581
21181
15758
17901
25431
15849
16348
18395
18931
16286
18074
24721
14123
17699
15496
16215
14897
18387
18049
13952
15657
19932
18475
15729
15667
20403
15482
21028
28389
13698
15569
22780
17662
15551
15956
23435
19590
20441
14793
20158
12881
20449
13565
17611
28336
14652
16806
16374
13336
14288
21630
21185
18596
20104
15715
28172
15463
18305
60246
23866
21653
25158
18000
16032
16019
17455
27185
14423
17482
13608
15110
21188
17844
20552
15187
21508
29649
14818
30923
15779
15499
233963
29377
27832
24511
20391
24639
23262
14541
17582
57335
15467
35417
21704
18340
17353
19425
13419
19460
25387
17799
18250
14506
22104
18743
16781
16037
14311
16190
13854
19932
49059
27707
12761
17978
17653
14168
14732
15173
20586
14328
12982
35533
14948
21393
19765
26520
14142
19853
16198
16777
13613
27829
14808
15252
14385
20290
14885
15866
18467
26280
15893
15934
15994
14764
24756
16758
15712
13006
14719
243535
34821
13621
17982
25021
14223
18425
20696
27706
27374
16497
14463
17520
18016
18911
15143
14545
18313
24782
15986
21003
16557
13143
13346
15348
16250
42348
21547
34462
21402
30313
17363
15319
20902
21675
16677
14144
16806
16780
17193
15885
255109
16715
20989
16789
14286
16204
16710
23629
15577
15786
15118
15127
16279
16347
16134
21282
19034
18511
14152
14976
15518
17915
15187
18251
20538
16466
16847
17854
15139
33146
17437
16382
14152
21981
16903
18152
15811
23441
18972
15823
21685
14751
17473
16849
27939
24491
32487
22281
20875
26480
29443
16529
18344
15853
19859
17602
15319
16739
33390
14825
13695
22838
19929
17062
16815
215719
28390
20461
16442
17161
14773
19304
17604
15353
13912
23676
14168
19076
17075
22243
15752
15855
16067
18892
14756
16531
15135
14709
16826
18491
14501
13521
17720
16597
14281
32129
19724
15874
13206
15655
17642
18092
18266
21691
19321
22936
22463
18599
23835
17044
14909
19187
15240
25628
26291
15955
20185
19158
18666
16028
14596
17725
13679
15069
16758
27391
39650
16928
230110
135824
33082
18866
21896
37109
16201
18489
13047
14584
17684
16567
17493
18924
18958
20673
25707
20356
25878
36745
16011
18298
26691
32035
22823
17072
22788
14019
14767
15684
20898
23300
19082
14163
20197
18834
16501
17971
21651
28105
14424
18287
23245
23541
19281
14967
15473
24065
16374
16063
15076
38607
15180
22483
42956
15048
14784
16706
15064
14389
16356
14567
24794
14065
14554
14460
15325
20199
14975
15109
15603
22757
24524
18857
13654
16397
18067
33952
16496
21712
14832
18559
20754
14289
33913
19237
14033
15625
21862
28981
20213
23236
14652
20232
22154
18159
22805
14407
19515
14679
23053
19349
15997
14210
16433
13512
28637
18066
26874
14891
15565
19160
16420
26163
36425
36093
20334
15038
31789
15578
19349
18708
16691
25817
19470
48579
25438
22234
15474
18591
13180
15062
24510
19301
17362
16515
15163
26794
16468
19231
16634
12954
15558
29965
16758
19966
17041
228744
241141
209210
13880
16096
12363
12979
20496
21239
28106
15006
17084
32038
20014
17718
17904
15569
37749
21733
19992
14071
18111
22326
16141
242094
23835
16294
21595
19562
16050
17435
14503
14612
15567
15858
18321
13907
23040
30802
18802
16352
25452
15268
22818
20103
17130
14671
13626
22260
14076
20250
15685
17865
29013
16838
14857
15459
15638
224195
138849
126616
50142
17358
19073
15965
14205
15576
15953
19083
19224
15901
21006
14608
13445
16482
23777
14267
17556
228658
15333
25978
15268
20055
22433
24643
17479
14705
15283
16691
13571
17505
21000
18090
17258
15950
16120
1033310
822854
666044
16638
21402
22720
19873
12989
13538
13934
15430
21389
21537
35786
29989
35297
14526
21954
12622
14125
16891
16200
15965
21372
43838
16051
24570
14271
20442
15223
14748
27196
14479
16576
24549
17969
15154
15169
14815
16949
13524
18857
14368
18372
17161
24280
42335
214071
14566
14654
15230
16964
16861
16759
20051
21516
19342
18333
16999
19423
216839
20869
16002
14576
25295
16207
26419
33564
17837
20367
13944
27987
16799
21022
40999
18021
17366
19743
14536
16199
17545
17088
15411
18402
16401
22110
49633
19801
15462
33526
16159
219381
195178
217495
206418
16906
26009
20368
16906
16558
17612
13384
18857
19802
19477
14868
49068
21275
28816
19431
14855
13520
17363
226452
180164
129731
29102
79457
23838
14516
16482
18781
17213
21914
20974
17478
16485
14436
18453
17413
13761
14597
20716
23510
21951
30992
30045
20829
21778
17759
21402
19132
18076
13922
18199
15414
17412
37323
18676
32678
14477
16769
23423
14810
16955
14096
24380
19541
18047
14201
17451
29723
14334
14386
21114
18461
16190
18899
13119
15618
17802
14359
17105
22037
19362
15157
23636
16425
19406
17258
14118
28835
27835
13976
14846
15465
14221
15242
20971
16290
23225
15585
18004
29350
37520
20148
21487
15209
15679
38534
26615
16278
14019
20480
34718
13724
16966
21514
16613
30774
16585
12953
13994
14348
16594
24353
14958
19920
13832
27298
15651
15048
21019
13669
13658
16517
24143
18704
29244
17174
23054
14705
21455
17838
20749
15427
14935
15515
14422
18167
15119
20206
14576
17358
20035
17343
28998
17929
15804
18477
16229
24814
14123
26551
18909
15116
41462
28737
21511
15453
17851
13952
16437
16919
18540
18593
14113
19033
17181
14370
27514
15722
15701
15515
16178
16191
18707
17777
26324
13092
25972
17256
19600
14647
14480
20674
15944
24754
13222
18191
16034
14451
15938
13373
14238
14986
17638
16304
20646
20687
42813
38869
23391
14689
21914
14417
15286
14186
20234
15036
23671
18409
24929
17339
15736
19488
14677
17250
17816
16306
18347
21211
19412
43265
16050
14317
14854
14519
19695
14505
16406
24920
14681
14506
14125
19666
27781
19399
19380
25161
24074
20692
24912
18334
17018
17368
16708
48349
13819
15432
16039
17354
17064
17963
44345
20547
13981
15552
15317
16754
17028
16696
19951
21257
30872
20223
14837
19069
22522
229378
14864
20752
15643
20024
15398
14365
21710
36629
22993
28235
17677
23316
34343
38956
31052
23893
16830
20434
49263
17775
14778
21732
20193
14111
13970
18834
21898
16471
17249
22676
36469
14800
15669
16685
16125
19054
19971
228308
81180
25148
15562
25080
12673
13882
23847
18128
19142
14051
13486
14708
19056
29819
29216
16238
18840
25443
15370
19179
16620
23277
22911
14985
13883
16153
31618
16739
31848
28547
15108
16272
15289
17764
17039
18813
14757
15600
22617
23921
13380
15551
14839
21844
23120
14399
16326
17408
15351
22563
21686
19326
25249
26200
13582
14410
14907
20714
14988
14294
18234
17305
23408
23658
13224
20312
23637
27924
15349
33165
22163
22964
22004
21059
18533
17338
17060
13835
21838
22368
15933
25851
22835
31594
16197
19638
31373
15588
16962
14271
24532
16449
17884
20695
17343
34091
17782
24719
29754
20123
28022
14412
18284
19941
16621
17328
22107
13617
17204
13810
21338
16355
14522
17835
14529
18151
18618
25445
18040
14648
17834
15095
15034
16690
16087
14509
16666
12482
17037
14505
16847
21126
19702
19904
19801
24029
19602
15237
14403
31957
28125
15096
23654
13865
16239
18761
17866
19540
20415
14901
24950
23628
21600
16794
21805
15775
19811
24511
16849
17510
18148
15984
59108
17656
16677
38004
16968
20082
28044
14114
19744
15258
20401
20431
16568
19940
15591
14488
18007
26432
18860
19267
16854
17992
16046
15599
17122
16366
17616
13989
16112
19771
15451
19492
18716
15604
13461
15200
46934
13443
14343
18140
14223
30519
14284
16026
63730
15693
17665
19312
14038
14901
16971
13050
14632
22699
24676
17219
13856
17315
15712
13912
27417
19174
14905
20122
14367
14336
28977
18099
15369
19997
15105
21400
18276
17686
14804
17890
15637
14444
44300
17187
29682
13973
14614
16198
14851
26904
16359
22653
15399
16861
15862
223459
143455
61255
13402
15645
16264
20381
37770
13710
15298
22652
33129
14813
14655
16780
17810
14536
14159
14703
20800
20211
18630
21744
14829
20441
15312
18410
14815
16021
29743
17329
15645
13844
14812
16716
19318
27409
14884
27612
20101
25649
15900
18064
228240
19155
350084
260961
237059
20150
25837
22403
18488
21258
27041
222151
246112
21819
16375
16549
16484
14178
22093
217980
15846
16390
231816
190762
120005
124775
18341
20375
15467
15091
48517
18499
14479
16479
16861
16524
21803
14931
17844
20904
16123
23915
15188
13983
14470
14411
21126
13547
21205
21138
13963
14377
20832
224360
17444
24007
20581
16059
23158
18762
23118
13624
18000
21570
16039
14741
16314
13494
18237
13878
17750
16097
18395
26046
16730
17028
19636
12200
16244
15383
21401
14935
18517
16438
15880
17413
17866
21925
16245
36831
18028
16055
15345
18173
25838
62217
42347
33571
15055
226315
16841
227810
14404
17224
24737
14151
227282
15488
14407
16263
14587
16055
17478
15020
25845
23962
16507
13671
15022
18836
26581
20232
14823
28343
36522
17752
25891
14523
14905
25212
20019
19173
15757
20424
16901
14627
15493
21870
223854
135001
14317
17666
13832
23806
14269
14816
28302
14182
15767
19635
16252
21649
16522
16177
14725
16034
15884
15694
20069
16661
15540
17626
14509
19379
22880
21579
18045
15597
17992
15010
22488
18577
14872
20563
28539
16539
15181
16006
20691
15160
14874
18809
39286
33550
13695
14878
18201
18831
20874
19175
20898
15946
17126
31908
15919
18386
19836
15347
18746
17436
20575
15127
15251
15619
13605
14828
18869
21552
19904
13167
14350
14215
24450
16291
15828
14901
19204
17133
21348
16370
20469
17100
16306
18068
15624
15528
17310
20603
14442
18366
18929
18398
14726
19722
23856
18230
21030
15859
20785
41905
26039
41502
25636
17467
24611
39710
24000
27857
26407
34776
29921
235128
16694
21677
19328
12931
17541
30406
22452
16394
25302
246319
17953
15912
17279
25239
14484
19069
12924
22091
13789
222362
235684
16586
23550
16279
14966
17067
18842
18194
14335
16046
24891
26102
18595
22529
14355
16225
23344
17423
21637
14450
14973
13091
25379
17913
14816
20723
15590
16981
18201
17026
16828
24170
15820
13440
16398
14133
17115
14414
13040
15933
13627
13776
15366
17188
14534
19574
24390
31900
56966
20446
19969
16249
14074
14606
25159
15430
19673
36468
25765
31373
23013
21174
39042
22253
16071
13802
13606
23371
36003
13787
13982
13524
20124
13841
22102
16386
19424
16565
24344
17781
15593
16718
19736
17155
14889
16473
42867
13910
14510
18484
16595
22552
15176
16228
24460
48316
17670
22093
16633
20683
13663
15119
22228
22220
15805
33307
19508
17811
14855
17454
16156
21072
23424
13844
18660
17048
17285
224452
16764
22414
258664
16173
19707
16935
18228
13571
18348
229674
15483
14511
14232
34078
19748
26742
20893
29770
17476
20958
222345
16356
15456
18799
14952
17652
23202
28071
13432
17501
15822
25429
18113
14420
15037
14321
19718
15030
17827
18362
31245
19115
13454
16246
19307
18437
14630
19323
27608
25534
14291
15359
29321
18930
17622
34079
50033
61209
20266
16003
17255
15578
14444
13901
26106
14590
24240
13648
30871
20811
14137
26914
14464
47567
35123
15607
24715
16640
21208
13918
27007
18077
13949
51496
56789
18667
23097
26153
13969
13559
14968
15337
14762
15249
15180
17363
21205
16404
18643
16346
24487
17504
39343
34047
17444
15940
17384
18036
25291
26348
14278
19701
23822
18959
28510
29207
14913
27443
17517
18708
15210
17171
17153
27308
23741
38874
31560
17383
16325
16082
14972
17666
15102
21142
14376
14590
22310
20720
17326
23192
17618
26741
16655
17890
14089
17886
15790
12901
13365
23010
18505
32478
23098
14813
16127
49244
21780
16789
18295
31252
16094
1056450
15853
15170
18235
24544
33328
48719
13577
238614
21559
15003
17035
14203
14403
25792
20488
18546
15227
17353
14910
17912
19009
13290
22974
20311
222547
34339
15756
15804
31389
26101
13532
19067
21439
19056
19465
14859
25460
25797
20585
15653
232316
19607
13989
13849
38813
21529
15296
15937
19002
14135
14684
28185
22818
27141
64237
25122
16806
17500
16140
20592
20056
16989
19485
14685
18298
20063
19072
16206
14296
14812
29655
20638
17910
24670
17698
14585
14878
24035
15396
21721
14979
14628
18091
15499
16330
15084
16783
18501
16591
19675
15951
15432
16370
14861
17439
16719
44566
20960
26265
18436
13393
15608
21648
14476
14690
33149
26420
15889
19057
17847
33243
17939
21914
17415
20759
17820
19629
26085
16772
14332
40347
19180
21706
217255
17750
17937
16713
23711
37437
14582
26469
21202
331062
264523
273427
24039
16832
15629
19757
18168
1022594
224679
21694
15271
17570
18421
26815
15763
35489
16455
14239
21857
19998
17154
27968
15050
15397
21432
13534
23993
15488
21584
18432
18021
16162
19542
26961
20153
18239
17935
28821
15276
17263
18042
16755
15533
14542
14776
15469
16332
15205
24057
20372
14258
21243
29909
24350
16212
13524
13835
14807
30102
15392
15227
17505
16697
14494
13818
18318
16907
20857
16742
19725
20766
14703
21029
15597
19327
14324
16961
18101
18419
33538
20765
29459
13626
13811
14876
19121
14602
15112
21882
16711
17548
19775
34250
16768
21288
15326
22127
16651
24780
24815
16219
21128
14923
16423
21452
24737
13779
18410
36445
19902
16775
17748
22620
20016
16875
17593
17338
18306
24733
14761
20245
79144
28237
24577
18742
14439
18614
16318
14717
14306
23296
25854
13296
20587
13308
13833
14349
25143
12867
17936
234830
220012
219903
23771
25384
12829
15346
14646
24422
34085
30443
17461
20077
18936
247710
15623
17672
29925
229419
15117
26165
43178
15745
16932
15238
18120
21756
24496
24761
13362
19219
17928
20063
16541
17012
16981
17841
225338
18209
16829
21659
13885
23869
14943
14618
17067
15132
16442
32457
17269
17654
15916
15829
15423
439903
464194
485572
293993
17850
14462
16542
15003
23294
17917
19891
27783
20075
30569
59882
22468
13713
16564
17420
18389
32998
25972
22886
20415
27964
13925
13436
19717
14876
17397
17889
20758
14216
14232
15879
13762
14930
14479
16914
20043
16849
19517
19849
18044
39356
22230
45749
27098
26636
18405
28902
15888
19069
16310
17843
17156
16301
15565
22152
24767
39332
15565
21335
15146
28604
14739
16913
13732
14612
15890
22087
13437
18751
17230
20942
23288
25093
16777
17770
14362
14783
17145
14254
26883
19634
18323
17075
15645
24602
18550
26902
20772
20593
15671
16197
16599
24584
15763
15396
17203
17889
17268
16171
22668
133312
282327
20224
14664
44055
18936
16650
15161
21639
231135
153336
98489
225317
13733
39866
13413
15695
15362
15181
14241
13138
17844
17287
18691
17378
18444
16840
21694
14457
16205
23577
16767
26700
14062
14976
28733
21870
14303
24467
16133
14176
17644
17809
16970
14539
15064
14040
17630
18579
16204
18244
17895
21342
25569
23048
18327
13972
25057
18429
223799
15562
24198
22275
17109
13578
15509
14533
13393
17262
17845
18358
17565
25365
19687
14679
21420
13650
14431
13701
13984
16108
15202
31045
13472
33788
36548
14705
27276
14935
16557
13679
18833
30245
16832
17838
14012
13227
15951
15435
14220
17188
15234
31319
16038
21026
22806
15819
15241
29296
15419
16941
13788
15335
20909
23401
14071
17805
14299
15527
17674
17262
15020
17344
26012
24885
18271
15297
14966
18036
14271
23048
15050
16652
14164
12527
16400
15501
13570
17979
32359
47995
28262
16432
17328
17309
14942
30067
13312
17568
15753
21529
14356
18880
13511
30086
16723
30683
18266
14094
14760
19319
17883
13832
16115
24687
17918
18402
17242
21487
229854
17859
15288
19617
17038
16151
16184
17057
35010
24208
17624
17544
236673
223574
68142
14827
17596
14576
31180
13952
18872
21784
14625
17537
28800
24556
15397
16271
21059
20043
17684
33479
16243
13958
15863
15245
14724
14865
14200
22266
18949
15633
21105
16400
13531
15962
13344
16152
30085
38268
16477
14498
13231
25900
15341
29790
47917
15599
15438
22887
16893
15014
18967
18650
17813
19027
14973
16188
14635
19257
18400
18539
18529
19978
20131
14924
14489
224903
108842
20282
31311
26759
18678
13084
22869
29876
16735
29704
16821
20783
15991
14136
15676
28845
14310
14566
21200
16572
17438
18584
17955
43831
14379
37784
18552
18702
14721
14438
16665
52433
19116
15992
19566
15376
19358
16573
16172
15314
15451
21511
17638
16987
16108
19147
19987
14556
15193
14379
21377
14935
18999
16900
26910
17366
14209
25843
16159
13616
14608
14868
14946
19687
14670
14376
15031
14862
25439
39119
36830
39696
39476
15326
13964
16175
13521
16844
19455
18881
14332
17550
23511
13620
15528
17381
15759
16318
17057
23834
15920
21983
18641
31458
16305
22459
17723
17939
15004
16603
12663
21989
27789
17597
13882
18790
16060
14630
12684
18697
16362
21068
17595
14490
27510
15792
16255
13749
19733
21433
15220
31264
16817
16720
26136
14141
16301
18632
23392
16878
16440
22578
43104
13338
30694
13094
16081
18452
20518
19482
15903
14861
18973
16463
16570
20602
16320
14634
25442
15216
15325
21024
14944
14673
20928
39851
14016
16554
43404
14395
30371
18535
20086
34369
16668
16248
17402
15183
20237
14689
14317
17524
18552
35081
16747
27393
21248
18562
24655
23123
13940
15247
13310
17771
16365
41654
20464
13517
18607
16381
16191
26016
16462
17919
17969
13928
15105
20658
18317
16082
23167
14116
14323
16117
17530
21584
23513
19452
20605
26163
22375
15717
22168
18593
16653
21887
16633
17523
23512
15665
20033
19368
17756
22252
15152
15334
13285
18470
28617
15439
15882
20588
16943
