18542
42076
43163
21358
40105
24040
16586
15531
18573
25955
225512
15808
15176
16081
18659
39889
59389
17410
16410
18328
16763
20865
12900
14718
14977
17545
24329
25206
15921
17140
24940
24387
15250
17989
23846
23589
14239
14407
18187
27776
15892
14405
13804
33568
28386
14501
14171
26600
14340
15649
14438
24532
39104
55112
15151
17892
17664
16517
18202
17779
17364
20842
20034
21313
28612
18582
15624
35375
14247
14496
15098
21961
18067
15444
20097
16965
16950
16327
15552
19692
16815
14115
28392
14305
17238
24305
18620
13558
16755
15053
15618
19747
15778
15705
17271
15340
23365
14635
16049
15379
15494
16083
18207
22483
14893
21351
19970
19903
14406
31089
16521
15395
18244
13684
19565
28391
22687
15023
15189
17607
18681
40645
18365
33558
17405
15576
14898
16121
233543
14167
16654
14941
17258
16420
14155
25750
24485
19474
20730
17053
13535
16909
29730
17903
15184
258522
15075
15836
15656
18273
20279
15414
24309
18996
26186
17294
15192
16398
16717
14034
16046
14620
17077
14589
25732
15938
15486
31432
15347
22956
16168
19916
21693
32915
14164
16958
22889
36002
17875
17935
17771
17133
16529
15285
13806
13200
16300
16452
16663
18750
16768
16196
15337
17314
14340
19294
17540
16331
15271
18269
16254
28419
15771
15433
23021
13960
15275
16245
29950
14670
22664
16642
18727
16110
16038
12882
15854
14743
25372
29094
14254
21417
29921
15831
16362
14955
17463
18294
14625
17364
22038
16669
17371
34812
18729
24766
35199
17003
22657
19857
14566
17920
14587
22195
19325
15327
14170
15155
14673
24346
13625
17399
18346
25652
25118
16781
18992
20440
19164
22519
14131
14514
38412
43093
26692
17061
20641
31698
17364
16486
15490
14172
15858
18629
21160
25783
25387
13818
14217
12145
12154
18421
15001
15929
16829
17802
14446
17084
21205
26108
15159
17279
14052
15914
14115
21645
19879
31158
14912
16672
32294
49790
31385
17867
17274
14001
12885
22241
13715
18150
18457
15786
19177
21310
15333
29163
30829
16665
33822
17054
15002
14231
30199
20240
14432
30547
24904
15900
23807
14828
38375
23411
18733
18268
15287
14820
16599
14053
17807
20736
13488
21558
13603
13731
23445
17549
15741
15804
14456
22298
23520
28996
14391
13452
24836
16302
15103
14617
15999
15494
26007
15119
13825
16899
31176
15731
15068
21651
15822
15905
17077
15612
14818
16166
16454
19435
13088
16490
14694
14647
17255
17295
29769
46335
29861
25079
22622
31968
16208
17751
29491
42662
64252
17627
15620
28513
12947
14937
15970
26141
13712
18938
20534
13765
16386
14782
15235
17196
14310
26350
14439
26630
16730
18030
13752
18697
23952
28118
21248
22348
30593
17144
32052
15437
17973
13171
14144
20181
15200
14679
17778
14045
15019
16927
25597
41727
16978
15375
22195
14299
18502
17415
23764
21114
24392
16923
23374
15866
18186
14260
24043
15543
19169
17253
18959
16748
20389
20924
16620
15547
16885
12540
21499
14654
13734
18599
16367
17953
30999
18928
16882
15468
15439
15008
27942
43446
15337
16541
31749
17946
22157
13517
24364
21054
15922
13412
14376
20154
22392
16393
14862
19038
18510
35085
17562
26003
14377
13386
14353
19496
12766
22059
19426
20661
28605
16126
16550
14107
21321
44843
38674
18882
17302
24099
14763
17045
15859
15414
19048
13784
13289
17089
43330
13912
12782
17251
14172
15641
14321
19232
15088
14778
28932
39927
15126
15291
14773
23419
15144
14962
16451
32373
17159
16412
23694
16342
31189
13929
17590
18043
34842
25649
16436
16536
14856
18590
35742
18160
15100
25322
19537
21347
21996
17335
27153
18640
19234
17408
15903
17304
22473
15814
16858
15141
14719
17265
36522
47169
18296
24263
16987
20098
17228
19017
13808
16936
15527
14824
38931
13985
22439
13376
32337
24927
20283
15885
26811
34885
20120
26534
16720
18654
19617
16769
15364
17674
15657
47287
47438
39365
17654
16390
21002
25512
20294
17503
23787
34607
26090
23214
29150
20547
21433
20939
18458
14718
15288
25112
17596
16511
16027
37347
16297
34097
15565
15373
16377
24253
22859
14119
15842
17218
15181
18215
16372
18864
33808
14314
20773
16304
17633
30548
34079
24494
17755
17707
15552
15692
23553
18410
15130
19163
23747
20920
13057
23654
18052
16344
16061
13249
21361
22636
18346
16271
18364
17183
18815
25565
18875
15166
17371
49654
20030
23350
14080
17804
18785
18362
14611
13878
16568
19715
16244
12969
14275
14325
14604
14981
15713
15798
17627
13576
13243
22574
14741
26210
14744
15378
15984
21798
19631
24876
19289
17483
15578
21674
33976
17365
20745
19670
24774
22112
39062
20137
20568
16663
24169
14642
18475
32928
17807
14667
15526
17087
35963
19960
15083
16060
19652
14643
28767
34183
30995
16961
16811
13640
15639
14054
17013
14677
13965
28162
16686
18504
22141
17078
14573
16341
19538
16999
13360
21380
16372
20623
15027
20007
17917
14285
26027
14114
15787
14934
17608
14292
22050
20408
15989
15204
20727
14194
22650
15351
15163
17233
18176
16863
30277
22668
18139
31466
30598
15785
15498
18963
17833
33927
34422
33613
31878
23836
20421
17845
36841
25344
22834
13945
15249
25674
26616
16027
13953
14535
14526
28962
17504
17055
12545
15767
18630
15769
24660
15058
19326
14855
13386
20675
16862
15071
14043
26361
14136
18686
19571
30633
18782
22070
15461
15532
17497
31807
13971
15025
19490
22572
21130
14630
14386
14073
25831
17236
20289
18631
13557
14676
21283
18577
18849
29218
16229
17661
21604
13301
14323
24544
18104
15577
18300
19064
12746
13217
21288
18571
31491
15858
18167
17678
14229
20615
17086
28240
47583
15806
13875
24101
24677
13922
17590
20572
24951
18909
16024
24386
32695
24889
34889
14493
20221
27028
27507
20631
13912
17444
17373
13430
19652
14191
30746
13851
16553
17477
15175
23363
20798
19936
15800
19621
19211
19264
18482
37325
27649
31491
17737
16313
26167
19694
14222
22083
15177
28578
16559
27702
18052
20503
15404
15843
20274
15932
28232
14987
16840
24017
13238
13097
15363
20184
17223
36498
32737
22423
15416
14715
13497
15462
40812
42022
14054
17873
17202
13615
14971
23054
32823
18881
25693
14973
18588
24768
16364
16368
12885
25699
19535
27181
21664
19703
15413
17212
15572
42554
20133
19184
14336
35832
43447
22999
42731
36751
33223
14774
16147
22589
15877
17573
14507
40787
23040
20469
14879
19218
16701
19863
37371
13934
19673
13725
33966
22166
14591
20446
18175
13383
16700
16146
22595
18051
25534
25557
16390
16556
15011
35211
16279
17697
14295
16833
19322
14640
15035
15071
16846
17094
17273
45087
15224
18882
19064
21588
13197
25755
16806
17481
16877
16036
50502
66890
15098
14349
14253
18703
18996
23499
42449
22070
16713
16948
16050
17868
22452
16785
23536
15028
15114
25010
15687
22267
19058
19232
16590
16161
19725
16308
15296
26718
25916
20987
18369
15428
18372
14840
21349
18578
21445
17142
15096
15414
18833
43962
24886
15376
20987
24608
14398
18100
17171
19534
20579
13761
15356
25669
19462
15149
19146
16400
17082
29931
17817
16593
17203
19614
22148
19611
17812
15414
25578
24934
15265
15014
17374
19239
16662
13872
35972
25144
19381
16498
16961
18050
20158
24515
38179
19447
18992
16479
22997
19564
22874
17769
18278
14931
24123
19595
30826
17372
14952
28374
22822
30174
19033
19047
19727
15824
15781
59399
16287
15999
14930
19874
14195
14587
24045
46936
14991
17573
38974
21605
13323
18509
36335
18012
16595
18074
17485
16045
25796
13681
16471
32035
24782
15051
19522
17771
13634
14185
18749
25210
20957
13206
16392
30129
17821
14555
24284
29092
16798
25491
14918
16658
21930
18568
17190
28545
21591
15939
15570
18965
27130
26043
15184
14112
20937
18696
19220
30706
15193
24253
37729
17172
16259
14029
14518
17292
19332
15540
14298
24870
14985
20236
19988
21319
14463
18588
16769
21881
13712
30809
23963
13725
14271
22083
15455
15428
20657
16929
14882
16407
20674
21169
17709
12086
22525
14867
21292
16039
17544
14080
22597
16615
19678
20426
16028
28172
15012
18328
18453
16340
26095
40042
43136
17719
19864
25282
28407
18653
14483
27360
24481
17248
16587
20160
17650
13910
14113
15855
18857
17173
15524
18672
18628
14916
22843
16995
19666
22470
14704
26972
13988
15137
16589
32020
15323
15744
17426
20764
15013
27604
27975
15759
12974
16446
17697
24163
16858
17435
18844
19665
16316
20928
16674
24373
14669
14497
21917
28671
32765
21588
15907
35073
16589
14017
20365
16017
13911
22210
14502
15525
20364
15776
14844
35357
43904
20904
17736
19757
14167
14878
18151
16079
20126
17281
15758
16133
27758
14230
16296
26586
20990
16090
16423
19790
13757
24635
34521
16222
14323
17288
16379
15883
14635
14897
29245
13713
15648
14147
16076
20129
23018
22658
17798
15310
28467
30163
27870
20762
14771
18252
29241
21436
23265
20631
13974
16034
17643
13139
17400
23220
16090
14946
28359
15353
18024
15784
15330
16543
16640
14414
15905
19008
17012
16529
16556
23474
37106
21955
35829
37117
23633
17052
28068
47702
14393
15518
22533
14195
24407
13326
18690
14260
20917
25809
30534
22256
13595
15882
18772
14204
16284
15443
15768
27482
17232
17633
21456
15524
13481
15962
15184
44093
14467
19195
15280
14003
28179
14973
15898
17731
13454
14190
17209
16735
21122
16925
14401
14044
24141
16410
27999
18748
14613
24561
15645
14468
14556
21729
16081
15873
17532
19771
22407
22385
30195
17425
19450
15162
15992
13805
14272
17964
17043
23045
28306
17145
44740
14822
26207
14983
14544
14311
28192
23437
23828
14595
24809
17639
19766
14937
14331
16362
30774
32015
14145
14133
15242
21026
18167
19713
19799
24621
16043
20475
17239
23050
16716
17015
17352
20815
34567
16922
15155
13944
19964
18481
17081
13503
17699
19334
14209
18996
14672
15017
15281
27575
19288
12901
31300
23060
19822
13182
33109
48194
13547
12145
28221
13553
20800
20611
13815
16616
26107
23440
13255
17751
15924
16521
12892
16628
19258
18827
18074
17364
19461
15942
17005
26146
24277
22276
16095
15794
21325
34595
17057
17473
17571
17467
12743
14929
16059
15500
15235
19450
18960
16838
34221
51770
18053
16949
18959
19445
42536
13917
14826
17049
18148
22914
19173
13304
16624
18112
31838
15286
19888
20601
26720
15517
24441
18526
16562
16380
16500
31629
24775
16473
14784
15008
18341
24148
16228
14663
14998
14952
17729
17964
29223
18923
19306
15216
12852
17955
21708
26438
17866
14766
17685
20723
22919
18536
23735
14953
13021
20017
24456
19528
55434
16265
23242
13866
26287
32066
16927
29803
23868
14732
16552
20369
14840
20132
18488
22584
20064
24101
18225
14580
14513
16535
19789
14446
15159
19359
22928
18500
18732
13161
13997
14422
25176
31700
20312
18915
13804
16082
14459
15660
14315
18412
14392
25727
23946
22063
35118
14890
15603
14562
15662
16133
16068
18597
21781
16979
17467
15616
19245
13366
30000
20662
12812
18639
20887
40937
16968
30019
20979
27407
22918
17158
20286
16273
18217
14985
17302
14658
15079
13447
15353
16675
13602
15102
14168
16603
14542
30189
44159
31660
36364
18904
15945
18032
20417
33629
16068
15706
27988
19883
14747
29072
38937
28932
16896
18124
14628
19306
15197
30125
20119
14398
17686
19037
21820
15327
25990
17271
14645
14285
16324
31351
33231
15793
27534
19468
20762
31499
23275
29175
16523
20281
14311
22680
15169
14065
28209
38430
25897
18188
20651
21992
31075
22064
22018
22228
14710
18390
15087
36643
15376
17186
17717
17508
22071
21723
29027
13809
22632
15843
20167
26014
24205
20426
15652
18822
19353
23557
19041
44746
18370
18512
19039
20431
33803
22730
19389
17576
23656
24289
38805
36446
12902
17801
50739
13634
23557
16099
16559
21821
30433
15115
14626
15973
26037
19882
13120
15005
27270
21016
20362
15463
15004
20814
15500
17620
27151
30759
16871
17250
16358
29537
21147
18147
23208
17978
16315
14596
31198
19488
12655
20424
19606
26816
14075
32515
18709
17004
35588
15827
19618
18654
22644
18659
17571
31556
20746
15689
14787
13663
19266
27005
30596
33058
14839
27355
21456
15153
15428
14745
14393
20992
13458
12893
13103
16202
21644
14012
14323
16873
22235
22212
15424
17512
16195
28700
18747
20717
22455
36765
21026
14068
21139
19371
15726
13566
19779
19308
14351
16145
17070
19759
15829
16465
15967
27814
21620
15006
13829
14124
16410
13317
15636
17211
15080
14695
17857
21009
34929
34419
21681
18658
16749
15026
16966
80358
18925
19357
28194
19763
20247
15997
21716
13962
20471
23337
16931
31573
37198
33652
21577
21696
16315
17931
17752
16309
15326
14898
18417
19827
14352
23697
16610
16299
18832
15075
45147
14545
15736
17035
20059
19299
22274
27691
37684
16795
25003
13843
15446
52652
20753
17684
19799
16466
14378
21689
14211
14008
16361
30569
16711
13335
35020
60217
15621
18444
19869
14932
25000
20849
15622
21940
14619
14520
30512
13457
17133
15525
25660
16225
15016
14270
21508
16114
18669
16883
34631
18787
14288
28041
19451
18237
28667
39991
17711
15206
17255
21126
16440
28722
19226
16842
17260
15655
20841
37341
46518
14244
28008
18746
46749
17040
20362
15437
16520
29645
14632
23692
16383
17148
15883
15884
20307
18743
14968
14902
12977
15165
41856
20301
17065
37216
24934
17337
14676
17645
24341
17355
15802
18918
25712
32898
40736
17659
18800
16467
19346
16999
20283
16225
15309
13679
18531
16894
14653
14335
17470
29404
19616
16071
14367
20779
14096
18106
24717
14933
15679
70353
17158
20399
30249
30287
18787
27011
15528
17299
13578
25861
30423
32072
15552
19891
33345
16987
18781
16903
21582
15657
15489
45616
17082
14644
26612
19682
13175
18488
19186
14172
21688
23595
17195
13910
15622
13626
14404
21790
22085
15594
21726
15203
34855
23473
14445
30327
14273
17343
16033
53495
16185
20131
57791
17623
42919
16188
20544
17717
25835
17299
15968
21387
20242
23616
21472
29225
15134
19171
20181
15486
18893
14716
18675
18085
25934
28693
13390
15207
13735
19055
16336
14168
13132
16441
16617
14955
23788
20684
21928
19279
14741
15639
19952
24982
27712
20485
14099
22844
15266
17250
14324
26424
15379
16578
23167
21664
16819
25986
29552
14285
28101
14122
25958
22042
21200
22730
39886
34437
23541
15388
15460
14130
14837
31460
15521
17621
14132
14635
19022
16323
15359
20859
26187
23003
14310
17173
17079
17197
20199
37959
16046
20637
17708
20154
16724
14483
13821
16429
19556
18097
16208
15099
14094
26403
15742
16735
14164
26085
13955
15589
18014
16965
18272
17508
14161
15212
31914
13458
17532
16701
29556
13268
20555
20317
31102
15237
21097
14132
19846
30265
14971
17782
18198
23125
19367
25365
18739
17720
16270
15200
23783
24163
15171
24830
13667
18545
19762
29486
15014
17258
16647
18149
15207
20081
16592
15767
14601
17487
15388
16196
15123
17745
17370
16721
20236
13960
26449
35886
17698
16609
19199
18775
12912
14488
18562
19907
19318
15910
15879
15479
16134
21230
34912
14375
14652
17431
14996
16640
18243
14967
21572
21298
14861
16637
15179
16878
17257
14713
16681
29581
15203
14550
15743
15529
29198
17437
18972
35437
19403
14824
18815
14528
16341
13552
14199
24835
21719
20501
54426
24117
17610
29541
18785
16414
19821
27273
66327
43235
23478
44258
60579
22158
16098
13412
18085
20871
27614
25683
25580
15752
13126
16942
16934
16939
14436
15129
15883
25425
14253
17179
13916
22121
26527
16748
43066
40218
38503
23277
18831
18762
16494
37256
20234
25768
16157
16072
16669
23788
18887
16425
43756
57643
16593
40144
18074
12789
26760
14606
16970
17091
21046
18108
13370
14450
28786
19113
14065
18758
14890
46070
14489
19827
17931
39879
15448
33179
13854
17558
15593
14062
19251
15787
26038
38447
28938
43408
33657
29237
17184
15464
22990
19755
15964
14965
16446
22850
18896
39412
21701
16642
19044
28632
14430
14313
17228
13767
22024
15059
16616
20043
16687
15200
17454
17424
14572
15635
25459
35142
25036
14348
28740
15489
13487
23878
20272
14231
14890
14134
14736
13538
26057
21219
21486
13083
14882
18269
16307
17011
17106
17467
19447
14955
18056
17163
14312
14702
25406
14066
13140
14844
20151
14987
15810
20887
13538
16810
41961
32930
16650
12804
18115
17878
18455
35482
27519
15891
18106
23072
21941
15167
12717
24368
14658
14511
15688
32140
13574
15042
18569
19705
14134
30310
28367
15350
20248
14258
14631
14300
14130
13369
14692
13430
15150
19215
15878
16341
16040
14351
14556
14168
14042
14945
18644
20335
14516
19682
20354
21140
16215
21993
15177
17829
16213
20259
32005
26074
14936
17714
16329
17859
21170
57343
15487
16654
17661
15602
22189
21195
20729
42626
18939
24004
25574
21073
16606
15468
15546
21278
17971
16482
39916
17821
14370
31179
19030
14390
15372
15718
14596
13974
19763
17336
15329
16145
31690
23718
21354
15160
22479
23048
14981
15969
22649
17039
14963
35208
14789
15432
16836
24353
14620
18908
21284
16026
26489
17883
26159
20489
16393
20013
17823
26843
38250
14641
16059
25329
22710
13870
27878
19663
17255
34312
14694
26419
38400
20749
14128
15550
14815
37273
16586
31496
17925
23295
15249
22637
13933
20074
16067
14673
36999
17661
29648
22914
25134
13771
14766
19052
18987
31274
13948
14140
15755
24490
15102
15726
14414
19115
17888
16442
14864
15989
29522
42642
16755
28709
13389
18829
38941
19895
15089
16398
26417
14192
21534
14454
17881
15482
29890
23150
18842
34147
18273
14390
17548
21919
21895
14515
18283
17203
14065
14262
16668
17037
18761
20752
16598
19849
16133
44228
15966
18457
17262
33591
16473
14749
14798
24021
14354
21325
23242
33529
15847
13668
16694
25328
18610
19721
17046
27138
27382
24885
28623
19610
20181
14663
14752
15718
15527
20944
20773
16894
16650
19233
25222
18201
22495
12856
38583
49574
17192
13387
16125
15067
13308
20628
17298
43913
14015
16693
18965
13359
34153
27087
14928
19596
15022
16119
16662
16801
20827
15029
16206
31460
32205
27187
19664
19119
30890
14678
39720
33514
22103
13824
14370
21179
39380
29179
27364
16813
27797
24826
25995
18535
35297
18630
26231
27177
26281
29444
18020
22443
17298
38405
13718
15312
15793
21423
21666
17669
25029
18019
13961
13538
38951
16525
26550
14566
19507
26887
19122
14440
20310
18405
19293
15003
16358
13489
24105
17513
28006
19941
22844
17390
23520
29630
19584
25014
22539
23696
16096
16964
14770
16481
18128
29056
22875
18545
15802
19374
27429
18951
17094
19173
16192
15075
15164
13963
13267
14690
16135
15624
18732
18989
18263
47774
15853
21193
14970
19771
14661
15782
25886
24452
16025
20413
15716
16485
22133
24821
14782
20283
16464
26438
49869
38814
23316
16128
22141
20339
15984
19454
15673
15968
15231
16132
17381
23042
17242
24005
20358
26360
17860
21204
16779
20568
13831
15040
20283
17569
20940
23499
16068
30397
19395
18298
18678
18028
35825
17011
19166
21226
16560
16188
21396
23803
28421
24355
14729
38594
15577
26611
39103
26504
25498
23342
18719
50115
18734
53744
19236
17068
19277
19826
13942
19852
16886
15572
17016
15345
17270
12795
15653
27339
15612
14648
36299
18711
26013
26315
29761
19434
23606
18552
18033
22174
16199
21001
16594
21984
15789
25799
21989
16593
23048
37299
23178
17989
16980
15631
14350
16144
16136
23606
21873
14969
24581
29213
16422
16760
17602
22154
18801
15493
35453
23050
29213
15469
20534
19514
15340
17034
22747
20380
16309
16515
14800
29764
26651
33071
15649
13767
20832
16582
16453
13391
17821
19876
15231
14663
24389
31309
15979
16011
15300
18166
31072
16109
14882
37676
15479
25459
19075
33429
15128
14592
21315
16501
14029
19300
17299
18631
14524
14562
224138
16556
19534
16662
16129
33425
15967
17938
424253
28185
15015
18243
16628
16613
18339
15135
15927
26965
13924
17379
18810
18622
20995
26586
20307
18946
16312
25913
16074
22670
18743
23736
14411
19733
17274
222591
69778
24564
35625
13989
15180
26065
16004
17285
12824
17557
18870
16440
16693
14134
16482
21674
16445
18935
19660
17949
13827
16965
17968
14407
17914
14317
23238
18977
18885
27207
20305
15594
19259
17937
30285
22654
26447
17763
19202
20966
14470
15727
42191
25538
43452
17362
21430
15795
14735
231897
18913
17718
21886
19757
19038
16085
209118
32240
15017
16768
19513
16619
17635
16190
15699
244337
16391
20920
20733
26972
217401
185425
210412
241982
239224
5031157
31815
22851
4991189
4840289
4870315
4621458
4450974
4350006
4156736
3645541
3352481
2281607
1446590
1426694
1309832
1245852
1069027
822112
19014
19715
13688
24818
56119
20410
41311
42288
24429
20412
30615
21109
28871
29282
22638
15590
19906
16025
17996
14133
14162
27839
17171
17925
19371
24885
13366
15748
19164
21852
21056
14368
18838
17368
26601
28280
15362
19460
15846
16233
18917
15971
17469
15835
14920
16825
13706
1028143
150106
22918
14572
17205
26947
15887
25181
17258
17955
19668
16153
25287
16650
15557
20079
13891
15347
15517
31171
13825
14636
20912
15668
14013
14336
14825
16114
235500
61498
40805
19212
17385
17937
16627
24702
14321
14677
36249
17754
16260
14742
14941
16361
17700
15312
14750
32395
15790
13906
13826
14670
16478
14961
17306
16137
16281
33347
21943
20204
29124
23838
13788
25590
18543
34408
22682
16491
16626
14765
26382
17699
24624
25727
13726
22504
15058
16538
14653
16303
13812
22883
13229
16040
14509
20339
15075
19420
24621
31274
14684
19227
14321
13173
18532
14485
15420
19907
18799
14621
17652
17250
29236
23382
14580
21241
14275
15272
21990
22825
20783
22486
18217
18177
26492
14780
16829
29041
21113
15292
16825
26831
19852
24615
29575
14410
17091
17163
20439
18917
14129
13312
18913
26140
13462
19375
21425
16337
42721
15040
17579
15458
13134
13540
20373
13303
15560
24077
28667
13422
23536
16784
15280
12574
17271
22857
20992
20274
14289
16800
20192
46643
71857
16733
18074
22904
34544
19665
26834
18206
13780
19317
17024
36207
24226
30568
29363
19151
14915
16473
20443
27557
13696
13547
16243
21133
24074
15128
21128
15813
20467
19677
15104
16527
14230
26285
16396
20763
16329
17583
16220
21770
21865
26200
22904
24331
18943
22421
16518
14737
16495
19895
22922
14487
18069
25950
20814
32839
18136
20646
13716
17760
53114
14333
16519
23267
15234
13736
26388
19581
15941
18824
14546
26084
13146
14156
23838
20701
16795
20577
14168
18422
13758
13454
15130
26095
16912
14788
14758
16042
14383
23645
30061
24424
16208
17000
17064
16731
13748
15473
15627
14339
18912
16188
17413
18992
22784
17715
21229
31080
13960
19012
21314
21486
17047
25646
14618
42510
21104
16370
16305
19094
22640
23349
22376
14940
16176
16719
16052
18038
24971
13465
26067
13567
22530
24820
30288
24588
20041
42881
17572
15663
17594
15823
14828
22958
20051
15722
18276
13975
21277
20113
26300
25704
30528
32755
15725
22752
25694
16995
14442
15769
13999
15499
13023
18970
33048
28205
14558
19139
15449
27260
14754
13296
23167
14207
23379
14625
14093
15883
17200
16506
15829
27271
17873
12358
12647
14601
30731
27176
14996
13093
13222
31656
17120
28538
13800
24227
14742
15041
13237
17239
23077
22483
26899
36263
62676
31448
26878
20362
17394
19611
20591
15724
18692
13661
19582
15060
31858
27451
25693
13845
24637
20182
18988
16517
16059
14845
15363
28739
22709
16412
20473
14856
27664
20946
17146
18851
13495
19759
20012
22354
13807
13695
27845
13747
31656
26014
53529
13411
17216
16007
25037
15230
14394
16633
21756
22367
13957
16632
19149
16437
13031
15197
22536
20182
29243
14890
13761
13447
16789
16436
15471
23182
14724
51848
13750
15027
17943
27037
20007
31565
33080
19439
16493
14197
25952
14911
16222
14226
20072
25976
19061
34944
16631
15007
16027
21523
14519
13999
17924
19746
17167
24833
24239
21537
22163
29057
38097
16137
14771
15058
26135
15536
17777
20502
18143
17183
18558
19938
23428
16612
18523
13862
17340
31529
18534
17323
20666
17487
21933
16375
29783
15449
16120
19516
14494
19439
37162
21177
20275
15769
19419
21410
14637
53729
15668
19601
13543
18867
13925
13549
17944
17453
17015
17012
18569
17753
19340
37261
18376
27934
14064
18656
12974
14843
16955
16960
15709
17099
18299
19661
18872
18549
13588
16954
17097
15168
18689
18603
15989
20105
20819
14759
15337
20736
25611
15608
16313
16017
29120
18328
15032
14977
17326
16491
31169
15266
22155
33905
15738
14660
22437
23770
24843
14327
17457
24578
24610
13903
33572
28502
19580
17116
14991
23781
22653
15032
15338
21646
17373
15999
18056
16482
29911
15262
19743
19958
30673
12810
16803
22123
51934
23423
13669
16957
30669
31878
15664
12910
14552
16822
15679
14538
13828
15158
14877
16340
24544
17067
22352
21556
20574
22349
24239
17993
26005
15899
21828
16828
13955
17360
12910
20675
14956
25586
15568
22698
32511
18653
21464
13905
21231
29978
18324
30162
19182
16965
16867
24118
19583
16285
45005
23441
20779
14115
26025
17674
16322
14625
25013
23113
15512
13503
16945
16324
17143
21474
14817
33831
15232
14171
19004
15199
25211
14427
16471
17037
14212
16127
15911
16375
14138
17700
15889
15240
28694
20342
15033
25883
20359
44605
15700
17664
21556
13211
28195
26105
15818
21408
16705
19963
15082
20297
24184
20393
17116
21600
14457
16515
15973
24375
13689
23032
18671
13176
16038
16979
17574
74228
13904
14110
17057
33354
17675
14610
25705
29649
19169
16464
28623
15057
15528
14421
16534
49207
16596
16400
17695
15042
14261
22613
20258
14650
18542
18890
21929
24569
20668
19793
31866
15841
35425
16912
18714
19290
19609
15510
15024
15780
14862
15856
20174
25032
31006
33015
14362
16731
15359
233515
27768
20533
32234
38365
14536
18777
23393
18631
18057
39097
50451
19087
42341
48851
15448
21921
15024
22855
17899
17857
15830
14804
22615
15800
20298
18695
25013
17652
21132
34564
16306
39231
15014
26170
16606
14742
23843
13136
16777
12958
18613
25554
23237
40556
15221
14566
14055
20563
31929
13559
18799
18045
15871
19382
17002
18492
20631
20754
16211
14214
16016
23062
16320
48208
20983
25388
35905
21939
21746
28572
27427
17033
21118
26188
14559
23763
21213
21498
23960
16149
18142
25839
17027
16471
22275
37885
17757
14026
18788
16901
47632
14686
19158
15519
16019
17554
14981
17490
24208
14780
15380
76276
102367
21049
16256
13843
17170
25347
19540
17953
20107
22519
16528
21354
30278
17542
19642
23508
28284
15865
15890
15197
35734
24600
17656
14189
17582
13874
17258
18714
27631
18993
23454
18916
23634
29086
16425
23179
39733
25172
21864
38470
19961
19971
19857
16114
18017
20514
19733
16682
15916
15225
23844
17859
17265
15686
27251
19875
16967
17193
17735
14311
39958
15244
22924
18405
17644
14430
16477
18558
17361
20912
27111
31509
30845
15763
17290
18097
19182
14232
22969
18240
33131
18320
17424
15503
15870
14760
29919
20056
21239
14887
12914
32729
16715
19698
18022
26576
15943
13515
14144
20208
19488
16093
15762
34326
22734
16883
25850
16013
16779
20649
26063
20839
17692
24513
19079
25074
15627
17337
25157
15443
18450
18527
18602
15028
23001
15712
22549
20657
15122
23668
16049
31710
43587
15573
17596
16267
16632
29028
15431
20445
18464
18607
15178
14523
13421
20690
16904
24796
17154
27794
24547
16524
24561
37481
15396
14979
20138
27779
15358
18299
13938
17328
17721
14192
30754
17786
23105
12589
18654
18234
16705
23821
15115
32914
31764
17070
13181
22748
29080
42356
19627
21049
17015
17246
26790
22216
14400
14677
16909
13745
21109
20201
15302
18456
14382
21168
14928
39792
63882
23520
37656
19000
14515
32033
21408
14841
25499
14346
16879
15029
21842
15058
23217
17084
17518
14644
20269
15213
18112
30974
33294
13777
18889
22060
21566
22805
21700
13639
26376
15474
27222
14200
23355
12965
14822
17087
20376
21216
14245
35350
46925
15932
14536
16707
14187
33253
16921
15982
20136
31674
31775
15655
19903
18041
16840
14375
13664
19785
15935
17502
17904
13457
15856
19461
21356
18818
14703
16093
14518
29685
21812
15641
18785
18703
23523
26716
14538
17836
16466
25380
26145
18378
20888
32122
18649
15377
15818
22124
17632
39265
41306
26580
15844
16845
28730
33838
43141
22771
25454
14148
18404
13106
13819
18889
15809
26150
23278
16674
26814
30664
25704
24246
25611
16619
14346
16058
19503
20095
21394
16966
14086
13902
14695
19150
17763
17640
16853
16394
17196
19828
17438
26290
21878
23908
34719
19814
21425
27623
34348
14615
14680
12953
22120
15643
18610
21344
19557
15563
15070
22672
14492
27488
41268
14529
14518
17046
16448
15548
21393
18166
15841
18005
16550
27100
19932
20245
19649
29094
19473
15887
15800
19460
23412
25271
15727
16110
16744
14850
15684
15784
13826
21685
20673
21367
17682
16479
16989
39739
16083
14754
20639
21342
31655
22703
36501
14550
19799
13481
21034
16889
16880
21646
29411
17054
16371
18679
16036
24493
19947
14292
14957
29507
14780
41637
55043
12948
17571
39407
16202
15113
28092
17698
14265
22275
21376
15282
14671
26937
36410
18539
12908
29594
19350
16208
23705
23450
27288
24604
28989
15751
20660
17919
33153
22369
21739
24528
17031
26587
20851
28589
30974
14193
14567
15789
16782
26442
20099
15308
20133
26724
30139
20983
17286
29748
15484
18510
14752
30355
15679
15041
15813
21588
16031
23331
14687
18954
19512
19459
17577
14994
15163
17037
42418
33407
18115
28043
33554
17195
26759
15187
17811
33683
38252
16280
27510
18051
16580
22360
16567
15281
22752
14844
15179
14219
17006
19728
48773
13218
34425
15591
15676
20028
24108
18153
19633
17991
18026
17159
15268
14909
16164
15190
14249
24002
27213
14133
14358
16097
14227
13605
18969
20071
21494
14752
18848
39248
20644
14242
17962
25639
16018
18634
23001
15556
23612
22228
27588
15378
16044
28355
14744
16959
19022
23823
13814
14476
22642
15351
16099
15971
17036
26883
15726
23022
15958
32606
18700
24127
16516
25970
17087
19419
31591
16777
15179
18623
16844
24575
20261
21451
19896
27130
19374
38801
18940
24630
14220
14863
22673
13736
19416
16984
14661
14503
15256
14440
24805
13716
16662
18633
18609
16587
29041
21535
18172
15888
23707
32605
14844
14487
15286
13794
22638
14299
16855
14794
24449
13245
31064
17000
16197
18891
15182
17917
24139
18643
25095
23239
27364
15029
13247
28683
14990
18373
23491
19552
25578
32224
13645
35306
22427
18425
51200
57546
19374
20109
24219
23459
15983
14741
16171
36148
13212
16078
18108
17355
24376
17709
15955
16548
21020
14005
25965
25015
19406
18499
18430
18371
21981
14905
16094
17834
14615
17826
15597
24657
16858
28142
14394
15226
20687
30201
19562
19531
21211
22235
25522
21835
16970
15106
23173
19294
19974
14433
16355
15424
26023
16381
18508
18965
21720
23688
14924
28840
32174
14203
29197
21474
32244
15494
21447
21053
19847
14009
18532
18601
19305
28343
17915
13626
16422
14018
16874
35203
22673
34672
20308
14584
14479
19995
19712
16146
15463
16943
19585
14690
16688
29398
17504
30712
17471
19575
15785
13604
16942
16412
21711
22021
30821
23291
26810
27860
33908
19818
32709
33630
19905
17217
22192
15416
19523
27164
18539
24795
15166
13968
22078
24934
17139
16279
27854
28611
33846
15772
25311
15173
29534
16486
16864
21531
16672
28635
23342
24108
23955
18619
25259
14729
20559
27906
30671
16615
16841
17612
24911
17669
16537
14359
55090
22107
23498
29911
21678
22448
16530
13904
16558
17670
19165
14864
21792
18336
15195
18744
19768
16416
13389
15552
18727
15278
14650
40629
17587
14181
18569
27750
14692
18670
24231
25918
20404
20335
21293
18081
26580
37655
13935
16273
15556
16716
17152
18996
18048
13968
18386
17679
16321
22203
27361
15270
13483
26709
18851
26438
19393
13643
17946
14996
21719
22794
22285
32572
16849
15232
29463
21231
29183
32167
15816
15900
16027
14795
20150
18769
21187
20108
16609
24880
15518
23490
24881
16140
15568
14087
14622
14195
20673
17589
28680
28825
14903
16627
17647
16742
17079
14737
22171
15121
23678
42186
18243
20975
30025
17389
20078
17639
13608
15663
18209
15955
17412
16625
17000
21933
15937
16184
25064
13756
30908
15727
22183
39096
22936
17759
23349
18952
16126
15589
16720
22228
16708
13788
17550
220903
229979
15305
21162
16593
19343
14705
15669
20840
24290
19227
21253
17458
18657
20693
18030
21936
18999
19358
19625
14837
25102
20565
18794
27178
15815
16740
24218
15400
15472
15843
24419
23459
32846
12311
14511
14808
22873
20831
20031
19389
18191
15874
27198
16808
20722
12985
15239
18437
16673
16164
16006
26024
17281
16875
17012
20613
36051
18514
17024
15508
15979
22014
22273
15138
15332
17130
15584
14841
20216
19072
15534
18000
15880
14807
16545
13414
17320
18548
30857
18227
14622
13624
21632
14584
26221
19808
23624
27152
16089
16253
15602
29731
20714
16779
16231
30874
19163
20906
15687
32634
18069
18974
19489
28349
22585
18485
22089
18075
18024
20967
20077
19075
27974
23666
19600
18998
14487
17314
26650
13478
39224
13243
46280
24891
18792
12398
24906
14197
17065
13889
17115
14504
14892
15663
14419
21153
15817
25401
15717
16931
17869
17860
22859
14576
15846
21707
27958
29908
44224
13530
21776
17512
19281
16683
20935
27815
15845
21253
46522
17667
25664
26356
56786
15123
15487
22164
16308
15937
16848
14897
14241
22660
22567
24234
30766
20323
14486
14748
21691
17386
19348
18725
15490
20082
17379
16516
23137
14329
18086
16561
38978
18035
20403
15607
23856
13684
16092
33885
15550
14047
26677
19910
15394
17098
16775
18595
18665
15822
17417
18085
23231
23708
18310
23445
36742
42015
26732
21302
17901
16930
16182
14878
16590
18048
21170
16157
15392
21238
31142
17448
16835
16874
29232
13388
24550
14314
19585
19916
18302
16644
15216
23246
15752
24722
18360
17714
17818
36651
18732
18637
16111
13907
23399
15743
17825
14902
36192
20707
20574
15785
20616
23599
14696
19485
16915
17501
19935
15593
15660
14664
18766
23955
17059
18340
21661
25754
15493
18050
20619
14252
15951
19379
17570
49603
19706
13646
23735
14798
20006
25469
32535
16632
14226
17773
15134
16462
24358
17044
15319
16052
21106
15433
17133
17650
15934
23831
24985
21119
16329
15998
19497
19428
16317
30103
18653
13608
16903
17418
15286
21968
31362
13598
17405
31724
39094
13361
13720
16147
18280
26456
27761
20712
26930
15738
26983
18178
14803
18032
12832
14015
15738
19058
16135
15640
17252
16011
24839
15310
16103
17505
15220
14967
15714
16456
29202
27284
16999
23210
21597
18472
26997
16281
27081
26356
17081
14793
20501
14081
19724
15340
22857
17638
13738
14162
19758
19274
27508
17599
17083
34281
18383
20281
21969
13598
26889
15552
19686
34558
75933
31433
33148
34372
18819
29586
20851
43824
24403
19279
32217
30434
16740
15719
25690
17857
13952
14426
15473
18375
22988
31628
15069
21356
19072
19473
35275
26447
36019
54156
17190
30095
20665
21110
21427
17872
28203
18350
31947
18662
27913
23545
17403
20440
17936
13728
16831
14431
14735
18627
18236
14872
14346
22969
19313
18273
18593
30616
21306
14502
24003
18605
16249
22636
14022
15607
13582
16702
14344
17146
17657
17608
18228
24724
21385
18132
20238
15683
15656
28802
12905
36246
15785
17260
20180
16288
20648
23056
16869
34111
25083
26014
27208
14915
15798
17600
29850
29440
18687
16055
16715
16816
17212
18242
23818
21278
25554
14158
28509
14500
15755
16257
14469
13959
19202
23984
18512
42245
15458
16171
20375
16533
17505
21519
19802
20918
25110
22840
14669
17637
19483
16971
14160
18993
15971
15556
15475
13986
24909
15986
19107
29609
15212
17654
18596
32645
17426
14740
18859
19777
22849
50905
14407
18050
24472
21384
19216
32208
16204
19241
25647
13573
18840
23506
34155
16056
23317
18016
14776
14904
32386
14428
37224
18649
15092
15038
23364
14005
18938
17947
14204
17204
20803
20597
15046
16584
14403
20080
32411
25672
14525
15809
29686
31804
21002
57534
17647
20513
19959
32328
14974
31287
17840
16792
18110
26524
18116
13687
13680
21575
31562
49551
26847
25588
15092
23594
21793
20592
36238
17223
17597
17552
15433
13808
17687
16600
16204
22812
13320
16312
16714
14918
14143
22412
26636
16197
26161
16620
16505
17226
16386
14122
19081
15176
14812
17071
31823
13861
24472
14004
27868
17091
17762
34788
20869
15833
39829
16763
14388
16628
18723
21728
22299
16838
17570
14938
32285
20523
21098
15176
20147
19783
15556
15075
14721
17617
17521
17262
14547
15393
19549
17373
14698
14944
17275
20372
19916
15514
20413
22833
17993
17151
14141
14781
27492
14410
22083
19309
18150
17408
17874
13142
21040
14262
15464
15675
14827
22059
14592
14641
17468
18614
18146
15939
30041
23503
19110
18082
16416
35205
18957
14372
14827
16798
19016
15490
15063
14064
18132
18918
17143
27246
17306
19192
27504
28483
17989
18484
18564
27253
16993
18416
18667
41127
30876
19937
14584
18548
22342
16141
14238
17892
18913
29245
31497
16870
13831
20065
33783
25102
17263
18234
24236
17885
20151
69707
17266
22936
34747
22766
19215
18863
23670
14611
15764
20286
24287
20754
35171
34536
20370
17501
14977
14178
22829
14819
24184
17281
15051
34646
19406
18307
18298
19289
32140
35528
14713
20939
45180
16129
24216
12770
18056
15172
19995
18970
23296
18884
37388
30334
15309
15621
16303
60964
26866
23125
19705
19393
17258
14865
14150
21655
16432
24105
24428
24307
17122
24335
17323
20153
16421
35165
34696
14929
18350
14648
18944
18237
25177
24389
49524
14443
17873
17399
14919
14868
16257
20489
15605
14650
14509
16051
13926
26187
21355
18794
14829
19310
13712
14239
18977
15755
13941
13383
30222
16192
20891
16340
18258
23919
19865
20667
15667
25995
22662
16669
15625
17360
19618
18880
26780
15769
12553
20186
13650
15629
15210
15543
20580
15712
45717
17835
13133
20716
34123
41995
24051
18315
17286
16275
29584
13940
25056
18884
15879
13658
19589
14695
14711
20755
26600
35270
24931
28603
14214
28294
40259
17571
19804
17180
43580
27118
25520
19258
25130
21660
15074
24252
19861
17103
24026
24813
18314
17848
16125
16377
16788
22860
20084
17956
22788
15092
22959
27991
28171
17642
20965
18314
18248
14460
17906
16318
20699
37266
18777
31116
16072
15256
14720
16934
13784
15043
16030
17878
32896
19010
16124
14599
21374
18017
17856
17444
24311
16517
18062
27359
20900
16534
16348
17345
20570
26260
30682
19136
19680
31084
16431
28581
16695
14861
24022
18100
17747
28271
14520
19944
14781
22353
22470
15991
26265
18928
14959
15115
