14759
17757
15339
21883
26647
23429
15104
17101
16861
30412
15907
29274
16522
23342
20707
14234
21754
14127
13038
20221
14988
18951
21074
16216
17053
26178
36692
17192
16529
24574
17657
14178
13396
15867
21211
17733
16968
22245
14747
14352
15455
14615
15668
18473
14590
27098
13071
23330
21258
11846
17482
15978
20347
14264
31508
15579
13168
16005
13561
15100
18574
20530
15381
13546
18806
14794
28120
26413
15196
14164
14700
16053
16525
15968
13669
22519
18392
15072
14065
16790
17116
21016
15846
16026
15131
13047
17262
18628
20639
12405
15105
14451
18760
22931
14159
15287
15280
23923
14901
18881
27125
20925
15726
19136
15552
21639
13290
14029
14334
20463
14182
20124
15461
15299
15758
16868
23094
14002
18154
15857
14635
17013
14991
19444
13822
13332
15905
14649
16843
18230
15197
12827
13553
12645
12836
29324
14916
21897
30012
13676
15420
20431
15605
17621
16437
13989
15663
15412
18098
27434
22156
14434
23252
15173
15856
18246
15109
12946
21720
31708
15816
14771
16726
13723
15070
15916
15701
16052
14055
22642
18692
17315
13890
19191
17562
36292
46796
17702
21967
12978
17151
18016
17940
13426
23794
17174
28592
15479
18120
28760
14548
17032
19665
14640
16714
18279
17524
13860
13822
13616
29883
15656
14324
25901
15210
14487
17766
26129
15946
13675
14966
14856
36557
14327
14884
16975
17746
29412
14543
15844
13692
15453
18944
17358
15202
14115
18306
19132
40666
13917
14496
16766
16599
16083
13449
13982
16876
15923
12768
15514
22199
18216
17229
18755
14056
15639
16455
17288
14566
14374
17471
18289
17450
15963
17405
26967
14768
15589
16431
18300
18299
16622
14605
26891
18054
16701
13357
15791
16878
14345
19688
18706
15027
26724
16865
21451
27986
13696
20819
14259
13962
15167
23108
16888
25273
28353
30207
25099
16293
22547
13543
17425
16307
15551
13737
16194
16647
18642
32487
15929
17104
13989
14082
13454
18789
19038
13267
14667
15646
14038
18615
29742
16398
18071
24409
14795
16788
14164
13601
17450
19286
15898
17534
16337
17653
14496
14940
17669
15332
17734
18447
14518
14220
15836
20634
20222
17632
23470
20970
16999
15589
13296
15047
18280
22377
13691
23979
13701
20834
18985
15551
19038
15434
19567
15910
18219
34946
15132
20005
28547
14795
16147
15426
14065
18773
21258
13871
21339
15976
15986
12887
15998
16345
17683
19856
19718
17798
17100
15667
15192
40297
33495
17959
15419
18444
16271
14121
15288
14561
14120
15564
13712
14287
23135
12718
16129
15395
15736
15202
14576
17724
15191
13472
14434
17482
13352
14158
19463
16308
17112
15429
13794
15556
13947
15083
23712
13499
28716
15948
13627
16177
14605
13943
19927
13841
14052
15903
24046
17343
18739
23783
19363
13592
18169
15669
13967
16401
13835
14694
17363
14005
15339
18678
22279
15175
21275
14520
19041
17173
13548
35231
14097
19871
18611
20555
14189
14022
15500
16686
21358
16722
19207
22925
13483
14063
15722
31884
25152
16405
15374
18285
17019
17479
16489
22896
13314
17810
26161
17185
17872
17079
22818
16331
23236
15212
16388
15827
15262
13781
15448
16429
18770
14308
21787
14880
16276
15881
15535
14858
13757
25483
18298
16225
15612
16005
17186
15779
26864
14289
15186
15647
13902
15781
15906
22157
16008
19999
28921
17124
16630
16203
26156
13043
14760
40656
19824
16271
17914
17439
15232
15122
16012
14951
24739
16411
14147
15453
18789
30235
20485
13004
13926
34340
35026
14867
14305
26168
18213
13172
14012
15237
17957
19740
18236
15260
16146
14541
21611
38896
23654
14526
20178
16466
20076
14835
15874
14225
17884
13054
15603
15793
22481
13657
14051
18184
16972
15999
14461
14701
16453
14979
18790
14836
17440
22032
14724
14294
18591
16007
15807
16834
14214
53292
18981
26407
14794
21317
20680
15883
16899
17749
17351
14774
13184
16084
21195
15424
14993
13486
13349
14097
15053
18123
19061
13357
15467
13480
13733
13181
14719
16566
20879
14411
14238
15546
21785
27661
22961
20459
13090
17677
26446
14785
15212
15247
17716
17522
15609
18466
17786
17731
13842
14583
27156
14632
16588
16186
15601
22414
19960
16884
13905
19010
16074
13556
19493
16634
18481
19187
15924
17625
14391
14054
18133
16259
16708
14850
12651
16131
15308
15428
13574
14444
13767
13345
17756
14230
13846
16853
19026
17294
21853
18607
15172
14671
14086
17618
12962
16566
16424
16810
13225
12524
16006
16643
26984
15964
15790
18076
17100
15670
13049
14998
15609
14329
15317
19477
26956
21681
18395
15595
18595
13772
19212
13884
26806
25582
20887
18853
19001
18642
15888
15909
16275
16106
19079
21703
17024
13678
16049
14125
14909
18305
15069
14188
13498
16945
19530
17383
15928
13533
25395
19128
17736
23464
13887
16488
24865
17495
16964
32614
14374
24068
16020
19471
22858
16373
29438
16292
15607
15320
13905
15077
13444
14028
16586
18736
20663
29266
20365
15956
14774
14118
15273
16202
29219
17168
17126
14889
26624
17138
15719
22843
19138
15801
15687
13188
34966
19774
19609
19706
18075
31866
16193
15685
15746
14625
16938
16459
19114
20784
13996
16158
16000
18009
13786
17488
17916
14036
16631
23977
16426
18387
20352
16876
14856
21516
17062
24902
11673
16605
17743
14617
18350
16119
25556
13940
23783
19452
33397
15791
16516
20862
15584
16985
27603
16986
14706
19284
13829
14052
17085
14747
13343
15697
24861
15945
14747
15126
31740
14789
17564
16356
15160
16822
29194
14389
24720
13166
18618
13635
32904
14981
17439
15565
13366
15771
18667
17601
21602
18928
15489
15429
21777
24207
18905
14380
15258
25575
20296
14994
15236
18186
14712
14758
25215
15655
14619
14708
13555
16403
20692
18769
19484
14431
14847
24444
15964
18551
16772
15504
15642
14645
19340
16750
15505
34375
14828
17986
15253
15706
14241
14866
14975
14727
19980
34270
19874
15108
14345
21855
16143
14404
22224
16484
14103
14858
21945
25118
17697
13985
40519
16736
14279
18280
15919
17085
13462
14684
17354
16722
33671
18001
14297
25957
15118
13446
18141
15219
16269
16935
15228
15885
21761
21323
23283
15930
15063
36125
14093
27654
25685
19390
27575
14063
15227
15181
13896
16920
17811
18331
12952
21129
12624
15203
17275
14803
35410
15718
18236
14345
21777
21302
15460
15302
17784
25976
12963
17533
18881
15376
26815
14826
15526
15437
18697
17482
15550
13300
27906
18628
13690
15353
20098
13184
23631
17157
14785
16280
16193
24741
20370
17134
16718
27049
24321
15939
12982
15041
19201
16751
14460
37358
14927
17513
20211
23262
16388
20165
16750
21469
15053
13433
14962
15807
16720
19258
15688
15990
47623
16208
15071
16806
14468
15533
15866
14092
16599
28438
15688
13776
16340
16097
14543
17015
17570
33254
30259
14168
18245
16946
15386
29682
13883
14997
20470
15970
15179
13066
18232
25391
18656
18774
14653
21207
15901
17482
17522
22320
14940
30508
40276
15535
12865
15265
13661
15224
20233
14112
24093
36497
38972
13625
22160
21467
15496
16805
39511
16889
18882
24747
15674
17062
14059
26403
13337
19831
18988
14087
13141
13289
17315
19510
14506
16670
19182
26727
14316
16832
14963
15394
17935
14117
17680
17763
18531
13712
12847
12349
14099
12735
26166
14597
16434
15449
17742
19748
24144
18653
16274
15861
18053
19399
16845
17716
21945
17972
19287
18180
14678
18898
18970
13360
19030
14056
14885
27546
15003
18582
13776
13604
14129
17689
17952
14494
13973
14919
16944
14881
15000
17489
14014
31283
18186
16667
14212
16542
41464
19738
15947
21935
14921
22250
37191
15109
15461
15188
13677
19115
13295
15232
13378
12875
13649
14948
17361
22643
17464
18134
16400
15542
14251
22684
14885
15833
14996
16032
14800
26579
27256
17133
15190
23867
22402
16740
17778
21398
15574
19371
27532
16525
15753
14646
14391
16141
32873
16308
12846
13912
13081
14051
17055
18148
20032
18827
15901
19852
13924
13987
17692
14711
22674
13954
15480
21317
16548
17054
14435
23370
14624
19259
24615
20965
13927
15979
15598
17298
21073
31468
28333
21070
16577
14151
15125
13437
17597
18635
21743
13840
15573
16823
17460
15013
18412
16135
15662
15022
19601
16237
14959
15340
15062
15151
16314
15115
14737
16247
16938
40764
22282
37057
18484
24413
17830
35089
20696
15913
14525
14294
13183
16777
20609
17252
15750
26057
14516
17779
17476
18907
13543
14724
18991
15098
28252
13891
16012
15285
16733
17177
15424
17728
13433
15517
15648
18607
14078
23140
13259
17451
18068
19023
18572
20130
19184
16596
16554
19743
17582
20778
13468
14868
13793
21424
14827
22664
13797
18824
15321
17021
17834
28553
17816
16771
14182
15822
13970
20861
14318
15288
13159
14362
16917
22748
14356
19318
14900
18643
23042
19518
27142
14719
19394
21427
15815
14490
32825
18144
14952
13908
16303
20433
18780
22531
14400
15559
14771
14825
17945
19703
17587
15522
15202
15107
15552
13335
17675
19531
13738
17911
15642
15908
18488
16527
17296
17582
13813
15381
18178
14681
21987
16347
14775
25627
15834
13757
29107
14812
15524
17405
16583
29625
17317
14855
15060
25864
14815
15442
15413
18542
18576
25606
16431
17815
13443
13296
20550
17490
13697
18782
15515
14981
13209
14871
14881
17695
22339
15232
13262
14671
14374
31036
15525
22273
13568
20040
22480
25414
14917
16011
22440
16663
20103
29662
12934
16582
13868
35732
14858
14801
16087
29465
18847
14803
15405
15105
20691
15337
18952
17390
15723
38051
17460
16068
16411
13490
15627
14614
19162
16533
15463
14428
15102
37099
17074
15601
17792
37837
13918
12730
14072
14826
15997
15818
26816
18526
20898
18275
13596
17079
15338
15108
16304
16059
19764
14722
12313
15709
15643
15112
14400
17521
16577
14758
14309
16285
18854
13863
20161
27032
12999
14167
15955
13212
18913
21677
16484
19019
16921
15842
15024
12722
19431
14630
20870
20536
14355
16343
15170
18651
14324
28678
14376
13507
18522
17789
13915
16848
11935
13276
13128
20688
20994
21454
34792
14205
14577
17228
27322
16548
29170
29639
18463
16213
22782
14751
44198
18596
24124
36567
24972
16524
15019
17295
15341
36971
14704
14758
21583
13831
22872
25367
14299
17319
14282
21291
15987
15882
14396
19699
26345
14166
21810
22077
14237
17949
15451
20843
14655
17545
15149
17630
13006
22330
14212
18998
36168
18325
19619
17505
17413
18259
17516
14980
14990
17808
21196
14987
14906
14028
19448
15614
16801
18475
13949
16621
18547
14584
21962
16228
15915
17563
12998
15843
17206
23167
14700
16875
14772
14766
14214
17136
20087
31252
14246
23880
15640
17060
15316
17098
13030
20294
20970
15247
14062
15814
25558
16398
16783
21117
19528
17529
20091
13617
17921
18319
14902
16513
25674
17314
26145
14720
16994
14628
14108
21476
14848
21827
14458
14221
17407
15338
13334
14923
16280
20685
13001
18366
17239
16146
15375
16954
27925
16549
16134
23176
14162
15707
14148
15954
14820
15155
16079
14749
17032
16383
13943
13640
21405
13588
18442
16683
25757
17432
17851
14188
14764
17707
14767
16939
15474
13769
18204
14753
17580
14688
20963
15196
20198
15344
20037
32038
15634
15968
26793
13801
15437
20369
14052
17208
14766
14469
15350
17373
14515
15528
14531
14641
15642
15743
13793
14711
15566
20110
13606
13294
16872
16339
17465
24423
12964
15373
14600
14483
14406
14895
16014
17054
23825
13628
18956
24219
12051
12236
14179
18742
33343
19678
16529
15299
13407
14239
16168
19781
14466
16272
18660
14117
16506
20408
14155
14713
13088
15805
13891
27042
17306
15976
21857
24471
21468
25445
18772
20104
14715
21584
23603
19704
15333
14392
15545
14508
17484
16725
14995
15484
22857
15115
14759
19529
14884
13142
17863
19341
18829
20223
17564
15258
15303
17858
19275
15232
16121
19197
16870
14091
17548
16170
32553
14564
14785
20769
21342
17524
19564
16556
13719
13659
15807
15850
16545
17508
15535
14271
25277
22600
20799
16717
16914
14809
15451
16325
15519
23738
20249
33912
47114
15643
13437
14594
15579
17170
19014
16396
14140
14611
28701
18146
18369
19413
17545
15564
33031
15352
21344
16847
15066
20057
13310
14950
17727
15947
20011
14648
16655
14474
25608
17504
21940
14563
14136
17420
16175
25760
13927
15845
13439
21353
46929
50589
15849
14890
17422
14362
16412
13728
24541
23053
24140
16262
14506
14985
14130
24034
36008
19228
15231
17301
14577
14087
19381
24467
19326
18732
24095
15180
15984
29065
17631
14404
20122
14215
17048
14551
14809
27712
19978
25462
15637
15020
18972
13626
24300
13572
35988
12784
22783
18535
17578
14565
18239
12780
12831
12860
15783
22651
14944
17239
16284
15437
22684
21190
17411
18765
20444
20278
15865
19547
16927
13962
14219
13848
12148
17445
14424
13214
25715
20138
32975
13509
13911
13062
19660
15483
26356
17569
16455
15113
14049
15721
16360
29733
46470
15939
31845
23986
17007
21732
15434
25114
17098
32435
17809
18252
15818
21339
19234
14752
16047
21487
14797
21456
38926
18603
16494
21734
15383
17447
24166
24918
17979
14291
20246
16184
15900
16293
17492
14686
19797
18660
26257
16888
16152
24941
43925
17339
14939
14908
16824
16697
16744
17210
15353
15535
16847
47831
20930
29519
17231
24508
16755
16242
14914
16608
15933
23532
15796
47761
18077
14675
32281
15041
15364
23396
17214
23641
15958
18118
15335
19003
16714
20881
16270
15929
15274
18486
17781
15247
20601
22355
17320
15151
15452
14749
14608
15432
17240
15728
15679
16314
23271
22884
14179
16073
24429
54075
24446
16600
15896
15427
16232
20564
18474
27968
14251
14761
15295
16054
13779
16111
15510
23000
16215
33902
23964
15754
13520
44372
49912
17995
13918
15010
15322
21700
33296
14696
23663
14992
13518
17708
22205
19887
17363
20149
13809
16020
18200
26867
13188
14965
17419
16838
15817
17488
22512
16135
29274
17039
15958
19098
19268
19158
26559
16664
18223
18542
14982
15196
18703
16155
20082
19732
18620
15030
15239
21398
12714
16924
15293
15952
15453
20570
15699
15748
13984
13390
17201
15999
18969
20362
16064
25875
23042
37849
19335
24046
16554
13864
13563
17202
19068
16423
14733
30855
22842
15233
16512
28776
17392
23857
16261
21626
17012
17048
16789
20734
13577
13939
21369
14919
23120
17409
20086
37380
15091
19114
19393
16173
13623
16939
24009
18157
19534
15534
15272
17796
24233
14371
15347
15515
22648
17749
14436
17095
14727
15141
16594
15583
14180
15021
15880
19100
14526
19189
17705
18503
21470
20772
31088
17341
23626
19407
14273
16780
13540
21061
14839
17447
16414
14353
15550
14299
16254
17207
23257
18657
16683
16216
19248
15596
17423
16672
15758
13759
15150
17344
18375
15822
14568
17487
16102
17217
22747
17333
29468
30515
18542
19215
23122
18024
17028
13346
16997
16557
16549
21452
14872
16376
18055
16743
18351
31567
15500
15413
13699
28359
16626
16912
18939
22939
28721
26147
14490
17551
18501
14189
14799
13633
16170
14726
13967
29265
14910
15714
32064
13107
16593
21515
17118
20417
13788
20909
13671
13088
29952
16021
19174
15114
15572
14663
19137
17893
14006
24543
33385
30185
14906
17339
21538
34896
13586
17171
23341
17630
15030
14762
17934
18437
16940
15694
15855
17097
20387
16511
14951
16722
14674
17624
16138
14595
13117
14830
31323
16644
17292
15714
14918
18715
16554
16480
18380
25493
32583
16083
15219
18224
23674
19997
13889
32359
19636
17965
29488
17013
15229
14078
23805
21226
17952
18062
17273
15010
13950
14353
14700
22581
17517
25182
17710
15232
16970
13891
18871
16590
25392
19567
14388
15297
14824
40807
56743
19910
21391
20178
17876
17646
17106
14851
17094
22534
16651
13733
13066
15492
28513
15582
18061
15823
19969
19524
19682
14611
17068
13028
17198
15106
17831
20300
17392
15834
17508
21243
13784
15071
17162
18428
21521
20539
16044
19268
17881
18387
14030
15805
14791
13990
19085
16957
15442
18653
15020
14025
14554
16772
15531
16388
17574
23282
14882
17089
20485
16722
17654
17313
15132
23327
14077
14003
14780
13548
14130
31031
24447
17478
17605
38070
17310
19715
21013
16816
26655
26759
17287
16303
17159
19030
13377
16002
14900
17226
15110
14083
14790
27898
22001
18525
17056
16146
30250
24687
19432
14997
17572
23679
30715
28052
17287
21455
22256
16677
53048
15455
18271
16179
14490
16520
15320
19281
19274
17782
17683
21988
17962
16797
14132
39527
33397
13953
14615
23985
21427
13259
16520
14777
24774
15299
15691
20799
38413
19476
13654
14748
14950
14539
21606
14932
13561
14002
19546
35455
15413
14974
14044
16400
19400
21467
20980
16034
17462
13668
14666
18780
14440
21248
17639
16780
15552
14867
24132
16206
21909
17026
19987
16315
15174
14676
16336
14734
20526
13022
18267
16527
25877
16120
15725
15944
14025
17527
16592
17853
13931
20426
13709
14488
16370
25307
23620
24468
20316
17324
34637
14242
15815
15925
14917
15260
23305
16197
17856
17321
27652
14588
14699
16797
14909
16464
24586
18615
27573
13678
14055
16429
14008
22288
21327
14841
42512
16688
14457
13834
20012
13331
15892
16090
16753
16352
19766
20063
15790
14353
27014
13054
20023
17738
22746
17710
12383
13078
16182
18578
18426
15028
17652
16464
36941
45327
48499
19328
25379
16214
16007
16187
24533
19282
16526
14927
17578
26367
17529
36182
19880
21409
16241
17786
13319
16727
26652
13973
20480
24974
14826
19165
15588
15003
17024
25429
34680
14733
16459
19119
14111
16026
19054
18724
14344
15997
19133
43208
15122
15581
17722
17660
17872
14551
14824
14354
15719
14186
19792
24550
15888
14690
21300
24119
26695
31436
17235
20541
19846
15025
44889
15856
19163
17788
28069
15605
14962
13900
13253
13431
18465
14610
16504
17709
13978
15489
15665
15508
14326
14256
13319
24685
13138
13460
21243
18131
17662
15212
23067
18538
13491
18336
16432
14536
15095
13636
15453
23687
14495
33727
15227
15012
16263
23534
17330
14767
14186
25686
17133
15004
15808
24108
16201
22640
14142
16774
15052
24803
20103
20550
19270
15481
15279
15312
17353
20403
17265
16345
16596
15107
17904
20104
18086
15356
22054
13780
28439
49005
16069
13317
20604
20896
14753
16424
30018
29451
14896
15051
13043
12903
16736
16604
16701
26395
14242
19972
13373
22485
16367
14177
14870
16731
15895
17611
18830
15292
13781
14973
15501
15113
14374
16228
23713
30489
13898
17166
14974
17219
16136
22305
17478
19263
15429
19941
19540
14490
16058
15559
29955
34484
26122
18700
16665
15141
32979
22387
14989
20300
25165
17006
15209
14783
15621
16908
17839
13049
15833
19912
22962
20860
14998
21095
14002
14942
29726
19386
14818
20564
14939
17207
12238
20079
17057
17464
22965
18295
13910
16888
14671
14546
25998
30786
15319
28553
14956
17396
23046
16780
15112
17316
13942
16176
17085
18772
14667
14940
16361
25911
16319
14523
23597
15618
28578
31974
16113
16982
16411
22455
15863
25993
15138
19743
14414
21752
14708
13422
20032
13925
15967
16499
14758
13747
18725
16118
17017
24241
17635
25253
24526
23308
18760
30918
25901
18194
15078
16228
17642
35344
14526
16641
15104
18090
23194
27411
16357
16444
14689
15249
13178
15458
24657
12928
17542
12664
16209
16907
23528
16011
23861
17245
15752
19069
15812
17901
22606
18245
16663
19591
14770
16868
18547
16300
16260
21064
17760
20948
14579
14796
15561
13541
16865
21648
13871
18101
18121
30653
16187
16978
16870
17842
22483
17103
22154
17986
17567
22871
15623
14486
15059
13424
18720
16410
15152
17448
23226
15961
15834
16966
16058
13646
15545
17946
16681
16779
16414
16176
15445
17679
15368
15122
16194
21788
25320
13889
17662
19100
23014
14056
14852
20642
15421
16028
21676
15975
15427
14855
13651
17001
16481
13504
19817
18801
20241
36222
16139
15161
17561
16442
34621
14112
18250
15889
14253
14124
14297
13801
24272
23029
17769
15199
12829
16118
18108
13941
15291
15053
23106
15405
14265
15356
19447
18306
15374
29021
13165
14399
16464
12863
13579
14210
18023
15649
19336
15577
20368
15842
15842
21037
30501
39177
14634
14664
15985
15152
14709
18274
23782
14299
35936
15057
18672
16070
14005
12706
19163
18058
20061
13997
16297
16340
25109
17266
19130
14135
14502
31717
14510
14638
29010
12410
16753
21843
18539
30662
20674
15016
17500
16564
20054
15175
15430
18268
15032
20296
18748
22330
14006
15008
25598
22576
18183
17549
15695
15061
14624
15437
15285
29995
16559
17096
16498
15241
18248
15089
17408
16206
16923
14642
16761
20184
24300
16050
14966
15478
13032
14213
16938
28139
19985
18248
24495
14926
15299
33224
18131
16381
15975
20451
14766
17095
19291
16686
15149
15123
16716
17980
15207
15623
18173
19646
13821
17008
36473
16930
15010
13373
28273
28496
15985
16191
18225
15665
21540
29806
26810
214704
20568
16186
16284
15242
18887
25648
14872
17077
16166
15069
16858
18390
17864
14623
19713
16369
18478
15926
16482
18076
15260
15322
19600
17703
18513
16439
17963
14532
15442
16279
33696
24361
17499
16467
28035
25629
15769
17891
14260
16537
14329
14736
14946
13225
20158
17297
15130
19696
17383
19108
21140
15649
15950
15769
16853
13999
23839
17949
15079
15115
15847
17535
15196
19984
18253
18633
15604
13753
14204
14084
13945
15470
24556
13848
18097
17185
15972
14592
16803
16122
15697
16406
15057
18672
14548
22205
15603
14036
24484
15452
15248
14082
28204
17737
14653
19732
16513
33458
15995
19675
18026
13391
14764
14398
13519
18196
15769
24154
14308
14802
15838
21512
19668
18989
18380
16127
16993
23560
20106
16809
15989
15244
32042
19578
31969
13036
13435
14319
22400
15172
21256
16219
16525
16750
16101
15442
17307
20031
14601
15649
17705
17530
15966
13661
17742
17327
26720
14687
21318
15762
18620
16762
17315
17392
18320
18723
17455
18021
28123
15313
16043
21462
34695
18510
19216
23020
22704
23380
14674
16419
12722
31270
17568
14774
14112
27160
17387
13282
14759
14231
26101
18774
16715
21202
24840
23747
26815
24068
25596
40206
17666
18772
18621
13330
19531
15178
20190
22569
20981
16716
15924
16684
23540
14215
13843
27300
19134
16548
29542
16383
24380
15070
16430
19575
21715
17435
15053
17537
14711
15072
14212
21858
15990
16873
16107
14706
14379
12117
14559
24057
16648
22941
15714
16876
14237
16252
17389
20310
19989
19381
17604
17101
18506
16056
16417
19320
17485
16985
18959
16486
21506
17081
13678
15780
15124
15699
24931
13780
12954
12601
22445
17691
17029
24705
15205
20047
20489
17451
16173
17057
25909
16266
14800
20758
17550
14500
16536
14828
15108
14896
14409
18047
18770
14948
14305
29927
39121
14601
15359
15093
17483
17388
17683
14010
20824
17686
15029
18513
22342
15121
45607
15107
16893
19295
17891
16674
14612
20740
18229
15199
20049
14495
24598
16257
16139
22862
30487
17145
26978
17679
19660
19798
30018
14497
19328
20913
14298
15760
15310
21307
16448
15602
15542
16551
13066
16666
17906
17696
24737
16443
19116
24149
14683
24623
14329
14139
20286
15946
21491
13861
15081
20248
18461
32381
12317
15393
20007
14903
22593
16014
19491
26455
16644
15280
27959
15281
20598
16058
23640
16010
18645
15506
14073
16931
41284
15588
15104
17456
15453
16417
16906
22748
16068
21121
13265
13879
17857
22852
19758
18278
13697
19940
13037
21934
14738
15994
23106
18221
16824
18891
14397
33439
16102
13567
16185
16697
24596
41288
13972
16764
22259
18392
20767
15212
14648
14658
15808
16757
17469
15459
24382
26433
19063
13083
16129
41463
45504
15057
15774
14853
14279
22852
22553
15058
14092
15638
14226
16641
18053
15985
18796
17064
19772
17942
25888
15332
18348
14803
18240
20572
19551
16850
13349
18527
14978
14741
18404
39740
20158
14867
16224
12758
18983
25684
18937
13617
15549
14716
16947
38812
49825
24721
15922
14328
14120
16192
22322
14646
18205
15316
29818
15933
17020
22494
15087
15632
15600
16491
24772
20327
14614
20681
27739
17458
32627
17664
16811
14794
16880
16137
15902
16574
63414
17163
23701
15269
17573
24351
15693
18728
18510
19326
15571
18927
18571
14223
19644
16726
15631
13130
17318
13047
14963
15494
14090
16359
14833
17444
15324
22147
22698
15412
16243
15720
14008
23568
17809
14644
14054
19626
16477
16880
18152
15460
22563
20983
19170
20049
16348
27087
14217
12711
19550
14808
16252
22876
26577
19685
24382
14350
18443
14342
22167
44759
20648
15462
14553
15852
17425
16220
30626
19749
15765
29093
14399
22688
29433
14997
25260
18630
23449
15690
15661
14650
25964
13767
19651
19496
27763
18981
18266
17220
15152
15164
16074
13741
19042
15671
14896
25454
16512
20007
21740
15003
15737
15887
19518
25467
15305
27397
15074
19787
13446
19862
19988
14564
20269
15636
13767
17770
17467
23443
17997
15435
18532
17655
14273
16094
13033
20086
13068
19507
18000
12262
16381
17657
14641
22735
28717
15045
13041
22759
15924
19862
17897
13699
18947
38503
13374
14475
14618
24189
15123
15182
14530
17160
18979
15428
16602
20604
16037
15110
18844
14251
16603
14219
14779
14940
14196
12653
17918
27340
13130
15711
13050
18795
13272
13765
18527
14172
14841
16909
12461
13577
21468
14286
16947
17301
13812
14248
16268
16142
13803
16718
15409
17508
17010
19683
14767
25508
13573
18625
14370
13847
19096
17281
13915
14485
16327
14542
18125
14603
14700
14007
24901
17947
13753
17474
13291
15123
22535
15370
14036
20059
15347
16112
14607
17905
22042
27460
19979
20590
14730
17005
15989
20216
19199
17108
15825
18990
16457
19739
15930
21643
35887
20976
26336
18214
14539
40469
13177
15209
27425
16798
17152
13238
14937
17840
16132
14995
17066
24030
22867
15335
20636
20240
15712
31604
16044
16885
20588
15650
15386
15222
16449
18879
18742
24329
14806
22113
17015
14368
13918
15552
24512
16082
14737
19271
16202
17674
21292
16484
28427
18464
16036
20669
14286
14492
23509
20415
26018
20053
13147
16891
14891
18402
19417
16013
17243
55393
36920
27377
14909
15674
21678
20089
14839
20534
16070
16792
14171
26861
14760
16923
14180
21268
20165
21193
18232
17695
20777
16448
17914
15571
19453
21245
16375
24827
28211
22080
12664
30084
16611
15730
16867
14737
15116
15844
15219
21487
31764
19658
20081
13662
26630
13924
15796
15782
17310
20162
14939
16543
38690
15888
21395
17671
21072
20895
22608
38720
27638
21411
14032
19724
19883
21609
16132
16943
18931
18906
20780
17585
18454
16336
14414
14733
18951
17374
39253
39121
17441
14983
18457
14031
22654
24237
18037
18074
20474
19778
14613
15416
20562
18744
15925
16155
21529
20020
25281
22153
17758
26949
24514
16436
14965
19053
15798
16468
22366
16961
19054
16739
21604
15958
17244
13751
16255
14522
14438
17419
17700
16956
15785
27653
22299
18400
20714
22531
22408
21832
15126
20033
18065
17739
17659
28587
19894
16639
26585
18082
16663
19293
14775
22134
17247
19473
23786
15253
14045
26885
16495
38121
16038
16744
19084
17504
24061
21921
15855
15936
17811
17202
18653
14454
17996
15736
18495
18016
16511
19138
15580
26624
24088
27764
15152
13541
13207
23967
20549
17968
19379
17714
15006
16869
16425
20453
16544
18153
14145
14359
16633
14872
19925
17869
19432
20297
15231
38604
23370
14310
14830
24673
14622
17940
17436
25854
19340
13911
31318
19643
22325
22615
17942
19906
18727
18475
16974
19277
19232
26372
35185
29882
19431
13760
16230
49265
15032
19913
20682
15613
18841
22011
19914
16441
14737
15734
14667
17069
22628
17745
21238
15086
23098
15424
14999
18331
16473
21780
28571
35320
16197
16710
15037
16632
15860
14076
18137
22413
17561
17565
18311
16004
14476
16223
17908
15259
16888
18188
17030
16708
17270
18201
35936
23962
15273
18897
17072
13712
14657
17941
22459
15875
19187
20337
18140
15944
15825
16118
16631
26892
38851
14944
20164
17732
20495
26445
14702
23507
15468
24774
14303
24517
14880
35997
14737
15530
21671
18618
18015
16385
18935
36969
42070
20123
19034
23958
15063
19195
15397
17375
23113
14507
22043
21856
22128
17543
15202
17484
15165
15591
15250
16063
19559
14311
27864
25064
13146
14438
18966
15529
14900
15675
13421
22311
19281
15808
17316
23704
17228
18452
18095
16999
18901
14975
25355
16803
21072
15410
18449
17402
16787
218061
31928
16315
20367
15775
16716
16140
16327
37130
18205
15882
23162
14459
20177
19582
18479
15395
22139
16179
14580
14526
15774
16053
13358
16133
27358
19868
17514
15571
16978
14696
15542
16961
26122
14190
15391
16714
14822
23292
25087
33730
22582
14919
15535
14134
15363
15879
15106
13377
42850
13635
15646
14628
16749
14160
18157
18142
17042
16971
28690
18353
26939
13239
15747
14907
14559
13363
15702
18537
15905
16699
20424
21037
23487
16228
15792
17741
15906
17872
21027
23943
18282
24793
13230
19093
16576
23908
15262
16382
13814
17638
16085
14590
15826
15268
18791
18407
33502
12542
15288
15703
15566
17074
18619
14389
15561
19444
18709
18454
16750
15155
14844
16389
20159
14369
16281
24561
19594
22901
30899
14757
16370
22797
21884
16423
19453
18990
13865
14037
22505
16617
13875
18367
19678
13627
14435
15800
20124
14070
13729
22659
18747
19378
15949
17620
19632
17412
14756
20027
17741
15354
21913
34501
20721
23535
24127
23202
17829
15314
15179
16235
15765
18321
17200
18929
21488
22379
13365
24609
15115
20907
21926
16647
15034
18462
16683
16466
20230
19164
21469
15810
14303
17259
15286
15241
26417
15297
15791
19494
19640
15568
15155
14869
15802
16560
42959
15664
14968
15717
27105
18596
25793
13660
18163
24906
13644
16768
26054
16882
19828
15933
19996
19932
20805
14783
20967
25173
32202
17822
15606
22126
19259
18874
22854
24009
36016
16029
13654
14001
17184
16335
13612
16825
26279
18084
14367
28212
23682
19941
15129
30268
14619
15940
20693
19172
17398
20326
16706
17846
17355
16909
16552
22401
19632
14894
27697
22816
14033
18524
16531
13388
13385
14179
19140
21531
16726
21721
16523
38155
16451
17161
33302
17026
16272
21882
13415
19002
19476
19294
22340
15763
14638
14807
24213
17720
17085
18206
14470
21656
13128
21217
16995
17231
24439
22156
14895
14417
18396
18103
16531
28679
19420
15403
15945
16081
21279
27862
19955
15688
16602
15676
19425
15318
17338
21642
30905
27665
17823
21451
19146
16366
19809
32162
15980
16427
18938
16263
17519
18517
16221
15681
14686
24244
17418
19414
17486
16909
22301
17081
18282
29710
18523
14398
22873
17809
31351
19361
16073
15929
14336
17357
18099
12638
14215
17508
22825
28554
16120
31626
19331
12940
27540
19222
26554
15029
14714
16020
16495
17436
14731
18640
14984
21791
13024
15706
18190
16680
28118
14423
14203
28367
15814
14779
15573
21715
18587
14995
13719
12623
16211
14700
21300
15540
17849
18784
15879
15981
14529
14941
18502
23273
12439
15665
13157
21525
17708
22306
17993
18454
29617
16486
15293
15435
22487
15873
17192
18845
16646
19514
28343
15731
14426
21946
17398
17732
14206
24646
22523
14266
15502
30982
22297
24006
23860
14896
13647
16244
14604
20595
15124
14564
15286
14501
17511
15404
13884
16004
19303
15719
16125
14318
16960
18320
18293
15926
26324
17056
20040
26267
18902
17773
13967
23974
24367
14918
12815
16246
14019
15941
16860
15240
17400
16334
25018
15377
13672
34620
17013
17128
17104
20148
15375
20832
20457
22545
13709
25579
16627
17318
19084
20231
19660
14490
13966
20535
15099
15572
19018
15431
25112
19678
20847
32000
20621
18464
42270
24440
16438
23928
27645
14276
14098
15347
22610
15352
14607
25867
19236
27358
41382
17612
25795
30868
21012
19994
17962
17219
23253
16281
15598
23950
14982
21795
17392
15339
25197
18651
32067
15918
15264
17896
19712
27347
18840
37918
20249
13912
15391
15165
14226
16118
18724
13883
15513
18573
21404
16580
16659
16345
18046
16146
18659
16454
18585
15751
15980
16633
17236
33913
15222
19522
14087
23472
14893
17225
14333
14575
15264
18242
14376
23031
15709
15782
35139
17295
16635
16546
18655
13420
16653
17191
21631
15376
14454
15457
16546
26194
18526
14559
13950
22490
17149
17139
22935
36995
23190
17050
16020
16961
17431
15212
18611
16515
14724
13531
21292
18453
16553
24801
14363
15017
16802
15251
16005
20728
17174
14465
14564
16194
16838
25552
23726
28874
14600
14103
15094
20955
17520
15300
16572
18144
29510
20101
25680
17430
18579
15309
26108
13967
21100
17743
18869
13738
27825
14032
15295
13697
19137
13994
22101
14900
14956
14879
19544
25544
15668
27018
15937
18565
19413
15437
21134
14753
16627
17800
17000
15516
17224
16223
18737
13796
14812
14359
14258
14280
22484
18029
15073
14885
25917
29832
22441
18073
16339
18797
17891
17079
17995
23917
15675
16335
23954
16246
38815
15328
15905
17347
17764
17644
15830
15122
14683
18028
30662
16259
15984
14182
16075
21279
18570
19268
19389
15502
16063
15312
14836
20308
15762
20297
15223
16392
17569
14182
16645
14992
27221
24384
15406
14794
24494
15991
17253
16074
14552
18725
13719
14601
14278
23049
15939
20284
40067
13729
15377
19459
14841
17701
15923
17616
14783
15349
15017
14086
21053
14430
18322
15371
15973
13610
17644
16754
14338
17347
17314
13601
16053
17395
13045
13839
15844
14676
23695
14076
16962
16379
27387
26830
21754
16065
16087
17607
16044
18103
15362
22891
25094
22179
16494
13784
22903
15577
15651
16837
15911
19411
24184
15497
14395
16713
14040
20276
22619
18972
15057
15437
14244
14896
17038
14073
18308
17753
18397
15652
16516
15844
14944
18471
24690
14233
15136
18070
16269
19872
14884
18308
17319
15267
15693
15862
22694
20571
16230
16327
17861
20134
17981
27831
20128
15668
14964
15585
17083
22645
24091
17691
18292
16300
20132
15776
16025
18491
22213
17596
13602
16349
35403
18222
24801
25218
21116
38009
16816
17308
14926
16696
16274
13843
14217
16583
13038
15127
14372
18010
20930
13548
17427
16910
18520
20770
17686
33245
17481
17621
16842
20491
14559
15797
15863
17963
17831
15014
16157
14921
25201
19084
13983
13763
15912
22846
16999
14632
17092
22376
17951
14572
25583
18353
18444
23716
21460
14591
14797
14487
15797
21429
14598
15545
19656
15237
14497
27386
27722
22849
15560
16147
17125
17206
27620
18778
14868
16914
14845
16115
21631
19149
18162
19458
16413
17419
15443
29094
15314
41239
17433
16658
15913
18828
16671
18436
20172
22597
15519
19883
19025
22830
21799
17847
16946
30472
14201
14875
16367
16784
16822
29442
35191
16318
21319
15200
19411
15685
15324
16247
21989
16218
17702
15818
21773
17807
14399
17028
14775
23713
16023
16052
14912
22611
14846
19147
16469
22712
17571
16481
19324
15505
14130
17296
21767
22880
19988
21611
22283
21660
20224
31571
14417
15054
14419
19256
18337
55385
14745
18545
17411
27983
20503
15411
15118
21527
17500
16788
16095
17145
16746
17301
16687
14997
21545
15470
36341
19704
23025
16737
15075
19312
29201
42647
22046
16294
16823
15729
16119
15622
15420
17915
13847
25847
16877
22219
27074
16775
15608
18413
35710
19799
16282
15003
19264
14980
16381
44539
15584
21004
16772
18103
22055
14102
14449
20401
23372
27710
16426
14995
16987
31591
15335
20152
16618
15347
15477
29666
16856
14162
17609
27285
17000
14647
17761
21559
15392
20328
33425
14837
24170
17289
15437
16634
22789
16034
20192
17706
18740
24502
16445
22119
15148
18023
18269
19710
20316
18001
16238
15602
16378
13776
25977
22515
22561
15533
16915
16858
18050
19439
25227
14426
16691
15461
20588
18592
15332
43081
14250
17548
15055
16441
20719
14858
16121
16254
16164
18259
14995
26688
16448
17373
15863
15078
14810
21342
12050
23889
13908
14473
24615
16032
21305
30738
23500
16874
15370
26776
14897
18105
15718
15117
14784
21403
28203
23084
18692
22316
13784
18487
16202
22263
18147
19994
14831
16960
14712
14060
14200
20376
15122
18596
35117
21988
19287
14202
21693
18595
14116
16569
18425
22240
20498
17874
16983
17822
23136
17459
15997
17100
25870
14188
15392
23557
19556
17661
17591
16076
15158
31890
18808
18700
16677
18237
25275
19470
14355
16266
14828
17164
16432
19912
16997
17133
16630
19340
14654
15155
14874
15318
15824
14751
21009
17512
20738
13715
15312
18188
15929
14589
16366
13606
17011
16101
14223
25247
14072
14327
21870
14890
15900
22441
15215
12923
17528
14687
15391
15649
17670
17684
15631
14429
16949
27831
19202
15652
21611
15725
30013
21619
19511
18662
17006
13030
15232
14620
25869
15643
18451
16759
14075
19111
17450
16385
13430
16542
15618
14297
14565
20257
14178
15482
16138
27459
16547
14455
21880
20509
15084
23330
19545
16173
15960
15182
15718
16023
20219
22867
17990
24352
13994
40721
44975
20078
16961
14371
12719
17601
16825
14031
13090
23654
15542
23501
19978
14605
16886
18113
14515
13576
15112
14844
27272
14322
22440
15979
13790
14422
13399
16198
12309
17989
16864
17943
14707
22843
19547
18935
15301
20484
15201
17731
48593
16337
17350
17626
13200
15818
15265
15171
15187
15818
20040
19025
21221
19596
20778
18715
16109
17036
13514
15465
18479
16480
21036
15782
12960
15579
17130
14470
14921
15938
20561
15186
15524
14704
21175
23692
15904
16670
16603
17318
15851
13001
15629
16865
18176
16076
16641
16243
14018
17586
14656
15294
17857
16056
16053
14537
14541
38645
40268
14032
19404
15831
20473
15978
28554
18155
16019
16278
15609
17817
21414
18701
26791
14893
13105
16178
16196
16170
26334
20180
20513
14816
28247
13783
17094
15702
14204
14891
14242
14199
15289
13588
14721
14849
27692
14787
18168
19374
14085
18690
16219
14288
12882
25677
14829
15922
15595
15522
15156
13644
16063
24255
31341
15416
16785
14040
18885
25840
12933
16493
21971
16625
14010
22339
23552
16509
13364
14486
14556
13697
14599
14029
15160
14379
16609
14358
14638
15772
27514
13838
15860
32072
37136
12592
18645
17241
18021
20765
16982
15379
18162
17404
13399
20839
16220
16730
22400
16388
14019
14669
14202
24322
14823
26899
20890
19793
14980
17425
14788
23391
16129
19152
15509
15747
24511
15071
17443
16632
15838
18370
28713
20240
18163
13575
20160
35110
14486
22344
13629
17182
16646
15798
18735
20517
14380
21325
16372
19208
16200
15596
23036
17707
14982
20479
33106
24727
15518
27620
19033
32203
15971
14198
17875
14424
23674
15992
13077
17140
26508
16126
15861
16833
18586
13209
20821
15369
16096
14844
16110
16835
20548
20498
14512
24079
14491
45044
18138
23444
15833
18170
15861
17138
12768
17397
41949
15951
20439
18680
15715
24984
14692
19535
15731
16349
16132
15483
13790
17913
16689
14507
16129
13867
13584
17148
32860
16599
15084
18357
15833
18594
19144
18753
19983
18975
15895
25445
19488
16023
21126
13755
14836
33658
21268
33084
17764
15398
23482
14273
29357
22667
16240
21181
22398
14894
18092
14980
14120
15990
16272
15332
15201
14973
15081
23587
16222
16029
15648
18185
16861
19220
16734
16019
18978
21169
18986
22800
45079
24491
19130
15223
13377
18294
17895
13522
19509
15168
14549
23933
24205
16027
19681
20943
16372
15738
13574
13749
18095
14607
19573
15759
15484
24490
22132
13692
16044
13949
15633
17588
13958
11771
13372
14318
15179
18689
16247
15113
13877
14897
18378
14836
29159
