20869
19745
27200
65540
37726
17066
31349
14880
16650
23675
15040
15738
24433
14093
22827
30187
15430
23828
19294
59162
16617
15086
38012
14912
17734
16045
13525
15600
16933
14752
40477
12480
23827
31830
19502
13941
19736
23505
239610
28856
15799
19630
16007
14517
28681
25593
19767
14276
23375
13501
15756
15746
14590
16323
19058
20820
23044
45799
24342
16427
16090
17083
15702
41237
30872
34163
18216
17588
21776
28819
20400
39397
15012
50934
21041
20241
15190
29473
16451
26811
37632
19786
17684
14334
21615
22741
14687
16673
21437
14558
17157
14328
14685
16371
18987
13727
15063
16965
21012
18378
22267
20693
15372
43628
70267
16778
18640
15810
21418
39557
33166
14181
22426
14371
46454
37135
20357
30356
46750
15512
15569
24211
15157
37009
18807
24624
14418
16656
15743
13154
17084
18692
18490
16977
20162
15832
14141
16249
14665
16393
16304
22754
19984
42581
15384
19675
23561
18234
16789
26673
59540
14080
14940
49176
20973
14584
26240
27671
60022
20713
33561
14999
13371
16001
17179
16440
23773
23592
46125
21158
16650
14900
16257
14920
38483
22738
89088
24791
15913
20220
18674
41836
18577
17008
26661
20672
18284
19856
14726
14759
24764
22831
53318
14941
15682
15945
15280
15983
14871
20117
19720
22375
23618
20663
13566
27364
46601
16262
17470
40903
17670
26065
17581
14469
25381
32697
25262
18095
16803
43121
31982
48261
49192
67024
73166
19740
61267
58973
88300
26574
27487
42393
15257
33593
29562
40192
27608
21087
15539
17762
45824
16860
23045
42233
36847
30265
45064
24748
17387
51195
30481
50829
55304
35480
13907
64385
35466
18552
41945
16060
50395
15806
19706
31748
34291
69237
19904
63606
113778
16685
18775
16682
38981
15678
16930
26655
49435
55719
88751
25397
30441
72887
50081
23808
15952
16065
58389
29200
17597
38039
56892
69446
20076
62513
26708
112422
19237
44079
23265
18022
32730
25064
18764
14215
24792
43967
62438
35423
19830
15622
117294
18730
15780
135459
13676
13125
34545
27911
15622
14286
21929
30203
34450
27046
52704
55012
44757
236152
18325
16131
13226
13294
18027
31306
16331
28671
24032
21677
13953
28790
21204
15975
16106
18471
13239
18563
14609
50481
35345
57737
22765
15977
13394
12788
13536
14919
29624
34239
40384
29818
18630
17822
32067
27867
19167
27661
13677
18796
22837
26276
21706
16605
39450
18550
27893
15733
16818
15988
22207
23535
18420
16541
26273
16720
25620
25210
17741
24232
13881
14899
14831
23386
28620
16205
15409
17368
17346
24336
37036
25853
14767
34708
13771
16237
21189
18453
13012
15596
16041
13316
18586
19550
27705
13914
20679
18238
23203
16979
13599
14476
17092
16038
28538
19546
25530
18563
19851
14107
14296
16451
17405
18979
41657
15836
27929
16073
14898
24402
16032
28856
17597
18803
16156
13541
14774
26743
19066
15609
26425
16106
16992
21856
22479
219083
178896
14501
22869
59707
107316
16810
42421
67968
18124
14457
22984
28582
32713
39018
21429
20413
14447
19306
30841
16370
25794
17918
18357
15595
14598
14939
15481
42174
15393
16702
15426
29815
39579
51633
15906
25323
29156
15874
15900
18959
27929
38828
21530
19905
22214
13138
16666
18448
14647
13966
35435
14424
21821
18094
16601
16935
29321
16612
17588
12465
15321
16518
14587
12681
15246
17774
17156
18809
24531
24994
14543
16484
15714
13864
25572
19949
19568
16471
16349
14786
38067
16495
69088
13319
14850
23120
20672
21305
22353
17098
18429
47109
16977
20873
15583
27282
32283
14634
14283
13495
28001
22917
15922
16570
18990
15346
48865
18554
16999
17849
13913
27839
18536
30297
25148
40971
15441
20698
45120
14150
33171
14475
16169
15930
14603
20402
13683
20992
21992
18163
12583
15413
36993
15022
17976
20214
16341
49708
105764
116381
129964
51875
63567
64480
138546
129115
105508
56888
60067
69303
94977
51936
33095
22310
38311
70238
24425
80768
12182
39718
67489
15299
32799
46535
41767
66954
16206
31884
58419
114609
57835
12871
74558
27821
26636
47282
21451
41358
31216
48603
67090
14976
29515
20493
50655
27778
18629
15920
17705
16120
39578
33741
20956
29058
14837
15656
20177
20764
17984
24979
15211
15613
59342
13746
18236
17792
52922
16766
28392
22649
22949
15830
23619
38188
14538
14275
23720
13954
18700
13740
28276
19026
33066
16030
16967
19635
25552
16015
14293
14560
17973
20754
15178
14600
15986
14451
13841
16645
14100
35456
47897
79500
15597
22535
17799
23369
15846
18312
14097
14924
13408
15177
27598
15097
25127
15466
28851
19828
16568
15978
15630
16663
16309
21020
20120
13025
15929
15929
15665
16865
19314
15142
27784
16936
14166
13713
26718
23671
15095
14953
20421
12913
27333
15921
15356
27292
17033
13975
33171
58288
15742
16464
16077
17865
18293
14443
21279
16615
15915
15308
40747
49002
40227
18402
22794
24701
42898
43024
16474
54326
27667
49046
21515
38666
17975
15121
37571
15436
32676
17049
15306
22053
17090
13669
16606
34657
17970
16900
24725
13050
15435
16312
14063
20224
14460
16002
17374
41597
31704
17361
37339
14951
15655
16484
16239
15536
15358
44921
29979
72327
26262
15041
84717
48728
16130
13632
17332
14638
17535
18022
15857
18997
18610
19031
21392
32510
52650
43246
14425
13125
14946
20405
20533
17365
21998
27126
20568
30430
19469
27562
21313
30321
21471
14115
14364
17220
19736
15877
16244
34907
17272
15043
17001
18202
17222
19911
23802
24615
15281
54257
25524
15986
35305
25169
16907
34179
19903
13112
15555
17336
30642
14964
23670
16435
13992
15004
14008
16777
16137
19549
18270
16132
12794
16401
14922
14031
23210
16165
23104
16906
30281
21391
16279
15999
30138
32610
40218
44541
56846
16480
37931
14449
19870
15655
20524
16572
13640
15966
28552
50821
29548
21930
15529
19648
13714
16997
16057
20601
16633
33105
22211
25831
15607
14522
14085
16217
26792
16964
22606
34036
15185
26920
17269
18478
14995
17189
18057
37913
15244
20116
30334
18585
18092
38704
30996
14941
20575
22117
13555
19143
23719
14264
12765
27021
16624
47818
15037
25488
26853
15804
36603
19462
39248
21700
33320
18793
38666
28413
20705
13033
15870
14870
15438
39131
14602
20332
19532
29164
24682
14426
16986
14711
18941
25952
20993
20710
20153
18915
16601
35290
14685
42213
13478
57956
17275
48731
55785
14092
16374
30673
18789
16926
44501
15905
21845
15889
32927
14860
15431
15817
19947
16332
45216
16006
15954
29683
21707
16148
16878
14146
21617
13988
50920
23657
17005
18985
18053
33481
33508
17741
23139
29601
21547
21871
18462
20532
17767
21806
21824
17132
20929
17614
19598
22750
13379
24063
21126
15517
16921
30386
50251
14053
26439
39429
17766
17848
19806
15317
13605
17663
14091
14029
23556
15438
17371
24133
15076
19946
32446
15608
15292
38896
14940
44584
30437
17765
22990
15669
19886
16705
21093
20552
12511
14686
31856
22752
23087
47277
115529
84292
27525
38629
14188
16499
21373
15135
18638
17818
28179
14452
13747
39908
15290
16382
18689
37985
19809
27463
21713
20202
19346
17349
81330
15744
26301
17073
14580
19679
36666
23135
27051
19539
17507
23581
20515
43086
38418
16105
18831
14695
16881
28886
19866
18994
19885
18675
15527
15762
14406
14440
18978
23914
14673
13925
18500
31793
18704
14610
14984
22423
21130
34824
17701
34238
16149
20700
13425
25782
17371
16308
25255
17836
14132
21852
17055
16617
13662
19707
17696
18282
27295
33339
13864
13216
20954
13440
43848
24759
14572
25077
32935
22095
25741
18174
30335
37323
22969
13425
60922
29570
20180
20034
25671
20164
17150
20062
15865
18354
39830
18208
30131
16526
15020
23498
13807
14541
15159
19518
21615
45663
18873
15010
34742
28888
15682
14374
18198
14871
17722
22673
15784
14740
29121
16515
13228
18095
15516
26435
19056
54723
17436
14813
17056
15072
24319
18129
19074
28272
14375
19267
17492
15459
26720
18887
20927
54505
15449
14849
19268
16867
32553
16003
29039
25199
25308
24493
13128
33015
33012
45757
29992
31511
18333
25220
16426
24127
28911
14815
32718
16146
26463
15063
17437
22697
17583
14302
19122
15914
15464
22648
29595
14760
14774
41225
17364
16694
15101
14590
19922
17856
12353
14541
13483
15950
18036
35126
22755
16174
14552
13458
14540
31153
19505
95440
17064
61993
14887
18975
26666
13720
21533
33797
26670
21323
22058
33940
24941
28866
29322
16271
13605
15825
15228
21465
14748
21870
15651
18954
27495
15779
29258
15688
21314
28584
17393
15797
27432
47860
35354
33968
18710
13731
23945
24717
44235
21051
20796
13337
20511
20554
15289
18227
23439
14147
13959
84851
26267
14076
24316
17328
15519
29277
50466
71609
41126
17015
14987
17097
19021
19449
17553
28272
15924
13750
30501
28805
42473
62595
17684
23395
26101
42186
14687
16254
27149
51294
19019
68494
48451
46171
58965
16039
24737
67966
21114
22127
17176
36142
15443
47020
19808
18166
28345
25588
18084
21494
15189
23972
14907
29234
18641
29010
14964
35383
14871
14773
24169
15601
36036
21542
15346
13995
28522
20736
19707
14503
16046
14380
27910
14993
15200
14872
17869
22278
28168
26591
20750
18016
30423
19478
28554
15945
24155
16392
16419
28541
23236
33723
40102
50252
43288
286659
265115
60401
15318
32150
16463
16657
48065
19646
15024
20219
15237
19048
13032
16756
23348
49515
15187
31623
56343
15291
13570
15129
32192
25388
20437
19005
14956
16799
16746
18745
17718
19969
30018
51512
17841
21027
17721
28834
19642
17201
19515
75883
37450
39506
20641
30105
25304
12746
40271
20471
25999
19468
39188
30298
22440
97968
22976
40529
19619
55032
21422
54609
56800
12575
28618
13646
29498
80672
15556
35155
40410
43177
14516
27598
23713
15895
19733
13485
48691
75211
26996
35460
54769
27217
51742
46642
45037
20841
33694
22267
29685
16236
28574
25641
50610
38091
25230
85826
27648
43741
18226
23347
47336
17603
32894
69676
85718
18233
14445
16398
13165
13891
24943
18960
20563
15969
42776
19219
33009
21371
35555
25970
14909
16643
15394
15217
19467
14388
14399
27513
26526
38756
17324
15716
17506
16357
20833
17574
14210
54801
47978
46302
72847
23440
48165
15047
56783
56392
22335
73610
90639
30887
37005
36181
12997
20694
93405
48094
63600
43105
25367
18290
14553
20453
16123
35686
26278
27725
64022
33870
15998
17145
16150
57021
41616
15845
14243
14453
14886
33983
15310
15163
13914
19414
17727
12964
14256
15911
15728
15225
13045
21301
42886
20000
16402
27831
21769
14565
13934
23019
14613
15207
13025
17835
21174
15737
13819
16901
15603
17672
20173
44866
16215
13757
14944
33125
15637
15289
15750
40119
14127
15784
20798
15552
16129
14187
18628
14305
22697
23697
15995
13540
16542
15212
20684
15285
17334
24907
18056
16540
22065
25705
13385
19183
21599
14351
14850
15025
17075
15651
15492
14681
17963
18911
32483
15089
24929
19072
13316
20860
13467
32676
22945
14080
22335
14658
22811
18730
19434
23747
30776
24287
14407
22887
16042
19616
39400
14199
14783
29250
21659
13662
18496
15737
15336
13269
16565
38299
17911
15001
37454
23543
17140
17874
14331
16982
21712
15434
18671
15096
12947
37477
31042
41190
18656
29365
55952
75561
42610
54193
21159
17647
21833
16797
13073
16031
15042
25123
19335
18684
26880
17879
14087
16626
17579
14960
41209
23818
20194
14932
17804
19565
14083
16077
27726
16754
32566
20769
20037
16809
29105
48120
32443
19008
15776
19998
17021
14593
17696
17844
13672
27551
43515
17278
14654
19812
18922
48961
18987
30840
46441
71392
20745
15203
40738
15963
45447
17643
55314
14883
18872
19059
29442
17319
21982
19980
14144
15866
20968
26483
67499
99735
16120
19280
31147
19691
14961
18143
14988
13870
19080
15207
52853
14394
15684
14248
24446
30212
14246
24055
13729
17142
24634
13557
16149
21876
16967
28022
39176
38743
15047
16970
16003
16560
69376
15556
33358
55294
38916
34301
15793
21195
25331
16682
14654
18171
25368
15166
234091
18876
23811
14844
18369
15346
17089
20114
23208
24601
14090
25542
21156
44063
92091
70015
80409
36929
49956
14986
30217
17056
16225
28375
21298
14541
19170
18159
16457
15017
15610
42413
14467
12870
28376
24024
43966
19100
15766
13992
37909
30426
30105
19673
20315
25869
40534
19662
29403
20199
17317
20231
14583
26515
13415
52661
27592
13954
13673
18267
14012
42880
32173
19660
27068
21835
16784
26631
19856
16869
15282
20162
33052
15299
13977
19717
60254
15992
92370
19629
15876
30479
13461
19501
15968
19312
21208
16873
18618
19334
24857
34547
18131
16475
15478
19596
16552
23641
19338
18837
33699
29009
28814
16484
17727
34418
15607
18976
28610
34607
17142
23304
37411
14365
24125
14121
14494
17376
31987
21859
14752
22915
14913
16035
17265
22976
32943
20817
48397
63332
16126
17631
17936
14107
15609
15411
17343
19758
19734
17787
19777
27584
56049
17266
16787
21410
24571
25715
22000
14521
20970
30320
53291
32129
18910
22446
26981
17497
15765
14380
17688
17172
15957
20593
19428
33530
22265
19589
16815
19701
15154
15739
14222
13517
28374
26865
22916
23150
14293
15823
14420
13346
16609
44369
18490
20158
45023
11968
22185
20039
22043
12564
15182
42945
56292
18799
12864
14763
36734
23489
13559
19504
21737
15732
34223
18909
14704
29259
27311
19164
16201
22626
14786
13658
19150
26024
15142
15820
26271
48801
18122
14612
15836
21256
19622
13703
16591
28240
30298
14489
44988
15809
19120
32315
13021
15093
20326
19751
17245
30582
30201
29573
32871
16803
14010
15258
15939
15011
16208
19910
20655
36001
16409
56675
19184
15142
23874
14454
15395
18157
15899
13745
15583
24940
31335
22070
30078
13293
46705
49175
19514
13560
13973
21731
31564
23907
22049
13009
25532
31531
26885
13613
15347
21186
16206
17553
13947
15250
22248
22829
20574
34804
42307
35435
14195
20603
15958
29771
42827
14124
14393
17129
28546
12967
15113
14203
28146
14746
15363
19837
26936
15252
41050
15479
16866
15245
19932
13613
24095
17021
27889
34756
32553
13226
18292
20324
77756
65886
110542
93635
123892
17747
35150
41642
19841
19342
63025
85920
50284
50443
56781
50573
15315
22624
19209
18000
14453
32898
34020
18419
12802
21027
16324
62626
18518
16462
14667
19992
14382
20248
13603
49229
18908
23292
18670
29726
14105
33191
19911
20755
17653
17789
15401
20072
18191
29184
12656
14806
12520
15806
14048
16875
15787
27385
18399
13167
21759
34237
29429
51082
18976
16866
29523
16369
19502
26675
14092
29040
20366
19895
24973
38272
16885
12585
16022
14931
14389
28319
18194
11932
40202
27806
18765
28883
31231
12870
20743
14326
12927
15110
21343
13870
22460
15755
25741
41556
24300
12578
13921
40553
31535
20974
13750
23370
22945
14303
18645
23401
14764
25468
19911
14866
14719
13556
15913
27141
35521
18831
14389
20742
29329
17638
16030
21827
14088
14152
22941
12436
17154
19059
29410
17766
12977
42964
15981
21484
13780
20080
12475
15460
13421
17354
14778
17725
18454
23139
23114
16449
14179
15146
20706
26001
14746
24590
17440
13256
13863
22249
16921
15232
15846
17139
15339
47264
13471
22991
37681
17173
52997
39771
26831
16797
33753
17190
33279
13723
15059
19705
23980
19368
13659
21555
25775
19587
27730
14963
22360
26542
12476
59412
24503
25266
20974
27656
13345
15539
14173
14360
18607
13886
43657
18551
19162
35788
24003
14717
23369
45950
17737
47588
15136
30053
24864
16269
15264
39868
18949
23155
25266
14663
23610
16935
14740
28733
26354
15670
24503
17829
15819
17390
13511
17116
26590
15979
28620
15750
18234
31994
15636
16497
15027
23550
14038
17366
16846
18874
19660
22143
16055
15744
20771
21756
14545
16573
22677
32677
37068
21689
27160
19741
42243
35581
12654
15019
19714
19384
26419
63447
33058
56200
53356
14616
20309
18806
25474
26187
12970
13992
15473
15471
12281
13698
16976
18886
14140
40105
20991
22273
13132
14380
15143
18663
21198
21579
19951
35608
25866
24984
25499
29673
32108
14201
13966
22024
26905
22989
14906
33512
25515
14749
18118
22200
53661
17489
21342
15432
15238
15273
27738
24845
14195
16006
33763
13286
16174
33170
36047
19374
36064
27218
17579
14373
25560
17232
15608
14833
24858
16588
39014
31331
13668
18008
19146
15037
14373
18085
32983
22185
17595
17344
24937
13163
24539
16655
14374
17910
18213
20059
15941
23117
16181
13559
41190
15640
14322
13320
18449
15292
23801
14497
20793
22451
24027
17096
20329
19531
26259
29289
13044
24479
22497
13497
18238
15784
65148
24402
23060
42998
31690
60633
37872
229335
80793
16847
18865
20964
14483
13522
26244
29370
17244
14398
20305
24818
19065
15062
21104
19192
15885
30170
20943
16652
25607
20677
21054
21296
28152
19112
17315
17387
19246
15934
18384
16703
20135
15313
15257
23689
27463
29531
23893
14664
31298
15865
21365
16071
13957
17363
16434
17703
15964
23274
19413
48692
50929
16430
19760
14001
17853
21128
13897
15622
14178
27679
24721
14055
19388
14276
14923
23659
31002
14921
30593
21127
24163
15591
19794
18436
15148
18147
20666
30102
43008
16950
34301
39739
46936
61138
15281
16609
19271
17687
16174
23610
19212
18999
14896
31160
13260
20551
16135
19063
17756
14738
15466
18972
24121
13937
14851
27908
28255
19487
16705
17979
16824
26254
18282
14947
16093
14547
17197
32685
35901
18636
13950
14479
31160
18775
15231
16203
28620
52202
13512
20930
31307
21687
40461
49674
29289
32230
109465
29906
17746
14303
16535
27619
16425
17459
22022
23560
25734
39934
30357
17192
22736
15831
24290
26897
24041
30379
16639
30995
14225
18470
15891
19681
29593
21334
31280
16971
36421
39150
17303
18041
18404
25111
15328
21145
14092
26874
16568
13547
27816
17009
25002
18699
17898
14507
40800
65490
24980
41433
27364
63412
27522
21311
16549
14621
15447
20568
14392
14186
24405
15918
17898
18203
22193
16416
29887
32845
30576
14051
17225
28224
16172
17486
15585
45409
29125
44632
24622
20083
30997
17803
17600
31219
17326
16669
15606
30751
29330
15484
22778
23803
13034
27096
15897
52968
27635
18498
32029
16593
23170
33209
27558
15192
15960
32366
44739
12785
13224
14723
12729
18375
16411
16822
14602
66982
18309
15848
20138
16666
22812
27768
21040
24914
32208
66250
31432
19889
19833
16698
32355
23444
17505
20956
12705
14509
14536
37282
28707
19145
12772
44245
40806
38697
14049
16594
21335
20454
16999
16544
39447
24300
70063
14708
56367
26675
23981
35191
15440
20259
16879
16295
39741
16047
16192
14411
18113
15221
19460
23139
16976
36500
19429
14847
38182
65834
17570
35948
20183
30644
15845
13460
30436
20251
47396
46437
39186
40557
18210
27655
18902
17524
14750
14461
18953
28662
13724
43179
43312
18629
37726
47313
13989
33714
45410
102884
15546
62745
35106
55752
33525
16114
43549
14268
14897
19180
32567
40095
14682
18168
20222
20806
31950
21927
29046
16991
17578
18871
21168
15164
18163
34401
15370
15642
15561
27849
20532
20532
23388
18980
14308
17856
21907
24732
20889
16853
16053
14423
12662
13726
22880
17087
30250
23902
48531
43962
17442
20394
32493
29547
16679
13659
17627
14820
25136
33643
16063
15580
28776
13576
14415
18435
17592
46384
31084
14255
19046
15935
27687
21266
13984
17004
16796
13080
17299
13350
24843
15681
16620
20284
15211
33434
17473
33107
13461
15306
23959
19048
24363
20568
15008
23499
38233
20666
15639
26107
14203
12981
31395
12381
17083
14719
18754
16844
20416
17292
13985
13327
82830
45820
20099
18206
18217
77926
72656
48902
22481
18309
16573
15756
17245
14771
14920
13482
15010
30408
18995
66526
30556
18099
21077
42731
13130
14665
15185
13431
15549
15695
20844
16723
14414
24686
20840
13103
34646
38975
28645
23955
29300
23519
16276
19034
26013
19932
29395
16579
51166
37291
13161
19751
18384
25814
16180
18340
14897
18218
18420
32132
21322
12879
20174
14157
20560
14820
19750
21479
16290
16669
25838
16744
17029
49887
38413
45972
40570
72072
15910
27841
16233
26411
20714
19396
24331
15901
16377
15825
35839
16482
29922
13978
22533
15134
16075
37291
19121
20106
16729
17261
20010
21215
15486
46721
19605
17761
14799
14496
15644
17942
26521
17174
17539
24113
15938
14381
13766
17060
18535
16872
15908
20976
18230
16229
20793
29237
18349
14593
22225
40961
18654
22152
16719
14956
16114
16555
24520
19753
14714
17747
19040
14786
16360
16973
15753
28072
16448
37144
44369
23296
42151
21181
14901
19549
17325
23722
20450
19378
33966
22607
71461
15565
47532
50414
51671
69606
24248
42829
17608
16519
14549
14551
26882
52046
15094
18374
14290
20487
34210
41243
14287
16904
15025
14794
15471
20107
15858
17245
27106
16873
22501
15882
23713
14798
53261
22212
31570
26234
15174
23644
22720
37500
21552
14604
16687
14861
32401
19430
17358
41564
19032
29178
54057
24771
16234
41270
32031
16765
19218
24796
19199
14780
20068
14276
17469
14477
35352
20803
15768
15253
17295
14685
18057
37170
58884
27820
41975
45182
16726
19854
35967
25636
20721
13826
18280
22537
24221
83719
55299
44283
48672
45273
51500
61557
69799
41197
52641
80324
82945
61294
122526
40759
59860
22013
106904
22514
20275
36390
32215
34391
72825
24757
42958
20032
81273
82649
49008
49145
67985
26148
23989
138960
61837
37733
73867
142974
43458
230626
52068
45564
67654
24663
13400
47016
17903
93379
15792
60381
22904
63754
41893
46387
120443
156790
89309
40129
15809
13647
15367
16947
16558
33675
68740
48623
30519
84074
32974
28075
19921
17759
27968
21332
50885
35463
15779
23573
31742
23187
43034
17008
22985
32968
20124
43556
19152
20171
22420
14956
29984
18927
25278
34512
55579
24343
23462
31618
17741
13260
36975
30998
26638
65825
14077
15898
14444
43785
16670
17704
15595
74178
19293
21699
26153
44075
14844
18340
27280
16585
50445
20924
18148
50579
20040
20628
24151
17306
25776
14882
18901
32720
34592
60833
15266
34146
47545
21964
13951
38289
19891
15969
15232
36122
104310
58211
50196
61502
15453
15278
14734
19736
17500
13159
18267
17344
22581
23966
14833
19819
20040
31734
19715
14183
18630
25728
22204
19775
38881
29588
20703
47521
17257
14938
15057
31337
48577
16009
14104
13156
27391
14519
15802
13894
16966
13575
15688
15293
17659
15194
15719
18658
39516
24510
14926
14192
15001
32956
27096
19910
15998
20702
37952
33384
42402
13749
38252
14394
30542
15084
16447
16880
14297
20695
15197
40965
46183
14116
14882
13565
43899
34473
17696
18978
24011
14734
15084
16439
25454
14149
15095
14327
16495
25217
28970
22321
22489
15158
18634
28299
23321
14832
14645
18617
18837
15705
15509
29520
15371
15476
15940
39385
19867
17079
13942
19750
17520
17588
23363
18333
14552
20583
14438
28807
42785
16867
17239
26829
20497
15786
32451
30136
14672
16140
20371
31631
33593
19535
17035
14337
15181
16894
24671
35170
43199
15579
19666
60235
38068
14688
17308
14682
18635
27072
15690
25273
17137
19429
53151
15302
63803
13524
12593
13038
15117
25042
20035
15032
25987
38146
39811
29113
21773
19944
16438
22434
14568
23480
43459
19077
14186
21103
24708
32853
13718
22237
17403
18162
14156
21539
13851
21264
20721
15004
24465
21820
16044
14645
64112
19311
20318
15898
23576
15401
15081
34236
15568
27785
18042
22350
13956
24500
14696
28519
16877
17788
20453
15865
13089
18436
20615
17858
14621
16654
21939
14285
15242
18924
15067
20719
19079
20389
32740
25937
22911
62263
95580
48411
20025
32199
20684
20806
40440
75453
95435
17501
17572
18694
31751
17883
20494
17982
16319
18824
16261
18477
13669
14132
16405
28823
14658
44967
15984
17975
14938
16128
20921
57460
18993
96147
17533
62350
17620
28570
58233
16848
16599
18193
37411
100665
16443
15896
23474
29285
16186
15871
17084
48620
33864
19210
14841
19486
15512
57120
83427
17220
17994
13796
14945
14719
16942
15482
15848
17612
14471
21515
17905
16769
13687
12691
14676
15351
16867
23682
28904
28671
16562
44532
75842
18138
23707
19659
34467
15615
17841
32324
25957
19193
43545
17740
19906
24986
17624
18067
21089
23904
33878
25044
57175
13446
15472
14491
22143
27357
14098
22305
17971
19489
58010
44775
63860
24671
19901
18605
17441
23768
31724
39892
37292
14500
15615
13656
26385
17929
14312
20458
14610
16992
36941
15137
15569
15821
26905
27794
58268
15237
36633
32734
15895
28614
23423
17666
15725
27040
33191
18580
20746
21177
34223
26051
12478
19768
14990
14414
25780
39362
16061
18394
24097
29835
21245
30954
36824
40834
22711
50946
21621
19924
16607
14897
45157
53523
13441
15654
30872
23169
24904
28954
42760
24369
30290
20560
16224
20884
15522
19701
12759
29240
13327
19016
35214
14707
18483
18739
13436
15031
17354
16012
22720
19578
42468
18645
16202
21241
14853
20917
41904
45174
56561
27038
41793
109169
55795
58302
59615
46104
33743
27585
17041
49631
42606
17550
18118
21156
20009
13766
17042
34291
15082
13647
15110
13595
17342
23825
20331
16054
49605
60881
13627
17889
16330
16663
17346
13518
14308
15527
28170
35790
16750
33299
17383
19074
18295
25464
40379
12641
31162
19021
14972
21102
13570
16360
15849
14275
20854
52621
12818
16241
29316
43955
17160
16126
15642
29838
17807
41309
18309
19925
18774
16977
19043
15437
44265
16041
36464
22630
45624
13556
18372
43136
52831
14532
17971
24732
15277
23501
22889
17196
61117
233096
216319
65677
71967
22582
16550
17304
22243
15493
15092
19207
14489
18514
24667
22167
39629
22350
16603
14315
13834
14970
15261
13992
15415
14350
17011
16520
15297
18944
18740
16934
16482
15610
24830
14760
19163
15201
16236
18924
34693
27401
50484
22757
36326
46346
14819
26705
17230
31277
16225
17878
17000
16037
51197
16665
19034
16959
19202
17755
15129
25417
21717
24979
20426
26619
23861
18641
14339
14124
22615
25820
15300
53799
16546
14699
15419
20078
21629
14618
43031
32714
15512
16604
18935
13989
17348
17515
25702
14236
16081
37056
28704
14543
25385
27540
35681
16831
21035
15093
17634
17753
13082
20330
12489
22298
22821
15981
27942
18163
15271
13681
19315
13904
15182
13063
38634
78801
16377
28723
16935
15145
30888
26684
48723
18701
25595
26545
16512
19277
13138
18467
14890
21170
32273
56737
17965
30838
19133
15090
22537
28501
14804
18117
18780
15754
23195
47101
20335
17855
33003
17647
20577
15199
16989
20914
19792
14466
24406
21970
22944
19918
19459
20210
13890
14424
18088
14164
25712
27376
15793
15356
19130
16937
15130
16211
23399
13818
33584
15624
14759
39450
33194
15180
13827
15013
18727
16916
21904
18475
32933
16486
19272
13241
22809
22112
20216
24339
24794
33401
19412
13784
20316
14702
27917
13589
16044
16038
44719
28658
13839
21496
14887
12966
15131
36104
23723
18091
44536
15423
14225
26971
30691
23087
12793
18630
14733
29734
27466
14728
20008
22488
16835
28975
32593
14520
22418
29145
13754
18946
16950
20873
15815
14504
14329
15196
19216
15342
18719
21710
16272
15818
21038
14233
35851
28551
22287
17463
13640
71253
17412
18468
14842
17058
19708
23547
28335
29871
41037
22594
16232
16697
18639
37599
24286
12829
16641
17195
14624
20262
16301
63618
27329
15357
13912
14628
19973
17060
16739
14161
15041
22238
16796
17623
15847
17446
15388
26377
15641
14944
46537
59573
19539
15709
18033
13588
18946
23610
28288
24146
19994
20436
29889
18020
15243
26948
25177
16856
16623
28028
21638
18173
14481
14866
32862
14775
18603
17662
41647
18494
15792
24250
21481
26978
39230
16141
13769
26439
34486
15255
13682
23251
14334
15276
30273
15826
20132
19114
15907
16160
14939
22374
28768
14112
18446
15974
27466
25739
27220
16254
19160
14887
19444
24108
43716
14077
14343
16418
14162
26788
18115
18698
29287
16240
18287
14520
19396
17639
17602
15214
19107
17239
23407
14648
16519
15322
15229
44187
15394
16429
52924
41309
25735
13728
14161
14511
17478
31843
31758
17923
21108
15735
17228
19934
16324
32762
14727
25693
15049
16549
20431
18365
18340
16762
17756
27896
21125
16124
15322
18729
16758
16713
15232
22334
20364
15126
18795
46010
15590
18597
14666
31990
15847
14793
18280
25547
17426
19682
39991
41368
20704
31127
34846
13195
15103
15067
14478
17793
14203
42800
36948
76029
25289
29908
59286
64108
87162
33735
70436
54079
25818
13383
12570
21420
45025
15383
14407
18789
18690
20071
15125
16675
17572
39114
17125
27168
16939
13421
16822
24544
26762
17086
19274
20514
16339
15752
17462
16469
17389
16549
27041
15204
41145
32115
19363
18387
26049
33294
16455
19673
17625
12788
15490
20096
16564
17365
20168
30689
41425
14856
14449
31418
21079
67935
24375
14303
20959
17530
17000
26327
16224
13748
15349
17981
30151
25103
14841
14986
19186
23391
18160
38830
35933
17170
24102
35095
15054
16087
20172
14536
25981
17446
20590
19376
30587
22757
36129
31331
42446
15994
18764
17002
45046
26728
19133
24716
22249
21153
23834
36378
32189
17280
14743
18686
25938
15367
15952
14032
14581
15356
17847
16863
20390
21379
49410
14509
19214
16003
28000
13493
17328
22803
27960
31143
19797
32988
13944
14986
16508
14074
19154
19615
13977
17312
26487
14832
15704
15391
18658
15119
14403
13736
16643
23449
21895
13508
18984
15595
20679
20335
17976
14728
16365
23653
26867
23169
14564
20100
20373
19502
14301
22525
26315
17059
16463
19519
16959
19060
16247
30936
17364
22957
16094
14645
15942
16975
17331
16319
23016
22565
20525
13953
18238
47912
17116
15028
27613
16503
19716
14747
20357
17038
20983
18101
13310
24273
18099
15089
18076
24844
12998
14343
19646
15834
19625
22742
16111
18684
17495
17408
25738
15747
30878
60870
41507
19099
21951
19087
27477
17737
22746
15727
19110
13077
21180
22689
32264
31543
19606
15275
30994
47760
36302
94976
56295
76905
46051
18602
81313
120086
22343
56338
56166
72917
82098
64212
92270
15170
30564
46751
49139
16376
48720
25783
18208
52196
13597
27371
21615
14849
29762
29533
62471
20894
15178
50522
52850
19250
24628
39836
18616
15253
28760
29436
37673
43229
16635
46866
17087
58621
23952
23035
51326
21510
22890
19152
23733
20558
32408
51652
88969
19938
15735
30056
15645
17412
97631
23493
17845
14272
19976
18762
32750
20432
17573
16858
23643
15376
25712
25791
17352
23350
18595
22335
14123
16308
24410
24018
18566
43813
75079
27315
39879
25231
31327
13253
20078
25474
17860
16867
17488
37404
18777
24321
14148
15587
14846
14097
20494
49065
13651
13358
17122
15494
24046
18758
15332
40679
17081
28775
15357
34177
20811
34748
16702
39838
18863
15778
36342
15974
13480
15055
15436
14898
18891
14242
19096
24467
15275
13784
13971
18534
27583
22982
14949
17987
16744
28235
28090
15403
16915
18494
14809
30255
16172
33580
22874
18837
15015
15910
16859
13747
20940
25507
15444
16915
31378
30301
20039
19137
16618
15927
14557
14561
28432
19441
23133
46058
38131
22119
17474
14234
15726
27434
41087
40574
19231
13411
15307
39734
19086
23734
32199
16649
26556
19693
15132
37051
29533
21913
16039
24434
18637
16419
31130
14525
16255
15921
16038
22533
19779
14320
16465
15126
32007
64149
20875
33568
45453
31293
23254
15313
16216
13844
24737
13492
14846
19601
22965
19294
24066
24732
14899
20572
25232
22360
44113
20856
31274
28734
17898
20010
39877
15039
19399
44683
22932
12361
27631
16258
14149
14506
17944
28167
17737
16200
25150
16184
16361
23751
13481
25054
14394
17515
15652
19812
21804
32752
18827
28511
245884
17075
15502
30100
15819
243538
18391
19549
18246
16061
25181
15948
15995
19234
18701
18209
30106
16104
16081
14556
14029
30094
13603
13398
13151
14261
26444
40684
26322
55657
53190
81066
17883
18522
21973
17609
23074
13720
25955
14314
34731
20692
25233
16020
24585
16696
14970
16685
20743
24613
19019
31254
17700
12900
14203
38864
16741
20322
14635
24509
18684
14671
21963
27979
25032
22545
14622
14870
18168
17692
22789
24478
21995
19034
23505
14680
15672
14547
22975
22481
22080
41062
67884
16237
23357
19498
20680
16103
29076
23115
13698
14313
15117
20573
33283
31808
21643
13877
22355
16907
29297
24575
20465
19375
14574
34883
22194
21770
12899
24086
20931
21439
15728
17128
12879
23858
16775
24016
18283
17390
26983
17402
15329
15055
15753
42873
31170
15577
18692
16638
13321
52392
26166
15016
18535
38086
16041
21547
23006
21718
13445
14800
13400
14263
18284
29600
13902
26997
17750
19236
19347
19361
15347
21027
15137
34264
31670
13806
19682
28988
29556
14736
21278
13991
17826
20300
33575
23980
19615
34501
16497
20670
16316
17018
25040
15441
16071
14479
21182
12917
18710
28759
15786
36116
15551
21420
18943
14509
20636
15439
18363
14027
21655
26719
20522
16665
18055
15823
21649
44745
18421
21575
34358
15898
16254
27276
14375
25588
35930
59779
36465
21602
47422
14383
19118
21176
15106
15889
21523
17526
13579
12750
16589
21051
13574
14332
27609
17840
17539
22789
18540
25606
21728
20518
13776
19136
21254
17347
17963
16184
19914
21008
26875
17241
24183
18765
14468
20254
14487
39429
12739
31760
29270
23104
33337
45869
16260
19378
12854
17014
16216
15851
19872
12754
15876
31296
19151
23216
13828
18192
20020
17375
19436
16838
17995
24836
18768
18323
17211
17026
39615
13230
13948
26852
23794
17673
34011
15909
24648
26614
64008
18834
23729
14395
27624
18848
19300
14909
45686
22600
16954
31743
17066
16778
14572
23264
22777
15757
15471
15227
22169
26258
25243
17866
23843
13179
24051
15069
17844
16028
34070
18153
14540
29498
26477
54248
82413
15960
44278
31108
21844
38658
41083
13904
14646
19584
18572
19324
37822
23916
14608
17363
18873
22577
27297
41808
14473
16300
16220
13416
14485
16702
13973
13775
29297
18332
14442
13733
23097
20449
13154
37436
19819
17640
14349
16640
15192
25976
19396
16760
24252
21773
17201
35756
29734
16024
19231
12951
23839
18664
26134
23161
19820
15559
20216
16149
12853
13757
11602
14902
16612
29392
15129
20068
13695
35453
23773
20196
14199
30121
53072
14025
26905
20305
19502
17719
22400
14758
15596
36642
18822
36742
17854
28055
30691
14334
14041
15180
16436
13009
31465
19771
43198
52172
26897
14585
16280
14196
14364
19001
26616
19801
35491
34545
31251
16144
24118
24615
31141
15808
104987
67730
22468
25554
33353
45747
16443
20770
22893
16341
14654
32646
23466
13120
52750
30346
58689
23356
17760
29882
19404
38166
42261
20921
17189
31760
16347
19095
39587
23499
24927
38982
78830
35797
17233
25768
16284
22786
16931
21283
15096
19900
14114
14627
17934
34660
14063
17636
17633
14528
16340
22241
15761
22624
19493
34767
17294
19881
15946
25489
24976
35217
14706
18152
34632
20946
14820
16164
17624
19236
13864
16370
30191
16161
17634
24763
21913
44888
21642
29942
25578
22021
33988
18410
15582
18576
15375
19645
30515
29947
26290
20837
14023
36000
21084
29979
15733
27968
14976
17608
24848
17117
21377
44786
30393
16963
16131
22275
17829
15719
17842
20682
17366
37466
16906
27175
16055
17674
15627
14496
21495
17398
42668
16179
20635
27780
16118
15289
18974
24849
17854
25758
16019
30550
31290
25195
21566
29483
15947
14896
29336
13676
47258
23814
32967
19652
14885
21363
20369
17000
20932
16425
15250
25112
28191
35912
31926
20822
25351
19572
31346
47158
22313
21675
14542
29031
24974
15542
31127
17608
15907
23193
34456
15010
16971
14331
22920
16179
13317
30948
13608
21791
26250
14902
63628
18044
16637
29035
22987
15777
15671
28240
17726
33898
21853
22130
14009
80137
33603
27419
15935
18313
17874
36056
21387
16753
54255
14381
15696
19691
14107
25304
18074
60524
14211
22056
28254
32168
19572
17173
20213
18206
18819
16003
28881
24271
13257
14475
18779
18912
12579
20082
15095
16187
21342
25842
16824
15364
22172
34272
13932
15146
30889
18275
14346
12956
25166
16705
17689
18136
27138
44596
37473
22298
24215
15042
19604
34436
19675
31241
21408
16082
23243
21502
21369
23686
35712
17726
16330
20508
17635
15623
28564
17577
27374
19784
18309
17483
13731
22547
31585
21439
17174
17154
30104
20103
17766
16779
14053
14509
14925
62431
24269
16497
45820
65511
89665
37985
21832
60354
20369
17045
27667
57745
50265
19706
19611
20701
15786
23644
30630
19247
48803
17017
46998
55289
30833
48983
18640
20978
36570
30395
13058
21440
31711
19822
15015
14493
19082
35682
23558
18894
18836
23309
15915
16011
24666
50642
44686
31732
15801
17469
19367
26432
36389
16425
26593
20133
38029
19497
31307
14223
16729
14199
19874
18892
24400
15796
21943
18684
16087
14536
25751
16993
20579
24971
52001
13403
13732
16830
28013
25007
19622
15024
15062
22780
33070
17740
21577
53643
19838
54416
15392
85444
18984
46421
18810
16647
25189
17045
31478
14419
15185
23958
17381
36999
16238
27879
41140
28503
13709
24504
28937
19373
31841
14125
17074
65322
92533
28910
22161
16211
13533
15175
13164
14277
23451
18085
15670
27471
29553
30536
15580
30376
17831
15078
18643
49983
15419
21415
16248
22904
25380
16717
19090
14899
21345
35569
54645
13703
22826
15157
24923
18352
20223
17335
17973
37480
22940
41328
41512
15622
15906
19170
17403
18364
13890
30817
53056
17649
19659
22274
37872
22503
15144
16159
22616
16951
26517
32660
14075
18991
16161
40568
48549
19893
14344
18257
31671
15017
22576
14089
20228
20453
31370
19591
15999
13953
15804
22988
15937
22419
15808
27373
14668
18834
15633
21606
14885
15938
15868
31766
22721
17498
35898
25403
26560
45317
18437
38221
45495
19927
77372
14948
90963
30738
72069
22132
24766
18517
38811
38233
21282
46710
16392
13749
17863
20508
18451
29627
18136
60065
61291
23063
23708
19452
16904
16259
19166
14800
13908
19170
17699
19708
15779
15152
18666
17447
16258
29238
21659
17479
19925
37100
15516
23130
31800
32187
38256
107409
78301
20606
40592
18689
17313
20588
18038
43210
49462
38355
17520
18937
16112
28367
22192
38828
74659
16973
14814
20531
16756
22048
17332
15232
18724
26096
27720
32800
15371
19298
21038
30124
18884
17845
23874
21971
14733
37593
16016
30630
43577
23655
34585
16966
20211
28020
22930
23742
27046
23526
18229
36081
68652
28808
26862
47743
18697
15809
23662
37822
23621
26517
27558
30969
16269
18454
26740
30865
14957
55715
46413
119094
27654
17881
27855
14743
60594
69651
48217
22061
57494
14908
26628
36306
30220
19819
111135
45119
29072
68454
34519
45560
20457
46534
54439
19351
34329
21703
13921
47433
14716
16435
20256
23676
16408
32927
15623
15425
18307
16142
15826
20175
18626
13644
24056
20810
14580
20124
30409
18208
21078
25591
15813
71051
44782
92854
19545
49329
43319
35352
37864
30916
44654
20196
18892
16503
30754
17707
31666
20662
15187
17352
16625
20301
14798
21587
18629
19599
20229
25260
65500
15117
21851
50897
15889
19400
18767
41636
22403
27303
225216
83161
79421
22410
16786
15110
33426
17333
15243
30307
36065
33231
19509
21290
21879
21054
13370
15322
16158
15147
17929
31173
17330
14631
33680
32854
24160
34224
17403
20117
18726
15687
18794
29876
18008
25919
21490
14919
29532
18776
27910
13247
229328
17233
15657
13209
40016
16526
14289
34980
15419
23290
61362
15557
15038
14411
18662
13476
14776
23713
18013
19215
14460
21418
48411
40701
22421
21473
30435
45314
219868
213309
25163
20311
46691
15535
15229
14570
18497
18651
36818
17666
20226
30839
14217
22842
32305
31570
56337
15429
21482
56135
19520
48822
14159
12106
21418
19140
15670
16126
37267
13271
33357
18559
19844
12700
60340
13404
22808
21594
34044
19816
18730
28525
19176
15590
26781
18801
37439
18619
21401
53545
16199
16412
15204
14791
24716
21953
16323
22641
15850
23781
27918
58230
106929
66192
20241
19787
22461
13247
18845
19370
13381
18545
22761
19186
19067
16817
23096
18303
16135
19373
20991
22912
27897
22869
18863
77644
86672
17159
18006
17109
15487
14017
27263
24010
20918
19380
21419
27109
24793
17469
17828
32780
29505
243931
142004
43521
14872
35385
15242
14261
25206
15150
14898
51075
20080
14941
17573
20085
15816
32411
22927
32125
44773
23326
68769
36169
50467
15692
28610
17729
14924
14511
15839
26444
13802
21025
13413
16523
21510
26605
37758
13878
22231
14260
16341
16007
14356
20407
18428
17587
15922
14842
14494
25537
26465
19352
15072
23322
14482
22826
20134
17668
20408
15793
13373
52582
25920
37628
14923
26916
15951
19754
13550
15476
48854
14310
14569
29402
13933
12827
201130
17180
22241
15622
13603
16070
23140
33439
16793
30594
24975
27647
14956
23553
28295
16181
16959
14089
19262
21911
22005
14972
13237
27483
17020
29682
15433
29873
25851
33490
65178
101582
45382
18929
23150
38161
35983
35355
31463
17127
24610
22362
30500
33595
60777
36098
63845
30621
13997
12824
76526
17901
16595
17692
14656
15832
36120
17205
18560
25944
26853
28563
93435
40009
21958
23210
16316
16525
24984
222841
100642
17923
15310
21953
15612
16915
22267
16552
21532
24412
44789
14308
15863
34190
16334
27259
24463
17069
14613
20378
12977
15695
18128
19888
18604
17026
32863
24383
21524
33345
37583
36683
15477
17152
31421
20299
15359
22303
14584
17530
13261
14374
31707
22093
16100
26533
16088
14203
24778
23111
44328
27818
21873
63404
64893
66533
45306
48322
13299
19646
15449
22748
19789
18040
26228
25711
18724
41620
25024
33608
14074
21611
22211
36076
17759
49814
52706
53146
25911
20725
17477
16658
20727
19287
20352
17718
17780
55597
20353
20952
27272
35429
17228
31032
18938
14807
19480
21777
14101
15207
18567
17618
15843
22679
18110
17858
22596
30270
28406
21061
18966
22944
16593
34623
27240
28104
17992
26352
21346
239468
28979
29308
60536
17774
28318
13828
17921
17771
16331
14051
16328
19340
22697
20837
20358
20490
15690
21220
19356
17319
14877
15275
34246
28886
22830
28035
14524
17933
19185
21766
18839
16837
15274
19728
33110
18553
34893
15658
18229
22177
27301
13767
16745
23907
38967
15046
31789
15249
17751
28700
32126
30864
27102
20737
39117
41111
20256
41007
13699
66697
103187
36945
49672
16165
29493
20311
31006
41420
71775
21089
51064
48888
22816
23507
14692
25560
16614
14768
20530
48477
18067
15945
16717
21219
14293
13655
22253
13934
27767
24363
20635
22275
20601
15492
16433
14663
18107
23864
13511
15270
24356
33752
22590
15629
16192
16003
23453
25895
14073
17093
18396
17052
13472
17817
41804
27572
17933
18624
27836
17213
22547
32699
46752
29231
40306
20677
32116
76060
59939
17469
70693
25718
32800
51125
326880
112114
24215
34308
14098
25180
23494
78169
61302
16484
33719
66261
21685
46026
14379
37744
49604
88092
58194
49950
15470
41048
30617
28475
19100
31715
15013
19893
27661
18251
34977
16816
34641
33010
99705
31548
70509
16495
76151
53541
54445
23531
14871
61589
36075
19927
36900
69018
21711
23182
21926
22560
35871
24682
55486
15991
21137
14201
16903
19201
18215
30881
23465
15196
22484
18856
17803
16746
32418
27441
16797
16636
25010
36260
20073
18453
14013
16563
55704
21099
17018
15971
17052
19540
24525
17180
16578
12881
15453
25004
36626
20156
48347
54899
26940
17251
16327
28937
15236
15946
12876
16258
24968
27142
14773
13778
35909
13942
24467
18112
20205
14504
15641
13609
30011
46539
15377
20674
38191
15769
17971
17932
18337
19299
28913
16040
27413
38086
22511
21220
25377
17408
13238
21973
14135
55658
31359
17412
22637
18034
22638
17477
52260
30316
32035
15924
57270
14219
19947
32416
32043
18893
16339
33812
16812
20927
24233
21491
20198
16297
37028
24087
13454
16417
28534
16170
25216
21740
28779
15805
53187
22832
15649
34991
15935
24664
14772
24861
15324
13827
29070
23542
15935
16011
18076
27933
15922
16153
34131
17971
17329
19853
29258
15208
18421
16055
20695
54246
15378
13259
15948
16688
15658
21148
14688
17550
17928
24726
14410
25273
34196
18273
57691
16937
24302
18348
16993
18857
20589
18635
33123
16518
21760
18295
34277
45786
33015
15838
19178
37881
20711
17114
30119
19814
26816
15787
20946
15940
13253
26303
54143
34798
27669
14570
21114
20777
19775
17756
29375
24545
16668
18322
15763
24879
21458
16671
19489
15155
14899
32815
18416
15348
51037
38359
41381
51002
14015
29324
15924
13996
19336
19292
15257
16339
17829
25869
12470
13548
14861
18029
24916
19373
40125
28915
14356
28759
16141
19929
51292
59334
17654
23462
78297
23651
124987
67802
43491
18626
135953
22821
126552
22851
30215
18842
65804
72712
45619
230005
101500
71900
64056
28098
68399
78296
16533
19141
50910
48890
32028
17657
17760
20877
20334
16674
36431
21259
22041
34217
29428
33604
30765
26861
32720
15309
36036
22651
23511
41646
71340
13954
20488
63989
28428
55451
31749
15750
16221
28499
13583
16005
14708
15742
32056
15250
33119
33349
35183
29789
22794
49981
18311
18503
15854
23082
20608
15848
21953
24238
21122
15373
15361
22033
17495
25002
14303
16469
32122
57717
19630
13839
17814
20812
22719
14971
15301
20768
20889
17784
22729
16828
16123
16000
18123
35152
27215
15458
15094
31172
36496
28908
16220
20647
24203
14112
18038
23011
16659
15872
26535
67116
68634
51478
33581
40394
30090
32689
31977
19437
16810
26438
15947
16531
26194
22297
18688
23734
16408
18418
22814
14761
14919
22980
18959
19690
26201
21099
13385
14915
27459
27268
17725
13243
15928
16773
20776
12916
25100
44304
