16729
15756
14874
19720
15524
14356
24639
18324
12873
15484
13993
13808
15390
17326
16253
14449
14506
14940
16532
15851
13708
18142
14537
27882
14743
15809
17469
16057
31447
19753
15331
17274
17790
14887
17022
16166
15220
14977
23989
14519
17974
20995
16963
15887
17592
17730
15691
18021
14292
20292
14807
16526
13675
14874
12335
14905
14849
14651
15789
15891
16390
17718
21577
14552
16140
16297
15431
15724
13201
17378
15122
27660
15280
14033
14051
21077
17443
17319
24682
16412
27132
35908
20989
14408
15158
17433
22718
16299
16433
16855
16264
13387
15398
16681
19659
15814
17231
19200
15780
31950
16400
15429
17483
16315
15139
17788
14628
15429
17194
19485
14553
29742
15397
24062
14358
15127
16951
15868
15576
16674
20115
18548
15158
14914
21815
16902
18435
15612
14724
14658
15442
16747
19809
19605
15760
15410
13709
14539
15291
13689
15830
16059
32453
18331
14701
17046
14812
17226
16150
15395
15149
18811
15453
26662
17633
14366
15576
17195
15387
14653
16333
19980
14596
13917
26350
18548
16850
14096
16283
25012
15141
15050
20948
30960
21264
14664
14205
19300
21569
33928
15240
16679
14498
17833
15463
14710
19870
23801
16333
15940
14316
18485
17159
17676
19441
14268
14144
15893
14996
14961
14168
14381
14917
22345
15705
14420
15696
16859
15876
21537
22002
15557
16880
14227
20922
15631
13993
16077
16886
15294
15148
16710
17205
15991
21396
14492
16110
14522
14280
15821
24021
14360
19794
14928
22967
20295
14573
19911
16990
16658
15660
15212
15669
18216
17085
15934
18940
13519
13688
16796
16018
13922
15711
16148
13097
20425
14625
23810
14324
14549
13375
13318
13918
13343
17165
16948
17217
13792
13425
14278
21653
16193
20381
15695
14279
38727
14453
14382
14856
20719
16604
22933
16479
15038
13063
14770
14460
15891
14900
17498
20013
16722
20675
15064
14478
14417
24480
19184
16513
16787
17242
16303
15688
14314
16427
19148
16694
18128
15247
14059
20197
16253
18518
15825
19462
17064
14857
14898
19100
25938
13398
13900
18633
13276
17074
14753
19255
15519
18929
15682
14759
18672
15407
15376
17037
19468
17870
14809
15321
15334
16606
14370
14243
17856
15771
16037
16093
15679
17603
16106
13653
15466
14771
16920
15662
24994
16358
30217
15366
16237
16429
14854
28745
15339
14395
24113
16313
18863
21886
15900
17432
26598
19052
16413
15054
14849
21048
21927
26836
22401
16360
15820
23907
15123
17732
17662
14428
27612
16726
30971
25021
16152
17497
15002
12918
19125
15372
23068
16987
16541
19826
18759
14916
14625
14009
14845
14122
16737
50498
21134
22173
14667
13550
18366
14812
16733
15747
13350
14319
18927
15162
25240
15214
19355
15242
15143
15722
14183
16964
22031
18503
17635
15648
17817
15167
14349
15996
14505
16903
15945
14737
16446
14213
16557
20196
16571
14830
14438
22225
22822
14583
13956
15593
15922
14442
17383
21763
15029
14909
13904
17705
19735
22203
13744
16182
23061
16267
15390
15377
19065
18100
14345
21922
17379
22864
26292
14565
13418
14950
14325
14762
19726
15763
14302
23431
14978
18408
19979
20549
14740
15953
15050
14318
14022
14977
14797
53092
18379
14157
20751
35369
14688
14678
15738
15956
25162
21785
23385
14202
17757
14612
17281
18605
13999
16620
15638
21513
16458
15591
17545
14822
16499
15671
15997
16805
14607
13773
14193
16235
21940
18356
14097
19013
15445
15676
18084
22151
16379
16699
13386
14439
14139
15519
16556
18197
14099
19117
23412
18283
15566
16150
13426
14746
14995
14514
18876
14432
16027
16589
13334
26698
15782
14000
18311
14499
13880
15962
19212
16233
16018
15449
20422
14680
30896
15352
13881
15280
21336
16552
18308
17389
14313
15281
14935
15379
15751
16407
21524
18797
19006
16091
17114
19345
16065
15776
17900
18811
18005
16289
14108
23561
14003
14489
15191
15015
19609
16316
18864
13950
16516
17462
15140
16260
20496
20149
13810
14321
17737
15221
14660
20445
14416
15189
22030
13883
16181
15197
16737
16394
16304
14893
13819
18821
13850
14793
19760
19625
18344
14183
16205
15680
18606
19671
15779
14550
16058
27867
17103
14198
17600
15269
22994
15861
14628
23369
17904
18235
19433
17109
27167
16987
14559
13870
16823
18310
24256
15342
14604
14811
14240
16851
15752
13918
13709
18261
22835
17350
14933
16222
25418
13626
22705
15795
16074
17339
18404
17861
15786
14128
17601
19064
15514
17276
21182
14025
16038
14616
17295
14844
16790
14701
16913
14842
17555
16818
13527
15138
17634
13127
13215
18767
15752
14535
25626
16301
25160
16130
17820
16890
13730
15280
17303
15652
15650
15867
24635
14356
15808
15300
17424
15275
16093
26330
20355
16796
14815
19868
15854
15713
18511
16722
15230
19904
25641
19009
13987
14597
23503
15224
15820
16402
17259
14785
17885
23505
31920
13929
15441
14106
16672
21264
14335
15995
18220
15086
28313
23088
20969
22541
16765
25510
15365
15335
19737
14592
17880
14888
28013
20878
15213
15322
26067
17081
20344
21978
13456
15780
16346
16988
18839
19153
14441
15785
18913
13743
38879
18723
16283
15595
21757
16318
29103
17866
22034
14827
16968
15205
29233
24066
15548
14272
17973
15245
16694
16755
13783
17060
14275
14797
15043
16802
18689
15318
26309
15214
13851
14536
15701
18623
15778
16052
16050
17373
13377
14429
18800
16141
18640
36167
15782
14524
22498
15863
14113
12768
24045
13939
13719
15289
16179
19155
24291
13768
15174
24152
24365
16350
18248
15537
16843
14964
16995
16680
16070
16115
16625
23062
13615
14618
16451
15146
21951
15404
18403
15136
15283
17822
16906
14818
17293
27125
16521
19760
18897
26267
16652
13821
14949
17823
17057
18237
14578
19315
23298
16744
16452
15220
14610
14188
22533
33140
18368
15219
15494
15510
14817
19341
14431
19917
20325
15246
23119
22307
28518
14103
24193
19585
24402
18665
13947
15767
18504
14970
22378
15826
15158
16513
16397
18469
15418
18414
20918
14528
13981
15823
13589
17026
15807
14307
19875
14854
19971
25260
19136
14023
16240
14139
19523
16024
14831
16883
13931
19861
20349
14391
14075
15342
14956
18059
14419
16864
16197
13397
14955
15106
17879
15236
26472
15402
16212
14951
22296
19069
27562
18545
15240
17833
18753
16461
15269
16542
15554
14883
23487
13813
12936
15613
15031
16666
14672
14640
14067
16849
15027
18696
17153
28605
22522
15607
15835
14890
14695
20012
31887
14320
16580
17959
15471
13242
13836
15705
18785
16700
14096
19683
12581
20104
20980
15523
17146
15801
15541
18040
15068
19315
15388
14867
16841
15247
14877
14536
15387
19489
15597
13627
16666
18065
17336
13933
13357
14478
14110
20817
41349
40926
16407
16555
30705
18294
16366
16722
19171
16605
20806
14588
14666
13677
19560
17310
16692
14028
15916
17691
25826
24272
27267
16016
16154
13810
15683
17252
18680
18252
16808
14979
15096
15252
14436
27697
14886
14995
16073
17065
22556
14700
20071
15944
23202
14773
16622
12947
13825
23479
13711
21448
29590
13765
13470
15127
13833
14312
20523
13385
15635
13600
15742
15475
14149
17852
17330
17542
18538
15438
15242
14565
15611
14148
14811
23575
21340
13523
20484
21943
20253
14994
16073
17491
14312
21847
31588
14974
16814
16374
16281
14180
15410
18681
19796
19461
21753
14453
14124
14435
14614
13696
20246
15225
23018
14565
17041
23042
19957
15146
15181
14465
14690
18751
14407
15759
16660
18413
15089
17402
17005
18948
16913
16785
14725
23340
15006
15914
53990
19397
13782
15357
30174
17908
17614
13964
15825
13703
17024
17277
14149
33434
18663
13795
14325
15177
23277
15202
14492
19993
13160
14169
14510
15376
18977
18438
15479
20308
14057
19870
13938
17252
14733
14885
21935
14439
17545
20273
14959
25199
17300
15221
23192
17164
13790
15294
16090
14937
14194
18378
17050
23141
18162
16173
16418
33245
17382
16607
32640
14789
18185
16648
17491
18182
17407
15611
15453
17409
15644
13996
16176
14633
15382
14932
16028
14577
16875
16451
18832
14595
16863
14051
16297
19353
13222
22252
13838
17714
16938
19139
27285
19833
16094
17320
20387
17851
17673
29019
15105
15062
15796
14269
15890
15485
18284
19496
13391
14938
14111
15246
16098
14817
15324
18994
16894
15490
15594
13717
15277
17402
22478
14487
19198
21808
22351
15446
17116
15503
31887
16464
14632
24164
16722
16976
16185
15725
30265
16084
15145
14971
17116
14187
26047
17544
20518
14494
15155
17570
14530
16713
14007
15785
17004
23428
17764
14664
14379
21049
14928
24250
16522
16593
19229
23457
13366
21250
15204
14269
14767
14405
16058
14776
16242
17375
18702
16251
26765
18534
18956
15722
17810
17799
16205
14700
13867
15957
17228
13386
16231
14727
15554
19365
13999
15222
15270
14489
14521
13641
17597
14541
19156
20908
15174
13933
16242
16378
20125
18525
15320
14619
18112
15352
17927
14527
15840
17231
26309
14647
20251
24210
16153
19278
14389
14383
15721
24428
13279
18618
13343
14716
13957
15628
16577
29963
14484
15039
14985
14672
17050
18464
16592
19016
15094
18714
17333
18129
16489
14129
17852
16649
18961
14078
19812
14401
14506
17714
23976
17451
15400
16045
15372
17717
15961
30526
23745
14475
18468
24034
16132
14527
13856
15560
15288
17170
18029
15159
16251
14940
23913
14015
15297
15068
16456
23488
20078
21674
17164
20382
15650
15426
25426
21842
13688
22966
18477
17547
16501
40191
18362
19284
14715
15080
24944
29367
16929
16635
15669
41481
15631
15824
15365
24264
43459
14299
14865
14507
17286
15587
16672
23783
16789
18719
13014
20252
14784
14698
14254
24367
15529
16491
18290
15883
18586
13911
17009
19859
30659
14338
15149
19920
14924
18023
15823
14508
15420
16350
15175
23257
16625
14554
20790
16927
18668
18358
15377
17677
19392
17558
16779
13955
14070
16395
14263
14277
14918
15688
19962
16599
21788
13552
16368
15274
17120
20097
14707
16459
16325
25475
14668
14773
17901
14674
17407
14918
14328
15843
16701
16251
16310
16232
24391
15271
18113
20695
15879
16334
14729
15796
28618
20692
24760
16823
16518
16163
14585
16656
23621
16704
16597
18193
15448
14713
16457
14767
16696
14000
34410
21705
32832
15495
17707
25004
20337
14889
16167
17099
24571
15331
14208
14789
14647
18599
22502
15156
19720
14803
15017
20340
32431
24360
13589
15565
25575
15363
15738
13579
15332
14705
14391
14232
15526
19609
17666
15682
15338
16439
16194
16729
17685
15953
20634
21271
15515
20166
30003
19453
29464
18456
24311
30665
22009
28439
15218
14846
15419
19279
15990
14566
14642
14921
18598
25671
16991
18725
14962
20431
16927
20412
16030
15288
24614
16268
22803
15712
14169
17528
15291
18468
13893
17804
17982
20815
24077
14928
15980
16071
22307
14894
14012
15928
14976
14087
13603
18855
14591
23656
14146
15118
13673
21480
14101
21907
14994
14619
15365
17079
13886
18477
14865
16479
21269
19165
21219
18337
13162
16153
23409
19290
16174
15947
19249
19473
18966
19791
41051
28022
14346
17591
14690
15778
13891
13688
17498
15764
16875
16314
15757
16924
17163
17931
24815
16136
19786
14688
23768
16039
14739
21070
14498
15381
16829
22326
20094
16987
18141
17321
14599
13979
16915
15556
22519
18955
16614
14450
16741
16194
16382
28486
17601
16793
17738
16541
15517
14946
19309
19923
17499
20256
16503
16865
30834
17401
16383
14920
13801
24044
15593
16019
14742
14789
14665
15369
18882
14541
15079
16871
18582
30887
18646
15169
14636
15835
13860
13852
19751
20304
26555
14839
13788
16701
16677
23813
14014
23021
15254
14649
14695
15291
26481
21266
22522
15441
41345
17030
19333
30833
17218
14415
16368
15733
16772
27708
18230
20066
21162
22619
14402
19989
15024
14844
15339
13125
15125
15348
13524
16585
20807
15924
15389
23519
22775
14497
20117
16078
16334
19840
15874
29639
34150
14439
15324
18639
18885
17120
13167
15062
16595
21891
15846
14648
15905
13780
14282
17100
19755
17698
17080
31003
17615
15330
14973
14810
14593
18593
16638
16072
18953
24045
19744
23098
16421
17792
18537
14006
16715
15589
14725
14873
15342
15346
17353
32353
20516
13644
21214
15198
14930
25355
15793
31207
15092
15129
15878
15226
20388
13980
23205
16246
17266
17110
19268
16184
16608
18003
16140
22614
16329
15517
16148
16949
25483
16658
17071
15191
16638
21166
62112
20112
20625
14683
16663
15296
18363
15381
14908
20313
15407
20561
23353
15612
14045
25781
18159
17904
17200
14795
18474
26662
16707
14252
14364
16437
14702
24110
22141
16452
18060
22745
15129
15973
17399
16714
17164
18489
17766
15417
15165
14677
17709
17105
15725
13916
14666
23307
14055
19053
24987
29419
20254
17231
13283
18750
16598
16609
14124
25615
14932
15093
18211
18286
20762
16686
15033
15533
17429
22402
16320
16805
20872
17915
15730
21137
15426
13660
14166
18008
21484
26006
32475
13568
19620
18787
18712
14350
48296
20858
28488
17769
22428
15468
15142
13896
14283
18705
19361
16015
15616
15270
18809
15450
22735
15862
24150
15347
14828
20140
18277
18249
16135
17382
18422
14531
14371
18163
17419
15812
17098
27029
23275
14829
15895
21590
14718
13467
19118
14072
14743
17122
15430
18015
17659
23418
14647
14526
15544
16602
17558
13927
17270
17981
16806
16290
15459
23962
15144
19772
16376
17475
23334
26026
26998
14638
15691
14367
14790
15042
14516
17381
17726
23978
15911
18435
33078
18525
28719
20146
15040
20216
15261
20322
16798
20348
15847
17721
18686
22120
18148
16787
16339
18577
18152
15377
15870
24576
21849
15182
21407
13275
15389
14813
18047
16085
15522
24587
14509
16587
16039
16419
15738
18809
18020
17285
14618
19692
17046
24246
19578
13903
25720
16805
16367
16921
16345
14679
16266
13854
18716
15335
13218
21531
21358
25935
15195
15523
13944
14523
22084
13882
15474
18212
36332
19858
19594
16128
18814
16444
13460
14868
14699
15107
23012
15590
21533
22494
16380
12522
14444
19850
14579
13696
17148
15209
17835
15486
12076
16307
13903
16990
20288
14963
24048
14405
19723
13755
23541
16295
17024
19136
17287
22632
14988
16158
17031
16003
22001
14468
12962
17034
16418
16477
19011
19750
17405
15824
23294
23372
15679
21976
16842
20660
14710
14874
13779
16216
13647
18743
14854
24306
17105
16004
26420
14359
16045
17605
16662
16168
16243
21218
19612
16376
18419
15076
15745
15866
14976
16870
16859
14337
14673
30595
14762
15507
23919
15249
15278
17806
14688
16872
16102
22329
19382
17393
20043
26777
15585
16291
17452
13893
22150
16866
21471
22415
32624
30906
19455
14659
23797
22638
13500
14682
13577
18325
15192
18392
19850
16235
14804
23558
15766
14108
16541
16577
18494
27806
17409
20440
22232
16157
15952
22287
14797
23008
15457
14789
16556
14259
15846
13903
17752
21347
18344
15657
16670
37184
15474
36220
22396
16014
17408
26839
16161
16029
15780
14375
16276
25555
14086
16875
15307
19927
18408
20115
19419
17199
19644
13744
17217
13373
14662
17457
15653
13237
15068
15493
15286
15710
20109
18843
13381
16443
13758
14270
14135
18652
16063
13970
16886
13725
13009
16006
14777
18097
33744
13424
16323
15744
15360
17714
14677
19846
15882
24724
18707
17194
14698
19115
16544
12845
15161
17730
13262
18798
21529
15433
15328
18513
14999
15062
15801
13769
16016
29496
14522
15390
14476
23640
15978
17848
24596
14456
14083
14627
13860
17063
22133
16576
13427
14988
18333
15318
14123
14578
18676
20748
17338
13934
15246
14962
15552
16506
26265
18912
17639
15202
16301
15616
15359
17195
14565
15537
15645
23688
17848
15428
13816
26579
24566
17277
14619
23351
15537
17756
14691
16473
19471
24894
16064
14195
13987
16658
19591
15010
15267
18704
15872
18492
15618
15036
14778
14468
20447
16951
17588
23892
12849
18357
17530
14691
19099
16406
19746
15540
15751
16067
16937
15008
14115
16692
15724
17587
15022
17957
16592
16186
15304
14762
24001
18198
15358
14824
27194
14867
17377
18121
16757
17346
20682
19102
27692
14861
14099
14074
13092
14960
16641
15966
14799
14658
26872
14769
14990
14356
25597
16466
16203
20276
15958
19116
18217
15285
18344
16168
15412
19982
21948
15769
19817
15567
18618
19449
17355
20487
17340
12502
14144
17290
14484
17144
17732
17413
15885
14406
14300
13559
20883
14659
13597
13622
15640
25716
16256
14485
15432
18130
18091
18926
13076
15839
15284
16155
19618
15692
15689
17146
22850
18675
18880
14810
15698
16096
15476
34201
18914
14944
14790
14960
15503
27478
15772
15018
15280
15386
31672
13564
14339
14795
15525
22225
14186
16965
14505
16111
15140
14650
17023
18474
16503
16632
23468
18641
14715
14698
14433
19761
18259
19342
15889
14253
23341
15688
16207
17735
17412
17820
217371
190371
14829
16151
15518
17382
15313
14602
24422
21315
222993
14594
14907
21047
16493
19324
17771
15473
21538
18979
15733
20577
14371
17118
23654
16946
15496
14595
14040
14574
14708
15815
15715
14227
15208
14888
19833
17859
19466
18329
17453
17983
14815
16648
16943
16195
14749
15655
24934
14896
14982
14657
25106
17142
24679
18966
15187
16010
17299
15653
14509
19276
18364
13441
14440
14906
14291
25949
14973
13713
22744
14625
15770
15717
16201
16011
19125
18524
15353
14580
15818
17011
21025
20400
14825
14120
17162
22739
14131
16816
15018
13580
15941
16598
16589
21734
18726
16470
17001
14779
15645
13659
15251
14873
15113
15871
15587
16489
16224
18361
21351
25317
17309
12871
15185
16316
15898
14632
18191
14336
17710
14716
15000
16118
19812
18291
20182
15112
15607
17384
15837
16813
17075
13923
15436
16345
35905
19389
18632
13843
15644
18609
17409
16851
15851
14952
15195
16073
14782
18464
14457
18714
14725
18480
14747
17513
29651
21456
14725
15902
19865
20035
14544
15535
14369
17550
13618
47660
19591
16561
15848
17024
15052
14831
16682
14813
16550
15092
20803
24247
17894
13948
15074
13737
13732
18403
17298
15166
15349
14451
15788
14154
16787
15326
22002
20518
17877
14566
20366
14467
13952
15635
23098
14505
28376
20950
15305
15877
16093
14270
19605
16641
14224
16647
17851
16715
15556
18401
22164
14818
17539
15683
19240
17075
14999
14103
16235
16381
17483
13823
15405
16569
15332
16635
19868
18434
17091
22548
18742
16097
20473
15188
14817
14813
16258
14659
15142
15370
14127
27869
13862
14717
17565
22294
15573
14421
17643
14480
14938
19567
20065
23297
17908
16301
17612
18837
14306
13860
20501
13252
31134
35995
14520
15663
24608
29273
14533
14513
14445
13315
14171
14589
14235
17829
18879
23539
16777
16089
17030
32612
12915
15320
19059
13848
18483
20923
16842
15109
18712
12492
21019
21078
12877
13980
18093
18808
17268
14181
18511
16730
14740
18510
19123
18128
15210
14377
16898
20314
14610
13882
14403
15250
16873
17616
13267
26544
14798
15558
18833
15238
14051
18580
21009
17772
16000
16200
20531
16383
15086
28864
19957
17137
15859
15287
13587
15251
17925
15264
21167
16026
23811
13912
17013
14873
23017
14013
14119
15524
23617
15035
13582
15201
24222
14894
17861
21396
15677
14569
14693
14371
15256
15322
14896
17052
21011
13097
19264
16722
15267
14276
32642
14324
18105
19600
21737
35906
13525
16679
23560
38153
15390
17201
15976
16583
17540
28280
17067
19512
13820
16122
15595
27170
24330
19533
27466
16935
16606
18275
14001
23533
16424
28284
16377
14389
15143
23707
20989
15446
18644
16793
15833
15389
17526
17324
15545
15210
17214
15965
16490
15623
19973
15117
17982
15035
26675
14433
27476
37018
20483
19842
13785
17324
15139
14317
15932
19601
16295
21061
27989
18658
22166
17096
16177
17806
23514
39696
36957
17854
20365
19805
40573
18823
16203
21548
26786
20811
15991
20988
14356
15689
15437
19828
17711
19491
16096
18544
22040
14624
35055
21634
14041
18719
16837
16023
15148
15531
19226
17447
15186
17426
26848
17397
23328
15838
15602
18209
16203
17089
20015
21331
12450
19304
14391
13899
15603
14251
14279
17929
15561
14150
16456
17401
15695
17023
14411
13587
16461
15131
27886
15739
14978
18974
20700
15139
15413
18983
15319
15756
17133
16899
15190
21793
14129
15395
14855
36620
25172
25061
22314
20036
18479
14703
19624
15063
15675
21473
26530
17605
17196
17806
13984
15757
20512
20556
14648
16747
20314
16785
14013
16038
22710
17783
15743
14279
15945
15125
16165
18173
15180
14451
16868
15466
20338
18693
30433
24574
17823
39027
22702
13435
14585
15323
35819
13972
15645
15527
14484
21811
18860
24838
14833
15849
15170
15782
16370
26841
14424
22520
23059
22215
15389
14091
22231
14998
21306
14525
20534
19702
13780
15855
16475
13764
13326
13975
17984
34621
14004
17254
19026
15511
17155
16312
12989
14634
27247
25098
24865
19410
17103
18411
23877
15031
15514
13953
15889
14247
15252
14636
16756
21899
14996
14740
17648
29485
17771
16125
17105
16618
16466
18232
22984
17304
15593
17817
16175
14853
15232
17696
14209
13596
16043
22949
24778
12926
14034
16745
15755
20661
16618
15312
19633
21649
16281
14200
16184
31042
17342
15622
32214
24556
13439
16518
16570
14755
15483
15794
15950
14439
17724
15003
16014
22299
16524
18465
20023
20684
17850
14309
16489
16651
16065
17963
22144
15277
14416
15446
16671
16776
15998
15248
33485
23317
13809
16248
15795
14168
25107
17159
14628
14824
16189
22243
15648
16438
21048
14860
15327
16034
15859
13997
20069
21194
20553
13238
19299
15486
16781
14815
16754
18724
39955
18040
28894
16205
17375
17263
17576
20576
16156
16047
19000
20831
21573
17331
18312
19796
17306
15768
15771
18189
16049
18423
15151
15979
20505
16355
16303
17449
24662
15512
13468
16928
17435
20182
15965
16099
14693
22297
16264
13689
14379
15890
15313
18145
17344
17061
16663
17699
34329
22611
16780
19218
16892
15263
13898
14860
14219
14633
39745
16515
16339
34571
14917
15683
22004
14578
17264
13504
16234
14124
15808
18239
14613
15438
17346
15574
16341
16369
24272
18050
18205
13338
15900
17971
15712
16677
16802
18655
29755
15346
18040
17158
19136
16006
15505
29159
25914
15393
15352
21400
15766
14513
15866
13717
16172
16625
15371
17253
21042
21640
19309
17676
21416
15929
18684
15549
21280
18047
17487
16999
19182
15443
14782
14950
20033
16115
23552
19668
13349
17950
19764
21515
13530
13507
15571
13611
14839
17051
16803
14849
15298
14154
17295
14450
15148
17476
14326
14245
19678
17741
15534
14906
19381
15037
25846
13272
17468
17212
16714
14233
13714
17058
26951
15768
15218
15593
16967
14127
15516
17724
20571
14123
16178
17033
15227
15512
14605
15373
16955
17509
15937
15904
22520
14948
21338
23249
16328
17495
16145
15732
15043
16438
13359
17292
21224
14269
15888
18024
15123
17537
23898
14047
18729
17160
13389
14995
17503
17253
18145
23386
24952
15397
14954
16850
14361
25387
15472
15525
14859
14725
14228
14417
14386
16861
26695
14267
