43943
61780
30296
31954
20212
29319
18808
22550
21688
20365
22075
24905
19414
20952
15685
24918
28848
30760
36458
12167
25986
25437
24314
17991
43033
51994
16371
17535
34134
17218
20518
25819
16226
16513
24251
22399
26408
37916
30221
36949
22762
23803
18961
14611
23206
32482
33287
17227
21592
13622
38022
23292
26740
23430
41668
25397
16006
22138
13748
25182
37016
20084
19676
25989
24806
15941
16108
22197
33463
27043
31347
22414
18166
27739
16878
27382
39279
20799
38677
15967
23757
13613
18946
21801
24392
21594
46580
16235
43851
20515
31199
20776
36511
22763
29752
27136
30856
30525
23095
20064
21663
23690
15808
18562
20307
19289
26352
21847
25089
31786
14589
12777
15267
6076
33104
26360
30430
28841
23153
24378
42525
34099
47271
33792
18979
31628
19711
34695
19320
25916
26290
32695
22205
28210
18848
22106
18704
11824
30915
34676
36855
17475
31748
54926
14602
20100
26472
23417
27935
23267
29288
22714
22739
15283
31387
29223
29401
17155
27617
22577
29292
23638
19282
34624
24487
17847
18945
17105
24452
20963
21897
44826
36567
22187
21487
11868
18251
15925
18179
17827
27056
30454
29760
34388
48137
16481
18724
35293
34749
13254
18350
30239
31968
24093
20354
16908
19627
33171
19484
17115
23565
20135
17141
12688
14847
23043
40200
16314
19902
17531
23741
23125
24774
21311
19768
14054
12308
22381
42863
56865
27986
32665
17914
24213
43056
18404
22265
21459
29347
20097
22126
31628
18425
29621
33126
39798
43414
17534
37743
33032
16501
20990
23035
12210
51342
24761
27472
26191
65025
34342
33365
59784
76629
25731
17260
25631
21648
22678
58098
28604
28517
36414
49572
57965
61527
20688
12719
15711
26325
23327
20259
12646
15951
33396
22807
31732
32837
23698
41750
34072
11648
19578
23614
16833
27819
19902
25148
32218
16266
19835
21165
41663
23313
29826
20820
19033
19247
31221
20542
18645
12791
29779
26326
18803
20429
32899
32181
43071
28164
29853
23060
23299
17732
25210
32157
22738
32501
48815
24686
20178
33856
29473
22025
41353
24246
51726
24104
31394
16753
24761
26211
20255
35933
18909
28309
36743
37503
23084
15332
18886
20903
6875
41025
26791
15004
32832
22245
11907
16275
45068
20369
25781
23110
32590
23001
17527
12630
20522
25103
19555
19101
22772
29198
20911
22453
18039
19398
24248
18632
32103
29527
26178
20981
22788
17392
27205
11771
15354
19990
24234
25712
22103
20822
22123
25441
45264
29791
25861
20543
30656
26951
26431
20634
26047
25797
8724
38447
72928
74883
37359
19797
55526
25432
21475
31328
24017
27846
18027
17933
17591
19494
27442
15444
13817
17733
19380
18475
24596
36910
58370
19659
31084
24398
21006
20193
19205
24612
18819
21468
21874
32769
32788
23836
28534
23691
22103
21009
25806
19647
19743
27432
48269
68720
47485
20145
40837
21213
28984
14521
29643
29977
24004
28913
21667
42251
24532
33694
25425
21772
26009
33517
30078
25801
20414
27378
32267
19353
32228
34380
32882
16215
17249
44716
26516
27298
23290
16744
29992
22727
15230
19917
12704
28971
31463
50758
30307
28901
33660
22931
12062
27923
25824
31135
21442
15795
24372
21591
26183
16951
16691
21968
19720
32094
26545
20431
41109
18609
27633
34748
59845
17907
19839
18987
19292
21847
28008
31108
11025
16892
35683
13362
60824
29935
22703
20515
17374
19967
37426
20296
14226
18979
23496
23115
24945
31318
23836
26553
17534
27930
45607
6162
24368
22109
26905
32658
22130
17917
19601
24024
22637
34159
41297
22423
27468
22411
35567
35462
35271
31315
22643
15817
19776
32025
32491
39226
32212
15802
19637
20913
25915
43331
24134
51355
45862
29250
23144
17376
24983
19301
29371
21025
34648
20565
40506
13382
23515
29405
25230
25273
35216
24895
31607
33676
21996
21844
37360
23651
32286
21445
17322
18784
22030
26189
20222
26983
29553
16360
30843
17357
24903
25662
59210
16201
27414
18383
19562
24563
16864
17823
28154
44996
22144
54198
30841
50371
21666
28511
31096
48731
25725
40107
18929
14563
30327
16270
47758
17993
16575
26431
15731
26003
18169
35111
25907
29898
34137
20931
31743
19789
25892
42644
32460
20264
19938
20240
18705
23522
16412
18138
34661
44028
23999
36142
31319
36196
15338
27844
21511
10366
28574
41323
19923
28313
20408
36056
26059
26105
18873
42269
30454
35114
43450
24520
25533
21304
22979
20934
18770
25472
33538
18526
21362
15909
22915
19261
30933
34831
34212
31075
37644
18768
22382
24953
19324
14143
19146
26643
14289
12030
21858
17493
30436
25484
44957
19198
29753
30032
18507
24643
28002
39437
31631
28960
37051
20166
18029
14996
20066
24010
23440
21775
27771
23961
16066
27009
21011
17561
22903
15841
16669
14428
17626
33454
22057
21599
17108
12577
19371
35457
19171
33973
13661
27037
30452
43558
19751
35735
32732
14228
30752
27048
14640
23640
29102
27206
13661
33646
34539
21062
26623
25265
19645
18488
20190
14355
26389
30136
45250
21138
54162
24449
43127
50324
27592
31948
19980
16566
19528
18310
30435
23302
24337
14994
40009
19729
24553
37617
39283
21986
18124
39629
29866
20031
27769
37096
17054
15230
13026
16825
29286
15836
26757
18350
18141
21395
12484
27217
10780
33133
33358
20884
19025
15563
26310
24966
29128
28819
25981
15513
17217
23044
17829
17608
20302
44635
17463
18481
13404
20415
23873
20346
27341
24329
24186
20821
17635
25049
25298
41619
35282
33777
23671
24685
24146
25940
13887
19208
32659
23163
19609
17636
37281
25973
20952
35941
18559
30588
40971
21743
19679
15884
26761
19299
19003
36525
45426
16671
12213
23621
23683
20657
32248
24345
20674
22034
28727
26988
36134
15168
28010
20308
25602
24676
16913
34170
14671
14703
18892
17339
11955
20555
35820
21460
33154
27110
35771
34579
18517
16723
25766
24718
16032
20918
22080
31481
31175
20257
23261
19260
21285
19895
16571
30704
25182
22346
32415
23184
26295
100572
80788
44337
19507
31388
13137
19809
21131
26921
20774
26889
26993
26663
21261
24240
35227
23584
17659
22371
21666
23911
26501
18063
18223
37065
13165
44541
20906
23517
25082
37432
33582
20532
25139
21209
15888
21613
21686
29956
19101
17334
24837
26101
18582
21444
25968
27074
21689
26707
23399
17250
20771
18126
21136
24439
33946
29455
14906
17629
32547
26387
40647
28398
32823
25022
27205
44681
25642
20177
23016
33040
18593
24700
28541
17266
21361
33244
18228
27734
19681
16717
15784
41308
21508
23146
19881
20684
29534
25782
21535
20487
18834
30549
17446
36724
17146
15683
30150
22216
26518
17472
28071
27653
24954
15113
18893
25703
26686
25443
21900
24137
22034
27744
13063
29588
27337
25069
30537
53748
22211
15232
32264
38123
11417
23788
20454
39569
24799
27380
31812
18030
23967
27706
20859
28441
19852
28647
22600
23349
27956
31791
25425
17299
20041
15841
23221
12681
27459
17876
16218
20768
17162
19741
22275
19533
19997
46390
64543
33632
19805
21679
20593
25000
24635
32057
42470
24534
17258
13805
23493
25823
25822
38378
17486
36923
35461
19961
18856
17052
21733
25968
24963
27354
20441
20193
42241
50059
21781
28114
19148
14805
28105
26428
26674
31190
21831
32469
23577
26218
18437
28196
19995
24272
18763
17814
31353
19021
14791
14626
27097
25956
18819
27955
23599
26590
17128
24410
29604
16759
32861
31785
45985
18576
16433
24374
21725
35415
11548
29515
25830
25693
43975
22580
28132
19206
21866
20845
37293
34882
24246
19289
23754
19885
27726
18847
30407
20536
17174
16501
24412
23127
29481
34901
60156
37681
61969
17786
19117
28606
27266
12415
25644
22470
16091
26906
21679
25837
19324
25099
37250
43038
15132
22225
20336
26521
18411
30062
29883
24751
22568
21123
27244
21014
17431
19183
18497
23921
19459
12469
27185
23150
27536
31707
14092
24926
16250
32724
31484
25320
56942
29640
26150
28185
32980
16186
26217
33062
27542
34873
32407
19456
28003
23997
15674
22666
31848
22752
24160
20930
27242
17968
19467
11440
24415
21082
22721
27645
29665
12861
22773
24463
43169
15983
20539
19004
25231
25754
16946
24775
21030
39648
41278
25814
28981
27068
26288
27234
20766
20127
32086
24930
27151
29680
17787
17414
24098
32154
14601
32144
25100
19321
23513
31315
30764
28491
34985
16904
24496
55750
49531
31421
25948
28128
21629
23999
41887
23153
18785
22385
29405
29043
5296
19191
21884
28065
23319
25651
13611
23473
17275
28827
18700
15294
19607
39261
27908
11399
29767
46785
31933
20164
14075
30035
13101
27685
19582
22316
18399
21939
25316
19259
30282
40048
34302
24698
22382
39495
29605
28740
25465
16363
21337
19532
24600
24509
55395
22008
31772
16166
44533
35756
22199
23680
28649
19313
19093
28449
22898
15013
14337
28553
20452
17345
16356
12207
26727
14878
19594
35143
31915
19972
31086
12405
26004
40045
21300
16205
17013
32300
32354
40296
27373
16099
48439
44156
16597
28644
21351
34631
36568
31184
22430
23544
22078
22983
12361
32469
22637
22387
31173
21025
13332
21436
28893
16783
20137
7515
16866
23661
23472
18705
44986
66688
41030
23298
34177
20145
22117
10544
26963
17955
21301
16058
25831
41602
51981
18262
27446
21873
19650
22408
18835
22899
25380
23815
18339
24179
26117
14478
16728
14051
24175
28160
41252
52692
53298
18887
31360
27347
31058
25690
21449
22987
31046
25945
57088
56671
19275
27765
18284
21819
28372
27562
18451
17939
15446
25236
35369
23271
23721
11537
19689
32332
33375
19174
25892
17060
16008
21437
20284
19009
14482
13659
12245
13332
26484
25444
30771
18997
27134
24575
34904
17851
30876
29141
22227
23835
19883
25898
12456
32241
18294
35643
31098
19044
32252
14727
23885
28832
21280
22318
20922
25834
34057
17570
31529
16579
22248
18486
25699
20172
19318
59307
20825
29387
27757
17601
31417
16470
26695
21625
19859
29424
17596
16408
19337
21707
23740
18465
23145
36525
21903
24135
12906
18688
23067
26263
18672
17102
12995
15461
18463
21111
17507
23827
23514
38468
13191
64488
24295
25012
26367
19927
30785
26333
15567
40854
22787
30323
41162
48217
43815
39518
21188
14189
21195
11180
18830
33341
25079
20144
43434
13216
24433
17171
24652
38556
30343
31265
21351
22328
16369
25859
27052
28884
17190
22909
21095
23949
21883
27152
16185
24566
28905
17295
23773
19427
24333
35930
19753
32140
20248
29444
27810
28448
18017
13175
33256
26561
33496
17795
10399
25781
24032
58655
28567
30561
18651
20093
22796
23239
36855
21041
18856
27324
23512
25061
28204
20311
23318
20332
20725
15714
32078
17781
13004
39408
26051
64656
73826
19339
17896
22947
41613
37830
12868
17315
30807
40869
35431
38618
45462
27044
32229
18087
27937
17648
34898
24151
20750
18213
28005
23918
34394
17302
32275
20413
25650
33112
28221
26013
15257
27440
20808
19591
15757
21809
34246
25140
20101
20306
33440
42052
17648
25390
28922
30334
16289
20101
19414
21724
27156
14274
20367
20910
25026
32757
15765
26209
20763
22534
22281
21649
21031
36732
19674
22965
35083
38319
43940
21462
29815
24975
15187
16393
29465
31073
19453
28099
39589
24445
29846
18479
26483
37834
22833
47348
38790
29189
34562
27782
26951
29199
29566
43718
57410
64225
18444
38289
54665
28524
18953
26049
21147
21821
19265
17035
11582
18750
23149
35724
31184
24266
34045
21582
34657
28158
32958
20661
27435
32749
42571
26276
36355
45674
15492
28151
34903
34189
12367
23629
25143
13021
20172
31122
21143
29480
29753
30036
17681
24314
32387
21924
15106
21440
25153
15552
32147
22819
20103
17788
25095
39469
20828
23422
41489
32235
21493
23079
12506
19038
26168
25700
20995
26324
20107
39158
22464
21791
16323
26391
26640
16264
20451
30519
26128
22289
30057
49720
19662
14133
29726
23834
23408
21183
20614
37279
21570
26845
17020
22006
22806
41710
24841
28012
16580
18402
35137
36513
26742
21103
23565
20589
32460
50477
16470
21183
15964
36711
26090
23885
19051
22772
24639
33708
48642
27617
37291
18556
26484
25338
25839
19926
17934
30151
21193
18421
22531
21057
23333
23421
17021
19141
21249
22157
15967
30352
35180
27599
57518
70165
18861
25939
15896
28578
20064
16089
16397
19247
16209
19525
12596
23635
31136
21108
16914
11885
25539
12555
29146
22558
52642
60232
57460
47541
17704
21122
18221
25293
23938
15519
32762
21950
35849
29525
22228
12498
22579
46650
18033
17718
19730
24272
22010
29684
33918
23110
17566
20301
47841
64677
27503
64254
49393
43195
21461
15843
25317
29744
32121
34998
36964
20246
22430
20705
9454
27977
29986
26045
21127
21391
39887
31219
18653
24673
25593
43622
18441
23328
25953
39010
39219
37287
28439
18233
25440
18516
24413
23605
28696
22014
19722
22369
10417
16999
27474
38230
21923
34022
43760
13076
13446
36094
27524
27204
43823
43837
23228
17479
25717
25051
38084
17694
24187
15680
28095
24837
17252
22689
23960
36086
22393
13323
21459
31808
28973
33282
20420
23423
19509
26221
24647
14519
14170
20741
23750
27520
23312
45112
24178
27350
34475
33613
28999
15378
19495
25126
24763
31708
19497
34251
14120
23179
23437
15693
29539
26427
26991
34952
32082
30066
19570
18770
28692
29527
31942
22618
32306
36108
33887
31228
25781
48926
14951
26726
47633
41195
25149
21386
11300
28615
22919
42982
13696
58770
25332
17633
36907
45330
49877
49992
16736
29419
25670
26906
31328
21228
16114
13351
12749
38911
22009
24606
17419
26094
38013
40583
18641
41915
45053
32680
21569
17768
15990
26496
27715
15490
28157
35501
17255
26768
39032
29492
33214
27865
25979
30221
20564
21373
21273
19400
25075
37318
19992
14954
28122
28684
32777
41568
23449
31981
17580
21977
19542
25563
46340
24920
18910
24484
26681
17053
20302
22039
18320
28691
25347
20512
19782
22331
20159
26231
17427
19582
24243
19770
15170
24031
20776
23825
41018
48453
62756
29868
16177
28175
19962
27600
24947
26240
19803
10026
24537
13706
20950
30864
17401
34896
28713
17974
40984
19168
24768
22800
28017
23310
18936
27250
33742
27273
42595
20371
22228
25422
26502
27248
22485
19060
29542
17442
23641
25585
19358
22991
26380
29502
51139
24702
50439
60457
78437
31881
18282
31138
33329
35667
24954
30127
14971
29126
29896
25992
25939
30384
42056
31635
24198
27122
29587
19777
20748
22585
19664
18572
15991
20742
24714
11770
36569
33040
29141
26873
25394
33938
20235
15984
26444
17921
27851
28993
24750
18486
23818
25983
21483
22701
38445
20833
48159
27665
24238
31663
25839
12081
29170
47291
28216
24425
31152
26730
25384
21591
11956
22451
22475
19851
21444
33082
30247
30105
23305
29359
27153
18761
33787
19473
21679
24631
23827
22353
26101
20098
31395
18433
21072
25588
24606
22547
23128
28663
17215
25419
6455
31661
15651
12627
22065
29282
25758
21516
22286
22911
17014
36979
28731
22697
20560
22771
19336
23063
11326
19730
24282
25590
27975
56878
23170
22125
16974
24535
37612
26823
31778
33965
33184
22027
20134
31175
27591
31768
47807
25555
25872
30122
26525
32380
11183
28686
36245
24772
29818
20434
31905
20419
14204
53931
25872
21394
27728
46981
22682
24110
15138
19555
9746
22260
17700
33788
18410
22292
20208
21567
36261
64786
53169
21032
32182
30376
29269
17240
38127
27663
20549
12106
21175
22039
33748
25376
27082
25780
29698
26755
17131
20401
32497
34067
23266
28004
27295
29636
17108
26465
33076
41611
55675
26819
22932
30540
15657
22809
44047
18608
35582
22274
20202
17687
26878
13203
38770
19671
19241
20099
21618
30784
20665
26215
21282
7268
24319
20880
24876
27347
31426
13106
26769
24695
41941
18884
18187
25891
34288
20550
19615
24205
30126
33348
47139
51825
65639
17649
20844
24253
28944
49037
25332
19202
27457
20562
16176
23416
22113
15467
33414
18660
20150
19112
21930
33728
19988
21524
19192
42511
31848
38640
25996
30503
23748
22556
16242
35344
33095
24430
22476
18525
24197
31497
16500
29990
20463
15993
18712
26720
20980
18908
32995
18777
22686
26548
18000
22008
21930
16979
30588
27853
13458
16677
22573
16480
32470
28380
33790
21840
19454
31753
24213
21200
26479
17048
13140
20672
24504
45947
15512
21592
19984
18174
25175
32994
22310
20209
19249
18442
27600
20038
39213
16080
23840
18401
31402
25218
16072
27387
22008
17033
36366
15646
27862
37327
40028
23204
20620
41765
29775
16486
20747
20383
35815
19201
19691
26805
22893
28655
18704
20081
20741
26076
19022
42990
25782
19154
17125
21118
41930
22866
30688
47932
36481
18054
23651
22175
35170
48995
33272
20904
22087
18376
23787
28535
18671
35104
15118
28448
29026
45299
29491
20971
22461
27889
22525
19068
35384
17133
49750
25870
35716
23120
28881
26719
42842
30056
27604
32092
32454
15706
15878
24798
21328
19772
35567
20281
21749
22769
38705
31349
15778
26559
29759
20510
32676
14822
25650
26528
25723
18473
21478
15231
19813
22868
19562
25734
19666
20436
28123
13137
30200
33830
27379
43142
29918
16080
26049
40560
18629
37292
27064
19554
16218
25231
28059
28141
28908
27927
26522
23273
19794
48856
22384
19001
23071
29148
32667
14851
23581
10266
16118
20149
22576
21646
25807
40777
32156
48526
17494
48233
22120
28334
18211
24510
32725
26806
21443
21190
15329
21262
19703
32127
31321
23825
23806
20928
28497
27727
47801
14166
16166
19292
21039
29644
48395
42162
19669
16921
18029
19371
30545
20314
17201
24420
26224
16649
34602
35227
62500
21959
23678
18929
31953
23376
28748
24274
21230
17113
19969
26225
30805
24393
27407
6635
21892
31945
43831
22339
41315
29166
35475
33767
20146
43139
55512
10658
16174
17027
24880
24364
30896
32408
27312
31775
29443
27614
26686
27058
21346
17744
42125
26909
30365
62532
47650
16749
24315
36206
29022
12015
41142
13665
19333
25734
42512
23412
17710
26913
25837
23157
16717
24183
35820
27200
33437
45932
22085
23899
28107
38300
25842
30575
18828
30409
28684
21227
38160
30395
22945
21895
24991
34168
20877
28580
25319
24702
44417
23656
16734
15760
23493
26918
30637
20379
37383
29434
25396
25987
16795
44752
35912
23693
13249
21358
25597
32140
22394
35877
17828
17045
25307
20111
14764
30585
17793
16307
20130
37604
41240
18192
23745
28540
12187
51383
22814
25116
23674
16072
11361
19271
33089
33916
25409
28664
30612
19120
29398
19107
36406
20005
24725
26166
23290
21798
20136
22878
24285
23889
18358
29096
8118
22636
19049
28727
24965
26348
22714
16669
34820
12352
24666
26939
16496
26012
19689
32878
20818
34611
33493
24239
15661
17932
20424
40666
18941
27685
19007
22197
27257
27670
22510
26610
21692
25539
45853
52514
23143
16417
22661
24705
25452
16360
17647
25331
26618
37436
20107
43957
21832
14410
26895
22928
21855
38449
39908
54933
20330
26188
18924
21547
36395
18923
16543
22419
36136
29357
35282
18884
36215
20281
27357
32397
16179
20746
12029
17671
20910
26229
18997
21295
22667
16121
23841
17906
18095
19797
27127
14652
30202
26007
47110
26508
26049
30167
24359
44442
24476
46442
37580
25961
17853
13141
26694
21307
20008
56068
28972
29695
23820
19799
27411
29409
24613
12170
25957
27403
27416
30282
19811
30441
18087
24673
26060
20215
20848
30943
24951
33472
20055
24790
30167
22784
25139
20255
23522
21196
36081
43502
18052
20268
26528
32170
15194
26868
29691
19628
22628
19212
29006
35886
21456
16773
18653
34604
34255
19024
16115
18978
20945
26517
46280
23460
19768
26692
17965
33789
21964
17358
11248
14236
14093
28655
14681
28418
23734
37353
33264
22939
39807
55184
25293
20284
16408
18353
26421
27736
23785
21059
17207
21310
24769
20960
27207
23978
15195
32479
27708
12384
37515
23187
43050
19442
22736
23000
25568
21671
26434
14118
31261
26320
13970
17178
29306
41344
26228
22767
18036
23447
13070
13876
15172
18138
32332
24687
40324
22114
13189
45041
17584
21461
33073
22498
28839
16745
18992
21238
17490
31608
45366
35168
19446
18624
16072
18108
30971
25043
19162
21886
17492
41382
19603
13637
21734
47921
20214
31274
18482
45877
51835
14292
29157
24032
22273
26279
18979
31783
24065
35523
33305
23630
30850
17888
26116
20085
23718
33802
33590
19963
14876
25881
25001
27187
13387
30832
52764
47246
15523
23298
25954
27346
27200
24255
27249
31621
45800
25496
17648
37517
32500
22076
22116
44509
21548
31841
36619
23752
35250
28519
15311
23910
16111
32478
42470
29445
22204
17995
20762
35224
28850
33202
14789
18041
31381
18114
51616
29793
24075
22540
39409
22580
31498
46378
20085
53975
22976
19649
34054
33621
33633
22462
24721
21600
26535
23595
22755
61912
71192
18513
29409
34535
34295
32694
39672
21713
21544
35319
20343
37518
17901
13296
15905
22185
14797
19292
44097
31198
15766
27355
37034
31121
17607
21349
31519
23047
20841
18313
18680
17529
18019
36829
25243
18240
28272
30667
19056
28351
38436
24702
14840
25171
57174
20547
44763
25299
13681
17298
35920
52248
30516
14294
33875
30487
29954
17825
9866
23490
17038
36858
46041
20247
28328
23586
61077
41240
19721
23122
27194
22009
29167
18952
17717
21225
24620
19887
19882
27626
23988
30330
25343
17066
20916
31100
38545
47942
18293
9906
15018
26662
42040
29065
12931
32892
23124
21605
37589
21203
19789
28895
27869
20072
21440
10760
24789
54178
25123
32546
13063
21837
13960
17648
25281
24910
32025
29127
15533
17963
42102
19644
23875
42232
29889
21539
22389
23273
30380
36577
12996
32099
32643
30360
29569
16333
33392
11455
27066
17417
18579
23083
24711
17820
19541
13253
28901
11517
18929
22218
17106
25084
32768
52914
22128
19325
21813
41917
18013
38283
18860
19522
26730
6646
18729
28632
26205
19828
32540
30387
23560
17947
15818
22613
14643
26141
23387
17939
21858
17527
19522
21719
49397
28548
31072
18799
13801
16541
10818
29550
32318
21289
16692
19980
35859
27923
18283
21888
24038
22166
19155
21616
9981
22498
36508
25569
28877
21591
25121
31496
17673
17287
35665
18982
26113
22925
18409
31046
20560
42609
20706
39525
37777
30896
15742
22177
15360
26219
28327
22821
14404
28635
12311
27963
28680
23913
27998
26875
25164
24034
13876
17661
34322
30452
33683
18641
19691
31064
27517
22518
30311
22579
35704
26263
23793
20685
46975
15828
21514
29075
26435
16821
37973
37579
19036
20008
26224
36457
23505
16032
15677
29057
17993
48396
21413
22659
39472
19890
17802
18475
14416
22843
24723
22440
20599
18040
28244
18897
65548
36489
19033
30241
23431
22848
25083
25723
23537
23129
20877
27376
29494
33881
31273
57715
20252
21174
29339
29792
27618
16991
30722
35814
24070
17561
24508
25740
31672
28197
26299
22725
21725
36406
46075
37043
51239
20129
32501
32057
19437
24168
16646
27998
39572
23135
28679
32009
36961
19608
34169
23880
15666
41347
24975
22225
15778
26647
19401
24779
17305
40497
22125
21769
19381
16359
42899
32890
23108
23426
19445
27088
20110
18466
30770
55095
54657
48269
33850
35105
19375
24170
24896
33849
15817
27170
27848
25251
35697
29917
36515
18976
15984
18057
26791
20221
21911
17225
24118
24049
31376
17377
28295
35752
17302
45771
26862
11178
23216
19827
36844
37869
27051
19804
19232
17253
23157
25690
20190
21871
19389
26725
20398
15876
18229
19005
24446
29225
25121
22948
29265
20544
40456
29805
50966
24295
13473
23078
18820
31154
21765
28462
25437
30992
22497
23194
28401
25970
32344
56297
16079
22067
19106
23278
18671
19657
21707
21965
22156
28241
41704
35921
21461
20026
20808
21143
20609
21212
32594
41972
41364
58794
19485
15327
24786
25778
19944
27179
29158
35776
21292
29207
13785
21691
18723
28677
16605
18515
21163
22263
26013
26289
24487
22951
20134
31741
22281
24474
20396
27464
28228
20091
28623
18120
38339
34176
15553
31594
34685
20242
42074
25409
16778
19683
12398
24584
22676
24455
15898
37331
18515
18024
16236
18572
31738
14038
19896
24681
24191
28612
20655
47034
63167
31004
37268
39900
21163
19774
25652
39507
32062
25125
23154
21549
22736
28736
17000
27678
18227
28361
25887
26158
54281
36377
25485
43627
39484
26913
21443
20185
17409
22076
23966
25873
20170
18615
22186
16304
36162
25381
21973
39700
22824
32069
28646
43689
37762
15920
37796
39260
24313
21515
25994
25781
33984
23554
27099
12646
25530
23900
24480
44662
36944
26258
41786
25866
26869
13477
35429
20358
25813
21050
23048
25357
45710
34711
20662
34944
26572
22035
20486
19526
16564
21474
26748
36281
15674
37055
26164
16645
25277
14990
21073
20536
18194
28025
50109
38001
43604
21025
31692
18569
18724
25115
28711
14992
30543
21811
29472
27212
51349
22151
21629
27741
22116
18896
31815
20963
29912
20566
40131
17002
41454
30178
15367
18653
32065
20963
24197
15470
13871
27740
10629
41390
33998
37155
22342
28234
44629
28652
23155
22666
22401
29893
30507
42392
42700
25597
22002
43897
15580
20046
9377
27050
16617
19810
25693
18322
16128
23270
14799
15830
9641
26800
45852
27307
20164
17565
16071
18148
21423
21298
32329
23477
24097
26524
30720
20979
22968
23106
19539
16963
21328
35464
26267
31177
35746
25989
33600
20526
32553
27726
17751
23645
19365
33007
23240
15300
26706
17519
10538
22989
31904
28428
17583
26873
18856
24371
31093
28638
23968
8825
15388
21945
20523
39380
16192
30827
24167
36523
22135
21362
27774
29345
18917
22768
37508
16464
33111
41538
45612
29822
51069
10118
24834
17805
25324
28918
49455
67575
24789
30622
23864
18413
20222
29317
23809
26526
34517
23737
20380
20148
12570
26063
49472
23762
24638
18040
21451
34468
31494
35686
39573
51722
19719
22575
25145
27139
19801
35445
21826
21445
30756
29210
17336
25159
22304
33675
24681
35254
20565
25038
13336
21182
18110
30931
35683
22976
20030
36464
30193
23048
17588
18845
19164
25656
24904
19637
12898
24153
18538
12689
25813
16497
34407
22775
16918
17800
22270
21600
18815
15922
28029
33624
24866
28654
19982
19323
17370
20108
21512
25976
16966
19702
25655
24213
17452
22310
26496
19548
20200
29818
45196
25180
15747
20236
31394
27801
29047
33740
49934
11875
32367
32764
27828
34534
28196
16385
27656
27716
26266
40045
30793
34437
14376
28114
19522
23241
36836
33653
24589
24433
23153
25957
14990
42204
41099
18575
18996
20905
14917
19942
26741
22563
33097
28179
52816
12885
33272
31203
29988
47370
24949
22479
31944
16575
13443
30872
21437
24155
20526
22507
38130
26314
17969
30127
23825
19316
23765
26066
32068
21366
19127
23784
21239
26542
29939
22717
23929
37286
20366
22938
18385
32231
21891
26833
21376
23841
28241
24653
24384
21753
26141
30453
31674
23477
11883
23199
20398
28587
41174
26653
30900
19242
22411
18883
30846
26194
21844
25534
19867
21371
30553
29984
37796
22860
29825
39034
22177
22096
30448
27100
31336
19401
24858
25873
20588
22823
17495
17808
23583
29362
27768
16967
17505
23267
29870
49141
24432
22535
21811
22976
22364
10636
18247
21431
28856
26613
28218
11589
20246
23266
19356
21664
26434
24218
15935
23833
21954
25840
19411
34295
20343
17301
26554
31221
22446
28180
38616
24957
47313
35475
35141
69495
13054
20236
17526
20460
32155
40790
27053
24933
44803
34662
42090
18359
26096
14208
25333
18072
41112
42166
19961
19627
26525
32680
27884
33887
21046
34540
13070
24001
23750
8203
15639
22243
23797
16429
33106
16730
25066
24362
36473
50818
30676
39382
34248
26998
29158
23225
21162
29425
17833
19058
37372
22392
26195
17832
21549
20176
19950
15642
23525
24591
36557
34409
25716
24699
19975
24895
18287
25003
45378
25487
18758
18778
23802
22146
30925
24484
34538
22812
21372
39593
16001
27133
35925
24774
15309
38458
40554
18289
31776
16991
18755
26995
22725
23461
23770
21566
28652
17745
21350
44396
13829
24266
14304
19443
24492
15674
26684
25034
25678
30341
15777
31135
22208
53749
28860
42598
17723
37937
13071
16497
14972
18552
29387
33891
49046
17876
23636
39577
25730
21613
22508
13185
9134
21479
40933
24915
20830
21133
33101
28200
23494
22150
26630
32154
14043
22410
34711
46746
33399
16937
20851
26572
24848
20607
17595
23697
30969
22635
16512
23655
42853
57169
23499
18891
28779
21334
20513
39503
20666
23139
28341
30681
30214
30467
20221
19852
21203
17569
16982
31866
35977
23032
24639
23951
23207
17508
19748
31792
26583
31765
22361
18400
16981
19008
42930
35903
26446
28547
21549
16729
33858
30323
23682
54636
24615
35053
26732
16520
23450
42233
44402
25808
20919
23388
20475
30909
15457
13855
17998
16244
51615
58982
16449
25170
18577
27948
14629
33130
35980
13030
36302
22244
20376
28408
32243
46516
18979
30535
37620
24896
18265
32219
32452
23432
17299
29603
16503
14591
25996
57178
22304
37957
24630
22661
30096
30778
31044
17513
32513
47774
31891
15928
19393
19493
25604
35401
12877
16113
11808
22148
36094
20421
13543
41062
25630
33929
21179
14077
25955
20918
13432
20277
16462
16218
19514
36075
17872
13404
28888
34361
29761
24425
20481
23598
41560
25218
47497
20753
30231
22092
19977
25812
17995
29345
38955
55770
15041
22651
29394
31190
34781
45502
33327
21630
20284
22144
17913
23621
43271
34998
17693
32553
31317
17912
17532
14790
25181
36261
28641
21214
20031
31037
9028
24344
32769
18513
37869
27517
28737
34296
21645
19132
23238
29635
18479
18715
16165
26099
29158
35781
27529
23806
25996
26114
28261
25218
21889
30807
23206
31115
40484
28337
21161
40118
38368
30925
42835
15602
20326
14285
39434
54988
18837
32787
26124
40020
43311
29167
17037
34494
12890
11116
30628
32830
25790
36649
27097
23607
42989
37248
20854
27417
35191
35103
11897
28707
21124
16317
20438
21353
14952
14179
29858
15561
19976
36955
46796
27894
34717
23077
23272
23681
20552
20864
16018
35230
16785
28842
29988
53602
41448
25451
30348
30668
19553
33979
31597
18993
21276
20554
19904
24380
42262
40818
31295
20616
21773
33190
64963
14597
15357
30183
29139
21804
27721
22020
18251
23289
41959
16351
13161
24045
30971
24839
12586
19009
27701
25718
20165
26993
20802
25069
21917
43414
37250
32604
6486
18804
13186
30408
19050
40864
18892
23561
29178
27466
30885
19215
24379
28499
29427
24059
20920
24763
19150
28179
34311
41188
22231
25757
21786
30471
14729
18986
27173
21500
26053
18534
48677
17095
23755
20552
25497
34193
23209
12552
25511
26301
33434
21758
21626
26808
28603
17193
25870
26166
20999
19413
29484
21895
18988
14537
15668
28145
23036
14612
26228
18834
29850
18563
16639
29373
19436
11018
21902
15008
47254
15134
13681
32979
31670
23263
42336
45553
70219
18204
22591
17732
24732
17258
27520
15183
25078
10607
21092
26301
12465
31271
35860
26905
27457
24780
26988
20340
21920
14821
31126
35351
65608
30997
22009
22451
24591
28874
25143
26239
18877
27054
26167
23171
22798
28296
21066
37227
21423
22179
17683
22497
39347
11406
16077
20224
20155
19649
26338
31885
15525
41289
29512
23074
24267
34248
14026
17920
22733
30955
16534
25012
24113
25462
33003
25094
33344
21971
22231
22802
26407
18155
20528
16150
17560
34613
32890
21828
17075
23107
28539
26400
23327
21083
40939
19779
30856
16896
21090
20420
18253
17661
17982
25115
27058
19939
29995
29045
21024
21072
22087
24614
12111
23326
17287
24083
26097
15793
26631
29753
15136
34777
36800
57034
62105
18655
20943
22874
14789
18856
26194
26887
14448
28512
22642
25556
22687
27760
39213
19365
24115
38542
62157
18568
21699
28926
18476
38631
20092
32149
15711
38203
27903
19668
24084
33875
22148
43056
14360
18026
22611
17477
15932
29964
21680
34906
26875
23258
14995
15930
20466
25477
23292
29056
25086
29721
24163
24854
41312
24287
27701
28899
30302
21512
35948
20601
19175
20343
34711
16278
20216
28348
20495
20365
12572
23808
18954
23441
37203
10368
17549
18853
25214
13124
27666
15233
21030
19083
25454
24631
30679
26508
16846
22805
20915
17358
20420
17043
26380
16755
29787
37028
33165
31898
18413
15949
33883
18549
17565
27750
24248
31205
9489
19897
23022
26801
31533
31005
21957
20818
59844
20289
34824
15894
18654
20952
23214
22013
21940
28528
24841
21123
24090
27430
26301
24758
23813
24764
22921
29097
21148
27671
17173
19047
24098
22955
26773
21015
15313
21833
16285
16143
25602
18635
28260
9736
29047
30577
25497
18057
25964
25038
18170
29365
37221
60319
24746
46293
25879
19406
22826
23910
17041
35404
48202
20895
40654
24384
17675
42503
31232
20596
16330
22358
34840
26529
18080
30574
40928
22225
14834
20785
22011
23817
24397
15340
27484
49518
20438
22085
21172
23520
11516
32247
29689
26395
25790
51286
29065
28216
20495
17831
20869
14790
21303
17399
32379
27533
18538
25553
19302
37692
18466
14459
14411
22495
25610
12695
16019
22371
17205
25108
27183
13241
14980
26876
25750
33476
14609
33048
36478
42882
34972
49570
22627
24110
39662
15485
20898
17391
23435
20024
21658
35012
22455
12616
20981
36915
31634
13975
24320
13331
16094
29548
32231
26085
12884
13950
20067
23358
18300
24698
30113
25173
19151
22916
30529
95155
23366
18067
17210
17966
45652
21919
41736
27978
18842
16469
23065
16166
15403
14834
13713
20417
33511
49663
19384
12966
32778
51715
11972
20188
19093
22969
18466
20074
29919
42529
20489
17116
31654
24565
29669
16191
26545
21839
26311
22239
19496
25689
18459
34422
20942
18956
40553
35838
11920
20013
24842
21844
21661
23511
31213
28745
22189
19931
29190
18514
37158
26878
23722
17417
25861
38206
28577
20395
21838
17211
37976
45485
14559
18940
19853
18530
23987
36770
24204
28380
26494
19179
25984
40797
19698
20147
15737
33366
25913
21711
19479
20132
33115
45337
20974
37634
25434
27740
28644
10969
25835
22882
26624
22161
26365
12527
25153
69604
30605
17981
21157
18336
22167
29063
20082
44634
20147
20148
18588
13866
16926
18246
30895
16543
27575
19740
18604
17680
19129
14850
36291
19139
38571
47759
19837
56408
40739
18667
27420
22885
18685
17405
30785
22791
10727
18314
8738
27526
21008
18643
27710
30471
21219
30247
23934
26706
29612
16192
29312
21611
19927
21710
16268
35290
29654
43816
32094
50869
21220
16851
17702
22655
16792
23697
24214
21488
31983
26428
30406
31116
29822
28262
23406
40184
17437
24913
25234
15324
32760
19660
25039
40243
19510
17791
19146
32595
32493
42452
39695
15080
19881
15290
26035
22919
19765
39532
32264
39962
19106
29978
14604
30513
40595
32416
16700
31651
32666
27562
51384
25175
21562
27051
19822
35612
16046
30574
19619
33718
13511
21627
30928
29380
27116
38186
58910
48599
67094
28319
26235
28509
19467
27764
24445
15941
13711
18070
23281
18723
26041
27907
24361
22084
19390
10029
12260
24376
20719
17001
19884
19761
24218
21890
25288
22986
35240
29003
19477
15041
31848
16022
15098
16276
11087
20277
16807
28794
17137
11349
17616
20406
19387
30076
11279
25045
14204
17673
20042
10702
24647
13546
27978
41549
20719
25703
30587
25677
18100
23473
46255
40608
25243
24299
37509
13475
26897
24021
14370
26455
24065
28911
29721
57960
22053
25916
17573
21113
18614
19035
23651
26106
28965
27999
36427
20092
19042
35196
27264
39052
29521
53315
23284
40512
24248
20767
22199
17675
32427
20161
35861
21173
26516
42556
18547
26054
31945
41527
28179
36774
22284
29487
15052
35621
22113
19753
31723
12487
22630
26587
23496
29100
28579
40161
43875
15187
21018
42281
21459
21166
28996
47617
20700
38767
32490
35056
27242
27563
38184
34523
29555
18212
27340
22135
23604
30610
18177
24717
26814
19269
25732
28273
18511
20606
37280
19841
27659
15130
19927
33354
18312
27171
21803
17890
18516
10414
32983
25494
23152
29819
33818
23871
41795
21592
15182
21937
29790
19529
19361
16566
25414
22805
20351
28920
28621
31156
20008
36582
50730
16813
18142
23284
22810
28815
18504
18006
29401
46296
25182
17402
24135
26322
23777
27409
45513
18465
20920
14200
14858
21433
27735
48179
21603
46701
37315
13384
24149
19514
29684
38512
26584
16583
16086
20005
18297
30793
19638
20304
37284
23490
25549
11865
17364
22748
11002
27535
26893
17254
34352
21680
34883
17223
25108
16759
11418
21194
21699
13125
17187
34774
36184
53059
28401
18957
24953
22011
24209
32250
24285
22392
21841
23265
22528
17244
22545
22155
28662
31026
25211
31419
20460
15880
17833
19972
26941
18630
19702
19018
16981
36836
21273
19929
36007
31969
21267
15989
14954
18663
22522
16097
23404
34360
20401
29056
48162
21946
31881
22425
18964
20170
24315
22494
26561
21361
20291
24317
20320
15929
20465
12582
15081
68075
21566
23779
17672
31073
28479
20030
19709
16592
25324
13515
18185
25261
45900
17204
29356
42069
19982
26148
17385
26102
13138
23708
14847
14592
27464
36236
23683
40709
21331
29358
20607
22009
26171
43005
29792
29765
19866
26803
24098
42179
44439
12180
21862
26034
31260
14492
21543
24524
28476
18267
21091
41301
51460
27941
23160
22389
19779
22574
21485
17406
16603
23020
27956
28466
43125
51117
27732
24242
37628
25499
18906
20072
16275
15650
19925
18197
41086
57161
42483
23872
25644
30585
33943
19253
44476
49865
23517
32659
32905
26334
18381
17963
20883
31426
27749
19518
21607
25189
53400
56966
31006
20752
20655
22441
19770
24377
18776
17708
23640
22266
25406
17405
21587
29359
44975
27867
27811
16229
19216
29107
24523
32640
48886
68581
22091
46972
18819
23934
39170
34678
25003
20944
19280
19550
19971
18317
22719
35846
25634
17113
49240
6394
23840
21959
15504
24302
22263
18066
25579
43556
18155
21757
24672
40510
24731
30050
23460
18572
21814
17626
23987
14390
19527
37802
45929
30736
13396
24823
22383
24507
23909
15860
19584
17780
43773
22091
20954
15710
40934
34292
15125
27780
16438
35752
18439
20758
20356
22360
15082
33060
32823
47687
25301
37017
53577
48344
21535
19333
23535
32134
36938
23948
10324
26616
12193
24231
49886
64559
79315
19783
19931
24427
19689
15091
29146
17141
17977
18025
21974
14702
19437
20570
25915
19549
16289
20319
15270
25882
20978
44256
16618
29512
19200
20305
27484
19749
19090
36543
26607
32839
34413
30338
36939
20509
24709
33846
54463
63878
52128
20681
17365
20429
63744
35587
79373
92361
34324
25543
29606
26343
15317
21263
12184
29326
24485
20596
17999
23003
38593
29330
23716
16181
22996
14851
16874
28680
23605
28869
20149
19847
14296
25941
26988
14825
19155
17503
30402
21021
22398
21188
30867
13306
37544
13195
23022
24316
30618
40643
20848
22180
21220
23988
26749
31890
27584
41604
16870
17853
30198
16976
11048
13257
21531
15324
19077
33583
24237
30682
25401
28225
22829
16070
30753
16470
29195
26146
18684
26346
17347
21981
19571
19790
31666
20352
24591
27411
19823
21422
31760
24934
16480
25609
26787
41356
52235
25753
17718
19677
22892
20813
18775
15899
23355
19522
12245
27881
16073
18802
11216
14495
21551
14688
11282
20482
18827
16787
29587
32436
24684
28380
25764
17467
31698
21601
21453
26378
14872
33566
20368
26444
26635
14731
31637
27621
15971
22992
23670
20298
25489
29415
23004
22204
20761
18797
28862
33541
21473
26713
24713
23339
51433
35447
29492
26666
17080
16518
23139
25769
35621
17246
19997
25703
30727
20672
32031
20279
25899
33442
17919
18730
21204
25696
29172
17875
38647
44699
27535
17998
14163
17312
23626
26071
14896
16062
25051
27569
31541
14635
25201
28592
23057
27539
25789
25843
26591
28144
29437
24595
19437
22066
32616
37519
34958
20849
19242
20663
21111
14243
27529
36497
26293
24607
39368
16820
23994
18515
23242
14114
14283
21211
21452
23966
30922
23559
11186
13446
27204
11893
21559
18370
23230
23290
27838
19706
20515
26369
20871
31072
19121
21298
18762
15308
20660
21633
35220
23708
21344
26097
22472
31700
22901
14097
22003
31370
42915
21575
23484
15034
25633
25711
17640
29037
33520
22349
16811
13653
18190
14152
11829
26767
23169
67631
19589
14064
18008
19977
31577
41470
16334
30888
39023
20494
22992
27685
31402
38062
20680
38846
47487
41313
22272
23663
23186
24322
41130
28531
20095
34346
26006
18863
21704
22069
26645
20131
30887
25937
10492
19447
20362
33584
25008
20136
26197
28795
43327
31261
45235
17059
15318
35165
17499
37106
30856
22371
22601
28592
33344
44977
15850
45546
23157
27474
21802
19806
18705
24065
29555
39252
17788
69039
74562
17463
20155
16599
32035
27620
12355
20286
28682
22496
22897
30274
30783
29036
39597
50835
44201
39468
18056
18110
31953
17858
25965
15059
42875
24590
19504
19729
33512
23052
31341
45333
18350
24749
18868
17632
27947
34031
24627
11885
22450
21298
17780
24304
32033
32790
26453
22545
25985
18056
25594
41551
65222
23769
71150
14607
27678
21722
27777
19193
23189
27703
35050
19519
17123
17550
19302
38909
20254
23644
28024
23297
31839
37749
55831
21330
25157
23271
17035
27159
22443
22270
20189
33207
20130
34097
20722
21732
25519
20644
16029
21573
18571
17779
16849
16282
25424
15798
41376
22352
14410
16439
24353
24794
11816
12471
22499
24647
26234
29480
37415
20629
46414
21431
34625
27748
27008
30353
26142
17645
26194
16314
16687
51816
45465
29145
16656
14952
17670
16730
27482
55618
19139
31063
17784
16230
20359
25160
27945
20593
14438
23673
27434
20015
23560
13476
20540
18972
27399
22584
16791
41558
15710
39774
15058
19558
16792
30713
30838
33674
21739
28176
30341
42796
23733
24212
26432
22244
29322
23079
20450
14773
23309
14541
20603
21915
21438
18280
19679
19987
24970
12055
30145
37991
22319
23839
31636
23847
23170
25522
33384
19799
39463
47543
18540
17545
44984
85306
92160
20307
43409
16457
61202
43984
24212
23771
18411
25467
24968
28502
27001
19794
18019
31280
30113
44645
50331
42134
25566
30782
12913
25755
20149
25547
27442
29901
27121
22803
34255
16361
39237
15160
13857
16126
28594
26287
20648
23438
25740
25104
28792
20145
15066
17763
11010
21251
23750
17381
28221
23463
33933
38318
19328
20754
24432
29473
21788
23745
32531
39459
18217
21474
25748
19823
15973
18583
23701
27294
24178
20251
29123
19798
35756
16409
18426
22585
36670
20100
29543
28337
18727
22276
40013
34509
24204
17128
38862
35915
25787
29687
43967
24174
25053
20222
39625
33026
25584
25262
27011
35748
40336
13975
18087
24296
33758
11659
18871
30987
29058
28566
18298
24643
38566
27728
31662
13909
27795
40114
17817
20480
24547
32048
13519
30577
14918
17873
17803
26869
32034
15552
25790
23032
15845
14420
37888
26170
24687
14567
23054
19163
17549
36612
27040
22684
25078
17244
19015
21393
22172
38738
26977
18804
14100
26265
19587
12780
32536
14588
21511
25833
18538
18378
38941
35706
19212
50102
28028
16380
18468
19562
32170
22483
47905
26261
24504
34850
32119
14956
26050
21552
29473
28285
28780
38616
21309
26283
30046
24055
21599
17059
19601
20110
23754
14889
27423
19987
21882
26983
26701
19326
22750
23373
21604
47538
20938
19776
18003
8875
16789
19871
25868
28175
18316
31754
18381
20014
32389
23165
26284
23274
20259
31959
14943
37999
27597
23082
19128
26821
27695
25885
22668
18597
21330
42459
30517
17993
29741
26242
20729
19239
41773
29067
24049
17892
23550
27851
17686
25212
39450
24090
15820
24162
17997
36028
18813
25503
21805
24175
27641
19333
30893
19129
31823
18664
22402
22766
28637
23276
23690
27888
16815
36882
20409
32850
16551
21913
25858
27645
29682
21812
20418
21488
25933
17356
19595
29716
27073
39052
23879
32784
26535
26399
28651
18241
15284
32342
30825
22913
22902
22614
20617
20961
18444
18117
20447
29969
25908
24625
22916
25899
18607
23613
12810
41876
28978
22159
26109
10173
19082
30501
21622
31927
11308
16193
19087
30274
31914
21209
21558
45154
25068
42050
21172
22640
18233
20809
26011
15487
17808
32175
20282
32387
30390
41136
15884
18197
29762
23095
21656
36618
28310
22717
26837
26582
28991
20056
38606
23132
21817
32638
20583
36133
27953
26936
32997
22692
30784
21053
25758
34408
25345
29569
14406
6225
27315
18216
21807
17431
25299
26366
20415
19824
24686
28848
28817
34482
34619
19570
26254
20796
36202
24978
26021
20368
28203
23543
23582
18500
21947
20035
41287
25466
29735
23340
37839
37638
25242
25256
33392
23224
22485
29703
60266
56344
24662
11752
15694
29768
42318
21820
29837
36408
26217
17205
22490
23017
23307
26267
32301
24593
37113
21592
24182
29379
28535
19539
81108
41504
37545
23554
25479
20446
52947
23087
22698
14361
10792
25572
25138
19167
23107
24094
31907
31669
28143
22019
29234
20452
26464
20075
17430
31097
16713
30117
21723
30571
21139
23460
31608
48193
26891
33320
29695
14797
25090
33653
19146
24750
20791
23373
18944
34877
27961
20998
21196
40728
25819
34502
31911
15588
26749
47823
23544
19933
20655
19597
24139
41546
20423
21109
14179
17892
21763
19874
29376
25802
26413
9011
29765
18555
21074
22483
31547
19482
26441
24418
26907
28384
27515
26627
38707
25446
22425
19974
13752
20983
26789
47046
29989
29609
21541
42493
26508
13833
24052
25302
18734
30948
20469
25126
20649
24345
25241
32546
35236
34614
19158
21599
29107
20846
30037
21981
26651
37024
26276
21917
31929
40161
46914
41696
12984
34152
20585
18279
28864
21592
29559
13784
12142
34192
23213
31931
27982
60967
15439
16018
20834
22165
20880
30081
23816
11850
21634
26776
26012
22611
26944
25142
19119
26385
19674
12252
23777
20313
18623
21372
27469
32637
28975
24816
27845
26574
23277
20391
28596
34665
37604
19251
33594
18673
13571
17865
27739
40291
25103
26458
23810
29849
20361
37115
21272
22855
38653
38696
18762
19392
34300
22528
26781
17848
17059
18623
15619
21784
16158
35004
23780
46213
18228
31062
22762
38991
28159
17135
17663
16372
30106
17160
20113
18332
23055
13909
33618
31435
20959
18585
26214
24207
23728
23424
20884
30082
34322
28726
25208
20882
19195
25675
35079
26685
33942
46693
38435
25963
19495
21848
19701
24401
29126
36290
22856
37583
19138
24244
18528
19613
25238
31802
24957
36593
20181
33156
21157
30809
23813
44107
22661
18946
20301
18601
37027
21539
23319
21719
21433
23964
25293
32358
29282
28767
21955
34988
23986
15375
23981
42916
26481
25506
19913
19791
39720
21087
47772
28904
45356
16314
25932
22180
20985
30759
15295
20912
33021
30181
24633
36251
19748
33418
17786
28233
44917
26779
34180
20180
23342
25421
19334
19740
19411
17372
16681
14975
16202
30673
41931
26788
18924
28332
16774
26430
23853
24524
28063
19441
33268
82189
26638
24344
24187
19718
14982
17834
29911
21135
19841
6182
22391
19218
17416
19004
24129
25550
34210
58323
38289
25110
22214
32018
29706
37157
19726
30057
28706
26647
38137
18962
20604
23812
17519
29981
35139
17125
26563
12894
22355
20695
34117
26884
21108
24683
18006
42005
28097
22119
44933
30188
30581
28291
50036
24607
32125
35018
23258
19725
38985
21237
23289
32712
19579
24902
29057
31290
24426
21331
28758
21010
14008
26685
27966
24252
16118
41530
33479
49004
23554
58754
20919
16945
17586
19661
34609
11607
12647
18839
40603
22869
34386
10362
15230
23556
19480
18257
19745
20498
27410
17574
21745
29879
31948
27211
13768
22185
20754
18933
25782
24296
17292
20686
24653
24163
23595
22112
21308
28833
22664
32428
38914
35670
30128
22395
33107
24917
22217
27501
23927
19597
22079
14703
22605
23097
26152
20196
26885
43287
24228
26787
36990
18686
19977
18893
44133
18742
12417
21520
14112
17687
19892
31636
43411
22611
21934
31756
21645
18610
19166
37344
33908
14414
20721
23269
21386
29945
16137
23254
28048
16182
15662
33493
34909
25579
29936
22765
23819
19431
35449
20641
34234
19189
34368
29374
47314
23867
61981
76245
26506
20476
46016
33955
15922
21380
20882
37377
20718
18425
30371
23121
27025
16264
40337
19711
31927
29578
41090
22029
28028
25610
26575
16264
26478
8783
22412
21830
5990
25858
18316
54836
14028
28886
25329
16789
33325
18724
20587
46675
33928
47741
32199
38748
28171
27958
15070
13799
20404
33610
30937
11041
17715
20362
18327
27981
18388
22351
17985
11942
32317
13315
18445
17706
26113
22599
17388
26841
25422
25389
24331
19529
20155
22886
28026
25700
25468
24429
40692
17264
32701
18205
19156
41106
51851
15550
22035
24382
32689
30028
33555
18464
26825
33256
23412
44909
40927
19971
10394
22965
27638
15794
22161
29943
30507
27384
39769
30352
29887
30333
29680
35565
34935
25303
21086
24539
20160
34292
14218
35528
10790
21271
33579
12224
21042
23480
15043
24036
23056
24091
19181
22521
26611
36876
30001
29450
22705
31122
23285
31188
23526
21167
15191
21648
18101
23033
21910
33927
21825
27820
10065
24617
25917
17672
22578
29428
32922
14683
21819
28325
34251
18947
22805
24244
22472
28830
16931
41154
17035
23363
27089
19866
21422
36404
29162
21012
12754
23301
34085
19943
18155
25692
28579
31016
14160
24470
19332
9271
26509
17330
20332
20297
24033
16229
33478
22615
27409
13036
26270
38413
66384
33515
26924
22566
22759
24546
19275
27590
17215
20426
25246
18087
20360
28965
17474
9907
22758
27569
33329
50015
15870
31186
29272
12733
31344
19424
15618
19977
22337
21709
17399
19861
29586
17806
31901
26918
22596
23252
27288
18708
20609
18501
37682
19026
21935
23194
45135
28757
24815
14393
21999
33683
20606
16914
18226
26724
23373
19096
23781
58460
48237
45683
41494
30679
24274
33005
26723
13136
30430
23968
33808
22429
36383
47821
20772
24127
33023
29475
28369
26759
38033
24379
18385
17141
21422
40116
26712
25773
16050
24532
43582
48076
22977
27827
18653
22633
9336
27767
20521
37383
29916
14227
20709
27017
36972
22913
23552
14171
46295
28578
47545
40289
29253
31161
70015
20045
16237
25215
35481
26424
23907
16868
24108
25913
23339
20656
26545
14889
29987
26571
15579
21160
17386
20504
22759
25433
36228
23706
22249
36506
24107
21787
21104
19342
31565
45339
26796
29382
19400
35849
38703
15152
21640
35248
20020
26930
34505
44034
26158
32400
21852
25748
35891
27837
18592
26288
26239
45524
16697
24691
27013
25633
29349
18655
13271
17799
22770
24920
18304
30845
26568
16531
18485
24954
29874
23160
33031
14155
24055
15053
20850
25493
20821
25375
19583
18280
21784
24251
31619
31515
34871
16987
22105
27887
29228
28577
24671
34319
44481
19194
30179
19570
50536
47142
21962
26458
18382
21695
19876
31782
34232
20209
14071
24160
23903
18761
23324
53469
25638
19098
14820
23106
20617
25584
21061
35922
27767
13411
39564
18402
38444
35033
13725
19601
21681
25643
33690
22951
20944
29766
33498
18882
12056
18977
18266
36078
29077
24174
39125
21404
28545
14698
48496
29700
29010
22349
18930
29461
29713
13626
25100
30153
25551
38210
24889
24580
27020
16485
19047
20081
22800
21513
36264
44094
45231
26713
28394
13746
26447
29321
32059
38575
19737
19550
30476
34864
30670
20286
21425
26948
22583
29175
46179
15609
15002
23387
32907
24722
27203
19209
19067
30046
22087
22795
17752
23333
21232
20208
22668
16048
22555
27442
23984
24313
23263
16767
18175
17878
30836
16182
23011
32538
19832
22676
26804
18007
16666
27418
24630
29614
25660
30758
41314
25371
25075
35871
27004
22782
35051
19457
34132
23982
21556
19031
30217
19056
23167
17233
29849
26066
16289
25253
19962
26338
20958
15462
18298
29876
21529
21976
27090
26255
22643
30552
41774
33640
24870
23226
18186
22679
24938
25607
25203
25940
19425
24222
37720
25696
21732
18710
17527
24960
49527
16605
26265
24011
18382
19906
25260
24844
57516
21080
20384
27772
28442
17941
36540
30033
24257
18395
28768
19425
45209
29787
18668
29716
36993
40823
29271
24445
17798
18341
18981
30279
45520
25398
30271
20516
20425
25674
30972
23209
21713
13282
16800
12009
33283
36929
17985
25296
19729
46872
36245
26299
20348
32531
46059
23114
28167
30092
23813
13467
22842
19678
22342
34889
21841
36809
54182
32443
29665
32261
29867
10746
26167
36536
21827
20623
22173
18684
24939
33752
21253
31547
20844
38249
50234
34421
39569
26316
25689
14210
25636
21497
30941
39033
25358
29174
22950
24075
29567
14097
15153
29592
23455
37764
33201
22457
29196
18877
16288
28301
45138
18638
14408
24567
28582
19319
14497
26226
17019
20819
48845
26346
36202
18133
25758
18337
24125
16225
29529
49610
43468
22362
25178
23517
33421
30736
42265
32971
30597
20164
28712
23115
27169
18690
24786
14533
30551
27074
17508
37740
14347
19796
24164
15087
37350
23866
16930
25986
29657
58847
23101
26648
20170
21057
29244
30221
21408
22069
27044
16827
25323
18347
30177
25509
29747
32994
27825
41189
62598
21709
13345
23048
31245
44178
16002
30037
25562
20543
29670
24092
61961
32487
19700
12718
22805
27033
19995
23532
22157
32129
19424
27444
24775
37929
22504
25403
20739
20638
23211
27052
17722
13817
14618
14921
21024
16742
10978
20031
26848
28403
19077
25795
37033
16306
27377
15255
21259
26500
24512
13814
21078
21381
32628
22348
15777
14205
19717
36896
21052
36409
31303
38378
23356
18529
20076
30153
17100
20924
31632
30883
22289
16714
24389
18183
19603
39360
25420
25485
21182
18418
15360
22198
28592
47952
15293
32584
21298
15960
23000
22039
29358
12517
24355
31371
27816
20268
18810
17444
17195
34380
24544
40209
50424
61478
18247
22086
30717
28111
19917
12575
22359
15401
38915
38949
31723
23331
20336
13701
19705
13826
32138
44915
17579
19598
23272
34761
16743
26734
23425
31215
30753
10949
26535
30918
30625
18105
22084
15046
18180
20710
37837
19330
27274
14246
22917
12422
38642
24969
48750
21012
41606
17250
28357
40929
45851
32176
40549
23347
28399
41095
62547
24406
15045
29534
15415
34287
14336
22593
26117
16315
18918
22130
25621
25590
40012
37076
35410
28492
36294
16614
37618
15393
18328
34046
21987
14164
23334
39393
28708
21473
22058
35489
25617
21648
29652
26195
42176
33340
33126
29247
12097
26638
17597
31211
27109
26600
26124
21193
16011
20225
25907
13626
31582
33954
28368
13382
19624
17416
23131
23414
22407
35426
18194
25327
22372
26019
18474
24821
20525
16483
23352
17086
22249
23741
28680
19306
22440
18221
15141
18956
27999
37083
45419
26092
33583
24705
33813
16309
25624
26649
14310
21853
19423
36361
15294
28685
29052
20308
27268
17232
28691
13523
34423
23618
28240
22472
17712
24317
16566
20854
39156
18454
15016
22003
25115
41167
22754
19680
25325
36072
27783
22295
20375
19123
20036
24373
37941
22179
23729
32587
24157
32063
33305
28995
20881
17244
15558
17000
28462
24595
28107
28711
19772
54593
35087
25937
27186
27656
27774
19909
16730
16121
15176
19376
18343
19319
20029
23778
36054
23737
14839
10458
12660
19238
29044
24250
39837
14813
15745
22093
25313
27473
20194
18711
30570
26372
22228
31606
27461
15044
35988
18868
38370
30980
16620
23447
20322
29831
22115
19782
18546
16222
25887
17962
18604
17901
17366
34339
23403
22682
26315
33642
19804
44666
22440
16304
16882
15464
30828
18545
19258
21847
20294
18898
18384
25700
25898
35166
49055
26764
15204
19021
22201
20426
15654
24153
14847
28415
31886
19808
16055
15233
18490
20239
23104
14695
33120
24693
21998
38092
30630
16167
22855
18898
23314
28426
20300
23140
21643
32984
25088
35622
22543
15369
30590
35366
37278
18111
32524
16177
23309
22531
35181
38167
21184
15358
28113
17376
18559
18780
39897
28132
22307
28591
32165
16596
26568
24552
21495
14195
31482
22846
24354
22986
32363
22462
28310
20844
28903
22864
18846
31147
23483
18671
15082
16406
19614
25446
15729
30220
17806
31893
25926
57344
24214
29088
25360
54692
19539
20781
33078
27283
28047
24314
19340
18576
23999
20621
15441
26046
45904
50630
35853
14072
38489
16710
32487
28856
35490
25292
64984
29284
32484
22212
24976
19378
17202
23610
37989
26845
28588
15712
26822
25681
21238
32609
24640
18647
13029
20946
18117
26614
30523
36056
34873
14679
18979
26070
16901
25109
24644
33025
21331
23477
19996
19482
20573
20748
30902
14435
27873
15043
23569
19275
21055
23152
32691
24668
33594
35590
22317
15390
35338
21567
23811
21354
23376
45156
20091
19990
48856
28181
19758
28424
16189
21984
20744
26172
37010
56921
23485
25700
24748
15264
32782
17763
20389
19305
15385
18133
22395
22694
19098
22827
30950
22535
19684
35440
27183
21027
27797
19869
27491
24840
35215
20635
16647
29212
26523
19831
23491
19539
18094
28418
21394
22968
19865
28997
27356
23205
16033
21149
26034
20486
19213
18991
24677
25419
23511
15792
17257
18409
24026
16548
12932
24606
18822
24395
38919
27300
15148
23819
28280
25119
28296
28817
34389
13713
20777
17813
24312
23392
22620
23093
40213
27575
48001
28463
35438
21961
59332
24696
24433
21937
26429
20318
16116
32564
26049
21175
8118
26076
35462
25688
31968
26996
16833
16236
10160
17880
29585
17316
18549
23460
21543
29770
22511
17960
24973
18401
18861
13653
23274
22824
23116
19452
39503
21759
23038
20243
17280
21151
20079
31928
18443
19455
18298
19315
21096
28493
37183
20421
22432
15406
22118
28473
17856
22006
12308
26526
28037
14725
20956
26116
26694
11947
12653
28668
12971
26780
23557
23039
21585
30684
13215
17990
20958
21651
25788
34292
24294
14436
26697
29167
17492
19011
17911
27552
17416
17648
22231
15430
21436
28840
21335
22626
23444
24934
25596
28114
23915
44201
17520
32445
16352
20841
28383
23146
24761
19686
30489
56545
21578
13100
23659
34116
25546
16312
28473
36805
16338
20580
28445
29527
23739
23022
24962
26270
22135
28062
29429
21355
23263
20299
19140
26310
17338
14952
25429
15411
24272
14575
19235
22405
20210
22380
41448
21969
18245
20952
19556
18612
14656
14792
47012
31757
23022
35560
25137
32426
16487
28448
32883
20577
25054
19131
28842
25307
22311
33731
30617
20028
28259
22470
26649
25598
36991
22089
31714
19886
24979
22524
15649
20107
24109
14664
28659
14293
26125
16780
36582
11832
24946
21644
20382
19618
22643
15578
25115
31114
18687
28538
23442
27109
22002
20547
17594
20862
33168
18671
19058
23206
37802
21778
33469
42396
11206
18300
19943
28610
26846
30486
30504
28338
27964
39503
24245
14015
51955
24174
24887
18926
32774
29139
11933
18098
11431
22919
22238
36937
46203
23310
15298
20838
19030
20975
19723
23183
15122
31202
16422
20972
33518
15927
23187
18872
17798
24883
22471
39256
23958
51051
22222
10064
19521
25515
26977
40208
18929
22682
14004
30091
27548
18950
24887
21259
19515
16644
23179
19972
26363
40138
31428
41478
25700
14119
23467
25315
21880
34154
52765
17940
11968
30469
15069
26710
23277
25539
21977
20674
15543
26359
15791
41626
31048
61841
52806
24882
14618
16052
30780
26226
40930
18452
28473
48105
24026
27344
19408
27935
17967
24828
23147
19438
25453
40311
13202
29579
23497
15032
26470
34910
25972
27383
30293
29904
22851
22658
28116
20574
21832
30176
22837
29514
21697
35882
22164
31951
15594
26505
18378
14065
19827
19221
25874
33723
15822
29829
24523
18124
29508
15540
32635
59932
15122
23939
17639
22915
32704
15283
16005
35704
32264
22262
20407
29339
15359
24544
29921
22479
26595
56618
25551
42550
18360
22098
22299
24479
35497
21557
23319
25952
21015
22210
17719
22297
15253
20868
25013
57951
26762
23342
22985
40214
24772
23437
19110
21895
12528
22303
26603
19634
24612
40855
21084
18704
31113
35167
19512
32106
49220
31498
41928
27854
19170
20913
16327
26801
22955
13559
16416
18348
26135
36143
23515
28139
26150
20769
32055
52593
20305
37761
22027
22538
27686
13035
21198
38555
38385
19453
17153
27239
19154
14247
19248
20734
29723
55004
20163
17345
19491
13624
29682
24405
17274
36250
17488
25089
21547
21659
29945
24483
28798
19688
23051
38750
21084
23513
31171
25046
24918
34322
17083
18440
45926
23062
35291
24999
17413
26230
19728
22404
23683
16643
22224
22738
24661
29680
36035
28482
23722
28934
25281
26922
18331
15670
22467
25895
23240
25312
25011
41891
18417
19682
29908
22647
26360
18258
20579
20225
23296
26415
26703
33454
21951
27771
22582
22180
32590
34234
20157
26153
20043
23231
31453
20337
16926
16256
29050
21978
23791
23722
30006
31638
23208
23499
17205
25687
24837
48766
24249
31899
27548
15398
12980
20794
22789
29543
17550
20309
29322
19774
22444
22475
24255
17810
20342
10598
19423
24891
35344
23108
18133
24021
24614
16281
18544
26546
16803
21975
23291
25849
26167
28145
36729
38029
19889
16092
25292
18489
20354
33170
29897
17703
17306
22486
24072
18126
27688
22580
42026
44278
29461
22954
18764
16020
18218
27417
40665
18188
41052
20921
14699
23611
29714
42521
30366
15975
32406
17898
41192
33684
33895
21733
33004
36554
20609
21210
14657
34103
23401
12247
27509
20987
22633
35045
17250
22092
35891
34454
26722
30141
42255
36819
30552
22197
41040
22423
13990
27099
19083
21479
44197
21490
32839
27253
20701
19937
22394
13310
18457
22277
21760
14063
12612
17775
23183
17169
16182
16035
18343
27998
30863
34450
48631
25822
22631
23226
30449
51695
32494
39807
47185
22873
22053
29736
15354
15140
23686
28579
42907
18170
15966
32337
28920
20006
21213
21639
35558
23145
27704
26074
15092
18861
20700
24150
21684
25319
16416
25650
22100
14395
21625
30252
30350
22926
22800
19040
20390
13956
36497
17440
21200
34422
21959
25530
14771
19247
18492
27902
21135
11205
13250
25478
34675
22089
22445
18293
23444
23909
23619
18445
21337
19947
22522
17728
20156
15604
27323
20029
37238
45474
40633
25401
19436
18690
18943
32251
41882
15025
16027
22314
19136
29145
20892
16145
14569
25081
20086
17489
27878
19834
28026
10422
20640
17205
43558
68542
32013
22745
36354
33285
26945
27181
23439
18420
31915
64397
30680
16411
22076
28626
43390
22073
19591
30679
23723
28940
30262
22539
31174
30889
28444
21160
22768
24206
26520
35933
15650
20664
27396
44846
17039
21253
23806
33044
32271
26489
21280
22857
26668
35729
17457
21999
11698
18866
23826
25371
28937
18383
17861
30765
11903
19773
38244
31456
24447
29113
29619
22339
10261
19479
28242
16587
22566
19830
22661
25791
23044
22433
22123
41420
43964
20712
23320
18263
43610
22127
20588
21678
26622
28952
30629
22651
32063
13112
15558
27610
19385
16742
28737
23018
22272
19637
18956
28825
22724
31991
20865
22557
15540
22156
23080
26371
24505
36111
11852
27293
17166
16595
17889
23615
11910
16667
28354
13067
25869
19588
22645
16227
24852
36160
22622
42911
30157
27602
22189
17172
26263
23251
30047
25231
28554
26278
13732
38557
22603
21959
29245
25841
37020
15817
17027
15005
30778
20531
24175
21393
32501
28521
23200
13420
11926
19613
28871
18527
27725
17375
24000
20663
16503
28204
26015
17897
24827
24970
27396
23901
35799
36674
25764
22706
20514
9510
14860
12023
29921
40503
18067
18684
22915
39727
24571
21781
19095
15794
23594
25029
21071
34662
31082
25277
13321
36691
21759
31410
40923
23004
17022
16399
15090
15535
17572
20459
38493
29459
17925
26583
33529
48323
19604
28459
14998
34283
34200
23671
22215
22567
25803
26932
16837
24015
19632
18868
23976
22334
18855
21430
30209
22367
20669
44432
25398
63478
15582
21308
19481
17995
25048
23664
21161
26605
23455
16022
22358
21768
16351
19067
34676
19595
26442
19108
10250
20615
25640
26117
29231
25249
29424
31273
23470
14765
23342
24005
20156
20982
18828
22415
23991
23579
30239
21166
26051
22203
26505
25064
17692
29581
25856
19440
19347
15891
22538
17011
24293
13919
24574
15990
24015
25272
22532
23402
25850
41450
36570
33911
16717
26048
20430
35426
23492
34491
13867
25953
40142
27016
30037
15540
17162
14848
29567
34921
37830
38993
44791
38224
29886
22775
28598
13193
36868
18460
27950
22310
19711
26742
29743
22260
23045
30049
19445
16081
25796
14770
14171
22033
18403
19001
20005
21063
20238
30395
28198
32593
13213
36608
50589
34889
25961
18658
49956
26533
25373
37327
18146
27947
16944
21859
27686
15025
18942
33598
17050
13139
20981
23487
21627
24579
25377
25688
22731
27696
32767
57098
24480
26515
39437
26186
21041
18917
29667
24532
60929
28510
79544
35116
23525
15352
14101
23304
21881
20216
22128
21736
21137
21344
24215
20896
22592
25745
22826
10250
32362
22312
22294
24946
12450
24367
23022
18770
22183
23990
34942
25011
28307
20080
22947
28196
25561
40613
33704
40006
35002
30804
19696
41397
21631
25686
22610
23945
25558
31383
41185
19846
24545
34703
24431
36943
18066
21701
23638
43247
15271
19244
19490
17043
24258
14508
14156
28648
24200
23876
23775
22326
21762
13683
20278
19415
21246
44136
42819
21294
15836
22669
20133
24536
18872
22040
17517
21090
13556
21558
14756
19913
21594
13744
15720
17404
21305
14189
29173
25765
34500
38803
27673
21564
26951
41189
55591
19715
25562
32333
25291
23510
10063
22992
21377
39621
25201
21135
29328
67407
17156
24086
20747
21738
18799
28189
36457
22024
23824
35101
24592
24538
15603
21471
14684
21925
46074
55020
22648
16457
36042
31165
19101
34774
17424
24969
18497
15119
40075
23416
20117
13459
12204
18248
20098
26062
23253
13661
16394
26918
19705
28563
37859
25274
23818
25890
21396
20431
22921
21420
22616
20061
21341
19892
22752
19670
19431
18673
29261
28099
23798
28637
15963
34899
21727
21744
21832
25844
38098
10280
25780
27839
19819
18628
17318
31312
29091
59365
49127
32094
22864
16457
23796
28111
26737
31087
20435
30340
29752
17115
23085
14071
22074
35900
16035
10639
26974
24505
46299
35769
20045
10869
24516
22445
27159
22472
24544
22539
23553
27041
14220
14496
29840
21576
34443
22404
20271
17967
28038
29118
36016
52053
20730
32566
25824
23798
27263
23296
41733
36652
24410
50262
65470
24062
31998
24003
26503
43485
50117
17053
18764
37899
40886
19597
23103
27857
25988
32730
30724
30102
18364
20643
17055
16954
24456
19900
23427
24827
25264
21574
22245
30196
35399
21767
23460
22585
42223
24383
14660
55887
36252
25998
36644
27705
39476
16428
23117
25331
21720
10980
16635
48031
13767
34251
29023
34372
26553
20847
23413
30134
29818
12523
21745
34253
44845
46302
26814
31136
21575
25353
26302
22452
20192
23915
25510
27114
28662
17105
52449
33673
22205
28949
44242
16095
13846
14249
21084
21874
26508
25971
18887
22112
32112
18960
36381
33899
20351
24001
21662
10427
20361
23614
40087
23797
21738
19503
13432
22698
28137
21713
22394
29329
26642
14721
25521
40190
18982
19115
29923
19178
23098
23852
27931
18402
18197
26274
28785
17833
21367
20269
18962
19118
27901
17740
26981
18966
12654
23159
19807
17476
18942
12144
23981
20158
19355
21468
15026
15965
16585
26153
18183
21109
21736
13320
17682
34030
19312
26706
55960
24655
27885
21665
15502
16853
38386
14293
41299
20217
29574
21736
25979
22018
13415
42716
12395
15327
23747
31683
28107
22411
20408
25674
15176
36311
43953
23834
27367
13337
15864
19036
26292
19624
16977
30859
29906
19724
21991
39139
44047
23950
27227
16743
25002
18272
36510
23572
15213
17304
38372
26434
21603
18701
19026
28859
21619
11801
39523
42672
18830
19329
19468
14171
34699
33474
19690
37226
35389
23781
36335
21044
14517
18342
14425
19921
22409
15903
36138
47166
29219
23099
17411
24867
32652
33107
24119
29834
40130
26160
27763
25195
25788
17714
20051
19049
18602
22461
26736
23341
24685
17041
19146
18274
25766
31891
25474
19632
17948
19493
16376
35495
15831
21264
24302
27743
12617
18923
43903
12969
23792
18258
16493
30855
19313
19559
12884
22583
29511
34249
20730
28634
35778
18395
26763
27676
48342
13150
18863
22025
15404
21875
22846
25638
20163
15559
14445
31326
20853
24454
33948
23812
29514
35472
34740
28167
21542
17814
10756
27747
18705
30012
24780
22650
30940
17690
24378
13023
40022
12794
32242
12547
32037
28344
21316
28610
33234
14200
21169
18451
8277
20928
22123
12459
20934
32485
23307
18522
22873
20362
27125
19081
22817
25503
17926
31234
17394
12209
18481
16884
21827
27017
29270
19264
28867
24651
18211
12033
12282
21402
19712
26951
20689
24763
20217
29656
29128
38824
18511
28086
27915
15572
22047
23747
14623
19429
30306
24520
24780
16819
21989
12939
33511
52671
14777
27302
22641
22222
26520
58841
48026
30143
20570
13061
21338
21978
35806
15465
26671
25920
15141
20310
17964
24826
23599
16101
19860
18667
13332
41158
20279
30919
40192
20890
27844
55257
44485
26723
37914
36817
18091
11564
20091
21039
25867
16500
27745
13123
13028
32314
16122
20620
18179
32448
33534
56899
16246
16907
28907
38175
18136
28282
26648
48121
20622
17583
23261
14742
24133
20576
14427
25002
21028
45983
25468
22152
27876
31338
15444
29217
21416
23791
15746
24907
20829
24442
21458
22085
21030
36250
17497
18184
23134
24352
19719
24339
42751
23491
22945
29733
24169
13326
11222
27631
23098
13320
19122
36654
31755
29014
19104
33907
17687
50917
38427
19035
18631
16268
12849
13080
21168
23646
23250
20758
23166
24850
34023
19948
18458
24085
25307
30264
19126
20571
40212
25066
21290
18738
38416
27461
21437
30531
21993
19913
25546
11918
29611
16827
30647
15078
13499
25626
48008
18918
20228
29978
24640
37947
18142
19851
27680
20242
26937
26454
28739
20026
23503
12279
17694
38647
23095
17798
24391
15388
27122
44436
17837
62863
29815
15036
43610
18915
17708
12954
26280
28160
41819
19064
22120
21080
15237
13085
21346
33277
18920
24344
23971
12542
24285
14459
25844
14991
31088
15706
27504
18346
15179
26679
25125
26587
30849
19902
34212
21037
28924
26716
23983
18518
17591
33005
41037
13495
18653
23148
24590
24627
27319
21226
15298
40562
20435
18939
15977
33180
23630
18387
22308
17084
31329
35988
37530
29862
29060
26310
23503
23489
19548
19435
24492
31875
15757
16035
24703
17500
16935
22353
19316
31556
39374
48361
22128
15943
18239
17423
21925
20893
17687
11943
22173
67297
47191
23291
24178
25188
30659
41050
23379
17355
20337
19832
26771
23961
34257
18134
16633
18650
33566
42958
29768
32361
18004
35414
34710
18199
34169
42529
24494
21834
32738
16082
19722
19292
22394
20050
35072
26695
24253
28926
19631
26689
20085
15529
12383
18617
15128
16614
22049
22307
20702
16984
26061
21441
17961
16716
26564
13341
20277
32037
25294
33213
35596
47080
38957
25722
16130
36381
30475
24019
37374
25886
22935
40730
19541
32490
26813
30241
28633
22234
15987
24146
23547
15057
25033
22336
20577
28347
29473
43126
20535
21705
37212
28747
26493
20146
26076
17944
23501
20044
22624
19868
18945
30627
41477
22644
30074
29395
22707
15903
19555
22721
21952
30114
23397
22319
16514
24909
19216
24815
32232
12824
17997
14901
42594
26169
23908
39057
65912
28143
29162
39194
38097
18259
13158
19054
25299
32925
18688
47239
38752
29029
41854
24000
31096
54724
20048
26568
40929
43039
20763
20297
25846
36534
27374
23514
27048
26574
20223
32587
18495
18822
23715
16204
34649
13850
25755
20535
33499
22489
21894
10865
25847
39294
18769
21236
24157
29774
18042
22904
31991
17070
20633
28956
27329
21492
24242
20085
22479
26522
23052
19723
20502
29230
22898
31533
42001
64766
19500
16394
23131
34294
18558
14544
18822
21369
26710
25262
40974
25676
21067
19592
27245
24006
20478
23100
20172
32794
15302
21517
21144
27228
24563
21970
35685
17426
20375
19501
16786
22094
33607
15539
36759
19556
19456
25391
21873
20183
26830
17907
17068
21074
19611
37980
34787
41775
34085
30651
19553
14312
13247
24923
23505
21225
23818
39834
21955
23380
23725
26780
18746
28595
21811
33982
22071
34386
41734
18610
26694
17264
23684
31276
38130
22046
38152
21321
26635
31508
14470
23819
34092
16814
15597
25864
17265
17627
34619
22043
19634
24004
25911
23329
26732
26769
24591
28168
25828
58578
47849
10539
29933
19801
30398
43938
41451
59727
38604
43233
31536
21876
25314
16963
25608
23554
20357
23482
24662
23202
28411
48357
17663
22367
24398
18573
23543
15502
38746
41571
24087
19371
20859
13229
27765
15201
21496
31853
16769
19336
27540
25880
15042
22364
23851
38659
47150
21070
23130
37530
23509
21238
22903
10273
18456
19333
24541
20956
16012
16044
20912
22620
22531
30146
23486
17703
37735
17708
23813
11692
32028
28457
23315
36232
16771
26499
16972
21938
20188
19548
22540
15131
8382
16865
18800
25907
31036
18504
27320
15542
13128
23908
27946
20291
28027
29768
19803
16764
28597
26538
32870
23354
26993
24682
18405
23023
16463
35305
25589
18601
14039
28945
27825
23021
48388
15332
20793
22134
23123
12916
18882
25411
15918
18818
19137
16090
23217
33573
27732
20205
30071
33006
27556
17149
19570
26984
35601
19307
20046
22180
21701
35185
14777
19012
26867
15002
15132
18715
16419
16439
18723
28418
17410
9925
27725
30684
28259
15156
30188
29422
28996
40261
28106
57418
49546
30571
22962
42147
37414
24495
44417
30225
15457
12722
12529
23498
26547
42955
21804
33409
10235
20613
23064
29959
17168
10230
22985
38645
28832
19395
24444
22430
25487
27598
33861
26966
23280
21338
16524
20393
31677
15511
15283
23666
32581
26669
16652
18849
23299
24308
24270
39036
16701
20062
14648
25557
24817
21675
25218
40876
10965
26187
20171
24227
34431
22170
26234
39623
30252
46901
14737
9993
49345
25091
39132
23789
21551
22183
35854
18489
28499
11964
19668
15100
19646
25346
23395
29136
40978
21825
27023
34914
12448
30112
15800
19804
16949
20495
29029
20137
22273
20099
23896
32498
33437
35813
20524
24284
21059
22467
36147
58188
62306
67961
68257
33748
26979
14720
18486
19398
26252
17776
15896
24663
23136
35077
21313
13814
23752
25561
32411
42099
28103
21410
29219
19086
23588
15757
14995
21413
11186
19722
16519
23999
36203
21471
24940
22926
15905
29551
16962
31838
55010
21080
34533
20548
16303
18548
24647
26774
21429
29587
15767
17507
49881
19348
29254
26194
20336
11680
33655
44810
17770
22829
15540
33813
26334
39699
21405
24799
27219
18857
24981
35379
12957
55635
36447
21451
29656
21642
38836
22097
16519
27526
22879
20977
22719
16861
22880
23803
44006
23297
46044
22047
43267
17676
22074
32511
16751
21824
18262
28830
22888
38526
34251
24007
15321
25090
24406
21825
36284
13614
17138
30425
24267
33707
20027
30833
19539
19003
24920
36685
16614
18870
32140
17992
23888
20064
32784
20966
18163
25254
32685
23207
22691
16986
23741
29234
22846
19061
25825
10750
11818
14352
29853
22142
18292
35838
21243
21206
29614
28663
20687
19949
38495
18383
33790
28708
35281
50668
34088
24272
22602
21694
15888
29535
28071
27437
20995
30265
22487
23277
23872
22256
17648
25601
31983
34573
46628
21827
31237
26177
25704
37574
29730
19512
35877
21592
23039
23338
26313
26040
19354
17815
19423
36452
53049
23560
26964
28285
23901
22371
19297
26372
16590
19824
22066
32799
33074
27176
19195
31173
17178
18247
23837
18780
25738
23747
67257
35251
27129
22703
25760
19046
22033
31616
23205
22912
29739
41638
26443
37515
35728
17091
21178
25378
26137
32180
30923
42220
16860
26089
42950
23803
29230
14471
38197
16938
18502
22117
15051
20006
25821
19434
25905
27195
33157
30322
20566
29448
24364
14911
14806
22959
24453
25075
22733
17562
19677
23151
25543
22630
23669
23179
47402
50637
28005
19680
24320
24890
21197
19383
23136
36520
18569
27683
18423
19384
14512
15170
31275
31739
29327
25119
23868
39055
21163
25543
23257
16998
22084
24142
26352
21557
14600
10947
15030
26685
24167
22873
18904
30470
43211
31208
20337
24673
17964
25781
25975
29826
21521
17309
36923
14760
20823
28557
20427
20890
16689
31673
19463
15985
21625
13780
13776
31736
41420
69763
84818
18086
37014
23306
25438
21420
29857
23708
25074
24169
18029
26235
26314
24757
34136
22176
19016
17971
31456
25746
23208
27568
15759
32281
22901
30625
27921
25160
44127
67354
20334
14752
34326
22496
33432
14887
20894
26515
28349
32678
18346
27725
31210
34967
22920
17826
13240
16412
28485
33677
40719
14225
27029
27067
24335
19365
21156
26651
35218
23627
14856
18497
22451
27778
16237
23599
29955
21296
22485
19294
22066
15876
35614
19909
39239
26565
18052
25559
20951
19287
27019
26498
22343
23476
15650
32070
30972
19528
26336
19594
19828
37541
19669
15335
24839
21721
42742
39399
29016
31726
25485
15602
27522
18176
31140
21560
28277
15725
20247
18503
29678
28289
22304
24566
17284
19285
21309
27825
33646
27065
24953
17391
16136
18036
17722
19544
26163
22409
25600
33935
15269
10197
19867
21164
25630
25482
30902
42648
25782
15036
21841
28556
23352
21282
21274
18794
23660
19907
23251
19888
32958
19538
16944
25862
15962
18374
24684
16089
26672
21690
25761
22929
18873
19411
30211
17571
21925
20233
27101
21424
14830
11592
25287
19377
28039
25386
37526
18586
24319
16950
24064
29295
15561
27588
20715
13217
14701
19260
36677
13060
26527
27600
22602
22536
23999
25474
23754
27740
23587
19500
12000
28977
16850
21930
16607
17028
16721
37356
20850
24919
25988
14679
15225
22058
26585
20622
31969
30452
15832
13521
13233
30778
23852
24900
32253
10644
18059
23874
38293
31189
29409
19350
16545
16953
20892
16182
18166
29177
23395
24351
20252
17355
28308
32147
27548
17505
26405
25910
32304
25250
12731
21132
21284
19284
19096
14716
20471
16289
22252
29477
15655
19358
25105
26311
23064
21591
21222
15975
22089
17393
24454
18423
28307
17521
18953
11152
20159
23148
14911
17374
23367
19657
33653
27526
45435
14418
21295
22637
17398
13182
36858
21480
19265
20279
15104
26519
15761
21727
21416
12864
18699
21952
21961
21669
13182
21213
27215
13090
18072
15171
19640
36763
19024
10194
27310
31230
27240
23746
11664
26265
29022
24004
24531
15417
18758
18214
28692
37010
15158
26408
16230
16328
28687
23554
18509
36819
27605
26365
25498
31927
22109
17893
33471
27281
38845
26055
16688
18955
33370
13354
18561
22468
19581
22271
14986
32715
36021
21815
21661
20088
20646
29763
36782
20806
27208
26579
26101
43488
25372
21588
15208
36172
35470
27388
19201
26990
20402
21726
19253
24979
23373
20476
15152
26119
25774
30731
25362
16580
18279
18821
25919
29048
49796
18379
28709
30022
12178
23895
16473
18335
19954
28799
15071
22640
29455
16154
30384
20344
24259
13774
26586
49742
76885
24825
17057
31769
36210
27648
19624
29317
17466
28056
24421
23502
22913
27465
18091
22992
17792
22196
29022
38033
28552
25533
23719
15922
20623
18263
17446
42124
20031
23599
28351
23287
29720
19373
24618
22920
23504
17343
44057
70146
22186
44246
14162
25493
33350
40281
24213
17275
11828
19101
16551
23142
17765
27717
14596
39173
37121
20456
20509
32010
14394
30120
26959
41631
37055
26154
20997
21918
13835
17327
32969
18029
22187
17865
23651
18784
17677
22940
22964
25335
22068
21605
14242
17702
19299
20231
34179
20275
30758
17494
24743
22349
11912
24404
14191
22053
22471
19530
20822
24954
13715
17637
30506
14541
14897
27940
47918
25546
24515
20390
16773
18939
26553
42762
20910
18733
18649
26406
42277
31490
41660
18812
28483
25007
18866
18796
16071
26186
23812
17274
19032
20504
26927
20104
25959
20185
34271
45452
14087
23363
23701
40977
35398
18897
22044
26001
31077
17937
22166
15736
19998
28224
21610
35992
25328
15829
19511
25902
23139
22620
34906
29591
27890
24562
19363
16814
13901
19378
27380
25238
19975
17471
15877
21475
18758
33095
53319
35149
41888
26486
19482
39672
31445
21371
19132
26407
28383
19351
28543
12357
19291
28369
23026
21948
20773
15647
14471
39513
27503
19011
29385
24736
15826
34653
44682
23770
20260
17636
32089
12327
32957
16621
12875
22712
24507
19773
34472
23906
33358
18791
29390
26738
21770
34845
28449
21135
13870
17069
18783
22924
16006
32890
38612
28376
21477
11904
20838
28186
35002
14121
24555
24224
24766
22502
16928
15001
29045
27391
25571
27735
21061
19841
27835
22675
19852
28777
24805
26710
23938
31474
25573
30390
31055
32029
36707
29872
37948
34882
31785
22705
20535
18356
22667
15636
25039
12612
21947
27168
20250
22913
20426
20174
22862
14022
24338
17210
36704
17359
18162
21062
19804
25224
20041
19856
17614
15028
24763
19792
20047
15919
17610
20376
26605
36374
27150
21332
18228
16239
24143
23755
31720
27269
17450
18976
27216
20566
21847
17949
24010
28247
24306
15651
16900
23272
28834
27663
17828
22245
28381
19881
25915
33160
27228
19532
26408
18906
22564
27013
33510
27070
31148
26381
9703
17382
21731
25884
13786
23886
22191
29903
36422
27592
38016
27508
50080
21446
26859
26910
23845
27047
18604
16487
35700
18708
21303
23038
23131
23048
32784
41231
59233
23265
35591
28640
26388
15993
20221
24986
20798
21297
25659
22587
42569
26709
15014
42785
18438
17701
18475
16681
24305
23813
27035
18310
20851
26015
22468
38313
24704
25058
24804
7549
21615
16813
26577
20468
17847
27020
30859
20376
22865
21802
20947
24460
21722
31856
28356
27529
23124
28346
45267
20772
24133
32965
10687
17781
47183
25774
23254
25241
19163
24734
18274
29403
27255
29280
14938
20414
18142
16880
30042
27145
23941
38280
27243
26482
26516
18902
29254
26371
22522
18171
16009
21433
21210
22626
22571
24220
17686
29935
27091
34945
44373
15875
34983
25689
32934
24098
21004
19412
23539
15994
19852
26993
17054
17848
15731
19027
17108
18164
20827
58533
31300
23084
18576
34112
26332
20425
22058
21391
27750
17549
26195
15086
23572
26526
30700
49846
20289
33529
10850
26783
16734
14911
14667
32237
26479
16616
17015
31453
18219
16394
13329
13641
20118
22307
23404
24809
27240
19762
23772
37020
20008
43206
19927
16815
38275
28424
28320
36719
17805
15836
34071
34423
19625
21589
19412
22437
21666
24564
26237
58082
29136
18849
23908
36123
17677
14352
22727
35364
25582
25688
16400
15903
12342
26906
24347
25034
22667
18327
19210
15346
26100
29151
19305
23585
22826
41120
12984
16227
13088
25555
15755
30098
27833
22751
34342
18751
26086
24809
20203
16368
18738
13573
12223
22768
25290
18606
16047
17116
21809
35997
25533
29091
15584
21976
17127
11575
17119
39412
17989
17188
18095
17879
20923
24245
25257
40562
21820
18885
13876
24295
21968
17871
20374
16645
18962
24185
19797
22592
22123
13592
18419
28894
24568
22081
24786
14238
27188
27152
20978
34297
10318
19882
20406
21317
16079
34574
29416
23115
18804
26612
19363
18182
22961
16146
20143
23576
22697
30260
35282
21142
21734
17977
33424
22434
14728
12858
13374
18153
35645
18925
19985
23844
26455
10331
11749
24717
19840
25976
30775
32578
14795
13455
25471
17036
29818
18779
16493
22922
30720
19427
21430
22151
24807
14377
15676
23994
27758
24993
34805
16226
11097
20353
23550
19986
12080
24854
29366
10893
25994
19364
20255
23013
16348
23281
31229
15181
21398
16564
28625
32996
23744
25380
27979
22437
22162
20104
21456
19070
30655
16667
6951
24703
35224
24337
11354
37941
17337
21621
21019
32579
43973
11807
19723
18133
23048
15758
21741
24405
25943
16157
13246
14567
26914
15143
24289
17856
25389
21029
14437
27529
18378
44573
14255
31034
18624
17321
12146
33003
28078
33265
15569
19451
23134
13667
33388
20696
21811
23907
19134
43127
17591
16453
21036
20756
19096
17300
22103
21170
20405
23101
25494
33955
13500
11105
25495
21847
27914
33272
20338
15399
23911
10478
22800
13480
23926
21469
26640
19577
14828
30715
22631
14118
20596
26480
31346
20486
13785
31702
23111
25369
18944
15699
29555
22043
19954
19366
36436
28276
16627
22758
21438
20553
25600
47150
17751
21498
17537
19207
21275
24136
24081
20978
36849
18580
18096
21899
14770
13724
19790
24652
41160
21233
36158
35465
21042
18634
23045
38523
17674
29907
18943
22499
24112
21809
21326
35978
30809
55651
24214
28486
19510
19831
29690
27832
29081
21410
28943
17555
38976
32718
51623
22199
23477
33192
10594
16214
23162
28054
29504
20464
39442
24834
34714
20779
27611
26613
18306
19406
28113
29620
32969
54896
44396
20243
16919
20468
27133
14589
26869
41304
18323
13467
16225
