15427
14997
15651
19997
19625
15650
17969
13206
14660
16255
18184
17053
23754
15356
15544
15639
15078
16347
15160
35145
14606
14285
18289
16176
14419
15614
18230
13585
24501
30804
28866
18205
18203
15428
17096
21099
14144
14859
31625
16672
19345
26573
23210
22000
29213
20558
19109
21404
18657
14064
12478
17590
18271
19014
13494
17126
15466
15031
14118
22372
17167
15156
22952
41523
15359
19009
14073
14727
14269
20071
18195
36484
14612
15321
14347
15628
20785
16348
15036
36289
23377
14435
18653
23629
14559
21200
14374
15002
17275
14321
18876
14591
20207
18575
14121
18362
13221
14363
28627
23877
16620
15793
19056
14966
15859
36086
20131
17339
24498
17681
16644
20387
13066
15761
21412
14629
21365
13614
16339
15758
15346
17402
14027
17157
23894
15464
45536
26749
24592
14700
23850
18363
16771
15013
14642
18640
17921
15793
25711
15683
13969
23372
16069
14946
17397
12645
18856
19736
22365
15845
17260
22300
21345
17762
14136
19824
15566
16448
16749
20305
25581
13240
30563
14243
14468
16625
14474
13331
13688
23416
20831
14682
14466
17111
21057
17423
18201
16924
15483
19999
16756
13631
17779
15602
32524
19496
13365
14040
26958
16195
15478
14559
24407
27368
13603
24195
30221
18429
25535
20071
15786
34060
20374
14940
28178
20073
20835
24755
18219
22645
47141
15361
14469
19975
13735
26232
28771
17250
26037
22909
20632
17977
19175
30116
16779
21422
25421
51993
23756
16531
58292
20391
14969
24333
21962
27986
20920
16856
16323
28274
16630
20162
16412
19763
22582
21373
16697
17183
32254
14048
16189
15034
14851
23901
19547
17919
15286
14663
21030
19006
20115
17966
16017
22775
16360
22983
15772
22340
17809
14506
18737
18445
16516
17059
14601
27047
18515
21862
39155
23475
29671
14954
15928
19988
33531
14676
18683
19175
15703
37085
18961
16304
17763
27358
35983
16716
15053
18338
20808
17558
18416
17400
15104
18676
16251
32611
15811
28781
19591
18030
18260
19426
21254
16411
18605
29231
17035
18815
17518
19043
29386
16594
33138
17989
23494
16250
20707
18617
25847
20223
16958
19385
22809
34880
25210
15765
18069
20151
35147
16398
19277
18505
20646
17941
33867
18688
24043
37518
15286
18717
16700
14431
16201
13617
19635
17466
20224
17400
14295
20619
15005
17259
25420
17643
24674
16233
14472
21241
19622
18156
20757
15121
22806
20079
30020
15184
20675
20509
15988
16410
15939
23712
16345
19575
15939
16579
17706
18344
16443
24100
21873
14749
15311
15288
17681
20457
16728
29585
15342
16215
14518
22183
16933
17205
32036
17778
19816
15287
17089
17831
16796
21855
28012
19815
15770
17192
13212
15802
17068
20213
15174
17394
22700
15322
14148
14948
16066
25567
14627
20567
25636
19051
17650
16459
17147
17202
14551
16640
15940
16033
14994
13264
14696
14372
13580
21722
17745
16547
21941
16062
18336
14341
21585
18887
14751
22486
14990
21049
11750
15368
15398
16045
23641
16875
14687
20819
15452
17479
25482
18262
16659
16642
18245
29551
17611
18711
34419
14826
15023
16934
26351
27848
15406
22284
21667
20033
26299
15148
18098
13987
15187
13095
14571
14602
29455
15520
19683
14859
15054
13637
14708
15859
17913
18266
19819
16268
19134
16074
17454
16519
22531
23501
22394
15589
14891
15609
13860
23875
20889
20198
19623
17592
19999
34847
17532
15272
21916
20321
14603
14643
16038
14857
14217
22124
38094
15946
18170
15108
17643
16336
14300
18087
31151
19183
15274
20637
14771
22739
16554
19226
15238
13878
16815
13971
22988
31843
25901
17169
23257
26033
18945
14889
18296
18797
15827
17179
16980
15887
12998
22258
17056
14530
16769
22797
17113
13520
17154
15504
15703
15652
14130
14469
13377
20693
21442
16861
17534
15369
20877
17068
19640
17260
19251
18254
15450
17440
15504
16469
15417
32792
15248
19763
37330
51336
13853
17767
17512
15070
17565
16884
19249
18408
12809
19030
16413
16951
19552
26882
15678
23426
22779
19765
16251
13981
17374
22197
32502
17319
24056
16118
16160
18978
24495
14304
20133
30895
14837
23113
14722
14744
20143
18033
19408
21638
20764
16766
19611
15036
13978
15733
13745
14852
34022
55113
16481
15073
25516
18528
14600
15997
14694
17334
17927
18857
16825
20901
16407
15015
23725
19379
18860
15430
15002
16085
15017
19605
14880
24916
14017
18991
30590
16134
15572
14369
18941
22775
16578
13118
15029
13801
15610
18032
25029
28513
23693
14136
13980
13906
17783
15084
20192
15444
17217
25697
19252
14334
16081
15384
15068
16440
14713
15357
14921
15783
13536
23248
15028
15420
13220
16755
22004
14053
15876
25490
20189
14279
15126
13330
15757
19432
13650
45961
37963
15770
27526
15227
17963
15015
17090
16517
32689
15954
35419
19409
16548
16653
17099
25986
22675
24265
17905
18822
14642
18002
14271
22177
20065
25105
25511
14488
20945
15231
15846
15973
14199
19066
18583
20455
19516
21671
12415
15035
15834
17367
36132
15097
48023
15099
17418
21655
20489
15741
15574
18752
17945
40051
16130
15595
25745
15846
15756
22562
15131
20056
31825
16397
16712
24856
14054
13798
15209
28269
19158
20630
14139
17255
15706
18802
14416
16907
14325
25872
20284
24762
14601
19487
16829
19939
14716
14471
18641
22664
17429
22129
15137
15297
14604
20342
15438
15805
25162
22232
15173
20381
17041
16535
14561
17202
20764
17928
17711
16374
18138
22075
16409
15803
19804
14185
17261
13835
17244
15873
17011
14562
15846
19468
18775
15728
18696
25912
20565
19100
20948
25346
19607
17302
19165
21112
22277
14642
18904
18247
19439
29228
32722
14353
14432
18964
14556
15113
16430
18065
15041
26277
16445
17418
16951
48108
32214
23701
16501
18149
14946
14601
21229
14992
15789
20537
12471
19583
14543
26153
18466
21631
17577
13548
15131
21675
23881
17392
15155
14622
20911
22437
15599
16623
34375
14101
15892
20661
20354
19660
15866
20227
15522
22322
25998
20479
16134
16224
17512
14458
17630
20373
14228
15544
24267
23079
14139
15897
14597
16541
16511
16199
21781
12728
13980
15711
35162
61577
14377
15353
17004
14570
20830
17446
14575
13075
14018
18025
13757
17054
17091
16602
13014
18728
16373
17630
16267
15216
14055
26154
15847
16384
15367
12875
18431
18884
13274
14346
21611
26414
22152
13810
15608
17072
13387
14853
18380
16611
22072
21335
14829
14061
18005
13112
18489
15491
15648
25358
22737
24829
29710
15194
15227
20259
15884
23711
30537
18494
13713
14753
13597
16362
23062
14588
21744
17391
21046
17106
17901
15962
17018
14340
15051
14870
17522
15436
21913
15979
29782
15224
15264
14221
22017
26951
15510
15111
15171
14985
14084
29256
35953
16889
18380
16680
25071
14482
16059
20576
15418
17509
15168
20021
22433
14734
21738
14993
20275
22695
19875
20116
28222
17741
20421
15989
24107
18306
14473
19696
15320
14195
21447
30186
18975
18276
31282
17227
15446
16956
18408
16717
14717
17869
18352
15026
14946
31563
41749
14683
19933
18823
17772
14783
16244
14360
17066
19527
21106
25246
15099
34818
15788
15124
26813
23965
17239
19933
31089
22910
16058
17711
14681
16715
17224
15160
15866
21249
14520
14108
14796
16489
16282
15488
16983
15818
16264
18017
44744
24698
19919
14914
14628
17306
18031
14534
16169
14553
15061
16400
32758
30841
14976
18153
16152
16272
14910
18274
14166
15276
16987
17282
14182
14520
25276
15667
15487
16116
17664
18642
14721
22877
24524
15348
14006
14253
14579
18580
15125
18443
15113
14252
27605
22369
18970
16391
15571
15518
16381
18582
20288
15330
15352
28710
18765
13540
18449
16551
13407
14406
17863
14321
18743
16047
24255
16364
23261
14391
20512
17346
23947
15485
23185
22653
14286
16418
15003
21667
29319
36481
20208
14961
26024
14047
15968
16807
16272
14534
15787
19409
20220
14335
15896
15720
15231
14624
21082
20056
18090
18089
15440
17510
15489
18204
14607
15633
14573
17416
13638
16291
14925
15039
14549
16289
15857
16178
15981
18825
20542
19879
17007
13085
19541
18923
14814
15059
17853
22689
15317
26988
14653
15767
15181
19393
14218
18460
19917
15248
13580
19781
23039
14197
17895
21712
18857
14358
15679
14759
16076
17789
19391
17457
18399
17378
14301
15139
15647
14837
19228
17104
16214
15881
20055
20740
16979
17295
14935
23333
15836
24626
12992
18394
19552
20346
18918
15159
16352
15654
15216
18819
15792
17226
17096
16085
17368
15402
22669
20637
18662
14809
13921
18765
37925
20473
18167
16040
24728
25949
15814
19057
14790
34562
16156
14832
23910
15972
16101
35469
22620
16498
15898
21415
15047
27351
17525
24841
18011
15987
18577
17790
24893
14641
26837
17284
18340
14521
14847
22972
15451
24172
16256
15329
24429
31573
21807
15027
15740
15165
13234
21778
16877
20068
12751
19726
17143
22968
17230
18171
16907
18888
16905
19486
14378
15328
40853
14537
15459
17158
16721
18950
25414
17246
14877
21732
18424
14288
16678
18913
20474
30097
27307
13048
13813
13871
14652
14367
36967
16526
15992
13796
13786
16492
22751
21321
19476
14185
15490
24707
14431
23114
17095
23858
13603
14005
14743
17539
18065
20759
16478
20176
25146
15863
19273
18904
15075
15299
15538
13245
14434
14311
38028
25464
13495
13605
13863
18337
12971
14793
14131
17559
16852
15037
15507
20225
14751
13510
16079
17321
15193
13396
16912
18200
14764
13766
18411
17975
14947
16132
15246
16602
19554
25522
16047
32159
14801
16888
16524
21054
17594
14544
16337
20880
26669
32600
17383
16800
15658
19558
15494
15419
46098
15169
15718
22308
20053
20214
21758
19998
16489
15231
15304
13856
23485
21519
14575
22748
21564
17627
19731
14235
17214
19402
19088
17453
17935
15294
15060
16070
15793
16035
19475
17716
17600
15028
21317
17796
23069
15255
15619
18764
14594
14895
14784
14475
29802
13901
14456
15311
14061
17692
19457
16371
15554
18184
20101
27199
19006
23517
23518
15252
14649
15201
15372
15854
13946
14218
14244
28541
15161
34461
15154
22298
16117
14373
15164
18856
23959
29569
18034
13733
12667
16085
25091
28799
14942
14628
16864
18124
21319
31926
15627
13259
17317
16224
16647
15599
23375
15148
17277
14673
13821
20106
17003
33091
22481
31367
15848
14257
15437
24767
16191
16106
25434
14833
19705
18833
33026
14692
18230
34625
20091
20477
15956
14039
20316
16575
17124
15772
17468
15032
15488
14694
17859
15466
20767
16131
15240
16012
14326
24911
21631
22879
19891
15109
16264
19670
14949
30392
27580
14385
19295
15492
16455
16290
16318
22562
16654
19423
16596
15939
14762
20062
20370
17339
28904
17143
16116
41240
16079
23516
26054
21283
18828
17391
19072
16858
19449
35700
15674
16606
23938
21542
18472
25668
38251
14994
14804
17484
24464
15981
16525
15627
20799
19658
19128
22638
22821
16895
16286
19085
14016
18469
17200
20368
23236
13877
14960
20582
16738
17767
16032
16675
13482
13293
21459
34309
17955
15914
26377
19093
14728
20408
21265
15534
18479
20708
15780
14720
15165
15764
13946
15267
16945
13212
22365
19177
18732
16579
16738
21945
233647
168682
160597
13924
20235
17073
20371
21638
17999
28804
34615
18581
15824
20764
20061
34464
22331
19461
19792
18772
17297
23376
31525
23917
21001
19907
32662
24231
21046
15611
15899
13760
17359
26330
14845
17096
20606
17102
14964
19836
15648
16959
21225
19300
16063
17478
14090
25822
18445
31346
18041
19245
18149
20849
18605
17494
22866
19613
15129
15865
15704
14816
16925
16153
23063
22906
24658
18332
33925
32259
16192
14335
15531
19231
14790
34918
28994
17811
14482
25594
14955
33613
31644
21247
16613
15538
16135
16148
17748
15586
15673
25696
25462
26767
17205
36048
26083
24809
25235
19215
14117
18061
25495
17808
18483
16411
30176
14650
18141
20175
14309
14843
15544
25912
15649
17769
20888
18194
18334
29604
17778
27473
21921
17876
25210
22450
30517
18316
18288
18475
17022
17548
14807
16242
17743
18038
20778
19867
19875
21950
18839
15263
25173
15306
21299
20756
18933
35043
15149
40993
53640
17620
15552
15678
18760
19700
18052
19457
16845
16773
16375
16067
16928
23249
19886
17971
20406
25177
21582
21537
20845
24713
15083
20677
23839
15738
24017
20551
18823
21924
16139
22560
15143
18007
15734
20268
19764
17515
32612
22994
17387
33124
14632
20916
15134
17732
17205
23890
17953
21777
18811
17078
26141
17201
19012
27919
17591
20506
16534
17249
30615
32928
20434
15016
20795
15717
19428
18808
19564
15317
23564
22197
17749
19429
26660
18506
17532
17111
19281
21115
15769
17566
14955
15854
22480
14456
20324
14744
15363
16900
20581
15786
16262
16257
18578
23494
17738
17736
19010
16592
25743
14629
16647
31816
22574
19214
20243
19340
16081
16753
23627
15319
16767
16769
16054
19997
20003
16449
19748
23184
16914
17328
19057
15743
15813
17014
13668
15016
14688
14760
28322
15684
14080
16328
14176
18855
14729
13731
14480
19025
33826
16480
15644
16857
23427
17709
14540
17226
15787
16433
18201
31988
19771
16002
18196
20100
15203
15892
23020
15857
15497
15422
19045
16929
18230
15722
21514
16877
22130
15913
18155
16472
23548
17255
21658
15998
13964
15950
27222
18515
22079
15985
13741
21653
15769
14602
16421
17442
16952
16918
54236
17202
24257
16363
18312
16761
15529
18302
16921
17222
15444
15247
30611
16872
17645
16867
17399
22161
21468
15492
13387
32236
18323
14788
16062
19599
15276
19669
17838
16524
14218
16024
16057
17560
25901
17014
24845
15188
17318
19719
19319
16755
16306
16126
22316
22452
17187
14785
17929
15986
21841
22453
15164
15843
14586
26127
16143
24740
21193
17156
17711
22456
14063
24147
22243
21701
40367
13895
19082
17641
19608
51728
15571
18017
18701
16298
13224
22733
22496
16915
19224
34325
20886
18033
26526
13451
15078
16370
14235
14464
25524
25039
13870
19821
15422
16807
17878
18881
17586
16622
19181
18081
15713
16553
17796
18426
26298
40851
14727
14037
20117
31893
14989
22405
18992
15734
14978
15972
18082
23396
16516
13756
16413
16524
20481
15666
17099
17806
24900
15801
15668
18410
15721
27396
13983
16200
19680
30768
16416
17002
14325
18886
17794
15253
15183
22346
15670
14629
14723
24307
16979
16482
16465
18625
14441
17342
23693
16838
16383
15945
15680
18854
15680
14063
17038
14991
18800
17920
13339
15191
21800
12792
14732
17347
20083
19463
14068
22880
15306
19626
14179
16956
29115
18261
15436
15997
13324
21972
14979
17279
16417
13948
19280
15723
16460
14319
14133
21266
15955
18575
20102
16704
22615
13530
16011
19571
14507
29554
14181
16155
17197
17328
14884
18775
19028
20243
18391
17695
15362
26724
23492
15064
20750
15469
21113
16010
34786
23981
34020
14035
20803
15791
15627
15261
17615
15796
31125
15586
19261
16654
23512
23438
15342
25115
22792
18445
20352
18036
20394
20438
16163
14734
13035
26286
19859
19047
17559
17402
33589
46533
19769
16053
15147
17635
18478
14429
17973
21789
15795
18378
18671
17193
20875
55818
15970
14805
25082
23239
37506
16145
18246
15286
15130
20841
16126
16144
21064
15103
18818
16948
16238
14477
21681
16295
26188
17229
18519
17717
12968
17119
13617
23584
16260
14299
16927
18282
22620
15068
22998
16212
21867
17066
37205
17452
21229
35373
12488
15944
22421
27138
19330
22281
15251
14101
16605
27899
14554
14241
39344
15824
23564
14959
16651
16039
20533
21712
16365
16681
14892
30608
15941
13065
16001
15568
15078
14928
14597
16002
15217
15137
17919
16690
52983
16898
20990
17448
16126
12431
16867
16027
17710
20157
16329
18409
14000
21564
16576
14493
22510
32896
20124
18813
18125
24476
20982
28210
17334
19475
17709
16931
236812
15655
13258
14530
14843
14021
15954
15559
18218
14778
18410
20849
14256
15400
16742
19357
16393
15088
16477
24849
17243
14402
16053
17088
17000
17017
18943
15606
20135
23894
22269
20744
20526
15523
26457
18768
18648
19954
16304
16249
13378
14446
19879
22802
16778
15187
15376
18041
18490
24986
17745
16665
25257
18612
15080
15448
14809
15656
21254
15564
20641
16432
18819
14263
17755
16169
14791
14938
27831
17654
15728
21502
14636
15023
19794
17804
13762
28563
18404
30979
13179
34875
14494
17705
18035
15149
13894
19996
16912
14581
20198
20428
21627
16040
14907
18352
14815
37383
16385
16267
14231
14800
15501
15351
14786
16064
16280
16221
16541
26633
27923
16090
15829
15056
17369
15002
18580
15307
17327
15570
25978
17196
21690
14751
25276
19227
14005
25588
16147
29989
17192
13000
14928
15339
15501
23239
28880
26024
14637
17397
16669
15092
24528
18206
24994
18754
13970
13030
14365
19599
14375
13485
15342
14683
17086
17509
30789
14903
17763
17902
19991
17540
15724
14926
14506
18144
31877
14750
22794
12624
17234
18922
32776
15807
16382
14255
22954
18276
15333
24089
21095
22147
27126
15236
18835
28303
14716
16183
14896
16774
17812
20428
31428
17205
14773
20658
15697
14052
31029
20127
15079
17872
37605
14242
19791
16985
18802
15933
13808
19714
14841
13305
17010
15304
16048
15176
24935
15171
17165
14323
15925
16533
16782
17450
15624
16752
13983
14197
18820
15157
20270
14754
15588
24918
16908
17824
17681
18335
23483
16343
14281
24695
17784
13979
15225
16103
15284
21866
20924
14320
15471
19464
16117
21869
15223
13935
17843
20094
21815
14305
21755
14594
18859
16132
13979
14683
31405
15302
16861
20826
15677
13881
16092
14960
16315
14376
13982
15872
14196
16740
16124
24985
15406
15274
18428
19870
15764
19390
19345
21055
19079
15451
16250
16761
21413
25375
14571
14978
15667
17948
14677
17416
14800
22676
15167
15613
16951
13935
20902
15144
16896
15128
14749
20386
16422
15023
14188
15483
14336
16169
48511
14361
17777
17062
15251
34220
14503
21698
20405
25659
15139
19206
23256
22245
14662
20407
17918
16229
16810
24696
18358
29868
19710
21464
21093
16042
15782
27075
16790
29368
17431
17817
20789
17571
16492
23871
29660
14525
15659
17793
14039
18312
22275
16274
27887
15637
16606
19043
14322
17446
18193
16924
26419
31315
18086
19707
21692
15157
15132
18382
21025
20301
20145
14934
15963
14797
53728
22216
17845
19764
15558
18749
19544
15227
20584
16894
14715
13769
14516
27595
18392
13623
16938
15468
19917
18175
21290
15623
20210
29701
17296
15524
14457
15652
18590
15457
18175
13206
17618
20312
16152
16385
19325
18483
14176
21981
19999
18311
16914
17302
15964
13076
14524
15408
14556
13952
13499
20593
17160
13721
16618
15313
40216
17728
17662
26643
19141
20470
21094
21014
17052
18029
20782
18936
14848
13302
12752
16867
15808
28115
18381
16081
19200
19792
15113
21753
14689
28111
18947
15787
20268
19240
16122
17108
15170
21697
16075
20427
19303
18953
25977
13839
21026
18313
20529
26997
32400
14987
18877
28643
19470
22197
17642
33835
26626
20062
15284
17462
25358
13289
14678
15108
16782
21907
12617
17320
21032
14391
19233
14552
19084
15897
15434
15586
15395
25909
15818
25862
19121
15699
15138
18333
15029
16985
17746
17543
28491
17429
19010
14474
17084
16895
14731
14599
18766
15377
18099
17502
18466
17149
19546
22335
15913
14620
16508
37007
33367
17591
20301
22638
16263
15819
18881
15988
15315
20548
18509
15894
16432
17580
13662
18921
27876
13734
23166
14759
13740
15103
19958
18678
15270
22297
17319
19597
18372
14711
20545
17032
18800
14461
28140
24565
13561
13713
18720
35599
18058
15533
13279
18965
18448
12966
19347
16676
16315
16745
14539
18834
14383
19810
27511
14712
19765
15242
18448
13710
23910
18004
25228
15076
14825
17405
17581
21062
18423
20600
23853
56854
17899
17009
14795
18726
26149
16742
15329
14021
15693
14103
20627
16803
14375
33906
18716
27914
15054
18712
27361
13179
13892
14662
15187
19441
15101
15335
14596
19723
29656
14168
14294
22006
15910
15152
14993
15691
17034
18379
31242
15062
16275
14116
13968
17803
13800
13502
15193
20311
18701
16307
27151
15146
17487
15465
33126
21406
15849
14867
24968
17780
14949
13889
15735
27204
16250
15280
19781
14601
25610
17378
24495
22907
38926
19190
16038
15093
14269
13815
17627
14686
19340
22590
16597
15184
21142
13837
13867
19566
20416
19572
17698
17298
16365
15880
14730
18084
13732
14736
16094
14919
29886
14843
21951
17608
25482
16598
16423
29745
16086
21322
19054
27823
19265
22819
20724
19660
17818
27208
27560
26512
15841
22633
19889
20875
14800
17669
14105
18539
22579
14791
15259
19427
23110
15599
15819
13681
15762
15442
20721
16202
27303
21361
21292
19244
24221
15025
18505
16869
14108
19583
16731
16464
17870
19775
17786
42610
15250
23311
22019
26642
20555
23611
21759
13948
18179
15337
16088
14741
38975
14661
16259
22381
17273
27121
15632
17200
16439
16740
15683
17277
17405
18258
15251
19094
20767
21104
20437
17662
14796
17618
27693
15904
14135
15379
15407
19336
22220
21425
14504
13563
14622
20364
17644
14957
21931
15150
17710
18965
15038
17216
17846
23475
17452
15980
18835
21744
20413
25446
30243
19118
16643
14324
20279
20219
18706
16685
16348
16327
17821
15658
33176
17438
21460
22411
19172
20574
19562
21226
15817
15175
19397
13947
19776
23950
14582
15508
19827
17618
15364
17304
18299
16213
23114
17774
18520
17920
20136
14265
17616
15671
17230
20446
26820
14114
17993
16820
20883
15800
18552
19436
18825
15993
14670
22828
23405
27280
27935
19377
14624
13887
15448
24476
16543
20506
17867
14998
15295
26047
19988
14066
19718
39856
18694
13752
26606
19654
14671
16769
16572
13548
17889
17142
15253
21495
16920
16252
15999
16024
17710
17389
15197
18767
16612
16716
25056
19270
15459
39238
18266
19429
23168
18360
22357
14982
28361
13907
22385
15485
22354
28829
26020
14766
15742
20928
19293
14874
16182
15385
16827
19462
14827
13893
15327
14686
17414
25112
20912
29405
24287
26571
13847
16597
21288
14203
16052
28743
19764
17629
22963
15103
15397
19020
15660
15789
15904
15267
18039
22052
22275
23320
18045
14182
15312
31219
23627
16366
18860
18930
29945
15419
16024
21140
15575
27287
24280
19221
14172
14809
19711
17063
14627
14669
17550
14646
34242
13551
17404
16351
21333
19474
16685
28537
15204
21872
22014
36560
16936
16644
15551
18465
15428
19866
14151
20193
17399
15648
15500
22211
25979
16491
19710
15014
20908
21994
15674
15901
20652
18300
15616
13767
16675
18669
15490
15621
18536
18328
14207
16663
14594
14567
17859
15157
19876
16303
23946
17041
15502
16071
14434
21971
16071
16035
30345
19983
19694
15874
16364
21779
18631
18678
19821
14874
28874
19009
18713
15434
16882
23216
18787
17274
16881
17195
20941
16838
