26311
23869
36482
19723
19320
10702
23678
16210
20955
17096
9875
18581
20320
33631
30847
12841
17854
18882
17066
19685
23051
31652
9630
16286
27696
11155
30298
12108
55625
26498
21556
22803
27898
26358
24506
27593
20653
26290
18525
20758
17845
16361
29270
15903
19100
17204
15235
26437
15153
20934
11448
23021
13955
26566
21991
25649
36064
20583
50269
18541
20546
27819
20262
19975
20996
18574
13220
16101
16596
15578
31325
22463
13727
18088
18051
34062
28213
10896
22136
26618
26331
28487
27089
16293
25672
17160
21496
24529
19540
33525
21465
30120
21615
28291
23609
24108
24230
20102
28311
16216
33200
21930
24312
20020
34023
17869
24540
15718
20511
17423
37033
55461
11125
45932
25489
16364
23836
40629
63165
30051
56888
49877
14810
18819
37723
18711
17136
23826
21984
20716
21824
19567
27969
17850
15294
22872
26304
48442
33418
21857
22154
22408
16087
19707
29947
17720
9132
18903
25703
23897
13084
23344
15108
25209
44626
27156
32704
21734
22953
23416
19675
25985
28919
23423
19967
23590
20892
23293
22316
18790
19312
21087
44012
59159
43836
17981
26871
19903
23076
11345
16129
18717
18717
22036
24205
18013
23094
19676
32873
33016
45144
18321
32547
18543
18470
25888
24241
22805
38504
59378
17831
35341
27624
18167
23071
31554
36469
27408
21823
27317
28788
13068
30674
13915
24868
24492
19621
25532
25268
18973
11606
24950
22785
41638
18828
18354
19752
15300
32049
23610
13535
20232
25592
17773
21799
26880
40071
29708
33555
45443
24548
16466
21504
22995
21511
28814
17759
13450
20282
21025
19138
26926
18552
29105
30937
15942
18993
15728
27204
26554
35473
31972
14787
14805
20677
22105
36930
23687
23100
21651
33707
22197
26588
18576
15766
20374
24646
34056
20755
26655
34088
23990
19501
14532
19593
25189
19710
23232
15633
19999
12609
31334
41293
19849
19543
16337
19285
22950
25026
12249
28326
15238
38238
26417
43157
21634
21157
14819
16281
31641
21252
19573
21187
26717
21665
26016
26072
32839
16112
23761
25022
18676
24288
20745
19860
20357
48728
38050
20147
19570
20373
12648
24900
34316
20418
20122
15358
24750
22507
11059
30621
16247
23614
18497
30364
19653
20075
22825
13670
23434
19406
16481
10400
22443
23952
48687
69623
15805
43014
17258
14840
16767
16477
23716
19288
22884
18563
15810
29268
25868
13492
18450
24630
18881
28889
22118
24048
22149
48176
17680
14190
22978
17546
29919
27029
29669
17927
20320
21698
21402
13730
27643
27143
25575
19962
22547
27185
27469
21102
13495
18102
20693
35115
20724
18526
31557
27529
23541
25306
42020
23249
28422
13135
21089
24676
38824
21950
20946
18286
37095
16223
20025
23615
22347
31784
20394
18537
18772
18446
34106
20021
18137
25652
30308
13231
27437
36040
22319
39604
22318
24031
14048
11055
12231
23896
37466
20482
44828
33943
33061
21820
32445
18501
17552
21909
23013
28076
57295
16176
17077
34453
16430
28524
21367
22895
24486
19988
28729
14996
19441
48746
17401
18779
19453
20932
26809
37527
58044
32485
35858
19583
33181
27177
32911
16905
30139
19928
14216
27930
16290
23533
22402
18550
18264
21687
17150
22868
26354
18683
30280
17629
16454
18227
22876
28132
20001
30654
34115
13127
15210
20347
21621
23249
22957
20592
19913
20561
30290
21009
25254
38141
21486
32857
20093
27285
16637
18031
34424
30684
28344
28171
20533
35955
22051
16061
17800
31292
12201
17859
23440
24238
16579
17246
20373
31523
26850
19421
15460
20340
23571
22484
20830
16888
22755
17523
17395
22861
20574
24689
14314
34612
53199
32089
21408
25387
15595
16053
18062
22523
24295
14307
27973
21571
27160
34293
27222
24955
13934
22395
27051
22276
24979
29917
9084
23181
25730
24068
28636
20876
26122
20161
16845
18002
22501
22815
22418
23533
25679
19979
34457
28706
22156
28689
17195
21060
18488
27810
25785
17446
25051
19657
19078
59322
44262
25369
23973
15829
22606
18031
23724
21967
28155
20938
39628
25195
19747
15232
12372
21468
32832
36558
26351
29546
16054
20128
15329
11647
20608
28779
44642
30536
18321
16883
22516
20129
26071
24525
23552
27614
13782
20188
12028
20880
16691
19404
14304
20825
17782
31183
19753
17541
26562
21660
27186
24475
12242
18320
27070
17932
35223
14500
28028
33007
22940
18073
43330
25156
20009
25968
30708
23437
13510
22998
20043
22625
24396
16039
18805
19172
17974
20475
25664
33225
18703
29036
27018
27369
46992
37022
52686
19405
27057
21043
28003
38178
32127
26927
32273
28330
14369
16728
20464
25743
22297
18950
18393
26160
31056
21065
17241
22616
19387
30195
34874
26993
22765
18469
24158
24188
22509
30611
27822
20270
26394
24202
12968
20568
25012
15003
38774
24067
17097
17147
19138
31493
20376
28015
37201
24298
13479
23022
23357
29502
22068
10096
21726
47946
26905
40237
17860
23643
21552
25459
21626
24472
32770
21214
23458
30097
47251
29682
21090
28347
33725
55144
39984
23450
21651
24543
19008
16144
23652
38479
27320
14829
31572
24048
18755
15103
20417
15969
27943
12368
24808
18377
25722
25948
19391
28137
30146
45929
29049
19447
15721
27737
18077
23166
19008
23150
12524
18876
20668
23103
15944
34299
28854
24260
40604
23386
19896
17089
16342
30542
31754
20314
22329
10745
13838
31090
42386
21111
27278
29964
21167
24393
20377
17683
17447
22554
23535
16057
34079
19294
43698
44551
15904
20680
24101
43171
26184
37467
18775
19909
33939
39032
33765
19818
22883
25086
20568
19249
45983
60576
37606
15168
30456
22267
26497
18494
25831
45065
40136
21421
35431
28525
24717
62924
23371
19068
17006
23479
16056
14337
28264
20298
20931
14398
22823
13945
21757
15959
32672
38888
20543
28623
17015
24883
15927
17218
16754
19265
15724
23564
22696
26676
19752
38816
26438
21638
51710
29959
26946
23732
24078
22440
21206
51594
18564
18284
20201
23606
33966
17623
18554
20060
26564
13409
23571
30373
19835
23664
23586
19599
21207
24848
20458
25282
17410
15009
26090
22140
31346
35054
30465
21845
41152
18258
24935
20287
11819
72451
20704
22560
27019
21597
22084
15246
27044
13332
31893
18299
22776
42940
19456
21448
12857
21237
27362
21353
42762
16230
18392
36586
42321
18797
21516
45965
47917
19562
19100
31976
31119
22837
25354
19785
20398
23083
15138
26760
31068
31722
20550
22734
16442
19942
30581
17884
21939
35137
19774
29863
20934
29621
21529
28969
27677
25574
18832
22199
18216
20883
27758
18193
27744
21535
23034
21172
26439
6499
20033
21660
19008
22349
23750
16593
25090
20410
16541
17716
15859
31635
29378
31375
32609
17011
19563
32238
16540
17112
26023
19826
22300
26104
30849
37305
25863
23244
29187
23983
17509
21045
27523
43322
26431
19337
28623
33211
20436
27957
20433
24107
42398
24539
19234
30203
20987
26524
12500
14636
25398
30541
17034
21751
23217
26084
21560
16692
17875
12516
21364
40512
17570
14523
19780
19465
20906
33874
29095
44254
12924
20399
28847
16530
17086
25687
17802
53196
21231
26761
16998
15887
19191
20046
27163
13575
24178
14409
15750
21558
16596
26251
17816
16221
27094
18751
38958
23109
21559
21202
15764
19440
19997
30285
22630
18490
35067
24185
19972
25312
28719
24966
26416
16313
28170
15160
18869
24540
18262
28419
22283
15082
24937
19855
49166
17988
18987
14255
21531
23268
28596
21314
28880
11772
14716
21714
18201
13481
23282
41189
31063
36329
29372
30360
23762
16238
14159
15407
23933
24862
20555
31202
21283
13973
23251
30498
22172
17126
29495
21836
47900
33886
42105
35566
45608
55498
20687
16864
23781
22131
9654
22598
32595
18126
21711
17534
39249
17537
36413
24966
22854
24844
28414
19804
21748
19410
16185
33234
23965
22109
22525
18982
21944
28446
20607
22972
32376
28958
28209
35488
45876
15364
18797
33011
26300
27622
20421
24601
21741
38933
17276
18396
17377
25285
24005
28133
33778
50509
38395
32612
14842
19488
33325
42591
18036
18542
23212
20857
37803
22013
29576
30537
53090
22635
46235
48818
22352
19045
25310
26554
22144
19700
24260
21116
25204
21987
25445
18292
17752
22161
21658
15168
19886
18733
21220
18418
28339
16893
23486
27016
12580
41079
32278
18098
36949
17793
28225
19089
53591
29026
22299
33714
28445
17718
40710
22131
20829
40634
26430
41254
25237
21914
31914
24371
19032
30631
20893
23399
20978
33950
27286
39439
18529
40633
59187
22623
19726
33563
28223
27636
20220
27814
27308
29961
24340
30499
49392
18880
29942
26445
22455
18606
20549
19504
16980
19475
20264
36747
22794
28420
20218
32484
28071
22416
37762
26286
20834
25926
20033
27364
16749
18841
21164
21371
18357
41432
28951
13770
21110
21412
26014
17007
17510
24888
21514
20244
15530
27288
24654
30511
21689
29832
34930
26216
23661
26399
20663
24461
23608
26281
33635
12107
16240
25245
29683
19600
24073
43527
27570
22211
20358
15607
22167
18085
13643
12500
39218
16693
30417
17394
24203
22169
26935
29722
28303
17848
19046
22195
22365
30641
21742
30289
27286
22741
30461
19032
27472
25358
14461
15505
31011
18311
31447
22250
11146
25638
27368
48777
27014
29234
16942
21098
17246
14648
19623
18664
32850
18051
16032
25393
22280
16127
22774
24643
22790
38172
49544
46297
55685
40168
17496
21502
21467
17951
17001
15265
22339
26145
43918
23750
18719
20452
19326
20252
17390
18407
21804
15431
19261
32155
19135
25093
17809
40946
20958
31533
20150
14161
22690
63006
58812
52598
12145
28804
20790
35912
48380
14501
10929
24042
28132
20530
23651
24444
31649
21753
22657
26882
16018
27068
23018
34434
15035
21551
16788
20330
16106
17782
23895
40479
20719
22282
34215
22979
16369
37103
17564
23138
39082
17587
19899
29654
52680
27353
41518
20648
29393
46967
52009
20088
31856
31140
27515
21542
21242
20442
22294
25948
25620
25873
31741
35383
61855
25040
24956
30507
11329
19277
24621
26174
46129
11061
12788
23059
23068
19073
29803
47961
16412
20750
23087
32296
20799
31476
16691
26370
13115
22598
31753
41056
28005
18859
17492
20486
26879
27451
48354
50670
20390
18256
60754
18700
38658
21905
28669
28280
26207
42067
39396
18661
19335
26879
20078
24641
36870
29777
20922
12568
24512
22552
19805
22596
34979
16352
24119
25577
25109
21541
41115
30392
28412
22241
48985
22577
27427
25871
20367
16584
27543
28447
20858
20774
25742
39654
41806
17782
32654
49499
66089
23975
25722
28563
30139
28926
11418
19867
16675
21515
12725
25671
23172
24221
21277
25441
28536
24027
21429
16010
26725
23748
22972
26131
26253
22839
20728
22140
21549
24832
30832
37088
21225
31339
21889
24201
15649
27340
22579
22592
15552
14231
20552
19825
21101
33842
41685
58722
22263
33615
20963
20890
19469
42313
17688
29426
19917
26049
26371
22715
21776
38453
21388
20921
17465
21428
21366
21498
23668
23513
17242
30158
29939
37976
22752
37695
42975
37789
21355
28962
19181
18620
30155
21307
23611
17551
26008
24281
7255
11913
21135
12418
18513
15477
20882
26672
33262
18667
29337
29874
33314
23347
23371
16465
22722
18612
16923
43372
23930
29147
13696
21954
20628
25845
17233
16451
27762
41037
40669
23792
36927
55668
22420
29010
31187
31729
13870
13638
15202
12582
14679
20134
22902
22957
16526
11290
28520
21313
27155
24082
21510
20339
32339
21091
29409
22341
16437
21288
14288
18284
25485
34073
11394
20458
25787
25904
28748
31398
27027
12243
19753
23668
11659
27436
10356
16970
14038
21734
26212
22087
15100
33859
16914
27570
21374
36603
18745
25178
19535
20380
31053
26180
22991
34023
51668
32795
12133
21434
24397
21510
16666
43026
20109
19294
18062
33070
31202
25441
17894
31809
34691
24805
17355
20963
20929
22259
30789
26364
31461
45113
62811
53681
75560
96365
19951
11323
21026
21195
28637
20776
17687
25218
14257
20055
37200
20949
22819
17259
23302
23304
18944
10285
20202
40372
55323
34594
30914
19339
48706
21960
17960
24475
15723
16888
43040
35632
22424
25101
22018
27226
13374
28153
12189
15025
25766
17670
34469
16435
16105
23312
21781
21445
26574
30339
20404
14886
30180
34983
22133
27710
21340
44340
16354
22149
36073
21183
18871
27175
19365
27301
21119
23646
23835
19536
29984
19595
33034
20254
18670
22683
28742
22405
14882
25522
32467
12590
23642
19326
24712
40835
17324
15183
19129
27919
26596
17870
16083
14651
17876
24664
22793
27037
25916
23412
19269
23973
33423
39492
17881
24997
30068
13830
29555
20953
26491
34357
30184
30552
43297
47474
13824
23107
23046
25934
25853
24878
27108
30835
32405
18772
19021
22571
22473
19248
17692
21946
38653
15110
32294
14636
16643
20429
28396
12547
16036
21406
18943
18750
21824
21306
22319
33875
17606
26480
26731
30582
23817
14859
17929
20301
16235
32499
20622
14236
22141
26795
29511
19490
27427
24609
19266
22489
19336
25138
16324
32877
16746
24075
21620
20244
25451
19172
16486
25751
21138
16911
19212
21544
23548
20168
21821
15114
17302
19044
33600
24292
23993
14832
17558
30768
21476
17275
16887
45110
32408
29648
30088
24879
42089
17421
25149
53709
22393
29265
14708
14193
21887
19314
24064
19085
22345
19828
51446
25824
36336
56664
17352
22939
25383
15945
30149
18566
13503
28982
20627
25491
27442
36675
35939
25624
22202
19973
17682
18790
14315
31420
28953
17728
26482
25931
43771
21190
38871
19422
24231
16429
22974
22164
21370
21579
25683
35699
24463
30873
21479
29681
21640
22396
28072
28101
24385
19799
34442
21452
14361
29177
15053
24949
19583
22727
14906
24189
28773
20579
22480
32651
66863
17148
36474
21670
18218
20702
39117
14563
21034
26855
22660
22000
12652
12431
22168
27638
45267
65529
19900
16181
21394
21601
21308
33248
23916
23326
20371
17930
22153
21340
30012
24814
13802
28489
20687
26223
18586
18343
16982
15177
25923
23257
16113
17940
17186
23170
31196
29022
23815
22488
17643
22119
27079
10716
13724
16350
23554
21594
19221
24583
25922
24050
25772
14396
18945
21827
17045
19644
20672
28931
19851
14712
20717
26006
17072
21142
11435
26452
12936
22545
17067
26018
38640
21285
24339
19155
19332
15141
24916
31777
21237
28050
24300
35612
20270
16827
16383
44813
41552
20095
22417
25808
41349
21609
30269
20514
23828
28536
14934
17280
31075
23718
14803
19737
31276
18356
31402
30405
9677
13624
21285
23612
24439
12739
22477
19210
21775
23027
21934
30022
25968
14878
18430
26462
15416
34431
45859
66658
30211
38040
17190
18663
18436
27236
23280
19326
18615
20706
33320
26620
21892
19804
21752
21931
22860
22672
27630
14107
26705
37244
22390
12946
15453
29635
37122
27200
21102
16893
17643
22165
20249
24367
24376
12243
16078
19032
23581
22360
25790
28197
28770
18627
21495
13202
22586
29609
42062
13033
19820
23217
19801
14886
17474
26935
26355
17487
30037
23262
15657
21693
35425
17057
15148
22452
22917
19295
16683
21660
20561
31411
21904
21054
23797
11836
15302
20347
33544
32576
16151
14480
18549
24192
14015
18466
15906
23750
29179
23442
29487
23196
24639
17629
28796
16530
12914
28016
28681
30292
16389
30635
18363
20038
9380
30616
29035
27974
21844
19098
23021
18971
25036
32957
26844
22349
14455
31173
27885
9604
17308
30679
30224
27113
28800
27494
31116
27160
29731
27330
33977
13964
25091
26797
21259
24311
22899
26688
26675
19298
24956
15172
22761
26686
18744
20326
27212
20583
11974
26737
22077
11514
12610
19048
39246
16878
27204
51617
28710
22738
21847
26034
19449
34073
18294
29083
24486
24986
22343
24587
24972
17325
16610
24741
32366
31213
21014
44064
29560
15281
22334
12838
48924
24053
53946
23494
17021
27887
13968
27417
21807
17845
27388
19602
24616
40704
21987
14350
26791
19294
10097
20395
24317
23442
21087
21828
27260
10239
18099
32786
21057
20011
18693
21212
16160
20380
22980
11968
21950
21585
17142
24569
17394
17190
38497
61597
20040
39176
18354
17212
19602
18832
29559
17876
32193
23998
24424
18011
25495
45009
19021
17802
22017
19390
18734
31983
21718
16060
13553
28520
26177
22168
19628
32037
22057
13594
28939
22711
22386
25629
31911
17536
20537
28839
17389
26864
27894
17374
28287
19752
16331
20725
30905
30724
31164
41350
24602
28876
39119
23014
21394
34657
33995
32156
16791
20481
24011
35810
14162
17408
15183
26385
36136
29093
17357
15661
17620
33462
18570
27706
28470
15870
24157
17139
22342
22027
15694
22371
21552
17538
36135
25792
19457
21085
17177
18233
17116
14662
34198
34125
21566
17610
21907
29412
18879
24179
22182
17039
14039
14032
15921
23595
17380
25469
26873
20391
34181
25705
24007
12295
24864
16057
14843
26399
21127
20389
13583
18079
21088
28864
24800
45465
41714
18525
32479
15451
24334
28092
21736
34691
26543
36493
18171
19354
19006
19665
19935
7615
23424
18272
32569
28242
19571
38626
20058
21690
20903
17244
21217
30192
36785
27840
24873
18266
43169
15184
24741
15963
33257
22169
23411
26465
19387
19090
18357
23191
21235
31055
21187
34568
51620
28763
25524
20414
35525
40819
22608
22592
18366
25080
25334
27570
15331
18493
17704
26630
19739
22192
19945
20831
32961
32359
29805
19132
24776
15840
24404
14364
26425
22290
31992
26640
24935
22116
16072
19014
13624
21523
15432
17106
15520
24985
21404
17420
14923
19286
22006
22080
28310
19339
24251
29661
26977
19797
26658
41458
24604
35452
25228
20135
19908
21114
22600
17783
18130
49893
41655
16376
26304
26380
24915
13864
33385
35332
23114
15035
28964
47323
23127
22894
18879
27224
17833
28199
24413
14972
40409
19620
16169
27922
24567
21675
26025
26278
19582
15242
29756
36379
31012
8486
22374
32499
22120
19446
25360
24284
34988
20547
22797
18236
16523
25213
28616
24067
29879
14923
22611
21524
19045
24950
43620
17764
22019
18628
23241
30024
44710
33088
33479
63710
74951
26847
51763
23609
19388
37106
36179
31699
26914
32419
32156
15715
21263
22499
22156
20831
33999
22794
21303
25247
18299
20109
22615
21959
28441
22901
16593
20746
15542
22506
24108
23826
27924
18441
23821
20916
32281
30129
24757
14685
35618
28074
24788
19897
16350
21950
17812
34142
30724
38916
15336
49115
24639
26699
19309
24017
32602
20013
40770
69004
61720
27585
21746
20950
25965
27765
39795
28949
21499
20986
30269
25691
18951
24803
37970
16944
14008
21802
40315
19100
15533
22591
26670
17695
27709
22494
20287
28637
27444
15238
25874
21406
16117
20637
28894
24470
45407
24400
18268
21578
24013
24837
35143
20612
27310
33176
29817
20204
25831
12521
24132
28726
26896
21791
29607
13085
28841
17624
18633
26378
21978
16628
14980
20687
23496
45640
27842
22149
22287
25517
29844
33246
19870
23967
22433
27049
21123
17688
17426
25227
19276
17914
20471
17616
14116
31084
46863
19397
28401
26266
13834
17187
14232
22704
22729
38305
25741
35027
28729
29213
20132
15998
21122
23799
21459
12819
32431
20342
25412
19925
26206
24736
33734
22860
26423
37368
25772
15701
21041
29670
21280
27524
20535
21572
24510
32197
25412
28555
22443
29218
24551
38837
17856
33873
20334
21592
25255
29720
22577
18707
25155
22124
17326
20939
29421
21772
18998
29521
27248
25313
16575
33007
16899
45433
25154
23759
23287
28112
26190
46496
27930
16229
16855
22932
26564
25670
12123
26300
16023
20850
35262
20791
11620
15504
28062
26715
31829
20337
31499
20110
20028
23818
13882
23131
17344
32834
22190
23842
23431
11025
24676
30823
21327
15479
25699
23581
19218
25675
29565
25432
19098
25658
24360
25359
10079
15596
19542
21535
24624
30936
20432
13642
17861
18923
41826
25584
19627
20709
26120
25718
19088
11233
23934
18471
16151
29678
42429
42889
24219
25370
21500
17888
15824
15450
16486
21252
19110
12663
14217
22462
18717
20297
30761
22023
22386
23896
19084
23966
11613
19592
32048
43365
17276
26478
40200
32635
36296
34231
16728
20748
23031
37867
26028
30687
20450
28746
15402
32033
29925
21314
17599
37824
21243
19509
14196
24821
18153
25352
28812
14506
38347
40088
21048
19827
32667
31084
15464
28507
30530
22632
26316
16445
17780
24226
27300
15487
20266
16404
23748
25197
34264
17143
26605
15983
28718
29136
28912
17863
19719
21729
23081
24627
31298
31359
12388
25202
20898
19755
18672
18919
19741
32599
34771
66055
27119
25839
19209
23842
21113
21573
19622
18726
25079
20734
19870
25300
27036
14540
21338
15591
18528
15172
23300
25810
47098
39100
9397
17460
28250
14378
29211
17918
27927
24026
28874
19893
21250
19307
23109
18855
22649
14161
21802
23103
27052
27583
16906
19155
26993
23017
23791
23282
24591
13786
19703
20260
33305
34565
16016
16579
19980
23118
19152
21365
15365
17900
26506
17284
17854
25037
18173
25560
20933
15729
19377
17754
19875
24236
20946
17913
21782
25180
18675
26326
53244
22582
21513
19127
22407
30815
25598
23246
30107
23226
23400
21292
17343
26987
20026
20927
23592
20814
14379
15245
11683
26836
22995
15980
20776
21979
27016
18772
23704
26013
39917
19318
17979
24234
19397
46538
19160
23096
25243
24096
25693
24699
20712
13349
34076
22465
18046
25483
32733
23551
20876
24495
22608
25826
17161
13980
22168
15013
23246
21112
35001
48380
42935
21625
18777
29990
20661
13815
29353
23649
12390
17926
19168
21116
24632
22863
26704
20839
24897
29032
49370
24914
19610
26315
17745
21117
29527
33019
28714
16519
22694
26357
22853
18788
15597
27819
16659
21362
23417
27965
18835
19035
24324
32747
24262
20173
17543
18898
19679
22811
23954
19456
23992
19112
35663
11271
24618
11522
17395
23427
22381
19055
30602
32137
18922
27923
43315
21070
14439
17820
16711
33002
14765
13425
22812
19499
21430
25856
17846
19888
23506
23834
38143
18557
18702
33385
24513
35541
28162
24281
20856
17306
25354
32979
47675
20018
58998
55111
27298
66976
32949
22950
17766
17666
26408
23996
26521
22793
24044
23472
19708
24196
32117
21743
41170
46162
61763
42626
19915
27791
20831
33077
31884
16998
26190
17205
24559
25815
14366
10638
24238
21989
18061
47826
31234
28126
14472
63893
22002
86704
21170
24190
24319
23258
17520
20892
13680
19402
25116
23757
19634
28621
21588
23463
24470
26638
9776
14117
22993
29514
24049
29871
18432
21693
20121
19542
24865
23471
21589
48014
24373
13083
37146
17256
16554
16767
14784
18997
28872
16461
21543
20893
17120
40562
23682
24808
29814
29283
14564
38795
21686
31929
29881
13537
15029
15976
23361
25763
18227
25222
25052
26238
36778
10967
18396
10713
23617
36593
23081
15417
23254
14985
23821
30669
25977
23720
23286
14521
21242
26030
22063
18274
17359
15780
22054
20586
28087
39602
36007
19530
17850
30415
24011
20683
24591
19222
27166
22250
19081
34411
23648
27020
20620
20686
12291
25804
18291
30063
24053
17504
35911
29046
31674
24037
23505
23207
29239
19124
26582
24871
23347
24788
31366
24554
17165
26245
16040
10630
16649
15332
15561
28239
50261
27415
19036
22167
25064
23315
19344
17794
19184
23631
9446
10664
14554
22977
18075
15700
24529
21464
28300
16844
11936
22838
22171
31733
38804
17012
23582
29919
30969
21942
12186
20089
18958
21506
41728
33955
29090
19738
40743
20594
16195
14253
28301
18064
22611
25700
20480
19393
25476
22148
23341
15759
27825
18581
23399
25972
23329
27400
20558
26379
28085
26302
48153
37718
24188
28450
45475
21236
15057
23618
30909
23968
25911
40670
55620
45574
15904
17096
11938
29745
22052
20653
23347
23750
30323
20148
26441
15106
15295
26279
22847
23763
29114
18671
33896
15791
18352
20980
27445
19412
29695
21616
20919
41661
19456
22049
9152
25143
21743
36390
21218
23384
30484
43642
15759
52216
20442
14370
44702
27384
19330
20176
13004
25502
25640
12685
15016
29695
35896
28362
30991
18501
25471
18643
20689
19918
17820
24241
27314
23153
31322
19640
31620
25228
18899
16829
17104
40439
18450
14432
20353
22358
22598
23684
28523
26647
23668
33781
28626
19677
30261
27943
32115
22147
18244
20114
28064
24127
34899
31808
29402
25421
15455
13168
21520
23689
17687
20962
20047
24494
27179
14142
21501
28177
39503
23231
26255
19230
26388
18477
20680
17052
39534
15188
39375
20148
41479
29299
17991
26184
13357
18068
23726
13799
20295
20625
19924
26769
24665
34036
12745
13759
19218
20967
24382
34751
56122
25659
6551
19149
14500
25839
24649
26186
46030
22248
27430
27573
17355
22843
21609
15980
18302
20473
27146
24809
20447
23381
31982
27301
29177
39345
21314
26511
19591
25298
33540
30840
24486
23521
25108
13064
23097
33894
29765
17685
14419
25012
18409
21731
29307
31239
26542
23771
18443
25180
22118
26150
15632
19695
21816
29610
22404
39467
18124
18331
25691
30980
24242
17094
15710
20610
16865
14738
17668
16852
16429
22826
19563
24882
15404
21202
15492
12052
20562
19483
21612
37983
25629
15680
21942
30319
15953
21579
16688
29828
22204
18624
16684
17710
19945
27886
23779
19409
26944
18020
20619
62007
72471
28413
15486
26593
31468
23497
18725
24029
20958
33509
39694
16766
11807
25457
31376
34006
7776
21603
21994
25462
28451
14617
19079
25284
20120
15630
21390
20234
14096
19557
19576
20515
21718
23461
20463
22330
24718
18106
21609
23971
31281
30199
38608
37096
32277
24591
25222
42946
74664
40490
62595
34182
25369
25829
28233
26354
38712
9401
28542
17558
14549
37904
39974
23192
32886
19987
15792
18055
15448
26174
18385
47103
50822
22488
18529
20406
29508
17149
21638
14470
24323
24235
15331
17320
17808
20145
16309
17453
26598
16093
17682
18635
13515
23692
20993
18136
21148
25457
14714
50508
43447
33682
22068
19067
16712
19395
17304
18157
17366
15490
22884
16578
30735
30138
21930
15576
17419
17806
15657
24336
38420
21392
35655
20246
19088
17350
20757
14070
19497
21414
21336
17855
18783
20400
7636
28003
27113
30400
41380
62406
21982
25089
40358
20255
18627
22791
13083
19172
20653
19528
31521
30852
18767
28233
29343
32782
19342
23532
29371
28686
10869
13305
32527
19406
18716
27089
21386
25781
24199
14844
28211
32263
22789
28454
18102
36704
22409
21013
23122
28143
16660
23816
36992
26800
26811
23059
22528
23310
27039
22486
16386
35321
28707
17272
28199
23885
23275
20663
27094
23990
17098
21817
25380
15885
33566
18854
18765
25425
19654
35893
15332
20991
22425
25979
36611
17394
14064
17249
29719
29738
18825
19363
33850
46428
53381
33935
17704
19223
23157
20764
20237
23659
17577
40104
15104
11964
17651
17928
18322
22306
16128
25284
16138
24189
19206
25149
24343
36895
18342
27344
10997
21980
21605
19686
23539
20728
20271
23212
13319
32642
15917
39005
17764
17522
16645
19188
19616
22307
25035
20530
16819
20707
28685
19635
17656
32658
27784
18648
33965
32928
31494
31575
22507
19681
24242
14225
19295
19145
21205
30125
24373
15609
29487
25865
31643
12142
25705
44133
30575
18504
24423
19953
24109
23813
18439
21331
31567
43173
45717
22292
47011
22508
19862
24621
22455
17975
22453
29305
41120
33893
23701
17779
19557
19386
35800
27531
20858
39740
29820
20367
24233
26683
17725
21657
19049
21815
15429
17683
17149
19987
12542
16757
20323
15300
18066
18945
12274
21545
30019
19610
24344
19208
23145
26529
35899
31379
17180
24002
15364
14154
24221
36813
20521
21400
22878
21255
20737
21874
25264
56476
21391
64544
20473
26760
32041
11253
17866
13782
23329
20802
16338
25790
22980
43587
21727
24394
38466
26222
23903
22519
23678
13310
20144
17809
30513
17779
22659
31504
17383
19325
20031
19032
12468
20506
20234
24457
23491
23636
32495
13579
18862
17407
14984
13746
21047
24663
34774
22956
24754
24090
13239
24105
15865
25538
24794
30530
21237
26418
20317
30720
24516
27165
20301
17951
18112
36813
27109
19989
17386
10422
24428
28263
36804
16220
30414
24465
25093
23976
16359
26366
15030
8807
24699
21972
11281
30375
18741
11093
17178
23832
26216
12636
19389
34853
28140
22864
23747
16811
14509
22897
21329
12839
28998
26954
22736
25435
14502
16064
18069
12423
26281
24924
40078
31562
20889
29014
18472
39744
39133
25220
22245
30545
17315
55784
40387
18109
34175
23534
31707
15472
25901
31699
23947
26641
22411
23485
24062
24804
21932
20299
26613
16302
27411
15864
16137
22267
23661
21057
17031
39440
29693
11450
24901
26716
42566
26602
26886
15960
14320
16710
17368
14913
23628
34467
19753
13259
23500
23475
24960
37903
16768
52314
26387
28674
44860
22871
28626
20001
16291
36562
26831
40724
38852
26103
41721
15546
26279
31603
22756
16878
15398
18193
24191
23429
25796
32069
10139
24908
17991
20107
15325
21763
29689
16301
19525
24415
25266
11619
26436
24178
25199
17125
18010
18985
27970
24667
30742
18916
17256
12174
33184
28501
12879
16098
18085
20277
33408
51816
22567
13329
40140
28184
23509
28636
17592
15839
19125
15659
30435
13906
16739
24482
17001
22625
13822
17559
27475
19165
34642
17823
30134
15216
21774
30295
35518
21465
15190
15572
22130
11954
27253
19341
22690
23760
19837
18679
18007
31208
21847
13208
35489
20703
33077
23247
17511
24870
23209
19473
21639
18239
25013
22360
25996
18336
21157
29592
24170
22053
22657
17301
17749
29794
27947
15283
24360
27223
19466
20945
22300
23416
15492
25313
63251
20715
20990
19865
19751
18002
25695
47638
51163
28746
22025
29341
22548
21832
23154
19123
33751
25828
28348
20293
21897
33179
18379
24361
31457
18170
21548
24707
21954
31979
34018
38502
24290
21783
27193
22324
24156
29827
17955
12755
18098
21126
19710
13095
31449
17088
9162
34031
21328
22850
27095
20531
42139
18943
15707
20967
18772
21517
24196
13398
33203
18717
29800
19192
37076
24740
24785
26204
20946
12761
21423
35166
29153
23667
19360
15375
18901
19592
23899
29265
42560
16235
30675
21732
24014
18581
17814
24831
19951
20497
23162
19155
19844
28227
33638
26836
22051
18424
21312
16476
23477
22518
23473
13553
15199
11870
22694
28109
11192
29743
14037
17728
26226
32461
16666
14147
30603
23442
22887
28134
19430
14113
20509
29189
10560
9976
21456
33277
13357
18522
18716
26284
18182
17943
25520
24375
17001
34878
39225
13494
23328
40148
26224
25683
35762
30751
18237
21221
30014
22057
17222
26350
35441
12034
21905
16502
46986
39739
23783
26226
23066
26617
13122
19951
27890
18767
15667
21970
33369
25504
17232
24393
26753
20081
34522
40138
45734
19716
19459
30947
20325
23719
25629
23383
16254
22089
23538
24021
14166
24030
15151
23384
24396
20801
27555
23727
19010
16622
25328
29633
28819
16085
22764
19782
16999
18824
31927
35804
15932
25941
23529
21026
32191
22644
17605
21927
13164
24725
22822
38425
22615
24415
23061
25019
21767
22524
15861
25536
18186
14344
23400
15047
24185
28308
21989
21860
21424
24191
18728
39893
20095
18608
23120
34713
13327
20802
26550
16314
29857
20188
22443
12301
25145
17559
15927
19068
25792
30199
40831
20137
13877
29647
21037
19153
25730
19750
26297
15719
6890
29675
19951
14967
22466
34920
44325
15310
33680
17311
22974
24302
23653
23815
38941
25968
19618
20618
17432
13038
27400
36028
42079
20068
22462
17173
16729
27311
37096
48633
15166
14310
23898
18402
13202
31139
22414
21575
12727
13281
17571
23374
30951
21657
13425
31369
45932
62261
60934
26692
32955
24859
16037
21209
22693
26134
44215
19543
20904
36765
37125
19591
23559
33743
22366
26718
20571
23319
21906
21366
18376
26998
16816
23100
16705
13418
28434
23033
12185
28097
20752
32213
26997
40002
33844
21464
21263
36644
20599
31384
36193
19315
23367
31969
35735
23539
23556
22809
17051
19854
48500
20258
12282
42308
11663
38397
42145
16471
19614
19376
22347
20705
18662
21726
23462
30831
22030
37492
20162
18261
18131
21777
16627
28987
23364
21666
32824
20073
31544
25306
35661
19255
18410
19994
14375
23919
19838
17693
16995
20121
14270
25768
21510
10603
10373
19929
35305
49463
17455
25274
31790
12646
28356
22199
25885
20635
19366
17707
17485
33994
17959
29334
12567
15839
31670
22462
13922
23380
17753
14581
14421
23379
19687
12750
23716
25868
25130
12393
31562
17263
24933
23880
39026
37661
19165
22610
25333
24049
22358
25698
12109
32277
21658
34711
14985
16890
15364
22417
29027
17976
28023
19673
22319
17315
24424
28229
29330
17884
28275
35119
31317
24476
13053
14895
31061
25512
30293
37259
16939
27860
31443
22665
15883
22066
31199
20483
21214
18673
20131
27808
21638
21919
19894
19861
18588
22299
19065
20347
27809
20047
11112
27308
23165
17073
23345
51518
17691
44032
19316
22610
31366
16400
24705
23150
9954
20319
27534
26880
22258
30593
22178
35380
13818
16635
20916
26196
22782
29100
17288
23490
45859
26208
15444
21859
19700
15117
28776
25680
20678
19889
17383
21370
26525
19367
22905
17596
19705
18932
29822
22433
32073
15951
16803
27947
19431
26311
23091
37989
35779
18244
16025
14123
42981
13633
21068
13799
27500
25321
18361
10442
15669
18312
22667
19471
15175
20315
18131
23048
32578
22210
13174
24892
25501
20651
18688
12413
44986
43609
21513
29009
22487
24215
25678
46475
24227
29869
14946
24046
44805
55747
44808
15947
30828
16206
18390
28173
39560
18304
14453
29178
22004
22569
19148
15788
30463
19504
34363
20409
24721
20215
15811
17485
25589
25415
17150
14738
19683
18493
28230
16811
38528
32113
14261
34321
30615
45469
37853
23399
19416
14197
30196
31449
21398
23393
14392
30287
27786
22650
42067
19999
35431
24541
21117
36943
24248
22212
16404
17686
25728
19054
23142
23405
25301
27824
23762
28459
20425
43294
47069
27039
23518
25195
25677
41144
20355
33720
31595
20696
42206
17379
16943
18750
18579
21148
24982
17847
20877
18130
23742
16978
31529
27059
20810
43188
28207
43568
39299
27012
17566
27611
34962
20363
23322
20843
32327
19778
25726
26823
20381
19158
27311
16548
23229
28536
22188
21533
18449
24127
18605
23239
29406
43347
14901
24527
14825
26516
18827
22489
20286
23512
22164
25535
18438
19621
41346
17943
14133
22109
24836
28497
19413
19217
18737
21607
26394
22434
24560
12747
23898
18353
23043
16782
30161
21092
18913
17061
30834
22067
22191
28015
34866
30245
19972
34918
42038
35222
23586
25932
28603
17344
30986
25926
28511
19115
29754
21227
20390
21196
26974
19653
27183
19202
30899
16509
15390
21171
26720
25055
28789
42780
16302
16368
17279
20922
36654
14680
29322
26407
19623
22978
26463
21581
17827
21893
21212
21803
31452
31941
19449
22374
12928
17999
26603
18614
25646
16597
25818
45901
20687
22378
50535
28285
23437
19052
35007
21745
27071
21813
18186
38981
26000
38854
23476
25319
28717
20529
20933
37408
51824
25133
23938
16111
14276
28958
53838
20730
21036
9856
21339
12005
17766
40348
17079
27627
18493
29943
18872
23462
18806
54801
30518
64711
31225
38540
31259
34966
49022
31370
35223
56113
64089
29345
27119
28411
21000
20305
44384
22682
20395
32576
28374
34230
27622
22607
17208
22627
18293
37321
35283
18195
29614
20462
33683
19353
15485
12928
25136
52318
22042
23173
28833
23988
22210
15483
24177
20929
35996
42063
18830
25870
16291
20593
12911
31267
15005
28755
17089
22714
23092
29331
17865
32024
41845
16701
16465
27852
24426
21596
18787
22115
21590
24436
19313
19853
21867
26878
29855
21173
21765
23362
29028
38593
39213
17791
17792
28906
14933
25337
16590
23945
21347
29072
38149
19852
21486
17263
29848
19308
31526
45731
25756
18366
20103
21824
20373
15842
14512
17742
23809
14981
21930
26488
44252
65069
22262
77957
31284
34953
33005
24936
26109
13585
22857
18530
39220
26150
33178
19896
29828
24330
29606
24699
23093
27174
33586
13175
22355
10611
22277
16684
16203
19074
36559
27439
25088
23666
45685
34044
15139
17680
23010
27990
17444
37758
18895
45404
17287
31344
16700
29960
28382
17375
19622
43630
30271
17113
22498
18696
15583
29275
30928
24514
16213
19707
27430
11468
24468
17795
18102
23705
18330
24354
18545
25203
24790
22459
45291
19123
23519
22206
26276
20885
16721
25363
31169
17464
25657
19756
19130
28580
17505
34885
39347
27175
23629
32858
27926
15205
24193
15134
39932
41859
29540
21678
12000
36813
14071
20265
22112
26404
36203
16553
19568
18897
24929
11519
20463
16484
23446
16869
18310
20692
19761
25347
22231
20207
16901
18641
18099
17039
16000
17881
21742
20257
29417
28162
23392
26854
45676
20141
13587
25623
32369
25740
26261
24050
21265
22456
19929
20554
22555
19707
26027
22849
21507
28254
43832
24398
26288
15057
24841
9491
26185
27504
22279
28206
25537
18089
26028
25341
47044
29967
16044
54647
33906
30196
21730
27596
26873
19029
19202
24710
25941
22339
17922
15126
27951
20477
16539
28272
21002
16804
37105
28567
29119
16700
21394
26486
23321
44145
22773
26293
28538
20048
29453
19632
42761
37454
21704
19057
12787
24523
30238
17888
29661
20633
47420
25202
19661
18961
41191
13831
32526
23408
24016
22936
42275
37256
25665
14092
30454
24394
21376
31188
20123
40120
34461
21048
29028
26413
13585
11180
29128
21259
17057
19978
21934
35533
31969
22331
27744
31963
39318
20054
26968
18985
30093
26142
18451
22147
29779
18984
22070
28170
21353
31500
22374
17915
20723
23865
18754
15168
20044
13662
19657
26712
35618
11307
14381
25301
24206
42410
18452
21067
17661
25884
23866
28310
17348
19753
21115
20719
24056
31782
21203
24045
23458
34078
36898
23617
24367
34785
12037
22933
16983
26481
19026
55988
21044
31517
38476
45792
18282
17131
15825
20980
27137
18018
48447
40639
27419
23764
17728
20683
14469
39326
46616
21974
30445
20504
20448
27835
47813
55750
26153
18923
18416
14138
25719
24919
37317
14761
28719
22231
37285
31256
26366
27892
18833
24338
24010
14953
19813
20289
13351
21213
24008
21517
19461
11963
39209
20996
39125
23070
23622
15353
22473
18243
26017
16626
15459
22218
18525
14544
16655
23685
19113
16104
34865
17760
18928
14289
31495
18079
28022
27493
19379
13197
24449
27089
18022
35115
20150
18551
21488
18400
28866
18244
23886
19651
10943
15954
20057
32767
22008
25576
22548
30863
73825
19523
16925
21249
17138
22463
38964
18079
10144
32955
32797
28917
18941
28092
39915
32464
30025
18966
23935
20789
15113
20987
16389
17894
20462
19487
18725
18805
14845
23692
20744
22468
26497
15496
16929
22872
22599
25442
13868
6896
29788
29822
28632
28111
22181
15303
39337
63214
21246
15441
22404
25083
22354
23517
26592
16201
26231
25136
22134
24075
28074
39828
17565
29152
43425
30821
22390
34369
22814
21134
39987
23373
14501
23876
13550
34084
35819
35166
27227
19125
28355
56938
26751
20339
28625
29729
22918
23360
25614
19842
20012
21719
24721
20811
27084
31719
20903
27441
15334
31748
26074
13630
28305
23299
28826
21308
35257
28669
24731
16619
30742
20907
31006
15834
19869
16022
26231
26893
41871
50110
60197
21265
21572
12223
19542
12997
22607
29570
36213
22195
27923
17994
21598
21856
19676
20803
10558
31047
22612
22883
39698
11287
55301
25883
15290
15848
37469
20133
25501
32241
24360
29389
24826
27175
29093
17090
19796
19357
31182
55532
19339
17883
17250
22206
27646
22784
24640
48760
25620
16867
21853
29877
24514
23234
21477
17022
31338
37517
14904
31489
21921
27316
19603
30109
17607
18695
12218
18946
25057
41167
18828
18881
35866
13961
18890
23650
28539
21236
21905
25057
25090
33740
25643
18459
30283
29324
20215
37395
27811
17069
20726
23433
32213
25382
17240
16281
33980
12775
19125
20582
20501
20862
19776
17390
19380
17547
20539
21067
28283
26055
16538
24246
22339
35539
30368
24682
22939
33581
37099
31650
23253
23945
24327
19400
43645
33916
34324
26734
17106
24567
27740
31350
45607
38747
22444
27996
26853
16919
23271
13512
58310
41374
42544
23766
28570
29918
28423
25753
17877
26484
19609
19641
22080
20225
15996
38260
56216
16824
16020
20559
12004
23410
18638
29532
18615
21830
35983
33729
19746
17935
24267
25580
51569
22157
23382
25873
38884
21911
21637
30319
15794
17971
38598
15596
42279
25936
22180
24001
21054
20379
10917
17058
21525
21150
38871
19016
21395
18143
31204
25433
16270
21702
18997
19579
16175
44225
20122
20949
13987
22375
37284
23145
35752
21640
36571
25722
18221
22739
19234
28558
13475
17488
17250
22454
16173
20122
20341
20210
15575
16453
19068
25719
16972
23753
19206
25968
28176
28250
25491
36464
18296
17752
36499
38242
16796
25002
21207
14555
33281
24809
21533
29297
20352
21657
35731
42218
18797
24075
23089
14369
21890
23584
20685
36045
52003
19836
15319
28276
17446
33303
13207
21516
26943
11970
37797
25259
13029
19889
20199
21801
18909
22238
23723
20272
26964
54303
28120
21919
16455
11103
26426
33727
19601
29320
59270
71480
53998
33608
19132
31341
17332
13256
14745
20181
20034
26556
37451
25947
24002
17129
26000
13389
8535
35941
17226
18360
25165
14085
18058
20843
29019
18582
11906
15320
21164
15054
22327
27752
31991
21152
31819
17125
30014
23478
18490
36356
24664
18682
25852
25789
18121
27074
25041
25683
17765
22377
20572
19987
26242
22439
22878
18073
17616
15720
20413
20506
18076
18921
35112
13627
25883
21641
27739
22189
19045
21650
46464
43334
24176
15082
20503
27075
20145
31845
20829
21847
45164
28592
16074
18505
20999
16501
23572
19888
21016
29130
24845
29116
21204
18427
18600
30153
38331
37104
45036
31477
22151
28674
20676
22332
20939
23768
22745
18528
22457
33700
13064
22023
19574
19760
28068
22146
18032
21194
30328
49605
36980
20323
24758
30627
14352
33224
19269
21664
24027
19666
17796
18048
27251
24958
32180
36294
26071
20271
22682
21543
21480
16079
20153
18456
23803
29168
18395
21354
22370
28294
27240
20116
16100
32260
20176
16883
34084
17845
18669
19022
25262
26275
26607
22704
26279
14391
17298
18467
21972
36065
47335
25517
24081
14409
18007
10781
20041
23793
37538
27988
25050
19832
34685
24481
18169
23750
23280
19552
40004
29683
16231
28160
24035
17641
22186
42195
21661
35286
24751
18506
15695
38293
22723
29627
17059
21880
22500
22340
21050
22235
29648
18897
24627
18800
23434
22203
22028
23269
18672
24921
11051
22125
27250
17934
26428
24635
15184
17200
19340
12376
14549
22976
39462
65724
12515
22020
48303
22467
15321
27043
22116
27533
21308
23851
33576
22996
13079
16821
32206
20990
16123
16040
19689
15767
22032
30329
19098
16868
24138
24691
20092
21792
25752
24552
15719
30032
23052
20620
17646
15490
19667
17690
23438
24003
38786
12700
19787
28138
24417
15371
14933
30555
19311
44329
18810
14747
24723
30903
16865
15853
23442
16794
24050
27717
12371
24799
25296
16006
12573
23486
17647
17128
19629
24685
23445
22249
31287
20201
24971
18930
30176
17349
28068
30025
23048
24804
22869
11726
26047
18696
19194
22167
27242
39654
27773
18711
20793
19011
17809
24460
26234
16719
29178
14654
26522
22008
25317
26119
28324
10815
21203
14965
22834
25660
26845
20039
18946
17469
22399
24610
18872
17399
22800
18345
39477
25707
31629
19584
15565
24132
15600
22708
23752
28702
23122
22794
34352
18253
38965
23563
15872
27350
19978
20178
23323
28315
27635
18001
27664
16954
27353
34028
19491
31058
47102
20822
25729
29400
20469
21836
28803
12241
32340
27666
33839
35731
30956
29037
34904
35627
37133
15143
19585
54062
34238
18678
14070
24127
14295
20500
27292
27908
23413
26316
15460
20862
19578
20819
25232
18267
14718
26956
27212
25874
18431
28349
22701
25288
30192
38291
21636
23940
21314
18962
24400
38712
29209
19846
26585
21846
23060
33318
40923
30039
31855
29512
16252
21826
25817
20013
27026
26425
20088
19676
24852
20100
19262
20340
13023
18597
22051
21404
17448
22896
31122
26703
20020
24550
19767
18545
12592
19927
25420
20443
19081
26720
27139
38968
22466
21460
43097
18289
14257
19242
21488
29854
23265
44342
51861
17023
26931
27262
15277
25491
23973
17919
37070
34450
48298
17180
25200
23306
30454
18090
21352
28139
32538
21459
16629
19731
28818
19222
31288
19931
16358
20937
18958
30998
49904
34970
46658
28428
22727
34559
29922
21076
32871
18826
42260
34588
21076
31871
20712
22782
15091
23890
25710
37301
38984
20008
34963
18443
21129
11062
19469
18897
20323
26223
24796
17693
33730
18199
19002
33344
23641
16162
24389
21221
16820
12737
22405
25354
35492
23807
20963
23437
20778
18100
23820
22906
38917
18413
23828
29843
22759
14682
20736
21926
14412
13826
22223
13700
19438
16118
17002
16443
17709
19164
32554
17895
26647
31272
26142
21622
16641
18831
10557
22315
30266
18690
24208
38471
43621
17662
20695
18586
23449
20143
13586
27820
24795
28475
14714
20840
25912
29808
23557
17383
19200
17362
26490
28170
26990
18020
25903
19147
31769
61406
77495
35326
22179
33610
39056
24419
22359
17427
22469
27714
37492
18757
20339
23814
22834
16178
13880
22597
17933
21457
22087
37781
19391
37957
20847
19568
32404
21701
20179
25401
35622
19235
18433
19825
20218
14236
19805
26542
34463
20358
28520
37357
51310
30392
14000
16619
13006
20115
26035
21534
30546
55076
24071
19952
35622
29327
21622
27886
17322
27529
27938
27786
16640
29083
44481
15915
13666
30639
21260
33101
22778
32053
28429
30865
29139
26451
26608
18870
19617
13549
9458
31372
18908
19203
12523
22144
25616
12768
28520
17180
11945
24211
33536
23174
38157
25708
24489
30375
26899
25839
15599
24400
29241
32637
32126
47894
18159
28048
29504
16281
12758
23310
16461
24916
20855
28293
39667
25816
18536
21205
16693
40648
68940
26580
20958
20851
24636
14056
27118
36067
26010
19693
29783
19421
20082
20150
22493
11866
20498
29571
48059
24511
23517
19252
22021
25966
28140
11986
48143
17778
10685
15261
22582
36242
32732
8917
38061
20430
30589
16371
17134
8744
28315
20735
26933
20991
18151
28605
32278
16958
17730
23468
22076
19198
21234
30955
12201
23965
15525
31432
12321
23435
17019
22211
22016
24604
19266
16721
13332
22768
21891
30880
25577
25926
16765
20150
21690
22968
19843
36695
32505
23901
22898
25641
33123
23902
24746
17857
25885
48856
30627
28226
33327
20288
36436
15832
24493
30186
24158
21460
22177
18562
9751
17707
17824
13234
17763
10793
16075
18776
28551
37306
40646
39105
28015
33433
22381
18369
27618
27210
38245
21192
21812
20822
11868
15881
29215
42082
24855
30011
17989
36731
15463
15295
15029
26268
23813
30353
18851
22075
26220
41149
19060
21784
21407
21150
38415
20507
19868
20422
17443
18770
15954
27521
24092
26291
32953
18590
12369
24298
37837
42134
57738
24030
16424
17670
34737
20126
19319
30898
13209
15579
24722
28489
17088
20629
18495
28266
12660
18430
23792
24476
17853
22243
23114
12365
24544
21266
29962
36472
31590
49807
23637
16536
33026
21986
18431
22806
18483
31047
14049
43603
24949
44639
26796
28750
21979
27338
39301
19592
17089
35106
16104
18672
37698
17286
15174
21827
18742
24053
18838
30158
27393
15534
22746
23096
27818
22734
20811
28340
24935
19566
24958
31808
18818
36155
42341
59880
34238
20552
17074
20550
7246
17011
27521
13865
16403
12810
22330
27426
14212
19357
24691
20246
37120
21570
21175
31641
19956
22058
17653
26330
11548
18890
15847
19370
27226
28696
11304
15983
26528
19652
25200
32484
10083
33780
16153
28100
15518
19024
24223
20868
20822
19232
26119
22068
14357
21140
18867
39686
21880
28099
29911
19175
17957
24511
41757
33754
38900
50141
21624
25211
22314
13537
25699
21024
25216
25292
26432
30144
12659
31783
57300
15587
25131
20652
27019
23675
29868
21717
24467
24865
23160
23239
18622
21758
20964
23565
25720
49815
74893
54922
27173
31972
26168
21345
18246
26173
23433
29456
23992
22579
23459
21750
25303
21004
26861
17495
19828
31878
19898
15715
27176
20509
18587
20503
16874
18539
23508
29584
26256
17550
17663
22190
20942
24441
26200
16684
15723
14226
15949
27761
28116
20941
21848
19023
22776
14722
13181
27616
28222
21453
19517
24688
19410
22316
19294
19002
31297
38333
21087
44480
19323
24342
19997
15074
17962
20274
17922
32490
25687
27764
19541
16151
37416
23334
13308
15422
27347
19298
30959
20070
15948
33041
25789
22993
23103
22970
16460
31336
20260
30596
20203
23591
23191
31579
21685
18153
25673
15852
22853
25113
14422
24676
28797
22539
30407
32996
49889
29973
24592
14255
29982
44122
22470
22853
19285
25799
17834
17319
15968
24863
22981
10699
25481
24940
46589
39430
57481
30021
51624
35991
19777
43475
24419
18557
30713
22051
27265
23251
15836
14696
17758
36390
28861
21886
25496
41529
21499
16293
18997
26147
37308
51958
20887
20547
13647
24205
20541
22791
15981
33316
19019
15907
16856
22023
17172
28940
32054
13356
25330
20332
15152
17292
25133
16006
24834
21589
22957
17150
19739
16893
28590
51814
81226
24665
20705
19047
30103
19966
23245
19514
21658
16567
19226
17070
17919
14737
22057
21185
21533
23973
23701
26256
33791
23493
37091
17291
17272
21129
20725
27153
13718
20958
22094
17351
22941
16216
19617
20549
28605
20051
21686
19463
19128
24400
26669
20622
20014
39649
20695
17870
19895
14142
27729
23266
17941
22263
25008
19140
24065
22258
30520
24556
20201
13228
17744
20267
20219
23542
28237
14537
18056
26072
29297
39173
25377
24983
35909
23889
18779
22970
20500
28573
48856
31222
24288
18022
14814
16047
20092
21377
29737
21827
25274
20315
23407
22531
22975
16339
17622
18477
26997
11355
13278
22900
23366
24912
26162
67141
24944
28261
32008
24970
12598
22279
43456
17216
19280
36593
34086
30083
12146
24471
28153
10343
26042
18846
24730
20254
14787
17763
27873
25218
38404
44341
20091
25839
25898
18909
13419
20925
18880
15317
19101
22181
31715
25388
26547
20686
17390
30896
26672
42854
20136
26840
20177
21643
29142
23394
23701
20086
27333
19372
16380
17226
16710
14291
31806
27593
15849
17495
31888
15602
18784
17510
29872
17478
21876
23485
28321
10281
22965
20178
22012
18884
19189
21534
42904
20020
18645
16184
22216
19666
15742
13392
25150
21133
22254
20618
13906
19323
26056
18891
28257
29256
20296
22799
16678
21350
23011
33501
29597
68136
21650
29372
17060
36619
13869
25123
18939
47968
43201
25672
22374
26842
18678
17395
19177
25237
45025
31227
40361
19527
21147
16091
11882
17356
11814
21680
26052
14997
35759
17989
16767
22537
14747
20688
23870
27526
22756
20760
26860
23445
15998
23550
18657
22900
25732
16189
16293
13617
18510
19905
13957
17373
25102
20414
29228
25015
18126
31891
15766
29073
16810
15894
31618
24477
28376
15324
33975
26392
26780
26741
23441
21477
24734
30264
17106
22953
32342
11290
21216
17187
21870
18560
24858
26575
36810
34884
21870
16608
33527
26892
24014
14553
22655
23074
27239
16339
15495
17913
13999
33230
24472
23670
64371
17041
22373
21138
32116
16486
25320
23675
39558
20026
31235
20190
24233
22357
23956
26142
21134
21861
22596
27257
28296
30479
39712
25263
20044
25995
20980
15816
15746
18574
14297
16738
33226
35549
25598
15265
23474
31102
21077
45346
18158
17819
21183
21718
33430
15463
24427
29092
16680
15084
29813
32092
16616
23938
27474
25423
22492
34522
53480
37549
22255
12297
27110
27916
29123
23367
13533
21764
11155
18984
23236
18933
21973
22343
29921
29715
21720
20700
20267
22455
25971
19991
16407
17623
17006
13407
23311
24327
20212
28948
34356
17420
16606
15033
23216
28135
15281
17348
14470
15118
18032
23504
15476
25339
54367
37977
25073
21235
19767
27225
30045
17727
22822
25265
26367
22818
13341
35552
24287
23835
25231
42858
17814
18732
29220
21852
25633
49577
30483
21580
28179
13550
26945
16830
22912
21421
19969
25404
17375
17067
27740
11571
20103
38921
25494
21272
24157
20314
37609
17620
24396
25864
21592
14391
20894
17583
21086
31219
36688
44531
19535
25966
23413
14182
20624
34423
21153
21337
23458
25061
36347
51414
23357
23648
28696
38418
23650
11734
20430
32572
14810
15449
22125
16225
29201
16091
13513
18436
21289
23523
29123
37452
19311
27200
18624
12252
19704
26702
27098
21871
15262
18478
19586
38618
15577
22724
21288
24768
25564
17456
13457
20393
13381
13434
21325
28144
23726
16580
22178
20520
27801
14342
13641
23636
20890
16433
20094
20048
17810
18135
25558
22811
19994
18425
25650
26226
35928
16348
24013
32766
16103
20348
16599
31796
40682
15039
14525
27651
32706
20992
9674
17202
20768
21365
27639
16786
22548
27041
17400
17863
26872
10718
29793
33024
24374
25589
17336
27525
27478
20887
15445
20377
37484
22096
20722
30685
23476
21854
21308
25318
28752
18807
23519
15922
30864
19586
47860
21154
24149
34909
19873
18946
14637
11268
24022
22155
22121
28822
13538
17746
23521
23044
20737
21281
15713
19803
21779
20710
27837
34474
24748
38804
21607
22910
25420
27532
17888
25632
29279
18978
14756
14647
21887
35406
17955
15720
24005
21786
27668
24132
18399
35806
29097
16618
37805
32480
25658
41665
25836
20341
23146
44567
24443
24229
30262
25626
24444
18932
17033
21051
19594
24057
29342
21730
25820
36958
26538
23785
27701
15187
22531
24142
27564
19039
34526
54719
46577
11791
25000
11667
20501
19641
18071
20884
18110
20293
19495
35441
22006
28241
40027
26413
30297
19565
13651
25835
27937
21515
16568
18763
15738
22573
39101
17061
17654
17250
15889
18432
26859
21329
20898
36129
19609
12264
25173
16680
28516
27054
36142
23773
19854
23789
22324
26608
28071
24750
17390
30234
34411
22496
22445
34570
19752
28210
28809
14833
21582
20712
22675
24048
17270
13902
15453
29210
17672
28258
23054
28552
45090
14248
23571
20966
20122
33952
32370
15748
21964
28438
25784
20536
24412
16583
26469
25494
51002
45588
51267
16920
17253
15166
27128
18264
23020
17438
29024
31065
25857
25008
30684
24157
32572
31727
26508
18622
16777
17590
20386
55585
19727
19695
17882
39671
45502
33740
19601
23785
10225
16897
16926
26825
21425
12950
43834
34140
22813
22276
24192
25068
24031
33542
17343
25923
17015
30099
17631
21033
16407
20379
38331
28448
21524
11263
23328
23090
18321
20169
25433
38312
25588
17586
22369
13417
22094
18304
31371
12302
36240
24303
18696
32555
33860
50418
58702
33643
23571
20726
17184
46927
34604
42227
28864
16316
17778
28679
21039
31762
15809
18531
16940
22418
23369
16814
21174
24166
14325
23069
24122
33334
15506
45851
15609
34986
21028
29667
23376
23759
21617
21504
24495
27201
23825
35474
17984
21513
20840
24458
15268
37561
41487
33937
60490
55119
20742
19414
29285
20954
17387
18794
32581
17678
19309
27266
29586
15637
24278
15881
19485
12890
28051
12810
19973
24866
24966
14622
32931
21664
33719
12956
27600
14112
16674
25809
24853
24705
20723
23676
16165
20721
20538
24029
56065
21740
17210
47229
24264
16577
30386
25690
22619
34241
32809
10758
22257
28678
21293
12415
15471
16149
18781
20988
31780
53972
14946
12899
22569
18796
16440
21337
14793
38922
32525
29332
41592
23989
13321
21115
22009
17410
16916
18280
16532
25160
15882
20173
21002
23638
22834
21216
22473
21680
23437
29044
19815
24341
24114
21009
25387
15790
19308
17606
26394
25712
19045
19493
13348
27612
41942
21628
7960
22429
19821
37479
24896
28886
35273
23035
18338
21814
22392
22184
17262
34768
15576
34360
38241
20197
18881
19783
26445
21930
26156
48456
21367
29669
24128
25242
22178
21229
15924
15927
18439
30364
26384
26232
24979
29288
29633
14831
11640
37766
23535
40954
46305
17799
34706
13189
23414
20773
29350
20265
21952
29162
21092
15857
37195
30108
30669
27898
20705
20149
14971
22643
22034
37672
36545
41454
18595
12894
14391
29903
19524
20624
23372
19951
19840
22453
20114
21373
18233
16681
39382
47593
29296
21168
21118
24213
18826
21574
23510
23350
36928
18465
21879
20431
33463
33467
46570
27256
21930
22965
22049
45916
73917
45223
27517
22166
30640
22199
11782
25795
22390
19237
18860
17087
14380
29696
26310
21415
33205
27382
27703
18903
17822
27083
27601
23157
32584
20940
22631
20716
19680
18116
13992
17847
56111
41227
48567
25715
18624
27364
20840
43014
18830
16550
28193
14614
11082
33354
32716
38125
20321
20144
24015
18792
14872
23578
18936
34616
21644
18257
40039
23576
16085
19441
21936
28435
17536
25092
18752
35341
26119
20122
18536
20819
23611
21276
15502
13922
22755
35981
34194
19684
33564
23793
25514
16742
25855
26141
25601
19282
21147
17542
11277
22403
33380
27877
20242
26377
39475
34016
19441
29755
18030
11959
31640
29828
36626
19690
20709
21105
25085
15921
23778
22517
22046
27424
19030
16914
13621
24322
30674
39224
39775
35672
28246
25800
38595
16468
22285
30330
27720
24253
12671
15981
20827
31158
22554
25392
25917
28492
23802
18626
54041
60828
22677
27518
23821
13375
22129
23419
16035
22209
17432
14297
28757
16459
20913
14755
24204
26171
38508
17096
21260
11162
21950
21013
22947
19983
38497
13504
18637
21633
18015
22316
32189
28303
14034
26528
20331
17955
17344
17132
14109
27099
46514
23343
51788
11822
35995
24229
22006
17466
14892
20676
28165
41828
33869
20755
23694
33877
30039
18339
23133
16571
51426
33299
22685
18628
17390
13914
10744
10948
20205
13786
29282
26240
26552
26632
24785
22148
23224
26762
22114
28273
19300
23585
16060
24022
14893
18786
31666
25207
23791
30314
26852
9712
21770
42011
20569
27523
37903
11884
19007
24711
19140
14996
18574
20155
25471
19715
25372
39114
44247
22975
31445
17001
34394
14769
24717
24292
18961
14097
14087
22493
20749
46527
34906
12702
29419
17670
29888
30965
26777
19213
20144
20205
24272
11700
16524
24135
25935
26719
37357
20217
23729
30647
19054
19261
17523
21352
12907
25466
25275
19732
22429
22086
14822
27418
17351
17717
9977
19983
37019
12390
19716
23073
29692
17990
18782
12946
31950
24611
30269
19936
26076
32191
16794
14189
20457
19857
22493
20543
17028
63399
55869
33314
31412
16890
15348
18942
29563
31211
27090
17849
19800
25755
29907
47764
25565
21578
31595
21105
26933
25531
21339
27374
20572
17428
18327
26390
37921
32354
26433
23397
20878
33206
21353
19205
23406
39232
36596
19836
23545
35938
16000
24648
21546
35366
37616
23349
15370
21217
26154
26303
24412
18265
18385
19730
42081
44957
26311
25715
23228
35754
26457
25381
22796
23127
48460
32554
24544
31176
19668
19704
19643
15882
22094
19517
23387
35366
21061
41804
15050
18524
36251
56838
38225
22483
17676
25869
42998
25289
26420
29194
34729
30406
23615
24929
23714
15372
21681
23460
26880
27941
25573
27010
25077
27089
22506
22560
31546
18182
19622
26630
22606
18411
20660
23659
28882
19591
28867
24603
11889
13267
14710
24502
23418
38982
27626
52361
17779
25104
27059
41966
36852
17195
17965
26310
33848
23365
15453
18935
18297
22306
30496
17243
22685
20577
14263
22328
11773
18397
18080
21475
21387
16911
28647
23234
28145
64125
19250
36866
20678
28950
17111
20747
22797
29883
32654
24902
22099
21119
13433
39812
44643
67759
14780
21727
19000
14002
38251
26320
23445
31403
24799
55085
74251
23400
17218
23486
19934
29385
21177
25870
20258
36390
18799
18805
17899
26818
29810
15993
25499
35230
26008
58261
23648
14002
25913
16083
24382
19744
24542
14559
17338
14076
23298
17926
11206
25391
17284
14912
22157
49288
29119
21720
34229
37662
47278
21943
26974
22604
31072
15005
12662
27042
22195
22524
27505
27693
15811
14603
17347
17660
10730
11826
12818
34088
19895
20274
17168
27100
31414
27920
15509
23104
14097
26332
26701
19276
27284
22851
23622
23157
23521
31269
13972
27663
43249
27263
28780
26111
33688
18400
34965
27843
37622
22795
24602
12849
27923
19254
16673
23689
20422
38948
21850
23043
32579
14525
21931
13784
15630
20153
26788
21380
18554
16729
26231
12629
13886
31158
38031
19248
23138
39239
19435
20440
24211
20484
23720
22015
18434
23130
25898
21991
11042
17531
15545
29603
14464
16067
18029
23402
19558
19325
38716
25124
39421
26583
17488
39507
28290
23571
19339
14008
18865
14006
21915
39673
18765
53247
32363
26573
33700
65048
42851
38644
19150
17378
34569
21937
18174
10802
22910
20537
28929
20512
21639
39598
25727
27646
24644
23825
17111
25750
13772
15689
14032
12317
32247
25378
69667
53715
24006
20792
18218
28656
37934
23060
34096
29856
13255
23154
15172
24814
30886
16026
16916
26311
29635
21631
53891
28257
16852
27657
59633
31325
22161
26227
27485
23776
14669
17867
37110
19883
25799
13141
26693
38467
21817
12856
31760
38146
19746
18727
14958
23975
14197
29225
33429
17847
18342
20494
19706
24405
34555
25787
30340
14679
17935
12694
28263
27058
31656
12216
29154
18279
24332
14682
34670
23293
34762
23657
23213
20696
19598
14006
17935
23558
26047
17124
21367
25715
23965
28013
22065
19159
20639
39069
27380
18290
30044
39996
56964
22198
18907
23922
28715
22019
21906
32320
26670
18420
21150
23517
17630
29129
26089
26625
22304
19730
34895
50962
32589
6629
30926
33561
43272
35283
14236
41348
25251
22404
13054
26191
21633
20563
26788
22859
24554
15272
19006
22466
20750
22570
22301
17024
16608
14700
25952
32055
16547
29777
18264
22012
24496
23666
17646
17931
10283
18463
20661
17609
14264
23434
36039
24579
17527
21503
17485
29221
23675
25539
21910
12964
18588
23932
16477
20112
33552
18025
23822
30805
26920
23434
30710
13268
22740
22312
25094
18534
20239
25521
15545
23356
6395
20325
22145
29284
14933
12519
28895
21449
20908
18512
25319
22265
28501
39690
21057
21152
26240
21392
19178
22208
29388
23711
23697
20048
20978
18890
13232
21063
21413
29797
30841
14251
22857
19357
28737
24475
19592
12233
15623
30838
36509
25702
26087
16265
20460
22628
22145
23395
22623
15778
28700
23649
16561
23332
23755
27865
14470
13767
13802
15751
23416
22860
13944
17896
31405
23704
19232
22586
22479
21658
25677
16392
14607
31428
19145
32033
20361
30634
21675
27182
25676
14663
22265
21718
25709
41012
20416
30042
54272
32909
28421
23066
24383
15301
28327
25040
54331
22011
30643
26561
22094
34780
16928
22531
18957
23469
24856
18439
27912
14979
17449
17515
23294
19970
19359
27215
18838
18788
13229
16295
22969
29791
31636
40329
13024
23964
18012
19279
29793
26451
15395
27242
31164
23091
17769
20678
25762
17582
20342
27090
19243
25616
24978
17845
18311
23361
30039
22343
18936
20780
20679
39091
18391
22794
16887
23584
23500
20748
28201
23882
36698
41773
10546
20766
15941
11556
26402
25472
22556
18690
18346
23331
25310
24486
20910
24037
46022
29073
26578
20006
35964
41379
15355
17646
27095
18712
21337
25129
20003
15576
18654
29362
14559
27395
39115
26359
21605
16775
31545
27012
26700
14924
30454
32666
28294
18284
15238
21106
26759
29873
24670
20258
19367
18787
36888
31504
23993
17692
9850
15185
17894
29644
19629
23208
32924
20534
23316
22335
24678
23225
25680
27370
20147
21533
16751
23135
20597
32768
19008
25970
21788
20465
17976
15566
19809
21568
44307
69152
13726
19704
35200
16388
27036
22300
48748
10642
34464
40354
21748
16876
16190
31355
10943
19811
11033
18231
17624
27819
20449
38246
26250
16389
30899
39979
10193
15933
15723
25277
14044
25498
24795
44264
22254
23237
23009
23478
41899
24235
15694
17931
62924
25019
35090
24536
25566
22941
27156
15407
20082
30433
22086
34854
17145
38750
36295
30212
51378
65040
18736
22261
23526
24140
23790
18582
16666
20840
14660
20899
14354
21365
20536
28631
25915
19664
34032
35730
17620
16089
25763
7534
26848
38752
32634
30439
26285
17765
15145
21717
23926
24129
24662
24346
17692
23840
24365
14271
20002
19276
23325
19461
44164
22380
23384
21821
35282
12447
19204
15355
26916
14838
17408
17001
27034
12634
21437
23489
13036
18744
22610
20190
19333
23205
29058
26075
49109
37486
24336
29621
21504
30659
24244
18256
24809
13065
20853
33326
50496
20639
17617
31085
26828
30963
16343
37867
32348
12006
28650
32614
17788
22622
14441
19429
16453
15237
21946
27612
21310
23512
18423
20813
18591
18663
36160
35088
22137
12617
29623
23888
18702
17638
32312
18584
23821
28607
45061
26045
20436
15741
16897
20536
15550
30283
23454
17925
23011
16439
23328
21190
21974
35611
25370
20971
20603
30663
25268
14877
21922
23178
14832
15623
18026
20199
40515
26449
22399
26765
16888
17712
13922
12988
22745
31816
20611
18970
18592
18014
30463
28691
14473
33618
24739
23610
22458
18171
21685
23869
19249
19344
28283
18494
19286
16915
18348
25745
22653
19942
32202
20917
14652
22556
20952
19187
10941
16073
21516
20277
23891
24287
23269
19600
46408
33098
29660
43370
35959
20416
18681
16148
15852
35907
20481
11992
18881
19691
18293
26787
26425
22146
19296
19549
25500
34091
19452
22889
18187
21552
13754
28257
19642
44393
30657
20052
30440
34064
17931
33507
16013
26641
21834
54521
28258
37945
17854
22616
25814
29417
27002
26062
32035
26521
24348
28160
24954
36803
28755
22769
21590
19119
27824
20587
23057
15073
29247
15962
19886
25810
14970
13008
24223
23279
24337
17885
20968
16652
16801
15533
14178
23100
25676
34540
18520
26242
21873
20463
27635
22836
22470
38804
36017
40976
29689
37393
23233
23517
20618
20330
38252
13166
19194
24631
25477
24258
44941
14893
13920
31626
43492
13427
16041
31554
15142
24799
39547
18746
19998
21548
25961
17378
19368
10554
15669
16501
20152
13797
23171
14996
20338
23090
23749
12531
22424
19582
15195
21589
35059
22291
15159
24929
21463
16220
20446
35941
42452
30984
32237
23519
21284
20312
12269
21895
16579
47271
21341
15816
33511
18480
29043
16543
26110
20624
23479
15877
22721
17416
15814
20276
28137
15996
17778
26657
19777
16034
33043
35937
20280
19577
14789
11937
24666
45767
24580
14769
33446
24541
22290
17895
22379
22115
26753
17545
16322
28996
14832
11479
26257
13581
22165
22616
31356
25497
27564
16351
23049
12921
20046
55400
30491
28700
17172
18225
18314
26377
23524
14965
25849
13420
16265
20860
30728
29289
33574
18799
32741
14828
16782
14197
27986
28684
32070
17346
15558
20433
14883
18118
28986
44221
17809
16840
33783
14171
18274
28095
17119
16241
22244
20497
28184
30570
23535
24031
23083
29249
40746
17559
21125
13573
34899
14279
15680
20879
20290
18018
18570
22988
27533
31048
27929
31797
11167
14586
20209
8688
19872
19502
17167
27932
37172
17361
24311
15681
47519
29075
22686
21051
22412
20100
18020
19388
20215
18600
23602
16404
30905
18184
33447
28732
50742
38409
17888
26559
16287
32602
19284
23116
13925
20070
23605
18073
16417
45117
16696
31219
36675
60809
17232
21707
30288
26516
30703
16413
18851
20524
19708
18528
24452
18919
16136
21394
33625
13795
21254
34237
24701
23348
30406
17858
20771
32925
25784
11751
17530
21453
17823
20430
37851
20676
11587
14848
18700
23295
16722
17671
20061
17052
19596
17247
9859
24866
39008
16603
36651
37082
23151
25149
21547
19101
17103
27118
33677
30842
14200
28895
26044
23802
18832
34693
45054
62105
15322
24169
26872
19864
20285
15515
27784
11676
26289
22092
20597
28241
21335
22431
22450
13864
16685
36211
38986
15763
21467
18934
30384
37844
24391
30744
17276
22149
25626
21874
24003
27323
20629
21671
22847
33107
14055
17214
52053
22023
19999
23280
27545
29204
33326
14626
18486
16876
11599
14071
17910
24733
19004
27047
23587
14200
18855
26413
20934
22196
27706
42303
27295
23458
37695
26416
20894
37712
21120
39084
29111
49572
22163
10047
14297
38160
21304
26248
36790
14409
27625
15573
18594
25038
59332
15463
33513
21126
15496
14226
19457
31820
30617
22949
12724
20732
27497
33410
19861
16674
14102
19067
24171
11026
17275
19092
22476
21003
12439
19886
24381
34381
46084
43331
29708
23081
21938
16034
18909
15203
21914
27502
11062
18141
21927
33886
39775
35912
19712
23419
41495
9832
23637
31569
13746
48589
18180
19080
11941
19165
28762
16991
15654
20846
20976
27060
24070
22543
19429
20347
13672
20909
19767
22604
13286
34826
19414
25026
20700
9031
23537
33719
26285
14561
20048
23641
35165
34627
31998
22289
21573
20495
34332
20967
12712
20450
26356
24412
23836
27726
34133
21467
30385
24835
18826
19421
18380
24289
32386
15521
15417
18626
21706
21491
29728
23918
19982
18112
18694
16696
24376
21096
23466
21482
35133
17394
40169
18737
11845
17081
18790
34292
45891
21727
24109
26191
22833
27268
15614
26112
32535
16905
41077
23761
26619
36617
21865
14773
13201
22098
23792
20732
16891
30057
43061
17975
32944
31196
15232
34776
24197
16537
26955
29112
21733
21309
19689
26444
22214
18092
16422
30625
33827
23580
30968
17586
31539
25006
28139
22514
21677
25193
32158
27953
28723
29227
12957
11401
17140
15641
20898
29181
45239
33611
22710
20161
14302
31439
32104
24040
18670
21675
16919
19692
27359
25493
26880
15530
31841
34743
67740
25592
24320
38603
18043
35678
15202
42708
62578
49291
13666
21093
30437
19785
28178
28359
31624
36157
17914
19305
29935
20994
48606
22330
22131
33951
11702
20669
29306
21491
15982
26613
21608
19256
22591
32308
41005
23742
31500
36731
19941
24669
26538
19314
17686
16055
18021
26991
30376
18803
19296
36628
25689
24539
19378
21656
20088
15264
18691
20166
28254
23712
15810
21376
25679
23349
22538
17274
11892
10549
15961
14433
11706
24863
25088
23024
35042
21212
23079
19668
26514
24638
15390
22223
19590
24229
20830
19881
18400
32704
18499
22288
18510
20868
12909
12094
21764
20178
18633
17899
24752
18684
20636
31686
15974
21960
17492
16591
17646
15242
22054
34132
19107
32015
22912
9396
25761
21102
19472
13394
42972
16046
33154
24737
27995
20857
12132
15035
14771
13397
14978
27921
40133
17622
17256
38324
13463
21245
29261
21934
34828
27214
19972
25574
24798
22916
44464
21328
30769
26034
17521
28502
16775
14573
43177
36485
16355
31133
42938
30850
23648
11234
14611
25974
36441
14657
22447
27175
43254
28226
23625
25372
20514
18690
20946
9905
20816
18617
32259
27960
27496
15438
28731
17833
14774
24981
23948
19795
21528
26814
26271
26174
26103
19656
39949
14831
15271
35193
25930
21767
17221
16891
20465
25255
53884
20032
19112
18130
26421
24536
22123
16899
17361
24627
20312
22007
21047
28369
25987
28174
14175
13555
44279
16671
54375
26357
14416
24152
15495
37407
31911
17742
23210
26758
25748
27975
18596
19161
19762
29711
23926
25838
9723
17626
19788
25712
23223
36851
16603
30432
26922
16546
22272
37976
22910
13047
22999
21849
23921
14650
19790
16024
18527
31489
23800
18957
23414
33294
52416
17074
9915
26251
35902
16964
29285
15522
38068
18031
25977
32930
26504
17926
27875
33705
21686
35611
33646
25275
31231
19285
19830
22663
18773
20085
42781
20765
30636
48005
31466
23776
20480
26022
25136
14907
14743
27721
16282
22989
28056
13201
22014
26345
33841
32701
19007
24758
24537
11846
25482
21017
48859
34148
24455
34896
25675
25033
20063
27401
17440
19071
16375
22974
22032
14292
18413
23197
19018
17252
28515
14660
17490
25410
31882
34096
23972
53997
11383
45901
32109
23458
13976
21710
22871
26651
32590
13325
28354
25254
33830
15180
23453
31269
21163
39063
33306
25517
28512
24781
24502
17769
21432
30836
17839
17681
28204
16799
20035
15906
14047
21228
22021
15802
18903
21439
18133
26892
33823
20317
16692
24806
35845
16947
28506
17319
19719
16546
24513
28972
17095
19738
24161
20508
36311
25023
21785
16880
21716
22433
21651
19644
28891
17156
22416
18084
22696
22587
18058
50463
48072
24737
30907
18643
19196
15381
16924
34261
23944
30320
17295
24192
30381
28342
19342
33817
21711
20296
31689
41520
18750
34399
33142
34710
17213
17169
35098
17591
23737
19366
21254
28369
27051
54515
42960
24703
19950
33485
29434
21178
27366
24476
20136
23848
21043
20759
11906
22121
14768
37030
14487
17280
39323
48788
26478
21142
30955
24957
31265
23980
38281
29773
46009
20986
16370
40986
20788
22149
20732
15763
27658
20672
23952
21912
23241
39545
17557
25530
15705
15223
20654
28268
24449
37991
25372
21551
19017
28397
20007
18190
26397
15686
27129
27627
22772
18652
16436
22760
19819
32369
23241
26497
29458
22923
15026
21889
18654
26482
21062
23335
12056
17985
14802
20247
22100
19612
31843
24527
13062
19850
33854
27807
14928
22002
25484
33594
47002
33826
28472
21638
22869
16408
11435
26295
14787
19071
17057
31276
25258
35512
26944
32248
10871
19956
23802
23133
17865
20361
27892
37118
55915
32555
13830
23239
39036
29312
38341
26471
12842
24369
24998
21333
21681
19181
18609
17420
16316
28648
33983
27706
15905
22092
27737
17708
16710
29553
18108
19041
25810
17852
18479
21577
16696
39976
23384
21283
25408
22700
18976
19435
20134
18134
13618
29233
21230
19818
25401
20833
44087
22461
20724
14734
32337
51121
38658
21034
22713
21997
31375
19018
11055
12465
17511
21827
17979
19816
22690
26857
22840
21272
43078
39791
21828
18312
16627
15301
24935
32624
11049
23431
16407
18059
21782
22877
35478
28799
23944
28514
30586
26213
20913
29636
14218
34911
38950
9719
14487
13871
36451
30063
21185
16520
13344
36481
24729
42673
21101
17207
18543
20224
16353
29413
42399
13791
61039
79882
40513
16065
19885
21949
29728
23302
16942
26175
17471
21018
9591
19906
25900
20383
25279
15647
24256
23272
19406
28040
19982
16163
27664
14883
27988
24407
23312
26339
17017
42000
28158
15733
22178
27937
26118
17254
30824
31098
23919
18030
49518
15232
26797
12427
24778
22375
33326
10252
21731
20764
19705
21916
26261
21643
11149
19932
23122
29156
18840
24833
9800
33357
26501
21607
28816
20923
24351
15780
21309
20012
23458
25443
29454
9816
21930
20304
23398
33962
21207
24167
31225
25450
16290
16616
10764
15771
54356
22682
18585
26250
23101
27913
22039
24837
23291
19354
23439
25382
26348
17690
16526
21783
15774
12785
24494
34394
51754
65729
18863
16729
25347
12897
23826
27636
25448
11135
35352
17293
24178
39601
40438
14898
19742
26001
15745
13754
22943
21811
26990
10547
21856
20537
12514
25741
21179
22474
22877
21482
18688
39227
42549
20197
31874
12963
22812
22313
27917
23015
21268
27424
63844
18015
23509
24859
32424
54899
19000
25517
17039
21310
12583
22653
13291
20654
28614
33106
15007
14370
18187
18756
18486
16140
17335
15390
19990
19283
15474
20991
21568
14118
22870
29253
26980
27420
22598
17558
26565
21222
31323
18240
46836
27244
20271
21126
23926
23861
23546
25163
23811
20733
23177
41877
31619
49894
40986
14676
12248
24007
22695
16132
25531
25894
16005
38440
27195
20275
13367
16224
13871
33340
32288
20362
15798
32683
35635
23646
10475
21120
20235
12766
21161
24089
45557
76989
18032
21401
32125
30854
23482
25390
24407
15330
18362
22771
20429
33207
46253
20238
21385
25128
39558
49035
31285
17734
22781
28980
27216
22216
26164
15858
16133
23871
19120
30305
22471
18951
23732
19954
15363
14799
24133
17487
22182
21550
20624
30835
15598
23413
15576
19618
27810
25624
23950
15603
14816
16634
18361
16184
31012
16230
26524
18005
21482
16340
26840
11689
12378
27065
19336
20511
19165
21074
33091
12394
24662
37115
11433
32861
17241
17432
20643
24156
29875
21253
21875
26771
20630
22407
18344
18837
18922
41719
28594
21187
22693
15788
23175
24102
22546
30951
18741
21233
24647
15194
20251
12581
13079
23090
19355
12544
18398
16671
24891
19413
17469
23528
44788
22989
13266
15887
18112
20279
18885
26127
13837
16590
17202
22632
23971
19649
13522
49306
57098
68757
56365
66594
26144
21433
12046
15702
17542
26895
20079
11512
40644
25149
49940
36538
46047
20720
25688
25992
20436
19880
12207
19943
17985
18184
16162
39537
22345
32499
20127
54449
24143
15185
27187
23046
39351
35320
15898
23657
43391
37523
24257
28284
15454
24593
26916
23793
14997
12874
31147
20266
18255
12479
18456
13697
17052
15319
25524
15217
29347
21446
20864
16603
10474
22949
21498
25748
27410
13279
18626
20257
14802
28667
35696
37523
21341
33757
50954
23391
17319
15174
16038
17699
20468
28254
13844
30118
41632
17239
17299
16466
21252
19809
26658
28473
40768
21391
16899
35214
29805
10459
13510
33672
27196
24062
24794
18944
35806
23937
27963
24925
23282
26052
19378
24517
17494
54806
25736
17976
13148
29143
18119
29543
20784
21200
28836
35236
39061
16946
22466
20602
20919
21760
20875
27116
25071
13223
20023
20306
18388
35071
17015
37846
21868
32744
24522
33568
19682
35666
33332
28684
27890
43155
30662
27137
31331
18802
16166
17131
36309
15199
20981
25297
22648
29778
17018
24871
23754
43707
26234
21752
18222
20762
50827
29155
34824
18858
23241
16006
23258
38714
22887
22730
17245
22865
30984
30661
48446
23676
31660
18750
17736
37151
28701
25154
29433
27049
11762
20268
22716
18605
29011
34531
37963
49397
52549
15270
24218
16593
27020
19740
28921
19564
23359
22952
26427
39568
24757
13908
22035
22751
17013
25010
28963
22684
18655
24242
26953
18678
27170
13024
20333
48287
19319
9598
17894
24312
21919
18463
23320
13626
24887
21134
17998
22408
16583
21318
43363
23316
22494
33253
31662
22588
12719
21330
21875
28093
25730
22989
21274
29858
36188
15004
30322
18996
18302
30895
15966
20920
19629
24991
39465
19236
17102
23754
26316
32578
21355
37778
25947
15322
15246
26583
20903
24488
17837
18137
26298
26947
21957
30081
18448
31828
29699
19107
30181
25681
32793
17307
20011
25419
31900
21166
30181
19994
32814
35517
14299
25811
26624
17008
38056
35568
18502
21339
16643
29599
23283
17269
24152
20816
15491
18046
18773
26698
15491
21525
19930
20637
19369
34688
17546
23736
17986
21943
23165
26205
18990
27572
18027
23178
12515
19195
19807
40391
34682
27204
14199
20824
20660
20156
23174
14884
24154
18647
20081
26545
48335
14873
17556
18567
12965
21796
25776
25111
19685
21005
14652
29456
22186
54532
44951
21639
15177
20012
33064
50769
27056
48036
17781
17512
22857
19191
21869
22439
26545
17990
18467
17889
23544
38275
34683
19799
26727
15019
24218
15616
17831
14483
25703
13886
24070
16023
21718
22141
18681
18696
14842
20640
28825
20509
10366
25868
28011
39949
31381
25930
21847
31022
22494
15639
18190
21317
33432
43463
31549
21675
23606
20605
29055
38412
16471
25252
20605
17711
13679
20644
28004
22629
24341
28298
17396
23306
25560
22852
18598
25415
25369
15617
18185
21118
36378
18724
17099
15703
25958
21476
17579
23622
22325
20122
21162
27037
21187
16385
16248
27384
45888
25509
23717
15760
17045
28560
19040
19153
20645
18370
29283
20136
27538
9734
23967
21158
17103
27517
27954
21969
38204
16867
22295
38664
16003
22162
47853
26706
19687
18653
15267
25114
18440
21126
19706
24678
17804
16129
18874
26512
47084
22061
22442
18034
18582
30912
33812
10372
18588
25870
20311
23355
15613
12303
29706
43280
12330
9743
16900
20346
39632
28016
27934
19156
20571
23322
12165
23789
24877
15369
23485
33055
22208
19809
20419
19493
23560
19840
23258
31476
15336
15147
22549
17681
35791
22864
12571
20937
40666
26076
17692
21024
18821
41679
26727
19857
23858
25934
17018
18363
31932
25518
17470
22970
29339
19719
25540
35233
20932
32073
17538
22757
10312
19815
13230
20973
23821
15352
24484
16524
17002
30931
59945
22695
18748
21324
17723
19598
12109
21076
17094
25626
23861
14558
14394
15529
25310
26168
20479
16508
16859
19003
26716
24317
19800
15745
18178
19865
14909
22355
16288
26483
26822
34027
20189
14570
29186
19074
25890
20729
26108
21309
12292
23845
19388
19828
19953
22051
15854
22408
27877
39330
24949
30673
25009
18121
23012
17620
16443
23789
16412
17406
22843
21127
21272
31087
29987
24566
20574
19814
15353
10824
21956
32897
23995
20294
19959
27883
14844
9545
14746
19525
19036
13557
16683
18915
17537
22815
32613
22164
14912
18530
19495
19911
23016
18556
22772
9870
15114
36449
34533
17138
19639
18856
20055
17141
22093
14018
24420
30176
34969
21890
36665
19009
22553
24919
26746
37281
17335
25050
17835
11092
15750
44001
24223
19599
24749
29619
20998
22515
14001
24806
19508
27783
16062
19766
22723
39625
24801
12617
18145
24675
29106
43758
56298
18446
14802
18961
26680
29264
22016
24060
19432
20539
17242
19042
23803
26661
22962
27200
17290
18028
24634
21708
19172
14611
30653
27097
14423
32501
26525
21768
21020
42106
27384
23234
21180
20728
19131
16085
24608
20576
24614
15962
18926
22498
23826
25473
25283
19177
14766
19605
22385
24408
16681
21541
22601
19464
22455
20187
14548
20890
18449
17250
21049
18373
23701
12489
18898
21447
21477
20147
16943
25602
38375
32529
25009
16671
25006
18752
22261
14896
21264
28672
15714
16117
20604
45612
19818
21322
23653
22881
24302
14052
28796
15459
27304
28218
17962
14286
29838
26386
19494
18013
16940
20095
14189
17569
23266
18890
16654
26614
17717
20066
19768
20279
15359
19665
30350
23927
20583
12226
28304
18008
14281
25045
18553
29783
14164
19968
20356
15947
22232
22804
22564
24780
21593
16156
36697
29993
35837
30677
18057
32393
19049
20479
20331
22479
25156
14688
17677
21351
20364
11710
22475
20868
18842
17923
27548
21029
14076
30095
30783
15259
23273
21148
22854
18474
38958
21339
12988
30928
26769
29452
27726
31222
18366
37580
29229
19949
16820
13623
23475
26536
23579
11425
17435
27351
17570
21707
21331
22124
23894
21083
18731
37282
25651
42361
30922
71707
42937
41101
20623
14530
18056
14688
18037
19108
29347
22910
33360
15599
18176
31711
23918
20420
25092
24224
38869
19358
30201
13803
25244
32602
42083
20073
16439
30529
20056
16101
14088
19754
18378
26092
15603
17673
24320
19072
33015
22246
26244
16248
18129
23853
25264
16564
28499
40326
20697
23958
21134
16400
25143
23789
19478
20741
21168
20188
25598
18923
21473
17481
25574
14869
28280
20650
19009
41896
41552
33267
21920
26171
17143
20969
18528
26271
25689
16725
15131
21212
16567
31692
17500
30185
25392
16639
19209
22118
34984
48984
66645
55434
33658
19327
20028
17418
22191
26876
17762
19842
17175
27304
21544
26574
17475
19792
25129
20358
26185
22721
21167
23192
30162
25603
25083
29754
26730
25026
24951
19956
20729
23610
24008
17574
20125
24899
17997
17414
23244
23216
23993
19155
19455
22457
21197
20520
14587
20711
22973
21015
12636
13407
24569
23673
18166
27439
19568
19768
27620
37721
25582
16057
20737
15144
13313
27738
24190
30593
28035
39252
23216
21344
22526
15272
27513
41543
24597
19628
19998
13016
24426
15462
26338
27500
37471
16923
20310
39250
11710
23025
23235
49164
28878
26096
15392
19834
31562
27479
18343
16700
21477
12852
21814
20265
21045
13511
35988
22390
20907
17048
14592
18466
21576
16074
19893
17544
17616
20246
31189
21987
30559
36922
30101
18265
17057
32452
27278
13057
19542
33426
22275
36117
25553
20739
20011
20737
19443
21996
23679
19104
16227
25524
16232
24337
15828
37095
17022
17809
24472
22824
18151
26700
33599
22240
13923
17592
26315
16366
20960
18372
38028
13677
22382
20543
10440
19432
22426
24684
18165
14261
36545
20312
26638
18707
21590
28648
27479
21802
19021
41768
57896
34013
27715
20672
19233
28806
28856
21714
20293
22751
22861
13045
24162
23157
14698
33433
26748
16678
21579
15823
23589
20192
23000
25169
21096
26973
28748
37992
18753
16128
26813
20082
21290
19187
15777
13001
16536
10275
22029
19386
29666
23750
40599
34246
27328
24884
13390
22596
21148
16803
19412
34929
16927
18498
22854
18039
21512
21645
23125
25886
14331
32866
15341
20353
23134
21328
23415
24165
15187
17792
26026
17768
30328
25711
23015
17540
21694
31336
37603
26315
16250
22433
27693
22454
14498
24498
27365
26162
32795
19895
34826
54449
15415
19198
15008
20966
26561
35731
33274
25000
23620
22153
18330
17928
28378
21420
20663
24544
25217
17485
18691
19468
21532
14068
29186
18408
19432
12031
17782
21821
20762
23963
21819
20577
15364
27991
20117
21053
21449
27894
37498
20806
18315
15720
68459
24439
18217
33147
24557
33120
30772
44940
21241
10526
21711
19832
25941
44762
58772
65224
20264
26529
12516
38265
18654
20155
15805
21527
19376
24889
31179
24284
24219
20994
18322
17452
15631
19658
28554
18698
24348
17732
19185
19591
14924
19109
52153
49624
48785
21110
17637
17444
16416
17632
19039
13131
17424
18608
11339
17448
24719
33122
38291
35990
30237
25079
12988
25016
11188
21527
23525
15473
14695
22374
21646
15804
27090
24054
25912
35338
29590
27620
40770
55823
15356
24335
24018
25725
