25496
16726
16551
12845
53354
22604
15601
12972
23192
20948
16967
20244
14552
19604
34562
16762
13153
20383
16890
18480
14197
19987
14840
20002
14833
18199
27723
17018
21447
19106
18604
14749
20686
19538
20670
20343
18759
16307
30903
19503
14141
21978
16451
14685
17139
22181
18036
18939
31058
15721
14750
23123
21450
18860
13801
20295
16574
16026
15787
15348
21533
15779
17761
15957
17104
18834
18526
15580
14100
18164
25006
14314
14362
13666
17435
48011
23727
13963
20615
14302
17311
15286
34668
64798
13042
14305
17821
15140
17355
16110
15218
14391
17974
19108
19710
22665
18048
25541
19697
23989
24805
14869
20928
29516
22174
20120
15866
17365
12840
21705
15164
20857
15400
14563
17603
17382
15080
15446
16299
15035
15270
14420
22171
15652
21146
18802
41668
15609
17252
16409
15097
16593
18260
14244
26224
16542
17570
13665
13213
13690
15267
15475
22799
13718
16561
29590
14131
17483
15669
18157
18165
20556
19608
13995
18184
19122
18605
15077
18804
18004
14659
16019
16898
17543
13608
14433
15274
13966
15036
18116
17467
14928
17792
15388
16664
14644
22329
19908
32830
13627
14902
16465
15725
15337
13187
17717
27988
14454
14861
20160
32337
22346
20611
15607
18256
23799
22815
14676
18921
18081
18015
14299
18008
16557
23693
25158
14952
15269
23831
15859
28493
13950
13888
17565
15888
14567
14750
17832
24482
21585
18261
14488
16454
18001
21565
34360
21201
19446
15197
21404
14430
15977
14981
28465
16503
16193
19154
17103
19331
16063
25253
16187
15569
13837
21444
28044
27333
38035
17425
22234
15274
17437
19301
17084
28020
28591
21965
15794
15333
21216
13660
19860
17874
15315
16353
27199
26138
17654
14816
24913
16525
15189
16411
14607
20356
14538
18665
28884
22722
21198
15155
14262
13109
18534
17856
13468
26897
36922
46779
16097
12593
14995
16384
18417
19999
15421
14356
16537
21677
12515
17785
17270
27661
14425
13114
15621
16404
35159
14126
17452
25809
15223
20003
16757
23434
14664
19270
22412
14442
17960
20666
15872
13681
15692
24902
16435
14995
15209
15528
20310
16693
19074
16074
14511
23172
49830
14668
15407
26653
14139
28375
15600
22949
19106
15244
16407
14491
17079
16689
16018
19799
16368
14556
22320
15483
17182
20844
18362
14619
15471
14140
15964
15464
13847
13813
14560
14888
20719
12734
24150
16191
18165
16511
15024
19321
13893
17428
16290
24627
26308
17148
15826
13376
23130
34498
15092
29816
20359
15462
15269
23013
25822
15047
34807
27661
16068
18096
16048
16262
14360
20965
15091
18885
15622
20679
21258
46602
14447
23558
15766
19212
39692
19407
17106
16914
22838
15718
19653
19671
16121
29611
17146
15592
21219
19432
15865
17047
22202
18442
19069
24310
14663
30824
15405
17293
17549
15049
14842
14821
16677
15683
16609
14893
20274
15476
14633
16402
14626
16926
16462
16320
18039
13608
17231
20958
17169
32044
18005
18282
21924
15213
15185
21456
15159
14758
14509
22590
17465
17054
16257
29721
15501
19668
36596
16157
20744
14674
15882
15145
21296
15199
20652
16621
14177
22349
14733
13912
17067
18688
16108
22713
12998
15342
21798
25387
14875
15187
23865
15568
22426
24223
29687
22604
13828
15065
14205
14362
25564
20538
19146
15547
16530
19017
15878
16687
16687
23412
20197
17490
29755
42544
18249
18196
16318
16713
27907
21045
17153
29709
17569
13865
19797
48029
16230
15777
15295
25468
17897
19392
16001
18242
30600
13646
17989
23677
25787
15723
14591
14353
22853
19283
17214
15357
22536
31832
19148
20252
20106
15432
18450
22840
15068
13846
15630
24592
15997
20521
14817
17864
24010
20570
20349
15637
21245
42134
19973
14993
19419
24512
24210
14696
21189
14396
17351
24619
18539
18181
15666
19036
15634
20371
22084
17062
17141
23107
29641
16428
21319
17365
24432
22774
15706
18446
21628
21702
20341
14102
14338
14161
21145
14698
16885
15714
17749
16758
16218
18363
16044
19402
15449
16177
15922
15364
21906
30074
42096
16434
17792
31574
15158
16730
16579
14790
14779
15124
20315
18704
19990
15151
17819
17286
21932
14263
18339
16507
15797
14667
23212
17243
15990
15679
18256
16659
16549
18286
21667
16904
15233
25664
16004
16554
15977
23239
15186
14899
15948
19692
17655
24292
14700
15017
14752
14844
17930
19818
14285
17877
14343
18463
17181
15572
14335
19011
34818
14812
15496
17464
17839
20895
15914
15420
14640
21807
16261
15010
16629
19919
23979
25760
20436
14911
14853
15980
17659
15094
17078
15763
19273
15678
16379
17720
17731
15542
22273
22998
26212
16262
15841
15732
14263
28276
30518
16454
27485
14708
17711
16815
13067
21217
18555
36517
26436
15967
22915
15107
14708
12923
22776
18885
12405
16527
14268
16083
21333
19548
14387
17119
17245
16939
17080
17024
15104
15338
14873
14274
21693
29328
15572
16331
13705
16558
14949
15679
18687
28610
17433
18670
16402
15749
15969
16270
20023
26471
13989
20585
15340
14256
16131
20120
15097
24251
15734
19968
20030
15299
15757
26579
23100
27438
14260
30174
15182
22673
16288
32112
21564
24254
19235
27619
15612
16450
22020
22977
27093
17093
16871
30495
13848
16362
19384
32193
20559
30228
17462
14982
22397
14623
16997
19516
18191
20070
26562
14986
26113
17603
17526
27003
25323
25156
13597
19364
14815
19987
14478
18342
14634
14686
15590
28092
25956
25048
18524
17240
18568
23844
39029
16537
23741
17521
14908
14281
17300
25849
20562
14653
17992
22646
14774
24423
16416
36237
14887
16779
14339
22943
16397
13988
19851
16948
20968
14569
22606
17393
13732
14751
15952
15481
21864
14544
15424
14735
15738
17107
15973
28024
14493
20875
17444
14772
16357
19080
14857
25962
17976
14918
16697
16406
22573
15021
17443
19234
14444
21167
16858
25164
14998
15161
20297
15469
19955
16649
20188
20923
15260
21332
32805
31542
15356
16179
15001
18567
17943
15411
17513
35902
15506
20678
15977
17825
14665
35902
26033
14439
24133
16949
19310
17320
23460
16824
18888
16321
16610
15467
13953
14306
27998
15070
14206
20046
18214
15670
15644
18606
15619
16063
28459
15599
26780
14816
24758
45827
27245
15871
22785
17683
19081
19081
14240
19893
17381
23435
29122
16670
15028
14975
22438
19614
15846
17243
15600
21414
15106
16716
19011
16033
17670
16140
20894
15057
14730
13514
15858
15944
18642
15903
17559
13544
15249
16177
23552
15271
15505
16000
14656
21889
15543
19195
19728
18017
19805
19910
18456
19151
16110
18744
16361
14947
16911
17913
12746
16369
16286
19744
13643
13584
21457
14967
28385
16368
14176
16817
14459
15395
19911
15341
14858
18106
17196
14040
15921
18863
30995
17162
22484
18207
17580
13637
19009
15341
22501
18609
23910
14551
16497
15745
18689
15823
15952
34539
14445
23204
16980
23337
18903
14413
17368
15732
30778
16035
14539
15319
12556
14719
19508
19652
31738
30387
14685
15916
16829
15933
14589
22871
15470
17378
14824
16090
15885
29484
17790
14594
19252
17687
17317
15089
16566
17680
21748
18923
20203
15672
14241
15937
31303
17078
15430
14269
15565
15968
16500
13676
23775
13424
19580
15277
20190
24557
15243
14764
15026
13864
22118
16080
18627
15177
19321
18066
26847
16137
15437
15105
29494
36156
16789
23815
24882
19824
15659
14136
15052
23801
18298
16107
22035
18438
18497
16125
21417
22239
19328
14277
18817
18520
22855
22982
34209
23762
19179
19987
15417
17369
14743
30617
16945
14488
20631
14546
21386
18414
16296
18258
16070
25949
14095
16946
18524
18431
16696
16239
24796
18715
15928
14460
25719
15634
15707
18435
19273
15958
27983
14507
16411
15213
34851
17532
17303
16863
15210
15840
19624
16513
14536
14158
13958
15321
16477
17591
16419
14609
23435
14236
13017
14378
19826
14642
15019
16266
14580
21973
20987
32425
17466
20628
16846
28242
16293
22181
15016
17661
17718
17479
20946
14548
16108
16119
14076
15086
19675
33119
19697
14569
27923
24837
16576
14998
15044
19844
16492
18799
16465
15951
15854
25192
15303
14093
14711
17599
14340
23247
15261
19161
13225
26027
19700
17512
19409
20841
16103
14520
17903
18231
14882
22548
29678
14696
14912
19906
14102
17010
13630
15156
14694
16112
17793
39383
15843
13391
13523
14825
13992
32731
14178
25907
15224
24983
19783
17027
24157
16023
17364
15300
14081
16896
20634
23091
24811
15523
15302
14113
13241
18242
19946
18091
25478
14403
14827
15791
17725
13362
13862
28995
15741
14727
16912
36647
14397
13903
14312
16011
35397
14723
14974
24272
21824
14799
14775
26148
35662
15923
23106
15876
13879
14640
22602
15090
17383
13194
23621
15209
21798
14331
18220
18530
24506
19435
31417
18435
24005
16632
19405
18176
14367
14069
13845
15862
14480
40287
17863
18449
19355
15028
18665
26904
18890
14492
25336
14484
16145
16034
16267
22268
15219
22382
14528
15650
15959
21800
12967
14346
22045
22213
19444
13454
17766
16876
14641
15776
20098
15935
16201
24428
18681
15856
14758
16402
14328
23811
18366
23801
15714
17153
16406
19078
13788
17900
19236
15544
16453
22655
15383
20397
17692
18726
14625
20903
15435
14836
16573
15275
17476
14040
13832
23463
12951
20511
15507
25709
30124
13754
18627
18524
14995
23181
12931
17194
15547
14776
16144
14527
24156
13376
25835
31305
20980
17027
17074
15558
14459
22035
27084
15706
18372
28298
17547
15786
28899
44223
15002
22383
17457
18919
20192
16406
19364
17156
15572
19322
18462
14095
19429
14938
21764
20236
23589
15582
17335
15127
14657
17261
15449
15475
16128
22605
13466
18654
20455
16427
17460
13724
18280
31670
16948
18293
35747
19658
26750
15054
16250
15069
15143
15403
14844
15645
23611
26953
15638
17399
16161
22577
17870
14977
16278
14117
16283
30353
15072
20761
14444
23086
17993
15291
14296
14947
15671
15705
15573
26785
14911
15627
14811
13981
14502
16088
18281
19186
19306
15442
15616
22028
20155
16965
16466
16058
15932
17133
13779
23055
17337
16003
23826
34587
14904
14422
18493
17536
17363
16846
19844
18947
18248
17516
16758
24413
15515
16949
23090
18974
20909
41146
21508
18078
16590
20577
20687
16779
17716
17004
21634
15057
14974
16573
15444
18131
18329
14770
21345
15143
14106
15421
15213
25308
20165
15231
21355
16492
17239
23026
14818
16520
14829
36534
16404
17237
14713
16725
20187
26432
30836
15320
15029
21745
17022
19079
22319
20332
15246
16942
21032
15597
24677
29694
15668
18873
16969
18320
18223
22784
28981
19702
33566
22960
16947
17510
18419
44418
17455
14632
15029
14421
15056
13262
24245
19724
15567
17687
19080
23776
14559
14208
15488
16034
22315
14785
23129
16203
21237
15863
14357
21912
23397
17676
16797
15012
24992
15647
15639
14194
14553
13885
15535
15003
30564
15795
21522
16197
15713
23072
15060
15213
19380
13906
16054
20401
16630
18808
14095
16629
14677
20383
17230
15026
19213
17209
16294
21442
19319
15944
17817
18433
21908
19134
14246
22242
15215
25667
15282
15394
15756
21671
20339
15708
18606
16030
14074
14880
27472
18722
19674
25434
16686
17793
16920
15906
15547
27912
21907
13841
15712
18206
24993
15558
24025
16592
20962
21957
20884
15442
14745
14254
15886
14148
18193
22316
34170
22393
20937
22220
15447
17192
18527
25546
16509
17402
14498
23918
18388
18558
17661
22187
19587
15468
15023
17058
15308
20631
17402
14693
16796
19560
16247
15700
13514
15227
17452
44556
15166
14208
14838
16120
16191
18626
13994
17886
32748
16754
14685
16927
15855
15075
17052
14255
23523
14482
22266
13297
18294
15318
16205
27362
17189
16228
14350
14629
16354
15879
15613
18654
14924
15164
13864
20628
19147
15195
14198
16420
24361
13895
16020
36488
13379
37900
13627
32132
16486
22248
18056
16312
23420
20461
14758
14614
19066
20685
16449
35141
14172
17454
31743
14142
19756
14970
20188
15444
32349
16895
16476
17479
14017
16565
23257
22786
16210
16031
17580
15589
20326
21985
14465
24300
16446
15501
14413
28930
16930
19967
13638
18040
17004
13313
15158
21477
19150
25475
15432
20331
18460
14015
32893
25206
22768
15658
18544
15572
24912
20355
16235
13451
26577
15624
16992
14391
21519
22000
15025
19539
21636
13491
19629
13925
18668
18211
20292
13929
21401
15330
20382
15490
16979
16212
22773
17701
19935
15345
14620
26140
20386
19116
36245
15242
21153
16674
15762
21040
19409
19219
16611
17825
16401
16168
15610
17012
19053
27896
16005
19030
18973
20277
15844
15059
15321
19590
18025
23960
17552
14020
15444
15295
24179
18715
41548
19901
25854
17323
15996
18014
14958
20123
15609
18481
16117
14105
22499
20764
19745
15205
13590
16344
19448
13579
21649
19590
19756
20872
19539
13985
16975
23324
14528
16077
20749
16399
23779
15221
17584
31108
19655
13552
14692
13956
18681
14197
14874
14512
26743
17931
28598
16223
15018
16810
19953
19463
19486
14687
16635
14160
14788
14513
19322
14654
25440
16558
15471
15871
25190
29732
19959
15402
16266
15330
15727
13399
16074
36179
18150
13413
29219
15317
20161
19517
44890
15030
21388
14786
32577
15091
16798
16531
16105
14053
15341
12902
15400
38519
13309
14953
15004
15974
18581
20513
15230
20666
15023
13812
16426
15585
15948
15222
29138
15238
20424
16548
13567
21904
18443
22497
13843
12974
14462
14687
16063
17126
17832
13160
16290
14333
20896
17344
26840
18073
19193
14203
18218
34722
36184
15564
16216
15483
25674
17131
16610
16048
18757
16151
35583
19123
16852
14472
17995
23966
14083
20194
15563
17831
16284
20080
15593
29196
23627
18007
17032
18368
16601
17878
15078
20415
19756
28811
15629
17241
17211
23166
36012
24131
17112
16302
17228
17916
18507
24134
16950
15220
25809
14496
28059
20375
14919
21386
14413
18002
24282
15233
16202
21704
15978
21236
23760
15363
15419
15217
18147
17199
13858
21232
17232
14001
18232
21481
14519
19077
28017
15064
15109
20223
22021
27104
35045
14715
13894
18463
17483
20975
26606
17679
15318
19601
15482
15059
20064
19480
14995
17714
15255
13825
16080
18448
17461
15359
23614
15347
16921
27426
14745
18425
19576
22809
16182
17642
23021
29667
18462
14973
17331
16722
14749
22022
28603
16132
13646
18854
14063
15467
29711
15376
18769
16516
19988
16334
18810
19164
18130
14241
23277
17790
16794
19505
15178
29788
19267
19681
14605
28517
22728
16540
25050
17324
20400
17922
15957
13382
26496
25107
20270
24932
13998
16980
14795
17152
18535
23050
18214
13371
16610
23137
15004
16068
15850
18447
19044
19987
17993
20622
18056
15287
22365
16146
16646
15318
14786
16936
21995
15967
14557
24107
24061
19515
14598
16135
13508
18225
15249
25775
15014
21944
17996
15972
16013
19276
23687
13659
17734
19019
17081
16231
15701
19441
29275
26613
13939
16159
18530
20623
19500
59916
24918
21886
20286
16173
15487
16112
25447
19875
20153
16525
28007
15637
15391
21978
14469
25110
15213
14439
20463
21896
15147
18171
15696
17725
16257
22215
19957
17997
14415
19714
17783
16351
17899
21136
14593
14424
14707
29560
22218
27316
16408
17627
16219
21668
18953
22113
16619
26061
19546
19989
15406
21792
18009
15073
22851
15047
21674
16172
22939
16955
14751
23222
16314
12878
22265
15864
17066
22391
15582
16219
13453
17722
20075
16855
14085
28890
16697
15301
21014
16093
23986
19703
13975
14646
13393
17277
15669
15840
14969
15619
15618
17012
17164
19080
14897
26533
17565
12960
21114
26832
18406
15624
15028
15537
14962
23898
14191
20025
17766
16826
15233
14769
17223
17452
15122
18261
20186
15657
14418
15555
16683
19571
20885
15464
16839
16181
17406
17875
14210
34742
16098
19094
23670
14053
15522
16174
16806
19398
20061
15661
17232
16111
17790
33719
18882
20722
15507
15766
17892
23842
16528
14632
16065
20208
14332
16414
14731
27879
33304
19715
14955
14957
25370
16413
17437
14284
20592
15375
17475
42773
17071
20484
16581
16198
22969
20178
20758
37225
21014
27554
19435
15635
14865
15497
58112
15576
15667
15891
16008
30203
16427
16027
22853
19535
18371
14145
16327
15742
18701
19509
15909
40867
24588
23671
16394
19916
15395
15362
14941
13525
16159
15960
34949
15845
16918
15579
23139
23593
13939
27888
14600
22416
14517
16878
18402
25253
15253
16428
20335
24921
14850
23078
16583
41766
37160
39315
16608
20886
18562
23147
15796
14986
17125
24276
19564
27346
18801
15497
14429
25578
14712
27771
22794
17420
15101
23246
15822
18126
14155
14933
14855
16642
22191
18057
31433
43149
15682
15251
17883
16591
19947
14588
27463
15254
15098
14132
14069
14516
21048
20037
15303
16414
28170
15112
22992
16198
16017
14011
21760
36421
16622
22138
15633
15249
16506
19895
18378
17423
15505
14604
18629
15823
25442
25740
20433
19379
24348
39265
20349
23166
20555
14164
24105
34744
15434
22258
56966
23848
19401
17614
22594
16397
16492
17934
20650
18988
18410
20186
15851
15453
15930
25158
14853
17357
16253
33990
23805
23239
19878
17295
19851
23732
23737
18483
16769
21012
17744
21382
19744
42383
24597
16103
16582
23246
15768
15251
16530
15399
20782
22566
25202
15547
19070
14484
19098
17376
19842
15045
17621
23635
33923
16464
41593
14127
23234
20504
21662
57220
28767
18956
15401
19983
30587
15675
18011
15428
20239
18055
15369
14553
14145
47837
19327
13625
15448
27117
17750
14106
15181
16222
22888
43548
14754
18047
16023
15408
13965
15282
16066
17138
18298
16765
18502
36707
17899
21765
17058
16501
16127
16014
15835
27370
13419
18005
15159
18698
16545
15945
23568
26154
21130
20426
31613
16087
16089
48413
25100
21952
23303
30886
17076
13935
20232
15086
27697
15585
25604
36943
18042
18253
15396
19209
22003
25543
13265
33202
14427
19996
15945
18228
15313
22918
27060
18138
18710
20308
16130
15658
17627
16843
16236
18261
26172
16822
15600
20017
18666
25887
33311
16211
31380
16944
16581
17220
17972
25800
25920
17450
20002
18136
17036
21435
16902
16501
17820
15036
15468
17887
24323
21188
18916
25053
15309
17762
16748
35824
16156
16221
23043
21933
20630
14721
14559
31071
33037
21221
19578
38801
27410
15659
14235
29888
15778
40054
22505
14527
18912
15699
15902
16668
19997
20549
15931
27005
20200
16534
16157
14979
16897
15457
13692
23173
18439
19903
23518
33467
45755
16962
13936
13928
14767
24742
20614
14626
20121
20230
15337
15793
13160
23499
16921
19941
16433
26417
13442
14623
21005
14486
23579
17568
17806
21049
18135
15913
15501
14571
15914
21708
17474
16636
18494
18078
14820
14423
22361
17809
18140
30541
25045
14754
22077
15070
17875
18097
17925
16749
15429
26173
18978
16543
19516
19324
17075
17060
29829
28369
14895
15273
23239
24733
14435
15215
16341
13399
18268
28242
23995
19942
31001
23617
21350
31800
15792
15872
15999
18395
18629
16775
17256
17702
16614
18517
47749
15761
16026
17014
34629
16177
15803
31862
24757
14232
16290
22018
16427
20664
16154
16951
17013
22179
17575
20905
14248
17775
14915
17575
24311
18612
22946
20821
25584
23674
18066
15396
14947
20615
19481
16894
15636
21472
15800
19687
21138
17258
17076
20989
16246
21513
26022
15957
19664
36313
14735
15825
23369
35869
14802
16372
15968
17079
14723
14636
16970
17267
19087
24074
19002
17023
16803
14847
19114
15432
21412
20704
21899
17781
19961
23168
19616
20509
18740
16185
13988
18863
17384
24226
15141
22851
16470
16956
22844
14216
16672
15967
21703
26618
18978
31644
15306
19928
22573
15851
22685
19918
19757
17475
17738
20089
16142
15651
15671
21709
19093
18936
13031
15801
24207
19594
14187
14884
19677
22755
17251
21064
27118
14992
16563
13341
21357
14817
14782
28180
14276
16082
16028
14283
16640
14536
19242
18386
15584
17356
16015
15097
19173
14667
23414
16563
21882
23511
20880
16445
20460
19582
17560
17209
16169
14913
20268
16102
36177
17315
14531
22847
18728
35212
14756
18892
22269
21875
14004
14444
16057
17503
15824
18138
15121
18499
21323
22804
16310
16812
14234
15984
16529
16885
18012
16375
16985
18558
17217
19487
22239
16473
16782
18350
16371
13804
14000
17168
15629
14925
20786
15491
15300
26651
19506
14357
16322
16354
29973
15021
15838
16088
16553
15662
19981
22722
17466
18317
17786
15507
14371
15836
26434
14483
13915
19195
25959
14721
14425
15583
16168
15901
14204
18082
17090
13533
14106
16411
15762
15558
18499
16723
14661
15950
18694
37311
17221
31748
15935
16510
15275
16505
18028
19937
17589
16092
17352
22412
17402
15677
16577
31641
17452
15175
23809
21807
18791
22444
16168
14868
26294
16766
29834
16666
17922
15065
17822
16443
14657
15113
16358
17718
16135
14258
19625
13754
17059
14045
16074
16591
32088
20863
23051
21741
30649
17470
16447
20712
19741
13925
15121
23082
17909
14514
14493
14832
32302
15794
17003
14080
22452
17818
15923
16609
14429
18787
25605
18950
14180
15872
18256
16566
14511
15796
15805
21104
24510
19453
41452
18566
23252
16961
28080
23725
13864
13472
18891
15224
15141
15041
20658
22945
20343
18484
20322
15761
18460
44790
16094
32123
19207
16458
24382
15836
16781
15166
19533
25740
24915
13951
17541
31744
14876
15130
16247
13916
15358
17048
20282
19573
16987
20267
15904
13426
18370
14113
18663
15528
15095
21205
18091
17374
16329
19659
17263
15329
20553
17475
30059
17155
29649
13473
17997
21918
16150
14538
15477
14854
18380
34704
21003
23432
21046
14927
14782
15915
18806
15958
16284
19386
38147
17365
15334
20240
17545
15861
20108
39459
17297
16404
15485
15274
17200
16668
27238
14143
18597
14333
17333
15582
19309
17441
15750
27753
18991
21138
14908
24152
31053
18166
22775
14336
21934
15445
18829
19866
21933
15386
19014
27822
15381
16920
16302
19842
16193
14720
14530
18364
17040
18822
17481
16031
16092
14158
19074
22589
26396
20673
17634
15191
14150
14576
12711
17559
24384
18777
16232
18153
20497
18630
18699
22005
23290
14962
16145
15272
14542
15506
23578
14244
15923
40774
14706
14800
20300
17369
14807
15342
15325
21313
17951
15105
17956
21001
19334
14315
20646
17921
15535
22153
16444
15897
17751
20528
21154
18086
20406
19405
21257
22337
15705
16213
14757
16721
16134
17940
17485
32920
16352
14085
18223
17110
19812
21773
26926
15242
15329
17916
13202
14661
14996
15553
20615
16408
16727
20027
17864
15479
15396
16272
19554
19131
34992
25241
15849
21959
18567
40967
17803
18418
14036
16749
14914
22654
20763
14880
16088
30406
16747
15078
16057
15797
17485
13664
15385
33815
18202
14427
13623
14098
14486
14957
18255
23599
17230
17142
15985
16208
17362
19603
27410
20643
29842
23987
23019
33014
17826
19407
18482
17013
16499
15475
14730
16709
26887
14988
15939
16216
17181
17783
13919
20804
13334
17084
14473
17125
20126
30245
33086
30852
15909
23411
22296
15271
17818
20241
22118
17148
17885
15108
16887
15242
16735
20166
15547
14623
17215
22888
15281
20214
18955
13835
17484
13847
