39255
26784
14794
22514
19890
11562
25060
22427
27972
12883
38112
38243
12197
23451
11752
23382
29496
19761
27102
21137
16555
15083
13311
29292
30572
27333
28381
14358
20575
27737
37810
27783
20801
25742
25657
17695
7228
15693
25098
22191
15738
24026
30863
17298
20771
29278
20417
16817
15348
29326
26870
20430
16783
21667
37107
21460
15108
13776
20284
30784
30094
18085
29302
23554
41337
22230
32736
15734
19136
35057
26552
20456
26791
22139
24337
19090
25132
20952
18415
23478
15287
20171
20812
17105
22668
27070
21437
14324
32785
25812
21437
27173
20641
16678
26738
28253
13814
18350
24195
15845
24164
28838
12702
22618
20167
22870
19449
20100
18798
31728
50165
53415
16241
27232
13536
19943
15994
25644
28499
15300
22038
20717
26211
12328
23786
22114
26033
27818
23657
24348
36869
19431
27259
26689
25829
21070
30094
38019
21030
24329
22110
22629
21974
17687
48269
35463
19585
20942
12720
23887
14662
29015
20330
16730
17087
23384
26364
14510
34909
22228
21527
14961
15854
14640
21292
15356
24466
20003
9056
14750
14561
21965
23809
14471
19341
35240
24010
12764
18671
42460
18622
19953
19106
20080
22717
18206
16614
23168
18555
13359
19508
28411
26178
23129
16554
14796
18558
18807
21931
27779
32570
17943
20671
18991
19279
16229
28451
17813
25583
23042
28888
37897
26198
27774
19446
21426
14044
22398
33834
55360
19986
21324
34354
27224
25370
16022
20739
22870
19176
19580
15075
37593
17031
24756
41034
16899
8777
17427
24138
24466
6580
26854
14692
25173
22749
14143
15260
18698
19474
16463
29020
21831
51594
79284
19648
25391
22762
24957
44965
21214
15913
15163
25166
27823
16209
20559
10405
30589
12619
19643
22646
18919
21392
18902
20014
43623
19302
25696
30996
22400
23964
16620
31831
19967
18922
7393
19094
33239
20761
31539
17073
20544
33408
17653
14055
13154
23814
9468
23652
31442
14085
28570
52470
22248
38882
18604
17117
23117
41546
16195
22263
19478
11022
11680
17687
28728
28052
23444
34411
20413
21759
20106
18507
20120
24568
26847
15093
31332
25482
9368
22692
13354
9518
16740
16597
22268
10949
19629
24691
26639
22489
18917
20946
17850
23802
18572
17538
15002
44894
44974
19571
18818
21987
14520
15982
24860
16041
28581
23762
30444
25066
10739
24745
31311
20064
27882
24641
14772
13205
19729
19879
13602
15821
22922
18119
33449
35963
17949
16462
24898
20493
12870
23854
29231
21895
19912
23385
23278
22007
20882
37844
19645
20095
17526
22266
23954
9624
31936
13743
22229
24940
20358
23718
36400
23481
13150
21859
21901
27999
41834
16596
52894
10974
24437
14611
18914
27435
31670
46282
68325
22662
23551
21864
20119
7869
16421
18388
16671
22104
29693
42039
19685
13661
19255
18991
25859
23444
17161
21153
15550
18619
12981
28747
24165
25270
21061
17039
22202
9473
12676
25798
16084
15664
13846
29863
51967
71986
24392
23619
10454
18099
19961
30841
16447
22010
11338
14330
16629
34169
24572
53664
20326
18106
24454
24966
21235
31364
36631
65038
17508
27238
46204
28706
21620
34278
17934
13999
32781
17022
18159
19961
23427
27521
13974
18832
13750
6423
14837
34110
14246
20465
24617
28222
28248
30637
46009
25947
38981
20468
18066
14812
29437
21354
30497
13932
35561
12215
23763
17544
11770
15310
33036
29071
18274
16782
24599
18356
27260
17403
29230
27014
25863
28105
15902
30708
16173
22333
21859
29569
12459
16007
23791
36726
50930
21552
16361
27577
19298
37423
11705
17799
20294
29285
16254
25951
24843
19460
29907
19977
37061
33131
18335
32318
15009
26218
21741
30876
28994
22813
23452
28674
25036
14259
15019
22799
19762
17771
16352
26045
22157
18004
22019
30179
28072
29525
33964
23184
30039
20024
19726
21035
20041
19704
19328
13726
14856
18325
22596
17468
18763
21064
21489
42580
12641
17023
20595
17563
26933
11181
21523
18396
22213
22722
20834
17034
22011
11611
23506
15816
16552
19983
20108
23249
20110
28332
31298
15576
24213
21012
30015
26319
16178
18884
21787
19648
24328
21305
18438
38686
41114
30569
33136
21458
24185
16702
23608
18051
21812
16032
20177
29669
20964
22208
22096
24297
26896
31813
22159
19911
18535
20990
23091
21693
33557
30137
20540
24540
14604
15934
23819
14341
17852
27101
36775
18718
23682
18385
19533
18166
38063
38207
29257
30749
26258
16396
19261
24236
29693
39188
25763
20004
18798
18592
22974
23285
22337
26296
24138
38366
17088
43997
18683
19466
23418
12835
27480
16679
26357
22573
20293
20713
22273
28482
13057
16657
18474
22921
23378
14319
22224
20052
15115
11668
21715
26556
19482
28116
17840
22322
19505
28266
26552
20535
28302
24619
26584
19628
23912
23791
20674
19528
22982
20259
32095
39353
11683
54522
36201
14192
18875
5805
13545
28502
26634
22544
31960
57060
23848
40717
24566
24517
26678
20879
12326
24421
18271
22216
19303
12150
12599
23016
11462
20044
21066
24742
23076
17634
23738
30758
22621
21599
18698
24675
32607
18413
19631
19533
20053
29158
33730
18329
22535
22245
17257
19755
21485
21799
20926
27194
10432
26892
17952
21325
22156
24504
17081
28494
55158
18649
27315
17660
20401
16527
20096
23200
20324
15906
14533
29689
21313
39069
18407
23706
19521
31539
23740
24098
17987
39355
20135
15608
26009
26930
33878
23599
23980
23114
42981
16488
31609
13622
31374
24054
9823
20695
17327
18001
14419
23043
21358
20741
19038
16046
27459
24804
55312
23670
25297
21796
24114
15593
17770
43417
21612
18897
14832
15575
36721
16065
18297
32632
25617
30558
19928
20264
20393
19158
29362
35564
15229
19102
38335
47787
33663
22135
19819
20968
16662
20282
23306
21942
27901
26063
14357
27561
29679
19683
20102
21435
33160
29220
47860
16597
15562
24858
27786
30234
42813
22926
19281
23868
24621
19958
24084
23549
24138
24871
46600
21706
55621
50570
21828
20531
22800
20364
22483
17385
22111
25106
21071
17576
16840
20069
17690
29528
15174
26199
16893
23619
19847
18137
18216
18534
6105
17409
13807
18108
17246
13285
20936
25911
24619
25688
25442
20546
22211
23685
25015
28168
14368
22163
25275
24909
21677
19461
20979
25708
18028
24911
28179
27347
12449
18575
24677
17778
21240
15912
21567
24379
20789
23863
32485
6658
17412
18621
25516
22566
34772
32176
25795
18662
16344
50945
30856
31117
29054
24439
18478
22461
20516
21155
20050
21141
27820
28800
30219
25291
18128
13060
22741
21514
26191
19074
16992
10311
32413
18608
15845
36937
31295
27927
17783
21055
18284
28213
17320
26055
10121
20867
15720
43973
18089
19062
24077
26668
20761
24964
35519
20846
16979
34854
39986
19441
42075
22851
34777
39297
15569
20179
22346
16149
18294
37870
26503
18860
20496
14535
23321
19694
21944
21251
31913
23858
16238
20691
20595
27271
24001
30997
20498
35366
24319
21778
24235
29406
23300
26808
23107
20127
23507
21965
23374
26799
17707
16846
16966
19742
23618
20823
19550
15604
24210
17186
6864
16203
19137
26109
19347
14157
23555
26024
17453
16891
16532
18187
21813
18950
17283
20510
21987
28453
10397
47794
20008
19548
23196
20643
18532
15011
15631
16142
16599
19515
24939
18279
17061
14203
19796
37373
62614
26967
19408
31639
28940
15157
26040
21924
20665
27385
17374
30575
18052
26603
46013
59114
18842
15582
18347
22739
24240
23134
16233
19841
26899
23015
24687
25990
19059
21874
30796
35898
21083
29717
39959
23509
21566
20335
21285
14333
28771
23921
15052
18751
24754
37144
23356
19664
28884
33690
35421
20732
29359
24658
21477
26073
22528
21086
16564
15485
31658
14914
29346
23376
31457
31762
22232
23561
24229
21342
31156
22837
14648
14104
14669
7644
10100
17239
22857
13171
20290
23904
56427
34608
21029
27751
19954
39269
24435
17881
30733
20310
22578
21520
18348
40725
20351
13645
12584
23332
16267
19400
24893
33712
26823
18908
19900
29139
28230
21282
22600
19357
11226
26990
45729
20172
21672
25442
22898
22352
15447
18583
14856
10881
19296
25715
16114
19774
22454
22747
25245
14329
30108
16006
31041
22751
23934
24375
13595
16886
15232
17900
20841
22363
17672
34434
21468
22710
22505
26742
22446
17611
19844
23593
18537
25391
34313
16445
18926
21490
11091
28379
18073
22960
19541
25370
21341
33517
25829
14453
33083
35099
13075
29618
27894
28082
21940
32453
43951
10774
21528
26661
22683
28795
20919
28141
41181
28531
19299
16389
17549
30380
27674
22249
14061
26369
25610
29826
21922
23963
21672
16004
28214
16576
23925
18394
27095
22095
25723
23232
20121
28558
26412
22303
19915
26248
11159
27271
18934
21358
19934
21709
32018
30346
18040
40066
24850
34698
20640
29076
20224
20414
18889
23005
40454
32130
17936
21794
19598
18885
17873
23019
35320
53723
19719
20758
36660
19664
21148
16855
19642
24832
36935
25177
19872
29533
12884
26862
21457
16557
30665
24369
34603
23191
17290
19256
15696
18793
18480
54921
45453
41161
25697
30272
21635
28306
27560
32827
28362
19342
16276
24766
22686
20315
13134
27369
19106
42766
22857
14379
18486
19640
26424
29869
45839
58459
38239
19875
18267
18798
17806
36691
30953
19059
16964
20689
22209
12507
22620
17538
18593
25102
16164
20080
27978
26905
33814
50357
27120
51622
30875
19793
32794
17967
26631
20856
23797
21648
21676
32539
15783
22424
18651
31098
24880
18450
15182
22150
41333
21765
32528
17943
22184
23732
34659
20325
19110
61103
54009
12510
39490
15592
17547
24876
25343
26416
29555
24575
21148
45480
38001
19360
16114
16943
17523
19154
29573
33831
39410
18367
20696
19113
23500
21241
69448
53023
19978
24210
19682
22983
22157
24238
16835
13581
20149
21892
18758
18388
21679
24962
35703
47206
20324
26439
20728
15972
24219
16972
10046
15821
21583
20321
23638
22418
15339
31303
24766
22660
19490
33120
19290
20392
21700
33350
35753
30768
18008
17234
19077
17811
20168
21110
19654
24462
19275
14822
20763
16871
35984
25166
19313
20720
35047
22837
24956
19792
60993
16922
29811
28584
20690
14404
23902
33968
19526
23505
32831
48668
35749
17552
26159
28505
24037
17506
19888
23476
38957
27033
40833
15700
30246
28446
16776
20717
37003
39600
18414
16553
26317
19517
34016
20182
14012
30808
19064
19911
17443
31169
20563
38051
22438
16265
31605
20840
35202
29444
26935
16926
21579
17051
19751
20573
15959
24340
25381
14095
17495
16884
23980
37716
28982
36564
20472
14652
24655
24158
20835
19656
19324
20832
26293
17282
23138
25384
31678
18226
29542
13160
26318
16088
23219
10598
10738
10793
21636
22961
13845
15067
18948
27173
25554
21804
5844
16418
10694
15750
22467
19187
17186
23261
20354
18352
18748
30239
23673
23936
27066
15942
29163
20900
28463
28648
36380
18591
18415
26503
5546
14985
11526
30721
23953
15273
24314
24249
29225
21084
25043
23714
32687
29316
36718
29213
27451
21829
25073
32115
32504
22862
25683
18895
21661
16215
17651
29631
25221
21050
18002
12980
14591
19555
26076
18629
19577
34928
31327
29969
22648
34413
19630
18338
20006
16106
17106
24413
37710
44282
20380
24308
22736
15859
16331
20542
20198
23695
26456
21353
18624
28643
22622
18665
19619
38032
23366
18743
28798
27643
26284
22470
19408
17415
29691
16082
18353
11795
23961
6139
11887
15550
37733
14235
16100
17083
33007
26248
31078
22869
16262
19759
25500
25279
24973
30725
43395
22600
24234
20592
18009
12179
18960
21880
14759
21027
16552
15616
19817
56235
43649
22127
14832
34906
21014
22626
30109
31493
57207
40488
23924
25929
24262
32008
17596
17464
23259
40398
51634
18765
21012
15360
21243
21645
16399
21669
24689
19248
18772
31719
22844
16253
23741
17335
24713
18306
17162
50827
16521
21273
22140
17954
12091
17129
30647
17255
20501
21605
18031
18358
24389
35275
17077
22832
16003
7520
19323
16475
20850
24502
25137
26972
19495
13120
14481
19752
25336
12851
16983
15957
14162
24851
19359
20161
20243
19389
19536
23808
18409
25854
19733
27964
13834
22466
18552
26941
20859
26291
19440
38080
16458
27371
22913
15151
18602
27430
35867
25891
19454
18795
18766
21795
21973
16431
24645
29566
14971
24095
28109
22336
28464
44717
22045
19577
23475
41105
26653
18115
22104
21358
24037
22289
19171
24528
21813
22689
19099
20924
25610
21946
23779
23926
21329
15829
17404
17213
22656
20832
23361
30734
20225
22013
19904
15879
26675
17754
30464
13295
15784
20949
25918
54757
58454
40320
25167
23080
20631
34281
31547
23360
38479
39270
23632
20781
23980
23991
36425
57779
63547
18655
21071
19063
14353
17261
27498
26949
16802
28101
12957
20339
20845
22062
48212
45478
26135
19451
20646
22348
30120
22055
18152
11399
20805
14559
29640
27416
15314
29408
20545
20456
41880
24806
22059
21147
26687
18391
30885
23805
23356
28983
21473
27262
22276
36023
15570
25030
16094
23522
31552
21817
29473
20361
22786
14427
15996
24492
23698
19527
23153
19666
17883
14730
23100
25809
15322
20972
20125
17669
21086
14990
11468
18717
14518
23920
16425
16647
20100
22227
18066
25945
16241
24884
19191
8770
25046
37381
32422
20322
15234
15193
21771
22601
20903
29808
19709
20219
23679
22116
16667
23522
27802
24432
37609
17858
25213
25819
16766
21534
32994
21572
14764
19281
26911
20747
24689
21308
21677
17023
18157
13650
20851
28384
29034
14474
22402
27229
21286
13212
17637
34402
18000
26642
56381
76184
13458
19619
23813
17741
16394
14744
19911
21376
18555
34292
15804
17606
22214
19224
24077
22019
16320
28213
20942
26076
15520
15997
24323
20272
22669
18149
25842
19330
21197
39148
22731
17055
34766
22889
13604
12737
20822
19202
32477
28767
23888
18293
37554
57257
20554
19362
18370
11926
23353
20877
26964
27180
22140
18084
16745
18630
29121
28905
20424
20815
21695
22018
15090
19697
22517
31090
23667
19451
23436
16173
16609
17525
19315
18354
26028
20171
31083
16524
22588
25996
37910
24411
19627
20859
16067
18185
22820
19516
26052
14625
37319
23006
24402
24577
20599
12633
15647
27526
21467
45298
36012
15440
45403
15253
20633
15739
19175
29621
20786
25285
34967
24242
18751
25448
18332
18418
31606
52440
21143
20295
19643
22130
20659
18550
20802
14490
13069
23405
26986
23618
26040
16510
33954
11422
20152
32605
23621
18140
20672
27975
18687
15468
22377
17430
15896
17008
22037
15119
16137
32302
20911
23110
33901
22265
28089
21172
19529
30663
41084
27285
19543
28392
14366
29979
34998
19724
16239
21668
25639
18017
19975
15629
25478
17578
14650
23862
26568
23075
17733
22258
16941
21754
11515
19099
17629
23967
48041
20670
20101
28094
28900
30204
23827
32732
43390
41417
26877
26386
20890
36253
24979
8239
35814
51569
32088
17590
18581
38869
51235
25508
29854
20811
16910
27615
16157
19823
15901
22378
50547
29893
22421
41814
18995
32906
22483
14628
10474
21945
19138
23609
45655
28490
26802
17124
27300
30577
16327
26914
15894
18230
20510
24026
8983
17001
24470
28870
12677
23036
20904
25586
29349
19131
28909
19002
34391
14707
34280
41607
54152
14704
18994
21437
22256
35196
17877
32050
16883
21504
14544
20090
30784
21589
24702
15234
18687
21225
45081
17390
24507
39409
29015
14142
20524
20823
18154
18210
27348
28848
19694
22070
28330
20759
21771
18617
17298
16386
23356
16627
27632
28824
20520
29440
31890
20556
15462
16639
23447
31368
26241
23983
27352
19591
26492
45757
16471
22104
22099
26620
26049
15256
22328
19517
24110
39271
22790
18170
38832
22783
16430
31195
45956
19758
29649
37901
22017
10277
22504
19287
21047
17114
15782
35974
20595
14166
21847
21373
18553
18032
19299
16765
18034
22245
24285
13671
16506
17341
23301
24831
21456
37863
27834
20676
15038
11259
18185
10454
28338
21390
20999
21855
20633
24490
34909
24794
17609
34033
20331
20514
21215
32225
20770
22275
14854
16458
19046
30419
13025
20175
20824
25321
25004
20082
17371
23822
16963
26266
40471
25897
19834
21529
16488
21544
19722
16092
23246
23139
33764
30265
50567
19541
18952
22847
23812
17728
23982
29003
26441
17751
16859
36499
16325
23392
19383
20114
20742
25684
14100
24742
15650
13453
19024
21339
24370
14688
27808
21742
20457
20290
18635
36652
34497
34497
13421
13981
13289
23156
11753
26842
19687
20419
17697
13642
16702
21696
18778
23063
24300
42773
37981
16722
20768
16118
24725
16653
32621
22701
23992
19619
16571
16644
19731
17004
29410
31742
32185
15471
12485
19698
31761
33973
21469
21776
24810
18091
25129
21582
21417
18419
22763
14187
25655
24149
31764
26832
17487
26401
22386
31077
24076
35162
20114
22468
27793
29157
14798
16106
18438
47246
10352
16592
20329
23238
19786
16438
19161
21885
9156
27462
19592
25189
26289
21613
17824
11788
25566
26772
22646
24238
17379
22488
28324
31922
23155
31179
20227
26017
22457
19936
21090
31713
21655
25846
19709
19277
28117
40623
24462
22557
22173
34608
19917
14945
22227
39794
31596
29820
27451
43984
27316
24895
17946
23333
25603
26221
24307
26123
22646
23999
13939
15648
26776
32796
32736
16743
21560
18662
28496
16010
37166
46445
12146
11328
19088
22927
25541
16368
19787
21140
17520
17501
22888
18589
25536
19094
22577
22332
12924
19731
18503
19397
18564
21641
23329
22994
15072
23916
17012
24032
20527
22693
23014
19950
27238
19432
22107
13954
28615
29003
19854
16470
24785
36399
20372
18232
40953
11869
22286
33773
29585
27266
38603
28677
19490
13429
31022
16319
19288
24170
23809
16326
15241
18431
22353
27884
32252
19789
19542
21611
30860
15753
24742
13976
13675
24006
23913
18993
21155
28825
17817
15548
14751
14712
18947
11201
22899
19678
15509
23218
27654
18394
37609
10903
17501
21288
24641
32911
25942
22645
28419
24667
23864
24976
34318
25950
24496
17705
25532
30166
32085
22384
26586
20483
24447
16969
12348
32398
35988
16673
24790
36959
21965
21564
19291
29170
20997
29365
33451
29874
11482
17839
11153
25369
20235
19164
24023
18794
24060
49730
19353
20497
14306
9760
24334
19846
22339
19065
19462
23227
10556
23606
24713
24665
15431
13960
23186
27172
22560
20168
19734
20752
13747
16126
19562
20562
30649
36628
66566
56494
61100
17963
15559
12832
25097
14196
17138
17517
32431
19359
19224
16156
21793
14529
16212
20350
22672
25715
25995
14402
22559
14914
20262
24415
21095
12836
19427
16860
20541
7042
19485
14836
28621
15999
21980
24727
15042
24804
19326
14047
23375
37549
19615
18142
19983
26347
18403
22364
20445
26713
16843
14980
14368
19806
12737
19331
24282
22833
26643
20812
21374
34708
18676
26202
24434
27334
25398
31662
20481
27704
17268
36401
31193
16223
21512
19337
20479
28201
11130
29364
23071
22975
38324
33532
19293
27030
37906
24406
35112
33801
28277
30102
13001
15434
24866
21965
44944
35754
18322
19659
18903
14139
27085
14804
33282
23393
21900
22208
24735
22013
28713
14185
18577
12840
21411
26741
17416
14377
18942
30059
19844
17716
19123
27395
25210
29593
19590
24824
18445
24774
25070
14436
26502
17556
20396
28916
23774
44766
20640
24580
25091
21525
23196
16234
22961
20247
15620
18000
15387
22778
22564
18037
12646
18639
18076
20515
18597
22293
22341
19638
16233
27326
24087
28041
22739
23613
23781
22608
24316
23258
11442
18193
41931
33684
31472
28611
24542
17905
27062
19983
35239
17150
18662
19691
25466
25846
42196
20475
30490
17232
37551
18346
18456
16761
21882
24396
38625
25589
18413
23593
20149
19512
20632
15374
24047
22910
20445
28084
24443
21792
23146
26768
24441
23592
15762
24484
18211
17447
19112
22813
24090
13670
18170
21971
17707
17005
21010
20965
23524
14647
18197
25054
17805
18745
15257
13392
22094
23789
19671
26545
21620
25136
19906
26331
27625
29042
14662
18702
24453
27957
15291
15260
23690
28738
32118
17544
17878
20371
33230
30670
35333
28847
16069
17339
24754
21117
17231
20454
17175
22267
23885
23688
22797
29867
21182
32392
20275
24192
21420
23198
22333
17109
11546
21037
16126
25364
20983
25965
19923
33546
48212
22492
23086
33126
22606
37191
22312
27444
21955
27250
27122
14591
26288
11472
25984
27202
24702
34116
9419
45381
16231
34070
27842
19051
19827
19423
26266
24198
17136
24295
21647
15786
16869
35036
39870
20383
16706
28384
23571
21944
23108
17416
24763
24887
22024
14190
25014
22376
19615
17041
13051
29077
20301
23315
28493
16762
35541
20850
16794
28615
27837
18218
23734
33187
16374
36495
13042
35926
28341
15589
22023
32984
25583
24944
14139
23994
29611
22329
19215
20132
34005
22063
24723
33644
17810
20572
19331
12840
16734
26545
16998
21460
27609
21009
30850
41012
19941
46403
35835
11061
21176
36884
30277
19214
20848
18496
19945
26540
15390
17446
14943
13699
23256
27322
19762
15570
18416
24219
26702
24917
24841
16354
12262
31278
16667
14461
23486
18785
17110
23878
24164
22386
24348
34602
25955
22016
19630
19008
41268
20309
16454
37915
19397
21321
21382
34365
12644
38875
44771
30517
12639
23142
23918
22122
18355
18688
21545
19047
21759
30829
18759
19751
34787
24978
24078
39706
38475
20929
21147
32560
23694
25810
13056
19591
34334
38995
27939
26315
23062
19402
21633
24706
22678
23950
20393
19239
18358
18996
31400
13501
22142
23875
34528
14537
20496
21053
18330
20059
17983
19399
22832
24479
15742
31099
14851
26915
31189
21310
24229
28232
42153
14565
24670
15252
14540
18649
27723
19975
32443
9753
19876
22346
20951
14914
21340
35345
19876
57851
31134
18434
17543
11890
16188
15413
27826
11866
26235
25412
14958
19986
19587
22365
21992
21984
19115
38624
34827
21568
32301
45983
28214
38464
46969
44302
19676
24410
16808
18812
27543
20686
23200
24131
18000
25055
11877
27978
25186
21007
29661
34095
52693
19936
18960
36542
29068
22773
27106
16956
17187
22575
20768
33911
19267
30620
23906
22300
18966
19582
26020
16749
24442
31969
24706
23489
17401
21237
25596
27325
20357
17110
17776
32659
17210
22818
13310
19441
21351
21974
24080
11856
11357
30185
28597
17452
15399
25906
21677
22592
14568
26103
25895
29785
18739
22355
22423
14483
26555
15014
20758
11372
20704
26332
33233
16432
30557
18603
33411
12546
27955
16311
16738
14991
14891
25719
20319
12771
19181
34532
17292
23667
26180
23573
19297
17955
33946
16945
45199
33068
15055
15590
11525
27746
15195
15975
18466
19280
29248
48164
23340
18526
21814
23211
30794
21278
16473
17646
15368
16318
16015
19652
20613
22264
41486
16045
26164
11900
21639
24598
12937
23302
20094
17977
22731
29552
25320
23186
23943
23357
22461
25405
32744
30345
26757
20133
29000
24337
25052
23497
15891
24310
34043
38042
18162
22831
23141
17697
16469
19261
24527
51021
9743
22420
26993
39637
21218
48255
20308
29396
19954
23626
19299
24009
21317
22867
20142
29338
20569
26159
26753
12986
30534
13430
30323
18600
25076
16964
29150
20578
22303
27197
25207
48847
16858
18146
22017
16415
19298
37868
48903
24837
27496
19499
18342
16422
13534
20718
20640
24477
18435
30359
30704
24612
17394
19224
26443
24436
24635
14826
39168
26904
25296
52258
19700
11343
14392
16268
23758
18741
19360
18277
14582
15939
21237
21940
18341
25849
16819
13088
20940
14662
19007
25155
15992
24908
38328
21409
13480
17755
15208
15555
19212
17269
16697
23461
21158
26031
20047
22217
31468
26205
24548
14983
17983
19526
24976
14765
24771
19631
41325
20311
15496
24282
25126
11290
32417
33148
21969
20682
29638
27941
29102
20142
19113
13145
18568
16509
24336
20787
23879
21159
25031
30554
41114
10978
37385
39665
13243
22929
17291
20673
19672
23513
24813
35397
21371
29161
25204
17026
26421
32426
35322
40827
19588
15649
17951
14212
24028
16590
24887
23966
23297
17832
18428
23652
30038
27294
18401
22668
34418
24888
18456
21585
22003
16856
25316
15923
24207
12371
24094
16764
21278
18904
27191
16192
21715
27454
29102
46520
19288
18551
27158
20288
19919
37232
20953
32845
22363
27784
17345
30088
22293
29614
25153
22279
18441
32913
26181
22771
15936
20188
15846
20207
18715
19600
18469
27782
22651
18244
15299
20657
17568
21003
31723
23659
21546
33224
21058
28427
23888
23171
17282
21479
31656
21810
13935
12885
15414
34817
31327
23204
21674
25011
24991
24485
27533
19709
15271
14368
22310
19663
27234
16407
23193
28403
13433
23231
16403
19554
34051
19158
10753
18668
17227
32764
20118
22312
21234
27366
19438
23755
20572
24888
30687
44105
15109
18521
21390
18581
21039
29948
22571
24470
25340
16094
23942
18199
17474
33955
61297
79992
24400
24484
22760
16743
12069
27540
22686
16337
27723
19150
20333
22999
23173
26252
18653
13224
32593
40143
24080
26603
27788
50750
19622
14074
19822
20189
41828
17150
17508
23097
13275
14493
20026
22095
12540
19676
22989
22527
27997
28120
12950
22188
20269
20228
24558
24409
35081
47869
28231
17568
25708
24232
22444
26915
20873
17421
28784
19032
29939
18746
13824
22436
18779
31474
22899
19396
19817
14969
17526
19426
20653
15223
33360
22472
22115
24635
20016
24378
26658
21754
34843
40883
30257
37628
44476
17382
30378
14631
22180
12484
30495
22292
22381
28164
32655
19825
18046
21422
21247
19389
26668
27698
25627
17382
12685
10175
15165
17309
32344
23874
21225
23172
19586
23470
20958
20053
19598
19695
16998
22353
25633
26099
20701
25137
22250
19087
22497
29747
16898
20146
29483
12751
13797
18128
18811
23421
24789
37922
29001
39721
20550
22267
14243
21368
17601
26738
18353
13616
20444
25174
23514
24643
23791
30184
34838
9520
25425
34209
21949
25038
27237
24299
25714
20685
15297
19250
15005
23891
39786
13652
19666
18433
21507
34215
16160
21740
24314
28792
20565
24932
13484
19760
17576
27662
20908
23026
22294
15658
26058
16936
15842
26311
19644
22674
33820
17227
22005
17720
19325
36855
18188
33622
24677
19217
16308
20164
24535
25908
28425
22129
15478
11261
26454
28809
19248
48927
50540
63541
62021
49842
22263
37847
23206
25763
31949
26971
19213
20062
22729
35313
24441
12537
28209
22099
21951
23791
17221
22571
20950
28055
13492
14497
24755
17739
23264
11449
15952
16590
18199
15821
15477
19940
11488
20560
19920
43233
22283
29185
20656
26973
19593
19280
23538
34545
16691
20709
25920
28330
56670
34172
25324
44793
54509
18698
27228
25505
19373
20148
17833
18828
22037
31126
38483
20867
18619
24159
20541
20492
21456
18328
17548
24510
21226
12591
23851
21402
20978
15540
20877
9979
18667
29691
19512
25387
46846
26973
21255
13610
34575
18539
27989
29990
22990
23035
24154
15477
31960
21436
22457
21162
39579
14526
15108
16124
19291
20051
31289
17846
19932
26854
25346
43698
17285
19187
18669
14886
23520
30004
21738
18354
17737
25704
20024
29739
22005
22181
26082
24490
32686
22478
21879
18855
19492
22715
27164
17597
13764
21774
23567
30110
14369
12580
12842
35256
22271
25601
20681
35590
27280
50906
16703
17812
20766
16854
21529
21612
18923
23291
27834
21610
29872
23465
26286
20596
23068
22160
17166
42891
21349
16230
22334
21783
16666
26277
29178
19206
34004
16644
11345
20493
20568
22447
28580
27325
20340
14964
19673
25337
17832
19482
26461
18635
25600
16405
23969
15251
19787
46057
40964
18286
19059
24432
23234
20939
24066
18206
27210
28277
18938
14942
25453
16019
26586
32076
16378
11593
18674
20703
15539
22221
15635
12616
16526
17891
12305
19138
18211
14799
13310
21282
21241
28974
28181
24242
19667
23921
43453
18850
13538
18487
17585
19886
19242
21524
30495
12146
10281
26258
13034
28684
18491
39265
18734
15156
24435
17322
45828
17637
16868
23277
23631
19737
23728
31409
27900
35172
27374
22555
29267
19364
21735
15908
24711
18877
14309
36647
30083
18380
15712
22058
18343
15311
19327
26431
21426
20735
23627
15670
17426
15900
14506
19157
19501
24521
20258
21966
25069
39176
18313
22103
20541
19489
24122
17601
27179
17145
33151
21063
24973
28348
22403
19909
23602
17630
17818
30016
19267
15727
12897
25751
18303
15091
22022
24039
20217
19697
16083
14486
15382
17937
17694
24151
21844
21606
50640
20999
30622
30089
31365
41004
30745
14449
22258
25944
48938
34939
21457
23439
22755
29845
22206
45126
28878
33647
41728
33678
28670
20287
13812
36704
27852
20227
20414
24952
30016
20689
23291
20565
22328
23063
15761
25327
37270
43181
23510
16856
39489
43271
29059
34808
22731
26531
27133
9818
24122
18875
20390
13373
26873
14757
18361
33752
42670
15928
16341
22779
21087
36120
25211
28690
24224
19013
16012
21135
16833
21206
19147
26038
17561
19584
25958
16488
29205
19001
31611
46817
16294
28883
18332
20373
29324
19978
27057
34850
19981
18386
28387
14043
25053
20076
18075
13968
16176
14385
20744
20321
29886
20030
33843
21055
25468
26214
26403
20583
15444
19196
12111
24942
25790
36708
19451
12908
20140
19723
15421
19793
19018
21557
17779
24221
30913
62068
25108
27952
20708
47314
16845
33050
10000
19683
24248
25679
22248
21431
20855
29403
16259
15825
32683
22339
50358
50903
28255
47493
24041
20764
42533
33891
17116
24406
27016
34187
33165
25637
25387
35549
49636
15363
28903
22417
23382
34043
14669
17278
26972
36984
19512
32425
37929
16078
21837
17100
11511
21787
21134
13664
14166
34789
32779
25769
25446
40740
29795
20274
17076
11238
18941
28531
35202
15375
23523
11350
26218
20045
21263
23265
17817
20899
23445
24799
23550
21125
25472
17619
38418
27442
31083
40443
23266
32790
20257
19341
29152
17874
24612
21515
17192
23109
25544
17919
22727
28280
28370
19376
41828
21186
19245
38757
15325
22303
20534
25595
23064
28156
22516
23188
22190
17659
28551
13992
28274
23132
23701
23718
34228
26709
39121
22341
13220
19760
32165
18326
19761
11750
22482
22099
28780
25245
19687
19026
23086
22992
23187
36630
19066
17676
13238
24320
15713
19112
25640
14661
57321
19908
18019
19528
22748
22082
18536
23566
21947
15152
16463
27275
14168
19211
20265
24321
21683
31000
29299
22065
21727
18115
25576
28438
14514
29552
14449
15600
16483
25737
27509
19349
23799
20355
23280
20136
19715
18396
22987
19489
18905
22728
16865
18308
31378
28488
29649
24230
36860
17566
17491
26562
17866
19352
25583
21099
20293
16877
18868
24155
20970
34045
25373
19400
20397
18322
17147
26381
36917
43735
34853
14644
14687
22842
24897
17106
21411
28115
14395
20299
21265
17959
17602
25725
24149
19680
35884
45714
16388
41128
14136
23645
20682
11291
19575
15779
24828
12509
19404
23714
26669
21467
15430
24438
21993
19242
21928
16183
20931
19863
19429
23448
26704
15098
28165
19739
14790
27376
21811
45396
16349
12668
12066
17399
30791
11853
16078
23938
16483
22224
22703
32754
23522
22812
21700
31890
19710
14132
24368
20028
27805
49979
28788
23314
30365
24586
20129
22080
25558
18297
21564
43082
57810
15687
29250
37120
22390
22336
18088
22012
19871
17191
13948
22062
17752
23247
12799
14407
31528
11541
30746
15554
15008
18219
11955
22492
13199
29099
35214
25415
15137
22406
23643
29662
20972
16293
25065
12507
37027
22224
24410
34344
21733
18134
17479
13239
18474
20487
39142
18874
52395
59549
38227
26780
24835
15332
19347
15851
22293
20573
20163
12902
13165
20874
24224
19145
14796
19123
14496
19045
20109
24251
17440
34759
32012
18257
17922
26064
21866
16185
15189
21324
18188
39596
40847
33567
16918
25300
35546
23501
21806
9914
22328
20520
16508
24699
54623
13437
17209
17125
26303
30828
18650
32210
25764
19819
23280
13217
23771
27310
12793
18546
19735
12602
20009
17147
24571
18647
23832
22432
34200
18584
30369
33634
23893
24383
21123
17622
17770
36243
16940
25215
22189
30726
22867
22125
18165
17399
28570
15788
22379
20005
21473
24058
20579
11421
28801
22075
20987
17738
14891
29866
12939
25202
19432
22017
6360
28727
19954
27795
23399
21822
11099
17305
21892
32252
32725
22215
19078
18587
16956
27006
15841
20229
22996
21594
19807
25730
23746
17469
18785
13875
21035
19548
21376
18673
28203
23188
22408
15365
25287
20691
23872
19432
17511
33293
32481
18369
18413
21823
26984
19226
23324
18466
11861
23485
20600
27180
22155
38682
27098
21960
27983
6391
30592
18608
19541
12328
48119
16619
21814
11501
21705
22213
22747
27682
29794
18401
29302
23417
17100
25399
16279
34309
34592
13724
44298
48884
24216
35925
15470
22526
16585
19281
22781
18832
15993
9340
13771
14455
35003
19941
21676
21170
26292
28085
34894
16423
26418
28419
20630
19066
16813
18484
22400
37877
16739
17096
21851
22936
24309
25295
36237
17794
17861
26896
22878
12534
19937
23861
27542
20194
13784
18753
20575
19439
28246
36166
19078
23777
33605
25143
18800
19276
28473
25917
22577
21501
27524
16174
18934
18588
16869
14760
29256
23516
20078
14948
23296
20938
18825
31124
17553
52200
12126
17851
21644
21279
18033
21466
27937
19885
19036
31279
21768
25959
23570
26555
11474
24294
16818
22793
10903
23502
16723
17393
33606
24029
18697
40581
28760
21838
16766
16803
20383
19788
23977
19579
17337
16167
14806
20815
30335
31798
32076
15115
15119
22561
17559
18245
37211
21407
25069
27916
12492
17662
26597
35304
27569
15070
33100
19598
30154
31041
22544
54978
37208
21539
46287
24976
21694
22538
22811
17287
29559
28596
47719
36859
28105
16339
15550
25455
16223
29885
21735
26174
35677
19136
33865
26471
10432
19189
14251
24373
15194
15485
22382
24692
13194
34660
24798
10315
30933
17986
19422
33811
23021
25300
21814
25039
29863
47864
14858
20164
24912
19218
15106
18221
10298
20628
17658
32957
27532
16487
15845
19229
9868
24576
27573
19278
14460
26066
24775
20928
24541
27411
25757
19364
14803
24972
23120
21671
20975
19497
24618
16079
19845
18320
20073
24115
30316
27118
15612
17757
12059
15060
25305
35464
14811
16830
29061
18790
14238
25521
15851
25200
18146
18771
21350
48679
22320
12146
15626
11958
27409
20073
20164
21935
22877
32814
23129
28493
29287
53971
17487
20039
23385
20271
8658
12082
33235
24214
28648
21086
17114
16819
23141
16268
21312
12760
19009
27903
18823
18504
19524
33263
13928
14098
23362
23310
20813
20069
22836
18597
15346
17035
22036
25675
21644
17178
19899
25426
23775
21424
19647
24327
33221
22509
23978
33665
23324
24190
18007
26869
27574
17987
12060
28712
37182
42359
25596
24169
15223
22614
21171
22332
23530
22756
26668
22981
33879
15347
23662
23210
34428
26243
29529
20041
27738
25248
32906
28067
13982
14946
15149
15692
18703
20025
27298
24177
17722
22806
19413
15695
28436
49980
44067
27715
43370
20320
15334
19137
24474
20520
26229
17199
23490
18812
16908
21375
20525
23392
18738
17769
37449
23445
21968
13600
16135
21857
23889
20501
19696
31248
6463
24385
25596
17476
19085
20424
21514
24339
28578
21839
17499
14137
19811
18892
21465
28279
23500
20098
23561
24380
20529
22049
20089
26049
31213
17402
33221
24568
20410
27902
16837
17349
25453
24312
21852
11492
13850
23577
24228
13957
32343
22396
30300
17902
23251
28843
23497
16774
19983
15638
28990
36577
9834
21451
34254
14464
24312
27189
24289
17512
32755
19235
22269
14561
23160
27383
18733
16014
12775
15403
19066
20439
11952
26071
23617
19296
19393
23644
20876
18846
17416
32905
29260
24699
43735
10978
22562
23474
20984
30992
13399
15157
24480
17113
26064
11997
24135
25114
17280
39449
20346
32671
26722
20841
23429
33283
19403
14576
40101
20361
20425
25000
13759
20664
19265
26788
25736
17080
21637
22506
22394
25434
31629
16749
10422
19150
20164
35282
19318
33139
23912
19135
15478
25440
18595
21725
20511
19803
21592
22608
18718
15211
29745
25216
22634
23464
28004
20397
25942
18082
20605
23709
16910
19055
28747
14718
13220
15611
23835
32020
43152
21123
26727
26416
16721
28918
14870
20672
15678
16340
18788
18349
26419
27236
12819
18292
26577
27492
30126
23531
17328
30105
25490
14390
38785
12990
33669
44947
22096
17720
15795
34767
19798
16421
13663
14994
32135
10890
19603
29176
29300
36191
25930
22060
15570
28311
29733
22573
12950
14325
11012
12353
13848
14409
20660
18579
16050
32211
51239
33458
27278
26105
18819
21873
22294
21742
21143
14843
18534
19509
19237
16646
24345
32526
19273
15173
29240
21365
19687
23490
22176
27983
23397
25178
12300
20633
25638
20946
20578
13621
31725
20213
20878
31396
22778
28293
16746
11768
39596
25753
21295
22250
21141
13502
22680
24921
35463
20884
17923
15029
19008
23563
21889
22193
53458
54084
73671
25356
38538
14190
16701
15719
36190
26155
20400
16280
25094
24107
19383
53785
44329
22277
21837
22745
21532
19177
24920
23049
21148
25093
13711
31294
43985
20460
14053
17488
21769
15135
22087
19866
30248
22052
24173
19245
14807
21631
15418
23911
27853
22435
9765
23877
29617
14876
22151
18098
13985
30312
18985
32098
15719
23463
20239
30169
38316
22528
41641
16170
27391
25607
20486
34154
20465
22811
15892
17204
21397
22446
28323
18444
20554
22617
30502
19620
23268
31623
20183
24003
13575
19398
19460
26321
20302
44297
46239
20943
26138
20671
34538
20128
20702
9589
18340
23217
34910
16903
20728
19234
18212
22876
26236
18588
34428
25705
23960
27246
19153
17182
18637
16708
22348
15729
19742
21549
31121
20419
42341
26724
13077
20739
22762
21911
16376
41669
49434
19771
19787
24284
16916
13913
22022
24026
30424
31629
33933
14816
20659
24924
16401
18330
23020
31608
22689
25189
27369
25413
17064
16588
19639
21905
16595
18998
15896
15038
11337
35361
24042
12283
32244
28422
42471
34150
26164
22558
25425
14931
28118
14600
17101
27788
26832
16736
23522
20586
14802
25447
23228
36778
27409
26590
27634
21120
15303
17266
22289
13996
26801
17644
20923
30006
20392
48236
16989
29845
29974
15301
20530
19085
17396
19739
13196
24792
18103
21450
27407
17216
38757
24570
17353
19075
28344
24598
23873
23213
24673
23367
20117
29574
36971
37913
14272
16778
23853
24897
24627
15550
29089
20318
27232
22352
22266
20549
16243
20895
14222
21728
20960
22797
19325
33886
11709
26326
14688
20597
17783
17876
28570
20839
12871
20919
22529
19411
38699
18178
23823
21563
15036
20107
21268
17527
36051
21543
24733
19995
33036
26377
16613
24909
43778
35760
23599
12004
16743
32467
24217
23919
20669
19486
23949
20949
20153
19608
26425
19830
34580
10874
17673
23457
19653
25238
17487
39592
25030
34917
26825
28771
17382
16625
24938
11319
22501
23424
24991
18538
23038
46826
29077
21153
19672
17666
25794
18526
17122
20120
25907
27649
18493
29315
44592
21706
31784
25067
15722
21635
19790
16840
19507
16196
14306
22429
16111
23041
12456
27864
16335
25752
21819
29187
19246
20430
16514
20679
19198
35412
15564
45037
25377
23058
24922
31132
22969
15253
26536
26419
14147
32328
42201
24694
28358
36122
23247
22542
30596
28053
42664
9772
14455
18962
13659
23812
33018
39250
18899
25906
25191
26471
27800
21115
13187
16676
27648
15423
20821
15689
21435
22674
36897
17506
17605
18888
19192
33705
15801
29713
27993
23319
22153
17343
20009
22936
21566
13456
17059
14802
14239
18433
24682
33930
15100
15240
30778
36041
20678
17427
22389
15409
27198
17823
24833
12784
21635
23316
17516
28898
33312
20127
16390
24613
26929
14201
41055
20336
14019
21259
24408
18157
32934
15842
25419
27022
14318
11260
41263
19295
18170
28745
6921
18919
21757
27389
17042
16081
17930
28414
21473
20631
11260
32234
29525
24931
23942
25262
21146
22383
19441
14806
24652
20849
17480
18253
22621
28376
19745
13962
17591
20987
17894
13373
20349
20923
22700
27096
20495
19564
24573
41777
15386
22891
25478
26030
23322
36703
29496
16209
11916
33731
26974
32812
20234
15500
21605
36902
13097
6368
12467
20202
37622
20237
17605
16633
12720
32842
13607
27954
13819
17162
17319
19391
17892
26610
22210
21088
14900
32087
36059
14295
12602
17262
34443
23673
19442
10524
47587
30080
31083
18118
12480
17514
23071
26356
42005
42371
18141
15367
19632
22173
17024
16485
19280
18647
20676
23545
11203
29368
21972
21948
20501
34970
39451
48192
24170
24914
37597
24425
14460
18597
22449
18619
14868
28780
24158
17741
39778
10658
19142
22332
17498
13721
18029
21037
25613
21192
23130
22057
17437
24604
34481
19072
20709
18762
23920
11625
22209
19156
18398
24766
26112
47677
18385
22677
31479
34295
17345
12916
19884
12221
23476
15281
23253
21374
10809
24452
35657
23359
23540
17447
18923
17696
16948
22674
19699
45487
20973
12207
24897
57253
34644
30293
34327
21044
20465
26572
16946
16220
24135
21596
29052
44535
35880
19054
27062
36152
22894
23128
15998
24853
26845
16330
38071
17212
21785
26443
24830
37880
27593
37936
23580
21480
25040
25996
30044
23291
34820
27222
21108
21009
30616
21202
23663
33116
18444
21940
23810
21466
24389
17921
18652
23566
20931
17683
17810
17253
25368
10055
16954
20117
16716
29269
19440
20648
20587
22374
20603
18833
21211
18496
17574
33913
19490
18443
23387
15242
19466
22230
24981
20686
11644
23279
16775
24680
13969
30304
19214
15945
42516
46793
25174
24696
18949
21365
19745
38834
26323
24610
17015
22994
23837
29888
40497
22395
19015
32274
43593
40029
50501
30951
21151
27738
20310
28163
15363
17163
23200
24380
17489
22275
27749
46052
52676
19008
24494
20139
22843
23725
30585
23089
14450
22680
28891
16100
21999
21943
24110
51226
24140
22017
21836
33088
23688
19821
17697
22588
27737
14760
17762
30758
36911
29835
19820
43483
25470
23674
22780
32121
20723
23806
20424
32468
22260
26617
21339
22805
42222
20919
24702
32958
48023
28786
19413
43006
32367
33583
26378
16029
17100
32007
22914
31791
22413
30015
23229
19938
36270
44504
18067
19509
18648
17879
17513
22774
23743
45330
18367
19175
16427
14358
19511
21675
19079
16391
24189
19846
18164
32827
18186
23730
19810
13178
16742
27425
18445
37391
22317
45784
55334
22819
18157
32845
52999
28546
12429
20715
22522
28083
7276
30228
17003
28370
33189
31080
24015
24663
31067
34644
43344
26449
22190
31419
14505
32340
31739
34903
28478
19513
20153
17701
23620
18032
27797
20267
17058
19810
40443
18936
24343
28800
32681
21314
11974
14488
23910
14944
30158
38436
21320
13186
18375
19274
26283
22954
15021
21325
14618
25388
29156
20261
18527
24914
57093
17201
19328
23507
31013
36723
40213
14430
19158
26790
32018
14723
22226
25058
30318
20576
25804
34071
16266
18235
18020
24764
18692
17169
14108
16709
24869
21073
23740
18130
21067
22939
43767
35018
26173
11046
6497
25224
18070
15746
36412
30705
17705
16613
33079
20244
21542
30148
26581
29972
23771
23383
24141
13973
22801
38433
22506
29608
19779
24618
18567
19202
18689
14423
24819
13653
29359
25289
30000
26835
34834
20056
15551
16199
18194
17080
28839
54939
32356
18945
22218
37937
32774
41709
31144
27592
19584
19228
18265
24767
10663
26279
30474
18022
36485
18889
23308
27725
12003
28976
21383
26212
22021
27382
14309
17452
21736
21832
26962
21591
19757
41576
18467
12830
21876
25030
9858
26333
11535
16946
18362
14382
13717
20761
22450
23486
20111
19664
16471
27447
40248
15468
11165
16130
23933
20079
17515
29915
24334
25151
24600
29906
23945
26052
12695
14610
9810
12707
23390
17653
19228
14634
17146
29163
7607
21899
24632
23453
36559
14059
14574
9898
14824
15350
20213
22167
13933
21426
32089
16479
21972
43679
21279
22750
21349
21478
24935
21531
25061
32160
34381
43596
16069
22860
18537
19811
19438
31670
27687
19961
16218
16506
21837
12392
25182
22878
15158
16935
25747
13285
22573
40147
15663
23637
16334
19427
19128
28273
25641
35715
19835
23434
21169
22233
16503
20816
25198
42384
20251
19294
36956
22569
12084
25737
14294
14195
21342
15386
17701
25150
16983
22914
18297
16305
39609
18851
37947
17201
17610
19997
27786
14440
23499
29866
20529
18125
27345
26977
35022
14079
22313
16886
15485
23106
15767
32055
11617
30310
31489
45197
21502
25163
34912
23125
24743
19323
19971
15753
25757
19924
12991
14776
13381
19349
19620
17087
19978
15250
18736
29922
24197
22365
24674
20905
17489
22312
8664
16731
36508
17841
39201
20536
27804
22486
14856
27517
22096
26729
12713
19255
18411
20925
20681
36593
20891
21461
30767
25469
30170
17468
26772
19652
39416
20796
26251
32746
49755
24505
31761
18768
20093
26717
29601
22555
20378
43024
29564
22139
15844
25329
43174
56106
11251
18925
22468
18514
17929
25325
13687
13888
22525
30426
15935
16124
18596
17421
21702
16089
23008
14632
22650
34944
16423
19494
26982
34525
25220
31391
18273
23387
22179
28061
16384
30148
38578
26636
31837
24549
25870
20075
23814
38948
12126
32992
22402
26977
18684
23591
19813
19281
22793
29028
27391
17992
16214
14933
14947
17114
21159
32365
31433
21825
21714
16192
22149
17195
24614
16867
20197
20289
37253
18140
30623
27161
22295
22800
27441
16317
18703
25483
41410
19275
10810
24701
15791
11961
17446
60171
20058
20279
23795
21322
13185
25485
22234
26982
26782
26059
15818
34618
21999
16345
22481
15489
26499
27993
17585
19774
27818
21688
19031
18398
20963
14879
21415
29630
25322
35708
17012
31222
20048
19202
21179
11020
23909
19733
19246
16259
19279
18260
19004
18902
19473
18196
30237
19530
19177
33536
16431
27829
20922
31585
17868
30671
22709
14581
25885
21598
16031
29411
21212
18321
19926
20940
18241
21520
25324
18139
25143
24827
13159
18193
22355
25262
15616
19623
20413
18325
16970
22685
26517
15161
28747
15016
14069
15124
23995
18689
27594
39031
17258
25346
21384
19646
17977
18455
33886
18066
27944
27909
33424
16351
12794
13058
28222
23657
26668
13043
24527
20302
22089
32984
17448
22204
25639
15690
25986
21155
26407
19523
22936
34709
18092
23422
21754
24339
31955
19068
41899
23798
16516
44106
21723
22514
22123
19844
27252
34629
55955
20862
27215
27778
24594
21449
21126
26067
28981
23354
18635
23295
25528
20307
17324
25388
18897
29724
51768
23556
44052
17845
20316
22087
22589
23103
24172
13348
13576
16162
13383
29299
20825
29737
28337
27090
26049
18440
29235
15644
14415
20318
6018
15505
24299
34891
24165
21908
16332
18620
14353
16966
21349
25956
29208
17028
16451
26100
40137
11501
17757
16117
18950
21039
23408
27993
17171
19983
20191
28174
21087
25875
24252
27565
31303
35848
17476
29808
16062
27125
51903
55912
23511
16336
20148
13708
15144
17307
27062
15631
22158
27061
33021
20873
15529
17544
24369
21311
16061
20196
11227
20836
17936
19694
34889
25000
19816
39564
49508
30248
16294
24000
22209
20494
43449
16730
29824
12892
17619
20783
29593
24599
21653
22099
19115
10092
20108
13419
20625
17094
26735
45028
22860
24612
12860
22940
15893
21331
22295
18304
11579
18290
6670
22049
17801
21418
25796
15271
20171
14492
11233
25687
27996
19294
29593
19637
25817
28233
21328
34819
30324
34859
22327
23814
34975
17355
21096
21121
15074
21874
26687
9124
28032
13539
17754
39166
54252
16174
19825
43981
14924
20194
30309
17856
23327
14696
15314
20163
37589
25308
20376
17303
15294
14819
20551
17836
23077
13567
23357
27334
24805
10441
11382
22510
16115
21961
41472
33730
43926
58392
18678
53264
15770
16307
21618
26562
17328
18867
25715
19893
25857
20607
38128
32799
14786
26345
17622
25036
26034
21566
28646
31187
28559
24980
36039
19098
21878
13089
22988
17496
34365
21754
23385
19889
22476
30720
32169
11164
28150
17610
16868
32981
50536
17920
21804
26534
32387
25255
29164
17923
31585
15436
16473
16944
21225
21294
25386
22212
22070
15806
22727
19238
19091
20905
14457
32810
17674
15547
20729
17402
18144
23737
51090
16622
15413
12844
28796
21371
18880
15287
22150
15437
29531
15203
20290
15086
21653
23931
18070
21843
22012
19621
18628
24479
20874
15594
26164
16106
18674
19198
18921
31630
21019
23735
20583
33793
13694
18847
32405
39934
14020
20032
17699
14356
35456
26061
15873
37823
27857
23744
28424
23827
27292
24205
15798
36193
55547
45992
28602
25818
14131
32551
17237
20180
27634
21484
27160
13530
23578
17199
25507
14288
24523
20949
18902
17182
30026
19575
26133
20365
28598
26093
48110
31523
12614
24164
17365
13835
21420
19368
13887
15763
24561
25077
14088
20909
13815
52827
21997
13137
19163
23248
15960
26881
22091
26460
13997
16790
46717
20296
18012
25346
19260
16387
12669
27525
19282
23733
25176
22194
23330
23183
24120
12866
25978
16974
15182
16048
26197
16928
22141
25212
18684
22748
37410
21237
10684
19365
16411
18679
52061
18829
22784
15294
17614
21454
16670
21452
21504
19235
17592
22269
16485
30626
44943
17632
21433
15579
16302
33884
29626
18121
20327
19473
19069
13540
25519
23612
24045
28129
21861
29784
22463
24024
27496
18737
25935
20958
33922
30470
19430
20879
17239
21630
19463
19639
25627
20884
22554
13253
23566
23385
19358
25244
46872
15241
22397
20393
38680
19283
20364
14067
10180
21850
24756
9525
17908
22019
19114
26915
20975
17803
18587
25593
6051
26350
12683
24127
27570
24279
20623
17630
15315
40686
26602
14510
13016
37414
19525
10119
27503
19388
62467
28371
16373
30120
25750
23702
34686
16839
34715
34308
44374
28467
24411
20453
25192
15441
18472
20977
26471
20649
14853
26485
14279
27430
29297
32088
23255
29150
35422
25951
27620
18689
26620
26191
33338
43880
15461
13975
16987
20437
16566
45036
65890
22968
18081
20311
54164
26105
19887
31115
17888
23442
20246
40538
28477
28759
19348
9876
20434
40964
20428
40524
41514
20103
43024
38366
15784
18223
13195
21424
29431
20891
32207
37240
11940
18785
26122
13761
22869
19775
26403
23697
19676
19300
50815
35671
19835
16298
31184
18050
30048
19570
17819
19609
36524
21126
11264
22668
23690
36530
24788
14700
20497
11484
17434
15000
29891
16384
28205
15574
16179
20426
22006
33702
21228
27058
37248
28795
29854
30180
42500
20471
21621
15515
31054
20283
26745
16055
21233
24727
30001
19818
25528
45660
47972
25070
23071
14093
17065
28742
29516
20296
25640
12409
26339
18160
30958
25839
19868
19179
21607
33406
14315
20982
15498
22784
22918
22334
23735
23770
19081
27238
25266
25666
24944
19130
24827
24168
31955
28067
33892
56408
53409
52075
28426
18801
20571
19803
21427
19865
25464
27950
35091
15965
25607
29277
19008
39056
13163
28892
19570
22159
22777
24409
17199
21112
19948
12594
25448
18533
27326
21591
40396
33846
23225
19579
21400
21619
17964
21764
19135
27895
21379
20470
14599
24209
19682
30277
27823
24230
21434
24094
29595
32730
18274
14966
15254
22270
18882
20219
22320
13453
12332
21923
20738
35647
20109
15238
10979
24655
28249
21734
12838
18057
17839
42870
18054
17116
28659
23428
21340
20299
18931
26103
26573
22865
15830
20215
11343
19826
11664
23696
12861
31453
20758
22381
15689
18513
13504
28363
24795
23807
15178
19653
18284
38015
20486
24053
21722
25437
27516
26702
22119
20876
14013
21759
18771
18814
20530
20072
18313
23877
20222
27864
22356
22043
15931
16092
31430
28389
18565
27198
20988
23572
9222
22088
16594
23406
24337
27926
23223
16839
24101
24472
25169
20883
21843
18158
15600
17443
26204
23555
20179
25011
18313
24868
24147
18752
20106
25978
21662
24270
27198
27669
25563
17109
19428
28803
21465
22086
62184
18090
14891
20901
18827
17322
26895
20055
25667
26520
29199
23085
22722
26933
13085
19856
40508
21878
24498
15927
24753
27881
18301
16515
17412
20575
19564
15857
14178
20949
26145
14856
20116
19576
19779
21094
29519
30108
19602
12820
29754
13492
28715
23031
42242
16808
22633
11150
27535
19268
13102
13300
19955
15563
18971
16185
19801
39002
18334
27306
22335
21446
21323
47963
21526
17207
19322
17063
34229
27398
16659
13658
24015
18269
11864
20374
21248
18444
16771
19843
20606
18782
24169
24010
20430
17053
14473
18144
20335
38935
27364
18202
30543
19249
26190
21937
17051
14415
21058
21080
19362
21150
27939
26684
20738
26646
42895
23522
22401
25087
19297
21411
22114
23510
19582
24416
15570
26003
47405
30757
25128
17244
27220
21455
29593
17975
21220
23348
19544
15445
17641
26835
20264
23971
34861
15619
19351
22045
22803
34047
26978
46806
13367
21944
19289
19934
22248
23718
24199
19759
27150
16791
60993
35921
18431
27233
13311
17705
20316
15911
21333
9872
19559
34509
33820
35851
19999
16866
13065
19634
27516
22684
24092
29089
51195
18560
15245
21182
13249
35426
36967
18452
16621
25693
22165
22236
30206
21577
18324
24210
22045
23231
30386
15677
16966
23178
22877
34452
22742
21063
23480
25795
15425
15098
15824
16739
16571
21900
18390
34363
15357
27056
25408
15692
19409
19364
27157
14705
15355
18835
19044
19943
31398
12141
45048
29594
15668
18081
9454
24590
25900
40570
35506
10534
9834
21066
20720
21875
22474
25996
17786
10710
21096
26914
24571
17369
19054
24015
17802
17741
21349
21094
19996
17908
13295
16576
17311
21449
11817
23636
15267
22571
34518
19705
33590
9441
20516
24756
21782
25028
20438
24384
21570
20195
25688
15759
26745
36259
31956
24923
16806
21504
18588
29264
25449
23548
23967
28696
20098
31966
32261
17975
21799
26640
17973
29832
29200
40477
24699
22512
17763
30204
30617
7525
16685
22088
16948
21910
34744
45925
18800
21081
25004
22397
19980
25367
36277
21117
19247
27730
15123
35154
20178
36839
21526
32299
56255
20477
15055
23568
22090
20558
22841
22760
16817
26155
36833
54225
14313
20650
19421
17227
19690
27690
26320
23874
20560
15473
23278
23453
21022
19770
17322
20271
34026
28149
13257
20405
23898
23547
17409
13550
12792
25279
22016
18988
17897
24857
36636
16830
26466
23600
16716
33229
18193
20053
16288
17366
24884
18958
18038
18086
18010
33786
17401
19962
15231
15619
16800
20895
20383
31396
34352
19789
17959
20553
18513
14835
33021
17151
22342
25353
21501
21446
28001
29995
18162
32445
21342
23780
9997
19028
24384
15175
29087
31042
22561
20418
34575
24719
16621
32715
19840
23274
15947
18517
20472
20434
23630
18253
15251
28366
25698
18998
23455
19707
14498
39304
37441
39381
35116
16455
26662
32990
46755
51067
23720
41770
21690
30511
14616
21440
15460
34864
21722
19676
36244
18075
23113
28231
22248
24752
18307
19751
15548
14641
21441
10602
21308
21638
29925
17782
24086
24267
20373
29247
17253
28022
27664
16529
15191
29656
27521
15983
19119
26234
24728
24040
17172
18436
24197
24496
10835
17459
24212
22367
24067
21415
21364
25778
37963
35430
25195
26026
17552
29889
26593
21684
25017
44446
58770
15187
27422
26512
13607
21580
18272
20675
21516
15565
23612
14151
29101
55744
22617
24699
20106
22278
42125
48713
69951
27614
21209
14975
18061
22000
33799
12447
25369
28586
48369
74205
14828
21068
20405
15791
20653
13630
20548
20216
25127
52041
9681
27951
20309
42056
23268
25084
35724
23434
17202
16094
18340
20009
24980
23658
18443
25515
20892
14613
31456
30460
50998
20301
25126
17363
27188
19391
22976
32274
25147
18361
12496
20421
41417
18620
21462
22353
23953
41433
23661
20751
34035
21837
16896
20466
15048
12071
18406
24150
8777
20066
7983
9194
20318
18668
19114
20714
23425
25294
18413
14292
16904
25050
40455
16299
16264
18445
21903
13140
20174
19886
34804
21095
20229
14629
20259
25803
30576
18789
45966
47707
18560
30400
18262
19558
14757
18314
23007
13090
30908
16016
13218
26786
34907
17602
17998
20363
15084
20957
17961
43183
27230
39178
17481
18086
24384
23468
24886
16472
22284
22340
17514
20909
23245
32922
18627
13872
17886
21045
15649
16930
28228
14092
20677
34799
47476
17103
24006
20367
23325
14822
12490
20191
20497
16213
39576
22397
45246
21535
21834
22453
17140
12270
10926
21097
15611
22049
29301
57340
20981
10826
22687
32942
29058
30372
29421
19376
26578
16266
20041
19544
18167
13757
30393
38232
15947
14198
14448
38432
19191
24929
24699
10638
13298
16998
29503
8917
15341
17974
19929
27907
17084
26887
16773
16071
13707
22385
12235
24686
12030
20401
17804
25437
17572
21126
20562
12066
15819
31295
23725
25115
33120
23822
14497
23659
18166
41065
22879
24870
20443
20079
21205
10022
12467
13538
24087
19696
14728
20974
20546
22211
22847
20927
19414
23811
18813
18826
28980
16060
9837
20419
35659
43417
15379
25369
11658
24862
20852
22899
17087
26582
18994
22800
18495
23129
23862
17792
24166
20993
24705
22596
22761
20093
32588
19723
14808
26699
19357
18414
39677
37638
19491
21988
24190
25941
21067
20568
11457
21121
17721
23450
18020
51991
29136
22402
36270
21184
28143
33831
40155
22403
17654
11784
14473
19895
12071
22692
32920
19745
19832
13395
23743
27055
12882
23063
26101
26765
17399
22166
30869
13741
17347
29565
19262
23305
23066
20875
23133
15776
20502
36573
16262
16303
20991
24762
26577
33617
33170
25028
16147
15257
23114
21991
19609
18465
19365
14371
20722
19016
18559
22342
21117
35460
15158
15357
26596
16890
39808
14168
21833
28495
15171
24911
16041
16043
9326
10967
17527
18459
27065
17103
19340
20744
11845
18231
18824
20852
18570
17685
21758
16579
15407
25758
24866
23441
23148
15005
19768
14248
22096
40382
19128
20194
16719
34210
25843
20398
25354
15904
18905
21062
25145
16612
20844
17665
14347
22908
17193
21517
23333
21736
14299
41637
42693
15461
19092
13603
18834
17183
26303
22928
12466
21415
14212
18186
16221
17816
22298
17194
15878
28976
16192
15546
19855
20205
16420
12123
25874
20715
49656
17231
17520
24456
37357
53433
56858
15420
16410
19314
28052
23158
13149
18652
13918
21947
20210
12938
17782
17238
33322
48845
29889
19825
18576
34511
22244
21335
18904
18686
22870
22579
34604
40290
15293
23669
42900
19449
29821
15158
17619
19370
27428
29961
16666
30395
16773
17186
12740
15609
21413
15930
20427
29922
23839
18038
25456
29068
15195
24037
19453
21357
16206
19311
10720
20732
18532
19087
21216
25304
26220
25219
20253
29829
25717
23852
29447
18068
15837
17670
32106
23644
30394
20930
14247
20404
28054
23988
24045
13136
14659
17781
18087
19886
19606
29403
14745
34915
35269
12922
34435
35472
21060
20483
20488
23507
19990
22113
13771
19132
13493
23839
24528
14898
15490
28474
36954
14184
19449
21285
21643
25796
16019
11117
15990
22251
27399
15811
17992
39181
16214
21265
14876
18364
26059
15574
20071
13804
19269
29861
19889
17386
29473
36566
43768
15053
24947
38781
29797
41424
27342
20026
28163
18430
19832
14526
22848
20206
16317
35196
21999
31580
27038
24837
20562
18574
44790
15128
11617
12743
15639
26504
22358
25247
22534
42323
53706
19584
22404
9168
15562
32835
18037
16878
20520
23036
15117
21557
35232
24999
22883
22769
28331
25393
15672
17691
15965
22047
13835
19656
19628
26612
22403
28307
25432
39823
15620
26789
32386
25102
21413
18463
16312
21542
37265
20479
21563
32734
15855
19082
17987
25724
50665
23789
32440
20439
21888
26953
23005
20638
16222
17323
17705
17127
20082
25138
23681
20279
35316
27760
20107
16782
20535
19293
16270
20041
15691
27956
39459
22411
30365
11382
31871
21602
41833
39636
17266
17001
28157
15443
23835
26204
17819
18419
14535
27461
19040
11637
19374
15197
19500
23224
21599
30351
16201
17274
12861
30085
17682
23044
22901
14480
15665
23800
18640
17345
21695
15152
13185
19304
19740
23163
27049
25268
13034
32470
20763
11427
16466
20563
18993
13849
15347
18766
12634
21634
23400
48997
54322
21096
10555
20996
18067
21667
20260
23087
11111
16834
14160
20908
18877
20167
16677
25952
24506
28230
20607
16530
15794
24887
25683
13410
13855
28283
27120
17987
18399
17525
13849
14694
26421
27436
21466
22343
11336
17823
27537
26895
13157
14070
23549
18733
39307
20372
18479
20231
19319
19738
26729
52154
18145
11621
32087
16030
17968
16198
19410
9094
21211
19506
45776
23780
24445
22872
18626
24980
23480
23233
18752
20003
21107
22091
20677
23240
13035
17133
24195
19206
37420
21669
23608
13211
18838
23410
22901
24158
21056
13247
21551
18133
14127
30996
19894
28617
25129
20386
26661
18793
32025
14525
13355
15572
17758
38994
14708
17268
27257
17055
33195
20447
35079
18685
20595
30132
20888
18968
21114
29493
27226
39639
28830
29272
25687
20993
15483
27477
23182
18606
37598
19396
18674
27503
30855
23592
7293
15400
28684
34365
20995
25077
12333
20521
15752
17358
17720
47962
19993
16622
29638
25161
13734
21196
22000
18677
27212
10482
28156
10351
15128
18031
12385
13391
21903
16897
26068
25550
20941
21788
19094
22479
16532
20045
31279
18680
33028
28604
37120
15822
25335
18480
20273
15042
14786
24939
27514
16965
19567
20197
17957
22609
21220
15524
23970
30007
28549
61893
17713
20844
29092
35311
18716
28421
24090
24559
17291
21639
20619
20735
22722
27041
16003
13625
28861
23872
38878
15454
33329
42970
13815
18079
22066
22323
13952
20391
18700
25608
10283
22713
11321
20712
20003
19071
18054
22639
26291
21732
35287
35485
19640
24074
16819
20896
23023
18007
23440
22772
22567
28075
19646
13044
23526
33562
23588
18646
20552
16011
18741
19184
23564
15906
14704
12661
19875
19226
25241
19621
18899
17349
22661
21757
39979
30879
25881
19895
12620
30893
15276
19044
17524
18160
24201
21443
22871
17690
19360
22535
37850
17072
10052
15745
26525
19705
33454
28146
10071
28381
24316
23969
26433
22032
17107
22582
19328
22823
17134
26719
34391
31120
15697
15075
27718
23466
17874
12973
19019
25592
26827
27511
37080
24486
18687
19002
22016
20562
21797
21029
13915
21163
9802
17362
29783
22768
14919
22880
23199
21723
43859
54425
22078
29200
13703
13156
19489
20781
12756
25428
14554
16796
11058
24165
13607
33240
39050
20542
26946
29003
24632
12090
19751
28034
31188
18953
22981
20206
18864
13960
23582
15672
20212
23275
13440
20856
18426
13077
17545
21424
22640
19908
14850
26489
14727
30626
15852
10497
23680
13223
18720
11531
16416
28366
16733
21348
32259
16799
22022
19112
16419
22742
17562
21591
85585
32083
37132
21373
17229
32490
27380
14978
16711
24972
12008
24561
24505
35371
27886
12744
23809
25567
26706
30694
31612
19244
20519
21300
14308
25614
34056
22642
28456
10908
22597
18609
16355
16555
13479
26392
46382
56381
24412
22748
31622
53687
13338
21182
21537
24165
14731
18150
19176
20086
17014
15867
24668
34860
22455
21612
23644
16645
11806
24338
28920
15097
12274
29508
26662
36862
36543
25851
20685
24279
25371
21090
22847
20684
14506
27364
22508
13854
13451
11179
25700
20441
21810
24689
19388
15884
16383
26688
25536
18883
12647
20697
18611
15732
16943
22975
17961
20070
28167
15720
19720
21035
15070
25048
19141
16428
13935
24702
23277
25604
44191
23762
12780
15014
17987
18804
25996
22459
22487
20285
19932
18460
17531
19043
19466
19628
13411
13429
20395
21388
25387
13270
11560
26159
17200
21502
20790
17717
16636
17566
23236
20479
22389
21484
21449
24056
19828
16800
20338
26908
28303
30304
15908
24018
17543
42562
16239
31126
19317
16426
30208
18053
22056
21703
28459
17808
19505
27329
20168
19622
21401
16876
17565
23484
14051
21612
23191
29168
19551
19073
61731
16482
18577
15734
29798
21520
30228
26628
30835
20551
23611
15646
18851
27092
20933
26269
25452
19987
23488
13329
27189
31377
14835
21601
10706
16765
17397
35554
24283
26173
33196
15063
23722
25216
20858
9655
10625
20141
14131
10727
18064
15337
19919
18871
25421
51936
28145
25481
26209
36340
43485
11982
40325
13842
23176
15037
24464
30622
30732
52668
21399
30879
10617
20768
18138
10058
18240
17836
19330
31197
37159
21244
21413
19510
11640
18349
28360
17753
16600
25081
12337
21036
17503
15351
20719
16972
25917
23339
16616
19187
25856
24716
20858
28036
26081
28130
41067
14591
19968
16207
18735
31268
32847
33418
28908
20313
30218
25488
27904
22266
31036
24679
18774
22932
22512
15645
22994
19699
24254
17276
16356
14540
21812
18927
19991
16861
29847
31420
12292
23262
27201
18382
24623
53966
27134
19655
18769
19416
27059
23654
44407
23657
24029
16599
13708
24091
19367
14751
17672
17137
17588
20486
7402
17519
18097
18199
17638
14283
28428
43679
25435
22932
13676
29267
35678
12713
19964
19016
21148
22635
14526
19945
14684
21343
22167
37545
14494
20252
26207
20380
12817
32771
21201
26600
12419
12676
23479
20092
18135
23196
23772
41107
27004
22375
20544
23226
17671
23788
15434
22307
19782
11412
17711
20093
29818
19936
30284
11298
16598
22756
34616
27490
24914
11904
22115
23108
24019
17209
12912
14985
9363
26101
12245
23675
19156
22436
29634
36789
15167
20204
31229
39432
23006
17552
21225
17001
15200
55256
20813
11387
33122
27286
36469
18449
27117
14054
20960
16333
25976
22003
24913
19827
16658
20094
19304
15917
23839
21394
35299
24739
15717
19331
17783
14051
12556
24626
21057
14625
14640
18214
22733
14334
30083
19263
28678
22041
15405
25029
18279
27475
17071
20102
16527
28372
12598
28525
20807
24239
15301
22477
19287
15910
20793
20980
27028
19997
18364
17758
18729
25899
19141
17923
25306
36957
22069
15647
18329
29021
24422
22476
34113
23609
28304
31412
19798
15927
15758
21001
17735
19713
15232
13485
16598
17662
19271
21039
24726
22241
21749
40403
20345
20722
26227
14087
15341
19008
17471
25450
31635
15439
15463
25664
18970
52538
70547
29488
26026
18931
20854
10986
19180
20102
15700
17269
23699
16189
19832
17965
22463
28852
11513
24046
28485
32653
23875
16488
20364
21854
21045
36786
20874
26752
32049
16881
12651
30862
23241
35420
17946
22986
16904
12667
18886
18326
23126
25995
46397
34626
16240
16862
27907
23780
31175
19067
14171
30554
25119
25716
17611
20248
16226
13462
15517
10131
14328
44815
45639
33843
13239
20643
27442
20930
20025
34021
23717
37860
13515
37437
30020
15321
30729
46741
20335
15250
14265
15914
31119
20725
27462
14731
11247
21588
21385
16433
22948
21667
31962
21736
22896
22506
15456
23880
19276
19928
41375
42554
18997
30449
21941
21741
23592
29954
16999
26873
20460
44928
18935
21241
21640
25123
49145
22534
25208
24920
26429
8594
24996
23717
18017
11944
17675
20071
17224
20689
21544
21384
19485
21967
32058
17941
18925
29612
16130
21100
15059
21176
19271
23861
24159
9430
16569
27016
29259
20385
17113
17398
35286
24605
18859
17574
27362
44203
25825
22340
16683
18576
14858
34866
23352
23609
15479
22371
24118
23353
16519
21553
22894
36409
29308
24582
26527
24923
22184
18006
20357
21019
28597
23022
24841
18762
13897
30963
14357
26248
22996
17137
24172
11913
14320
22293
27779
17803
19229
18973
17694
14930
15232
18321
12263
15314
29489
65449
20525
25686
18724
18438
25151
16110
26030
22122
14543
22353
35389
22499
31773
18467
18000
19712
17593
19705
19386
28170
19398
16024
19424
26573
32406
32867
15649
17569
18198
21558
11315
17792
21020
20047
20909
24442
22716
19544
26214
30836
19792
33458
21644
18618
42215
35319
18211
18593
23241
21454
33492
20110
21981
28050
21334
32947
9675
23296
15126
26302
26916
22170
39221
18602
23819
20344
28677
20278
11825
22308
21806
23346
22025
27778
13619
22487
17141
25896
29608
26356
15872
24644
16061
27289
20446
20542
15588
19544
18617
20300
32968
41683
41998
18294
17235
17989
20666
23890
18709
18785
16773
16526
47361
17598
22592
10816
26112
18845
15523
10557
30801
33838
16654
22773
14324
23829
25284
15345
16656
14576
20231
22611
18099
17787
21964
37180
17704
20609
21490
31339
22143
41582
29208
16018
23745
20404
19611
30104
26008
21946
18335
21381
25487
17042
17123
22887
21576
18121
20961
27779
22274
25037
28615
17165
16018
11931
20135
28632
24486
28253
14533
25477
17314
23380
24266
30720
12603
21766
22477
21668
17907
18158
29812
20324
16519
19605
20094
19662
18608
20643
15702
33466
19616
20339
14897
21915
17781
13331
19264
11006
29841
19233
21548
34703
19092
25354
15869
15705
28946
18409
19201
30970
28126
16356
15957
8194
29880
16879
22345
22893
20165
26196
14005
19540
58930
15740
22327
16093
21378
23841
13136
23315
25767
18834
14571
22542
21796
25947
19659
21434
12983
36551
32394
48367
22297
27207
15211
27575
41118
56298
19079
35203
36574
23346
21282
34766
28436
22604
21396
20626
23608
12543
25617
17147
19084
21016
21270
13881
26989
17142
24838
17562
21875
21760
21660
17186
23080
25240
44702
23063
23070
21070
36235
23364
15701
22833
22573
23202
35818
18889
24774
17156
22076
21880
20571
49203
26366
18209
20423
25989
24982
17375
35184
12184
12339
23962
18183
30042
29616
11981
24388
20372
23273
17132
14967
28756
17021
29651
16542
18409
14473
37080
26360
24970
21041
24796
19793
23360
13323
21262
31852
21075
19853
15838
33951
22325
21799
16363
19619
18996
22093
14709
28914
25652
18835
16517
10544
23365
25871
24859
16552
11474
21550
20230
15360
19148
23565
23846
27114
22087
21516
13976
22583
18062
23810
38325
23298
28834
22102
24165
14355
20908
30358
17766
28045
40194
25513
44067
26568
34927
14689
29273
23879
43917
19855
21019
14559
22128
10347
16062
16365
9811
23021
40188
19962
26816
23171
13750
20855
24870
26157
32119
51808
21874
34829
50493
20620
19792
22083
15944
19036
16385
15639
26994
17196
18525
19658
16834
16573
26364
29361
17991
24787
25518
22772
14531
11915
16474
12100
22978
23878
13723
19035
34822
30072
31893
19125
20135
17921
22549
22499
22878
24177
13078
28294
20424
25204
13761
28002
19102
24979
27514
22508
19993
23574
22641
31049
22068
50452
22659
33608
31982
47247
21876
21138
28353
20926
16123
16602
18519
16889
24026
31768
16652
22595
24397
24488
17196
21135
24976
40290
17595
19446
22335
18727
25998
34965
22617
22712
27608
26428
20436
20118
21874
21663
26856
20890
18083
13875
21324
22427
16987
11294
17963
19564
15690
23410
21178
19316
34987
22562
16387
20031
29404
20507
36748
23016
10297
20464
29859
23707
14812
21348
22222
13977
13493
30366
19764
21769
24706
15111
16384
25349
21981
12618
25194
20297
17597
21675
22941
19963
36335
55761
23660
17914
13268
18627
24104
24899
28916
13349
34016
23104
21740
19120
17424
19651
22579
31804
27013
21854
22385
26546
19712
16812
14109
20516
17299
19669
32616
16535
25299
18680
21820
18384
37892
17586
19233
16463
23232
13101
13609
24098
14173
13465
20950
21316
31866
22137
18007
30834
24582
29500
45712
32182
16169
19024
55070
10962
21535
19791
44731
17415
22812
12949
27744
22221
20657
23506
24100
37008
17794
19228
20676
33263
15180
29317
15539
18595
13905
17478
24371
31325
50601
21081
18842
21756
10865
12944
23869
23382
16117
19690
32836
22502
15070
14535
16950
23762
21289
29783
15152
19387
44556
19879
20673
18262
31236
30054
30295
25498
19638
16634
24839
15291
35425
61469
29075
16557
33190
27134
26863
27541
22420
10384
28576
29952
20117
22109
20887
29263
19574
16456
25123
13155
16282
25147
22041
12620
22901
13564
21211
22074
21083
20591
32573
29679
29885
17619
20825
24717
22225
17930
21663
30336
20585
21198
18406
18063
27039
15965
22615
30793
16874
28728
16979
20396
19920
15931
12556
19070
28567
34394
13908
21318
25840
17542
22959
14589
17755
19384
23386
19307
15767
28399
17858
37347
35073
44229
19812
38405
22214
22268
25083
23610
15410
36901
24496
23595
21351
24109
23462
26508
25505
7688
23553
18535
6869
24212
13327
33587
16108
31549
49673
23880
19332
14143
19188
13398
15868
12390
28748
22943
16667
19168
16308
31984
18542
13059
15066
19271
31856
25463
19996
32583
23517
24813
34568
17588
23523
18030
20900
16352
17106
17970
16887
20529
25031
17305
31429
20938
34320
19653
24455
25255
24770
23050
19881
19416
21826
21619
19686
22680
45949
24813
18046
20962
24933
40490
62833
36243
36090
32835
14749
21040
18785
26237
28242
17028
19929
22277
20223
12490
36699
12069
12432
12373
19487
27762
13686
20517
37366
37036
14917
17204
16063
11792
23695
17516
19117
26586
23535
39351
30890
24531
21982
33076
20001
20975
24348
20038
11589
15277
22295
19293
26080
31136
24274
19783
17015
37708
22081
17204
22602
34783
19662
17948
25150
18122
21189
20962
9502
17078
18368
25770
35417
19770
11845
13054
25344
23899
17560
19656
23585
33932
19998
26687
20484
17067
14176
27366
18508
14139
15605
23033
26081
24033
16671
20147
18157
19493
23418
24014
21451
13140
19436
32784
24820
14485
21272
18532
19275
36581
22135
23408
29503
46287
31768
13436
15217
23052
37531
16210
16219
24084
13457
32556
47120
20128
23480
14741
37120
29508
35107
41634
25612
32743
17595
18900
22853
18971
22776
14414
21828
31901
28649
17472
20087
16059
26636
19411
21025
16622
19960
24187
39590
24019
41896
41827
24803
20780
16825
25538
18276
17709
19999
37233
16640
23319
31587
16280
26840
36090
19031
23480
23279
39134
34439
18796
20132
21872
27412
24437
17715
33567
17465
22458
14063
26381
20940
25252
26820
24833
22297
15564
20678
25286
23181
34620
20035
27544
20985
12145
25145
30715
20596
18577
18216
27105
22533
22361
34560
20380
22721
11629
23723
15126
22683
19491
20756
27409
20433
15307
17208
25157
35101
36947
26868
11466
20134
34055
20563
28872
45613
20708
17406
19223
15399
22850
42073
29311
22238
24490
32515
18378
13752
17452
15550
21328
20854
19199
44361
23146
14526
22217
24592
31881
18863
17898
19175
17202
22777
22147
22876
16817
21598
17196
20273
20686
22479
17550
14009
17816
30060
15327
21623
25977
22308
29309
12703
18474
20694
19523
25482
18084
16427
13931
20873
15821
18714
22307
13932
21800
18991
42567
29755
34720
22078
30364
16481
26440
21331
16580
19134
38103
33515
17140
14347
21624
30397
26663
25289
20145
27011
22825
22104
28933
20474
26561
20332
18829
16576
25333
20615
24336
19875
14654
35533
12117
17338
17828
18178
23551
14801
14097
16489
30146
15504
22001
15089
28049
38122
39809
26498
21573
28003
21544
22638
39124
17045
23338
35842
20334
25092
16193
18789
15034
25221
27836
14809
21722
17000
22001
19134
13457
23397
16343
25138
18496
19884
28558
18548
36905
44770
22407
17366
20092
18489
23281
26265
12197
38643
23985
21585
22157
15173
18834
20487
26623
12162
36445
17519
11952
29295
25999
22811
16696
28618
25075
20671
20836
27066
24950
21575
23093
12553
18448
15769
19768
30419
29092
21735
22009
22875
12112
31141
14464
20028
26384
16110
27962
31607
13172
25218
12994
33091
17875
20797
35847
22997
15446
17183
21053
32365
12065
21842
23768
19888
39928
22966
22493
17818
47662
41110
25018
17507
20894
19777
19257
18347
30329
15995
25467
49145
69334
33771
47381
28304
32032
24549
28132
15583
27580
21412
31986
49667
54414
27637
13996
16606
18794
28671
31038
14685
10909
27147
23680
16981
19305
18434
14287
20822
17187
14488
19108
18878
23301
30198
28397
20566
20498
15535
15877
20395
26530
17452
20445
22683
22756
17490
20275
24228
15627
21258
28944
25818
16790
17658
22216
17297
19206
17365
39898
17348
10291
23193
35093
11899
10339
24646
25556
22899
37948
39260
27593
18480
23432
18910
20656
13518
24814
16918
22674
15089
37860
25750
23851
13209
18550
22381
11588
20907
25381
28819
18897
22238
31368
24651
28611
11524
6668
20223
20681
22795
24746
17090
39140
14150
17826
19345
24516
33566
20006
19895
28129
16961
19934
37483
50132
17202
32980
21217
13134
24550
15612
19458
28140
23091
19935
18832
13015
27910
17204
13241
24757
26911
20562
23702
27333
15698
18144
22496
41218
26358
11489
15441
13395
23940
35485
31877
26251
18789
21391
27687
28687
20307
16489
23803
32388
23482
20652
32289
28590
24285
55578
24085
10778
19896
25920
32160
15577
38144
39120
23187
20723
30311
21075
31261
46949
14488
16314
17851
19911
13215
17251
28936
23990
36021
14559
26954
27709
13100
31506
26540
27344
24690
16425
22247
27866
25681
15039
18363
16648
14028
9596
18268
24439
22171
18536
24137
14088
22993
17689
22781
43472
29980
9664
20077
15814
26622
14831
15861
21930
31670
18523
50070
57830
47291
33752
51923
20131
20827
17820
17473
20887
22383
20239
24282
17674
21356
19978
26128
19314
17725
20593
18627
15773
21853
22222
33842
27854
18922
52469
65369
19503
24031
11913
19801
15028
19399
30291
20135
28885
25060
23615
36808
38456
30601
19311
14622
19005
16414
14828
16774
17956
22375
14162
17686
21707
17475
16495
20175
21564
20296
20948
23249
25095
14986
19970
25194
22063
16142
17632
17891
20374
19524
21226
27060
31608
40896
15065
18241
23385
16925
25478
31153
17124
15064
23026
12760
14892
22905
21181
19087
21855
17817
25402
18048
14560
15181
13836
23243
16520
13892
15554
19470
40524
31644
33838
22346
24517
31501
30453
23205
18937
23478
15242
22421
17083
24661
17039
27027
29799
24481
23469
31341
26757
24389
17520
23519
20669
23271
23180
17375
21838
20895
21947
34263
19646
29174
25911
36729
24193
25862
23517
16369
16861
14511
13708
23232
19796
27435
25108
42467
21165
19860
25369
22429
18677
20237
29471
17568
16676
14948
19301
17595
24048
21205
24847
18670
19444
29191
38413
26192
26345
14982
12468
20356
25696
18624
15486
26507
21137
24527
44254
57555
20059
25123
17868
15649
26810
42708
18696
32886
22811
14953
16489
22447
30030
22105
30415
22647
13378
25538
19721
21760
29660
14993
18158
28971
18875
18726
20806
26576
23116
16662
23928
22188
22048
11785
27188
24550
16246
14374
22094
16486
20237
21457
22414
18633
19500
14654
30872
20519
33577
21448
18276
21884
32926
26584
27407
26196
22978
21616
21532
12979
19826
18886
23220
28146
16995
26291
17480
25681
16691
14392
37720
33815
24914
20628
21595
20414
23743
33685
19120
14680
15246
16071
20051
35689
11434
21841
19163
17599
26106
32873
12527
37092
25182
22714
20661
20817
12539
17468
18722
20689
18598
12705
19318
18249
30120
11792
19507
19530
23707
15014
24318
33986
27057
15154
23330
29454
19879
19896
27906
18483
26553
17737
20167
35188
22224
16617
21063
27241
47349
12740
17270
31252
46425
29148
28407
21987
12922
21094
29564
15849
24753
14984
18201
26448
18302
27659
15853
14920
28430
20321
18839
23920
13018
20154
32255
29287
24207
27528
35083
15247
21609
12721
19001
13214
23102
35965
32786
40392
19392
21520
18161
19714
26118
17686
20003
32968
31535
23808
15083
21418
17492
20340
23429
22823
21060
23048
35770
21421
19884
19016
15560
17656
28570
19829
9712
39026
16953
21179
30932
13326
20974
19725
27392
24770
18119
24160
46686
31013
26428
30422
23255
21261
19665
20694
21012
21454
30306
19112
21406
16058
29325
16579
18189
23732
13708
21548
24600
21958
36264
19478
14306
42793
24053
25091
24004
40567
26986
19359
20054
66065
22402
23566
18800
13946
18551
16143
22516
21806
12100
34320
27495
22704
19962
34466
15458
18028
12850
21864
25976
21159
16715
17319
17951
42244
19677
19152
22434
42092
21749
19148
27136
18091
26507
29622
37057
15414
31875
20511
22376
22957
17637
18048
21722
14137
15733
22538
19722
14175
22400
20641
12293
17649
20545
18245
17019
16665
15041
18309
20207
20853
42325
18711
27376
13517
32063
16229
18290
19465
19668
21337
22667
23211
22713
14848
17895
17803
32954
25746
19580
13512
21542
24095
22483
17003
19217
18686
23237
55574
18295
31910
16969
26583
10787
15607
17894
32614
27233
24578
15983
15152
27647
17756
24958
13791
20733
20649
21740
25118
19038
26687
28674
24565
21874
17375
30307
14724
29286
24016
26048
27988
19417
19793
21174
13632
26570
31041
20485
19757
23350
15487
20677
29724
17416
16487
25698
22148
17986
27445
23479
27689
18911
15274
34510
17988
19848
18851
23719
16431
15092
24195
25052
33540
15765
10907
23582
23498
20358
17685
22945
22379
21927
23756
19839
13250
21208
33873
33068
54904
16274
16743
18622
14600
31604
21283
20970
24759
16494
20573
23017
23508
22146
26796
20038
17102
15806
40011
18786
14159
25409
33751
20215
22275
23505
26213
18069
20544
23148
36643
11866
17879
27831
22636
28884
32756
18871
18790
16923
27362
18228
20335
21148
14038
24140
20535
30335
32965
11685
17098
18183
21824
12707
20928
17872
21436
14459
16697
35662
30020
23236
19700
20212
23333
23757
14427
21321
14504
15895
18812
17445
19890
33380
35725
16546
17417
18183
20462
12847
22309
17786
21415
13652
27377
38555
25426
18170
23197
21702
28574
21854
10355
14982
14396
20353
23323
22556
18563
40898
23182
24780
22442
18118
22631
19636
20580
47050
22345
17018
11469
21398
9949
26485
15566
17259
18992
20377
17960
25196
33472
20818
25064
20735
26046
22408
24130
18313
15596
16985
25009
27296
21450
18450
19449
17027
22162
13598
21509
19986
46308
41001
13740
19897
14604
17972
21704
36955
16116
29165
13687
23837
34742
17668
24126
31111
25625
49968
56479
34030
15669
18760
30132
19868
19155
21840
39303
13373
12015
16645
30192
18402
19283
18321
20497
35968
20966
25470
29240
38956
21374
34303
27541
17829
17611
14513
19142
22857
16834
18941
16522
22848
21902
16727
19456
14659
20995
20644
16524
24578
22499
13544
20087
20917
35988
25539
26402
19045
13150
19866
16906
20010
24133
15337
20088
15424
16549
31004
23046
15376
27160
19263
22532
28550
21603
17633
22840
26994
20621
19159
23557
13281
23978
25832
41097
25319
24325
14660
14545
16986
9773
27594
17742
21505
31045
20033
22500
19349
13640
17251
34443
10021
22860
23922
23509
16348
13929
11834
15105
25303
15991
34753
15216
25107
14960
18218
18872
18679
21415
23123
20665
21090
30632
20597
13910
19607
25606
23915
17098
18098
30555
19590
17381
15397
23588
26888
19738
15155
30649
17544
21784
20017
28652
18388
22850
20459
20463
18618
36322
21973
26344
20669
34144
21151
29504
20894
26928
26365
31253
33703
18633
22057
22463
18861
24034
26652
42462
23632
19182
20577
18891
20300
24308
23782
27080
26011
13453
14095
21789
18167
31121
12770
17666
25455
23496
43190
14249
16417
37864
18804
21115
25364
37787
24897
22277
20949
14317
22790
25870
24890
26373
20757
34249
27759
18343
14988
19756
17499
15474
19713
21211
14993
17147
33968
20073
26110
23364
16375
20011
25509
16930
24096
19211
16065
29155
18804
19925
24795
19926
34995
21358
11363
15885
32076
20170
19880
37080
46350
24386
28570
15404
20162
25042
29094
16536
22311
35927
23055
19190
25181
14318
24874
20216
22555
21621
19893
20400
21920
25533
37511
24766
19741
33496
26459
17495
24667
19398
28967
37941
25376
51116
29920
14493
19435
16880
18145
18522
12857
13734
16896
7841
19095
20349
21042
16646
17016
12624
22904
22263
21510
21459
15458
19342
20457
15518
16330
32828
12601
18833
25663
32300
17261
15464
20302
13863
19648
29646
22068
30522
15494
26979
19979
25636
18644
25910
18274
21515
22278
19327
31458
24031
35311
17331
25706
18972
10974
16155
21754
20115
17457
21974
28132
20258
24469
19044
29781
29496
25467
16542
11867
21802
25329
46462
38539
69360
25503
21156
23452
14395
18175
21537
26211
15181
17123
25458
30589
26155
22505
50581
39192
12101
30405
21618
16780
17698
31670
41169
21264
21069
19598
19523
11381
19036
21649
25114
9841
13688
25506
18096
17163
34895
32684
26461
18401
15425
22353
21084
18690
21835
25074
26181
18308
30677
18889
12582
20449
25848
17618
22171
19071
14752
19937
16606
18854
18199
13873
29390
20780
20074
15885
25018
25283
24496
20032
41586
34789
15964
20724
42136
19321
32098
43467
20730
21030
17556
28678
19962
49080
16895
26225
38018
36660
16335
20802
17263
24662
12408
47934
49555
21151
25026
23344
25993
23059
24753
20558
17986
13748
19568
16859
10094
25301
26287
12394
19945
29436
19016
10371
20664
16054
33241
27253
13004
20130
19841
19256
21360
28953
20141
27011
14796
36104
24750
12503
32745
15122
26053
18997
20754
19512
20480
9724
22209
15996
17136
25153
24432
20612
12975
17996
24448
29145
16576
27604
17486
31529
22736
17108
18102
22312
19120
14568
20200
34051
21125
15411
19977
19878
19715
15356
22843
9296
13101
13754
9052
25005
20469
17883
26264
21907
21536
27019
32516
29573
27766
26107
22728
19359
28581
39956
21407
22456
14426
35743
16360
17498
12494
18714
23576
17140
23828
37577
20354
41580
12144
14843
16066
19189
23372
23040
23998
19409
32963
18137
20984
17453
16836
18766
29611
21754
19815
12811
17209
24415
19497
23791
23806
32419
15620
10792
17836
34446
24157
21520
34905
28479
23697
26078
20892
20874
20311
30315
19918
16658
37208
17833
21610
24349
25688
35821
13819
35545
20176
20109
15786
36351
29188
21764
36615
19303
19055
25638
25450
22800
14775
24872
16613
24666
17340
28098
21845
18110
34289
31201
30466
13871
16082
18439
29264
26193
14473
23441
25235
14547
17969
21679
22644
21512
18560
22369
19862
16547
23052
25314
18408
31613
20761
20862
23176
18167
19932
10127
19352
17900
26023
30503
19811
15634
12626
15023
22348
20355
17932
23740
41512
10296
16563
24872
17079
21960
17426
24506
16191
12914
17368
19307
