20026
14967
22117
16774
14111
16098
27259
15758
24662
15555
18782
17013
17415
15352
13672
15085
17355
15012
15365
19697
17046
15913
16819
20864
22254
15619
15918
15497
18993
16007
16374
15859
16139
14711
16267
18176
15178
14404
15764
20085
14777
19399
16303
16018
16415
16591
17450
15952
23933
16303
16085
16045
17872
14988
17150
16583
15908
14615
21672
15157
15892
13967
17316
19327
16584
20023
15713
15110
15353
18696
14835
14963
21612
27130
17220
15478
15354
16635
31248
19346
30628
17953
17304
18216
16253
14360
16619
17175
14092
16275
18635
15123
17729
15675
22681
27558
16637
25940
20540
16632
18049
18830
24863
23149
17901
16487
14925
16049
16920
15841
16463
16247
15342
16238
16699
15880
15357
18162
17192
14626
19121
17931
16050
17396
15851
18012
21996
14936
15473
15253
14632
15482
22776
16697
16889
15245
17555
18460
16645
25042
16955
16247
17862
17983
16456
15334
18468
14297
18957
16679
18544
16258
18416
15791
18347
20674
15193
17403
16688
15064
19918
19065
15958
18977
19891
18554
17060
15918
16563
16548
16197
18689
17431
16166
16850
17458
24199
16290
16178
36203
18943
21913
21913
19947
28413
18470
14991
16724
16595
19955
17758
21964
17464
17343
14764
15979
19366
16525
17793
13889
14437
17671
14838
15448
17120
15363
25854
19668
15783
15311
16460
17074
15873
16792
25703
17089
20218
20098
17061
19711
16248
33685
16339
16860
16639
16542
18573
17865
17644
16044
15917
16997
17282
16778
23073
22979
17682
16570
16109
14974
17496
16729
19455
15569
17659
17210
16784
17622
17086
22795
16270
16217
15980
17071
18148
31653
15592
16005
15712
17375
16073
15950
17415
19048
17002
30419
18358
16258
17313
17569
21961
16781
21748
21158
40936
15962
18294
15665
17775
20701
14956
16971
16400
20983
17217
17322
19311
17391
17459
19834
17030
16247
17385
19719
16433
17497
15945
17384
15961
16861
15196
22715
15460
17396
17535
18598
16896
15971
18652
18128
17255
16941
16918
16953
17067
17875
21792
16046
18642
17136
16316
15991
19796
16434
33326
17419
16014
17004
16909
17084
21007
17202
18073
16973
20013
21354
15539
16617
19346
18789
15654
16691
16342
16105
19630
18318
21924
16817
17240
19232
17397
17396
18722
18948
16224
16591
17764
15882
16406
16120
19979
17452
18353
21587
16942
19871
18730
29176
16243
17511
17069
22014
27643
17404
18972
17857
19307
17960
18897
16554
18497
17419
21803
17441
16939
18569
16707
16883
20781
17025
19251
17075
17792
16577
27872
19574
16279
15526
15986
17668
16741
16990
23310
21197
18629
15593
18149
16253
14959
16396
16200
16454
18747
17447
20679
16476
17115
22506
16211
22408
26110
15556
16011
16076
17834
21380
31653
18226
18325
17597
21211
16265
27216
16081
20553
16130
20338
14384
16418
16709
23346
16605
16832
16471
16587
17332
18200
18604
16566
22366
18360
15420
20146
15249
16258
17740
24432
18471
26756
17248
15484
18293
17564
16560
18233
18729
19478
18421
16569
18214
19019
17121
19940
17125
18805
16474
16433
19994
17326
18037
18138
16699
16878
16670
14969
15639
16098
18118
16032
17775
22087
28190
17029
21753
22966
17258
20194
17399
20906
16450
25627
29949
16425
17939
16426
16062
15955
16805
17707
18097
16316
17478
16919
17752
20761
15582
18593
15505
18995
19535
19961
18002
17488
19821
17094
16024
16949
18219
20151
16806
16841
17382
39214
22784
18128
16859
17923
17521
21643
16882
15444
23868
20235
26612
16492
21383
17816
14733
21445
19985
21934
15980
16612
18537
16022
22047
19197
20437
15415
16957
16970
32360
18616
15524
18714
21486
19432
16011
17139
17345
18894
16059
22943
17412
22327
16175
15739
16388
17780
32117
15993
16908
17027
22666
20819
24486
17528
19761
14791
16481
18585
16290
26628
18200
17015
20264
21349
17451
31468
17001
17399
16872
17065
16696
20814
15925
17552
17474
28842
20530
15668
16706
25212
15858
16212
26807
17019
17110
16946
16450
18074
16196
17634
16243
17303
17677
21625
16833
18391
21507
16438
19457
19164
16858
17401
17260
17621
17111
16637
28436
16016
18682
15732
19440
26653
17368
18156
16019
18728
18188
16690
16539
16287
17727
17867
17448
18472
17993
17921
20456
20140
21599
17610
17359
19232
18327
18659
19981
18287
19423
18161
18513
14382
15437
18702
18356
18859
17519
18646
16539
16882
17661
20407
17042
18679
15743
16914
19832
22195
41210
18780
17349
17138
45790
15795
15304
18544
22607
16333
20753
18280
36067
18727
16654
21041
16476
17655
16065
16295
20096
16695
15741
15761
17050
23000
16921
17971
16676
23352
16644
22260
20437
19394
25830
18965
16789
17100
16494
24715
17970
18192
20688
16555
15163
17062
18518
17571
22091
16172
21411
27325
16787
19187
15387
19059
17571
17839
16852
15027
16578
29496
16934
19304
19518
16822
16899
22816
17857
16897
16499
17008
18115
16696
15936
19067
20282
17493
16129
17752
18733
17356
16151
21684
16728
18466
16543
20488
16616
21262
17023
16423
17172
16084
17889
20457
22724
21483
20486
20363
16224
20628
22104
22981
14233
15266
26750
17332
17331
15794
17825
23457
17157
16345
22914
23266
19851
16556
16179
15393
16632
22613
34131
23552
33541
30945
16402
16635
18530
19284
16244
16454
19479
19698
17964
17019
17897
18469
15520
14787
16066
16944
20025
14072
15115
16706
16136
17539
16232
18641
16124
17327
22028
18059
16163
22196
19402
17945
15980
17846
32793
18959
14982
18743
15562
17089
16742
17018
16038
15960
17042
17792
16037
20169
17085
18751
16141
17057
15848
23611
16199
20319
19675
19868
15304
17544
17042
18884
16978
18607
17652
17791
17283
18628
16260
19189
16419
32765
16760
17141
15670
17094
17341
17721
17320
14686
17205
20963
18157
16135
20980
17731
21640
17103
23138
23392
17130
19119
30640
15378
27435
16790
15282
23101
18060
18641
18298
26626
18557
17571
16043
17227
20850
17124
15937
16696
15689
17854
27287
40064
20966
16332
19614
16889
18189
19241
16637
17852
17188
18229
17287
20731
18213
19671
15985
21613
15219
16398
16206
26213
16542
13707
21059
14919
15698
16241
15510
15495
18673
18691
15362
17629
18378
15163
18644
16883
20168
19763
29055
15918
16653
24208
16429
19924
16861
16753
15628
18560
18076
14811
18263
17153
15219
20005
22486
19021
16517
24034
21863
14491
22336
32065
17124
15944
16765
20874
29420
20610
18071
17164
17441
14970
17241
16569
15508
27535
17167
16718
17094
16739
27255
16911
25221
15001
21162
17571
17281
21013
19972
15957
17056
17837
17913
16991
18804
23478
21652
16071
16462
16846
17949
16463
16921
18246
17540
14868
15270
14821
15721
18398
16750
17992
15635
18303
19369
16000
14719
28342
15509
15122
22076
18278
16226
14821
14177
18851
17060
17851
20235
18007
19829
18874
17283
19224
20937
18380
18110
23756
19972
35023
19981
17108
17294
17274
16926
18498
17133
16458
23078
34949
16970
31867
16120
16155
17095
17637
20209
17908
16080
19693
16213
19043
22807
17757
16151
18763
17924
17678
18053
15274
15621
15989
21563
15616
17418
15516
16503
14346
16192
16240
31430
21811
17591
17425
23427
16263
18573
22872
24559
17497
18017
30680
18595
16592
16678
16626
19172
15355
22698
18645
18251
19147
21433
19585
17738
19127
16958
18191
16199
21324
17321
23329
17994
18134
17381
17802
15787
25003
16700
22417
15760
14821
17187
21344
19162
24041
18603
21231
18243
21353
16558
18623
16224
20654
15798
17099
26296
15256
21029
17630
15035
15770
16670
19166
17056
19177
17471
17951
17143
16272
16068
17814
23199
39328
17578
17583
32965
14236
17721
17055
28465
18453
16765
15005
17244
16062
22209
16272
15162
20134
17963
20806
16428
16114
16690
17299
30230
18236
17670
16789
14446
15492
19787
21215
17128
29534
17117
22068
19672
35219
17410
17126
18521
20126
18920
15308
15025
17048
16855
17218
18397
16708
14864
16097
16835
23380
16375
18530
20595
16599
19005
19069
16660
16771
18238
15775
26324
22678
16147
16690
21913
17351
19346
26975
19303
23469
16651
24189
17390
21144
31888
17504
21321
16087
18152
17003
17381
23566
21833
16631
20442
18286
18029
17833
16765
18182
17822
17471
18444
18401
31294
17893
18321
17293
17836
17881
19188
15885
18229
17780
16532
19057
17138
18745
17202
18504
20139
16409
16621
16867
17359
21657
17760
20745
16282
15799
17525
19320
18470
14278
27113
17003
15575
16793
17380
15440
20080
15638
16360
21223
23608
16456
15885
22948
16850
15977
20402
17832
15959
23660
16637
15903
16457
16691
19111
17754
18109
18756
20337
15641
16960
17155
19014
24814
22705
16302
17226
16462
17123
21206
17467
16626
16636
16676
16952
17109
15428
22270
17921
17189
18012
16495
17258
17000
15686
16702
16652
20229
16881
40433
15944
17327
17930
15660
20110
34115
16136
24465
36793
23129
18571
15883
17240
17024
18194
15295
17456
14347
17124
16815
18143
16087
17033
18058
21510
31751
16729
16833
16672
17797
21167
17988
23633
17639
20009
16970
27361
24102
16973
17959
16544
17261
20749
25857
15039
18317
19458
26065
17294
78
19925
20619
20832
18862
22564
17187
20871
17117
24205
16597
16763
22202
17470
18021
16777
28450
17652
20531
19272
17878
16124
22309
17299
15791
19057
14658
17868
15749
19765
15433
16774
15697
15409
17137
15243
17122
14787
16567
19163
15852
21660
31052
19056
17310
16184
19842
19977
20868
23805
17206
19160
17030
14933
15349
16941
15764
14572
18176
16792
20908
18363
17694
17955
21880
16879
16699
18236
15606
24819
17021
27351
16961
17600
20208
16835
15911
15628
19572
17216
16849
21652
19169
17299
17786
17063
18605
16260
16093
15531
21515
18418
17526
21803
16854
16519
17292
19820
16851
15793
15902
15497
15518
20533
18264
20329
17258
20048
17637
16425
16186
15368
17431
21902
22572
17740
23702
16721
18808
19140
21048
16857
17268
17277
17278
17287
18693
17219
16603
17467
16820
15744
21823
16632
15968
24995
20609
15560
18587
21144
18705
25030
19061
16835
16934
21970
15588
26118
20800
16125
17805
16263
19497
16870
17654
17563
17456
18063
15071
16413
15737
20209
21844
17559
21759
17469
21368
20144
25907
16159
15639
16949
16106
16649
17361
15613
20659
16000
17662
15649
20322
18913
23124
17636
16191
17380
16834
19171
17118
21278
16364
17889
23889
26121
19030
16512
16690
17729
18352
18338
18054
15872
16188
17870
18333
16245
20738
24342
15910
16093
14671
17063
16942
19882
16545
16429
21344
22758
14519
21287
15056
17549
15575
19241
17056
17255
20001
20715
16901
16877
19175
17012
14986
16697
21628
17435
20200
17206
17873
16315
26030
32831
18821
20140
21390
20328
17916
21873
17214
16992
15822
17339
16222
17790
14907
25487
16888
18382
15635
18450
19417
17181
21227
16207
18948
21457
17502
18376
15736
18784
20237
17233
25909
21008
18384
17931
19114
17993
18223
17580
22274
16403
16238
16750
18271
19088
16757
22334
15623
21443
18203
18165
15491
16374
17066
18444
16855
17956
16485
17776
20515
19776
19048
18944
17400
17312
23622
15337
26818
16528
22427
18930
26163
18727
17792
20973
21055
19664
20734
19400
24109
16617
17501
18139
15460
16900
17293
16586
17451
28104
18074
17288
16724
22654
28453
17633
15898
22722
17432
21330
20830
16500
24609
16796
18102
16114
34217
17379
15181
16591
18885
22860
22532
18407
16867
19282
20144
28557
18847
22969
17582
15568
18382
23661
15264
18583
14703
14931
13836
16916
17204
20529
16986
17913
19385
18619
19209
15083
18991
15490
16657
15573
20638
16724
24692
24629
22933
17004
19391
16385
18554
18639
21593
16754
20439
16283
16202
17606
24430
16452
20286
15398
16733
16638
16674
18438
18361
17458
15223
16390
17673
17638
14122
17681
16825
15925
15572
16018
17857
29750
46338
17323
16740
19231
20449
16146
17652
18618
23364
15626
16009
16229
18095
15869
20061
18354
20725
16678
15166
18866
15712
20043
17589
25613
19479
15564
15283
17628
15151
16712
18929
20054
17664
18226
16382
15621
16647
20788
16305
16023
19054
20744
16645
17854
17290
16154
15526
15869
16817
16366
17111
16996
16751
19772
34887
17884
21012
22853
16270
18899
16394
30226
17820
15466
17018
18329
15603
16770
17527
17612
16017
15167
18067
20032
32655
17988
14027
18364
24412
20505
21475
19918
23220
16990
21422
18523
16989
15973
20841
18565
18686
19241
16214
18035
22636
30785
16312
15787
19035
16077
17930
19130
20007
19904
26745
18951
16878
20019
19785
25381
16289
17314
17689
21622
17043
18925
17594
17609
18887
17604
18301
32148
15873
17591
18598
19567
18810
26739
17762
17658
17324
18076
18955
18498
18022
15934
19917
18391
17919
25111
24647
21407
17983
17386
16307
16682
17600
15948
21224
16435
16478
19189
16283
16779
17725
16014
25574
20710
26906
21305
16222
15028
16662
16697
16960
18531
17429
21063
15697
19109
27295
17890
17128
14858
16390
18422
17148
20625
18632
17452
15878
17824
21819
19264
39119
16647
26799
16539
36382
16157
15682
16367
19815
19532
22242
16535
18825
19125
18730
15981
19565
27622
17656
16919
18536
21515
18093
22794
17671
29981
17988
16195
20618
20340
22536
17443
16198
18396
18239
17628
16865
19595
25459
16814
16968
17779
24191
36552
18037
16954
20191
18746
16838
16680
19993
20657
19023
16817
18074
19243
17722
18676
17986
22195
21737
18576
19139
16955
17606
19173
20770
19028
18773
15383
21989
29381
21717
16759
21643
17108
19813
16132
16842
17217
16324
18449
16232
18523
15885
15863
21762
19668
15762
15823
16581
33789
17234
17035
18765
16263
17124
29136
32028
20734
18389
18367
21304
23031
18205
17827
15160
18840
22608
15915
14964
17240
21763
16385
20770
17448
18897
17636
17179
22020
17875
16431
14732
15799
22925
22709
18212
227174
180085
15425
17199
17806
18276
17152
15496
15914
14987
20065
17882
17562
18286
17334
24663
21018
19809
15218
16907
18321
15086
19978
16078
16462
15510
16365
18160
15392
16588
17335
18904
18268
20689
15339
16945
21464
16954
20117
16953
17188
32282
19071
17241
30357
18200
17129
15504
14565
17255
16911
15504
18303
24442
23201
15312
22367
18132
27951
22863
16102
17766
16055
30657
19031
17565
17329
20754
17744
17737
17633
17825
17991
19913
18329
17661
21991
17735
22367
17133
20008
19954
16148
16853
22975
16080
18735
19993
16996
16716
21044
20437
17556
17483
17919
19299
16870
17019
19024
16874
16860
17443
17690
16927
16404
20862
15303
19841
16713
16405
26569
14282
16010
16300
20206
15197
15851
17168
22880
16726
16070
25672
15806
15853
18325
19558
15912
15487
16123
15562
19935
17669
14530
14702
16921
17832
18097
15843
19631
18210
19842
19247
16725
15073
20177
19391
14692
27358
17799
17118
15544
16311
15951
17461
14338
20526
16422
16153
16816
18060
16329
19232
17129
16452
15731
15876
17312
16736
22145
16715
21591
19152
16819
17225
24069
18152
19748
18241
16270
16742
16654
17617
16840
18399
28756
16173
16696
16057
19512
16660
16600
19704
21080
18089
20708
19871
19316
16891
18875
20541
15287
18043
15848
16690
17048
16496
17058
19916
14920
16245
15964
19869
17557
17014
15803
16141
16266
16142
16242
20497
16036
20042
14801
16142
16298
16417
16176
19158
16929
26510
17794
15889
15840
17795
18818
22248
15891
18605
16633
18116
18175
21059
22034
24032
34384
16699
16586
16571
16198
15897
16294
15937
17152
16314
18424
15539
16138
16879
15679
16267
19789
25570
16185
17753
17814
18411
17322
16584
22719
17119
24434
22906
18579
20341
24198
16598
23141
21123
16953
17293
16155
15989
25464
22796
17257
16668
21079
16055
20557
16199
19444
17184
19663
16446
16855
18754
14991
21329
15703
17116
18230
16518
16714
24335
15658
14243
15873
20561
27928
17034
16867
17126
18264
17281
20761
16035
22252
17872
21975
23271
17739
17698
22125
19512
16243
17424
16401
17695
17844
16930
19537
25892
16004
17118
18922
17290
32502
15381
17399
19304
16030
17476
18439
18600
16027
23991
23249
18922
18356
16101
24793
16340
22161
15731
20408
17183
21002
17389
16051
19474
20785
16872
31805
18322
18588
19490
15243
17429
19787
19300
17402
15919
41496
18529
23589
23804
22043
22673
14420
17431
26176
18214
32764
19990
16611
14972
19750
19471
17143
16401
16264
16988
18301
15840
19260
15496
17593
19587
16849
16925
23919
18116
17536
16388
15776
16996
19025
20388
24229
15583
31141
16785
17889
18997
19032
16751
19303
16918
18186
23935
16328
16644
18810
32986
18406
18329
20718
18081
20301
16817
23343
22883
13867
23302
16977
17661
17115
15681
17329
24994
16844
16630
17364
19609
16027
19869
22904
17633
17457
17033
18910
19044
18200
15656
16688
16491
16045
16285
16658
17609
14876
15802
19425
19247
20374
18094
15871
18425
14946
23820
20464
17166
21302
33443
21398
25635
22971
19700
15080
24203
17147
17909
15884
18476
23233
15726
15424
15191
18160
21225
20778
16117
27032
20273
20707
16824
17697
38181
15983
17551
18935
19149
21146
19896
23193
22093
15938
24612
17109
15995
20831
16779
15912
23222
17720
22208
24214
16049
22032
15436
19632
15383
18424
16379
15622
17352
16243
16769
16721
16274
17867
16951
21715
24087
17582
17033
19778
16689
16356
17503
17079
17028
22795
18081
18901
27094
25182
21284
16834
16514
21513
16607
22771
19358
18295
15713
23113
17544
26660
17401
16333
17818
16310
17190
15645
17506
16765
18954
18280
24015
37676
18019
19373
15674
15441
14610
15562
18532
16658
13507
22853
19357
16864
16306
16810
17674
14257
20412
17835
16531
20326
16259
20115
14296
14953
18971
18273
16639
19113
14884
19654
17984
17756
16873
16686
17401
18990
18175
21913
16034
24587
21035
17598
15368
18625
16850
14976
16327
16886
18514
16564
14447
15377
25393
15084
17433
16578
15653
15736
17088
17744
17870
15053
19157
19114
16184
16144
17246
16211
18084
20684
26332
16496
228823
226596
18480
16916
21095
18308
18338
16926
18371
17132
16482
17083
18236
17237
18403
18075
17475
17562
22534
16616
19192
18386
16340
20604
17094
35454
18343
19968
16340
23357
17431
18081
14791
16618
21925
16294
18702
17052
18400
23719
35594
19136
19779
21184
15438
21470
20935
19581
23455
16405
23513
16000
18601
16440
18953
17451
15578
21111
24734
14846
16594
16934
17342
22309
28095
17805
21125
15297
16017
16002
15813
17176
18640
22283
35629
18709
19123
17538
21443
15590
28050
16966
25689
16899
19619
16988
14880
18049
14819
15161
16209
13642
15711
16519
17201
17194
21035
16081
20088
18693
20500
21335
18751
18984
17043
17209
18809
16827
20266
17971
16234
16044
23541
22654
14967
15908
18581
15139
19777
27053
18375
15120
16410
16387
15568
16191
24390
14683
19903
15902
17901
17112
15768
16713
20829
16254
16825
16519
19461
17433
