15275
16177
18488
20716
13845
15891
15490
14996
13276
18359
15028
14506
17622
20735
13054
13888
16353
14686
14851
14706
13277
13583
14047
14273
14821
15682
18210
19649
16313
15797
15764
16629
15571
15551
13629
50655
18869
14921
15235
18223
15817
19594
16090
19594
15880
15496
21109
14370
13108
17981
12589
14740
15625
16986
15831
14831
12955
14553
30008
16052
18458
15829
15700
17284
14681
15484
19791
15342
14386
21413
14586
17868
20698
18724
19391
17015
17793
17334
17432
15068
16986
17440
17659
18850
13733
18205
18462
17587
17617
14577
13338
39509
21047
15197
16240
21342
19658
14060
18543
14946
16661
20461
17846
20898
13326
13035
14696
14064
16280
15219
16663
16288
14505
18761
15359
15350
13836
17401
21801
13859
16939
14903
14151
14857
18047
21151
14497
18761
13879
14499
21870
24811
20732
17143
18215
20184
15465
18978
14366
22028
16578
19857
15369
17727
15343
15774
13891
14386
17351
21793
16573
14947
14360
32945
18666
14052
20307
13715
15205
16289
13810
25421
15698
19420
24053
25692
14995
14767
13067
14716
13747
14324
14308
27437
15067
14747
17467
15027
18829
12709
15503
17336
21925
16873
14908
19247
15023
27067
38105
15172
15816
16122
20340
14480
15609
16707
20146
15124
23223
20672
14763
14794
13726
17108
15354
15829
17242
20429
15927
14512
15320
23728
13307
16519
17495
14353
15154
13999
14852
15581
15403
16447
13354
16736
20088
14907
16656
14604
16860
14632
15029
15067
26422
16887
20690
18030
18580
15778
16692
25019
16560
15741
27783
18101
16395
15261
21258
16503
13674
26813
18522
15152
13838
16057
14134
17919
16185
14164
15009
15201
17875
17109
16398
14024
56792
14687
25731
16858
22858
15203
34606
14886
21801
14364
20826
16304
23406
16706
20899
19902
18659
14364
16689
17651
17690
15419
14993
14060
16897
13799
16050
23341
19205
16156
14467
13905
14817
15210
15321
15825
14536
17054
15835
17308
25211
13582
18909
28070
14620
13306
14396
13749
16318
14148
20285
17191
18775
18635
13697
16496
13430
13703
18946
13836
18341
13982
15010
18186
20385
14897
15069
15387
25780
14174
21288
13655
14355
15057
17334
15431
26041
13990
15271
27403
17388
18340
16306
44111
15577
16833
18882
25505
14547
15578
15089
14253
17361
14875
14699
14814
19767
15226
16073
28651
15106
15753
13930
35708
15972
14015
15258
15646
17961
17353
16329
14341
15062
35848
16786
18289
13964
14441
28148
16482
18022
19948
14711
18290
22193
19640
21661
18930
15891
18765
15541
13775
13868
16211
14574
16987
14798
14926
15648
18628
15525
12994
14194
21536
15367
14653
20515
21312
17320
15374
15259
15749
15533
25050
15636
13887
15441
15173
20002
18591
22579
14277
17031
18531
14009
14019
20533
19032
17380
15043
19562
16657
15801
19193
14625
19088
15615
13910
42357
24034
18585
16174
15475
19018
16541
15730
17195
22879
18965
16741
19731
17291
16228
28413
15811
15862
15244
13725
13909
13762
14533
17393
14829
21133
22851
22902
27906
20353
14690
15146
14643
13736
21894
22060
21233
15161
15392
15117
19176
23611
14705
15656
15797
14503
19025
23504
17692
21402
17601
18811
23868
17429
17326
20306
21346
18404
14724
19597
31017
14198
14362
14398
21069
14770
14935
12573
14363
21256
14707
14219
26362
14139
14407
17970
17509
30207
16694
23337
15861
14860
13799
19469
27119
15293
15522
14788
19352
18784
16433
14124
16150
17122
15019
13782
16122
14003
14513
17855
17334
14989
24565
26436
23103
14369
14654
29173
14180
19725
14515
16200
16113
17672
18226
23595
25986
14925
16079
16207
18983
14076
14999
22017
17993
13221
22056
24991
16387
32971
13300
15280
14293
16836
22448
15947
30082
18657
15508
22088
17540
21422
28789
15137
16721
18022
34942
20592
23591
15676
19259
15970
17599
14122
18035
15972
17504
19353
16829
17935
15050
17175
28811
12978
21233
15611
15647
17388
15234
15178
21122
15053
14767
18099
20237
16078
13832
20763
19232
32542
15037
19797
27170
21110
31961
14162
15832
16557
14852
14795
14706
22171
15696
16709
17842
24792
15450
14821
17505
15333
14673
14112
13122
19665
15667
18504
14943
24829
13700
15592
15188
16458
17872
17623
15540
21775
18056
13817
14767
16033
17198
16623
19396
22876
35850
16778
14520
14688
15774
14943
20726
23550
15264
14781
16316
17415
13954
21540
18954
23090
15241
15548
36557
13608
16194
15527
21485
16632
14227
16846
15810
14075
15643
18869
16008
13651
24688
16876
17138
15671
18904
19409
14435
13637
18000
38004
25936
40905
18673
14205
15368
16097
16212
18188
21043
19071
20732
17237
37248
28007
20771
17924
16626
14789
16468
16097
16708
24345
14450
17541
17744
14364
15095
17474
14204
14281
15761
16024
19003
14288
14752
23141
18169
29169
15069
17487
20445
15100
15142
15556
17338
15009
18780
20235
20843
26268
18834
19467
13568
16489
31689
23502
14211
15076
17981
17053
14768
16722
18224
20157
16465
16162
15605
27377
18333
33913
14536
24221
14356
14133
17138
17128
16618
14458
17749
13570
15598
15065
16556
18117
13329
14669
21180
15341
15746
15560
15181
15070
30428
14952
16392
13622
13769
14843
14327
18371
13987
17187
14386
16937
14962
19422
15492
16179
15676
20854
18925
14368
15038
24160
15388
14554
25264
13669
24468
14173
15055
14723
17006
15346
17576
18875
14659
16438
13998
25372
15026
35402
27172
44260
18531
14959
22159
14351
18738
32513
15018
17396
14637
15374
16707
19864
31404
14414
21327
21846
17169
14869
13481
21332
18251
20166
12979
19798
18364
29875
15374
19549
14910
18448
27491
15002
16465
15180
18998
13764
18255
14994
15891
17941
21958
17322
25864
17052
35860
16186
13387
21056
15330
12758
15341
14563
19974
15752
13558
15660
15050
15943
15465
17494
15341
15280
17092
16483
17117
18134
15875
15520
17895
13926
14532
14930
15781
17866
19728
17703
17228
18516
16929
22972
26910
14166
13873
18934
26487
25028
15238
34523
34219
14885
17171
20207
17424
21003
13750
15305
15492
13786
17372
19155
15062
16810
16353
17451
31655
17788
13888
15371
13965
16981
18200
14567
16184
14443
21699
32085
20437
14860
21055
16690
18985
14931
14548
16113
20058
20576
16581
18971
20696
15074
20361
15434
17406
15942
18885
12884
17414
19893
15285
14579
17417
19986
13896
18724
25076
25950
34131
16829
13399
21951
18906
16261
13739
14301
15921
15979
20407
16556
15213
18828
14588
15064
13051
15098
14687
14402
17378
16030
14315
13989
24242
14493
15225
24361
15390
15156
14984
17720
15927
21182
14899
14429
13776
14580
15743
21006
15012
17958
17211
14879
17139
26887
16463
19444
21840
16005
15934
16469
26256
18438
14193
16577
15771
15859
17559
17792
18070
13303
24279
29070
19499
17733
20207
29642
17941
14346
18222
16990
18215
16537
13670
27351
18880
14302
17070
16954
15773
15571
18393
14556
15852
14786
15285
14136
13823
30054
16848
15025
14473
16125
13357
15627
14226
21895
16413
16850
16589
17796
17094
14809
16690
14586
15688
25123
14816
14750
15630
15575
19746
20121
15633
20775
15099
15522
14660
23717
18676
22684
29061
19042
18024
15682
14524
16403
15615
18471
16277
14991
19148
15860
28448
17968
14004
17093
22976
14401
19881
18443
14660
16055
15911
25229
13963
13752
18232
24179
16514
28555
20954
15188
17140
23947
15643
16915
17582
13912
15323
20191
14860
33195
23837
15140
17843
16120
23501
15434
15586
15757
22683
24096
13438
22305
30173
14745
23952
17309
13710
14236
17701
15205
16758
26509
35072
20259
16901
20487
14653
18654
14646
21791
14188
14358
15824
16908
16331
14960
17564
19054
20884
15659
15859
15879
16781
22702
15976
15780
33940
33935
14016
22793
26009
15648
24227
17886
16257
15543
16528
20825
18258
18014
16110
25082
16145
13077
14366
16183
17104
14940
14779
14589
17214
15399
18711
14023
17064
17024
16230
22427
29641
16310
17091
24071
19160
27724
13428
18874
30453
14922
17233
12367
20720
23656
17701
13728
15286
16918
19165
15149
16834
15372
23411
18522
20620
24354
22218
15548
15754
15475
19251
28183
14650
42110
16509
21954
16881
15385
16683
15467
20566
30306
14530
15670
17188
17290
17404
21117
14131
29006
14432
16551
19801
23810
14670
18870
14392
13689
18712
15864
20697
15873
16110
34769
14182
15398
14062
15666
15667
18352
14444
23752
17786
21874
36549
36728
15227
16031
16700
21951
28161
20530
18813
14171
17129
14029
14707
14119
15510
15236
14816
17548
14912
22707
19291
16956
32446
14048
16216
20558
19542
20368
15929
19505
23182
29544
14947
17802
16806
24207
17902
19750
19412
27159
13372
18779
26540
24753
17833
19673
26743
26782
20398
17557
18206
25978
16187
23898
14720
14149
16206
13850
16244
16585
20585
27438
12949
14685
15333
16403
23056
15935
15744
22716
12976
16244
17799
17881
13077
15468
17285
16515
20122
13314
14714
16883
16145
14214
17444
14825
14912
17718
17320
16765
22390
33846
13437
16489
16047
18077
13483
13677
15248
34805
15624
16522
18975
15419
32497
19870
13918
18204
12838
14531
28408
17929
14443
16709
18029
19272
15684
26531
27622
17122
32994
14368
16198
24456
19927
13319
17826
14451
20092
14100
19560
14205
18158
15847
18006
20768
14806
18028
15570
17884
17640
13087
14874
16919
24971
15368
17872
15421
16303
15321
14927
15201
16223
18689
16209
15893
23050
19806
16336
43417
19248
14840
16545
16551
16008
19415
28695
16327
17959
22313
34448
33011
14211
15511
24931
14673
16237
23077
34609
15835
16371
25078
15911
25466
11982
16309
35042
17522
15308
19225
18153
18181
15696
16198
24250
16211
16465
16449
15416
14447
31109
15092
29430
16491
15979
26088
16562
17673
15989
18233
17100
14005
16760
14844
22797
20321
41929
16668
21600
19642
15977
16615
13300
16248
18838
15436
15704
14848
18845
14168
14480
17529
16829
14278
22618
18542
19782
14941
20372
14490
13335
14660
15459
20147
14570
13895
14830
18132
13445
14003
20799
15025
18959
14673
16915
32775
16000
21667
37556
17650
15681
18765
14257
14473
24169
15777
14919
15370
21380
28575
15455
13122
17019
33673
17552
20202
25718
16031
15520
13630
15505
16356
16939
14114
15169
25196
13220
15524
19102
16825
14259
15782
15513
14589
18537
15877
14811
15324
16915
14622
16579
36833
20896
20564
17316
17262
18841
46431
15075
17262
14618
16536
14141
15050
18411
19585
14884
15006
13190
15443
20844
16613
35230
17821
16749
14192
18663
15314
15947
17174
14053
15742
16765
15253
20886
15827
21652
24775
15774
15206
17468
17418
18412
19834
14655
15348
19855
40432
19218
13341
17381
14302
14182
17587
19134
15690
23229
15016
19826
14549
13557
16345
13500
17298
20878
14392
16153
26309
17890
14621
17668
15543
17595
16853
15870
18414
13195
19783
14113
19555
24147
25983
16219
14407
28761
16034
15278
15564
25985
23613
28836
28579
15485
15809
14875
24396
17131
14993
14768
21508
16901
29829
16749
15704
24064
24108
22916
15646
15433
18074
23589
15737
21658
18089
34040
20666
15242
16515
18504
18041
21072
28382
17900
16846
20705
19297
16388
24744
14257
15466
16803
14002
15155
15565
16399
15454
13287
19861
16815
16406
13865
16329
17843
20164
19863
16569
14971
14765
38790
14390
15662
15028
14111
15029
15009
14999
17737
14089
15584
24596
19951
13932
15541
22297
16703
21743
15919
19104
23318
17337
16952
15206
19527
14678
15214
13946
19117
14627
18649
16917
16029
15868
15660
27207
31290
23572
16034
24374
16575
21301
18715
18566
15800
17452
14847
15308
15023
14202
16127
14729
19378
13963
14420
14879
20967
33282
14805
13669
17558
23221
13999
14215
13755
14979
15752
21223
18639
16505
17343
22234
16339
18669
16979
17749
18822
13933
30353
16762
16408
16806
18146
13864
19372
20017
15293
29391
18887
18988
28086
23417
19025
20815
19538
35169
19991
20359
15225
18436
20262
25406
45189
14509
25309
17176
14492
16689
15309
25831
15155
19394
16716
15370
29307
14077
15393
28035
16983
17775
14863
21366
14693
15699
20735
14795
23914
14788
19057
23202
15463
21135
20441
18536
17000
15211
30121
20402
14932
18109
14943
15217
15107
23273
21625
18489
16656
16828
15097
21479
14882
19842
15627
16604
15633
17688
15852
20701
14984
15935
15848
18446
17198
16617
20904
27028
15267
13591
16695
14374
14931
16223
13931
15164
25061
16604
16686
14380
16315
20885
16888
18232
38849
16082
25652
22200
17462
13626
15624
24288
14379
15308
14958
14543
20898
23765
20282
13988
12964
22181
17994
13116
15829
33848
26885
13159
15258
13903
17473
18181
14990
15414
13409
14450
16357
25204
23119
14613
14406
18676
14228
12997
27055
18389
12563
20717
19004
15967
17322
15424
13680
13394
16880
15611
15239
13678
13524
15790
22551
14612
18809
15272
15489
19818
14832
15649
16955
20204
15360
16800
14508
16968
20523
14870
14428
22367
28249
14431
25839
20037
14455
22085
14452
19164
16236
16516
16831
16334
23058
14242
17539
16589
16497
19416
17453
19723
37337
19846
16780
16311
14747
14054
14081
15045
20850
13515
18144
19642
17696
13372
18504
13368
30869
21416
18376
15503
14033
13177
19663
15753
15910
16062
25148
17710
14048
23339
16264
15166
26907
14074
17444
18875
15262
14101
14794
14645
14216
28459
14761
15997
18294
14357
14974
14354
25781
14657
15501
18281
16624
18491
24029
14789
17116
14572
13602
14437
15236
14692
18273
15275
14781
13897
24533
20691
15495
15616
14831
18632
16464
23283
17771
26465
15470
14088
14925
17405
14492
15634
15377
24627
17627
18548
18864
15172
17516
30631
14982
13326
16722
13819
15010
14358
12977
25477
19152
13351
14778
13561
30346
21194
14003
12663
20092
16339
14586
16237
16124
15068
15358
14719
21365
15628
19698
14611
16907
14592
16877
13178
13586
15999
14706
16041
14882
15719
17865
20524
16342
31281
18947
23939
17437
14779
18009
17686
25512
17046
18862
23144
15725
16711
22160
21091
16668
17256
15359
27681
16561
25095
16313
14061
19333
15727
15881
13961
13141
12997
14902
17120
15119
17064
21223
17539
14393
25840
13891
25164
20170
15655
19004
16600
15414
19743
15482
15327
13745
14004
15631
19586
18034
13659
18187
13686
15291
14474
15597
33767
30657
14361
25233
15850
13891
16995
15263
17031
22210
12565
14751
16912
18454
16262
24714
30258
12861
21256
13977
14217
20881
17369
15468
23304
24268
37578
16222
14917
16789
14331
17164
26315
18858
13338
13572
14418
23449
22543
21131
26582
15996
18170
17238
15392
16832
16527
15509
22070
16461
15847
15969
40316
14032
17711
17829
15233
14741
17681
14230
14231
19004
16019
14562
14876
14218
14788
15687
16095
19110
15806
17471
13802
20593
15940
17342
14071
20877
16320
30566
22785
14124
19015
14536
17808
15324
13531
24621
15397
15401
15006
16472
15271
15645
14384
25116
15504
22400
21708
14678
15209
14946
18778
18461
16712
17048
14924
13770
23799
17790
18525
35717
33511
14706
14761
14941
15484
17223
17615
14520
15348
20871
16738
22422
14124
14370
13067
14574
30527
14595
15328
16361
18232
16857
14558
16135
23992
13829
14804
13727
19111
19558
14918
15802
15598
21081
16170
13588
14430
15361
14771
15747
17237
27213
17049
15533
15088
18349
15369
28092
20101
16388
17352
17632
36291
14834
15053
24168
17589
20618
20951
17219
17873
16930
19640
14959
15867
22977
43073
39761
14099
23203
36270
15731
15916
22652
18345
16681
23761
16570
13590
16701
16252
21897
24926
25725
20529
21670
24052
22068
15680
21155
21031
20668
14769
19403
16811
23893
16122
17438
28143
18578
13812
13503
14055
18655
17215
16064
15529
13858
17519
15886
17964
14052
16997
22150
27217
18054
17080
20253
14532
15685
18986
17366
33546
31791
33092
26224
18844
13486
14398
17953
18955
16200
27505
16697
13487
15228
15509
15012
24856
16731
17260
15731
15104
17068
23141
17046
22467
20035
18060
15068
13579
17566
13992
13225
15692
16883
16450
16270
16651
16491
32178
13296
13429
15480
18901
15487
14834
17219
15695
18339
14980
16854
16252
23327
19203
18908
18010
16652
14217
23387
16972
20416
15665
16946
28902
14143
21303
15448
29813
15434
13159
14935
19522
16320
13134
19673
20953
17106
20541
14134
17505
13984
18966
16491
15092
18085
21534
16306
14840
21287
20302
16103
15227
19215
27659
14989
15202
17363
14301
20198
15731
40713
15343
27264
16075
21606
27063
30981
17607
14044
25180
23830
14683
15717
26907
18318
15238
14874
14582
17723
17753
16557
15638
14127
17175
13957
12680
19201
14130
13631
16106
22127
14617
18189
18567
27286
22431
14367
14305
15646
18971
20514
13436
15948
18057
18161
21112
19999
17537
15744
16583
17032
15126
14710
13458
15312
13495
12483
19589
14788
16985
15107
13606
17253
15095
32221
14211
17820
21740
14141
14114
14554
15859
17796
21082
16582
14454
17123
14280
29293
15256
15111
18019
15832
15005
13820
16495
18483
21071
20747
14745
19266
16626
13742
17294
14486
13662
14659
17855
15124
14677
18011
16558
15693
16808
18162
15680
17045
14624
21765
25019
17400
18126
17805
14070
14569
26081
22384
13768
14457
15332
17069
14996
19251
16339
14881
16578
17972
15977
23259
15922
21208
16231
16501
26030
14698
22076
14132
15447
16581
17347
19350
16635
27593
14345
24363
20680
15363
20350
17544
23301
14907
16988
25674
15312
15512
16528
23719
14452
19202
15315
16265
16818
15901
20368
15052
19769
26987
15556
16685
15932
16727
14243
15886
19714
25715
17668
19260
19653
14877
16761
18214
28114
19154
23612
45471
17072
14927
25625
15940
14810
18815
16803
18067
15969
17763
22557
16065
15710
17115
16167
24238
14335
22193
16938
24651
16368
15707
16654
31666
14827
28499
27322
18820
16953
23988
32955
18109
14858
14917
16015
17754
16903
17590
21541
14978
19595
16614
16046
14905
20487
22203
18356
25231
16871
14717
19602
17631
13631
22374
18908
14777
17894
15728
20864
13997
16852
14650
15907
15085
18340
13993
15734
15339
19131
15002
13348
17528
18555
18094
15203
27247
16181
38753
21389
17642
32707
14783
22078
30250
15549
17181
13908
14808
18723
15726
20280
21317
19297
14239
24649
15005
17148
14600
21586
27112
16573
19074
17919
44415
13980
14393
18073
14439
14587
14200
12987
13685
13560
14747
13619
20784
15176
16578
13791
31268
13885
25755
14531
14042
13128
46144
14723
27747
15465
13383
19059
17131
17922
20714
19601
15616
16986
15777
14630
23924
17443
18132
31003
13659
21140
17507
19957
18435
22856
22169
25006
26546
16689
14969
16981
16857
15658
15509
40120
19313
15614
13065
15547
19354
15891
16326
16657
16229
22559
16667
16374
16656
14960
17342
20276
13995
15244
14200
33196
18082
25102
17519
14633
15831
30497
12446
15102
14243
18114
26493
13727
13897
31856
21512
16920
16840
22448
15836
17757
14428
17723
14898
17047
15028
14645
16910
18132
21433
14148
36680
13349
20521
14323
15987
16291
23487
22943
20750
18100
15711
30224
15222
15320
20562
35730
24197
16615
19808
19964
16053
14574
14443
25563
17328
25320
15890
28150
18018
14411
15987
34201
53194
17777
19668
14848
15030
26409
14690
30516
20237
14191
22899
14842
14000
17574
15276
15444
14352
24223
27854
28660
17938
19918
14843
15684
20270
16358
15940
20617
22603
14147
22471
17617
19607
15706
16790
15460
25905
14721
17506
15564
19477
14478
28569
17392
20656
15026
16160
15238
14821
14809
19626
22199
16065
13834
15357
22776
18681
15602
20166
15681
16130
32003
16042
15960
32010
29618
17905
18692
15563
15279
15791
27025
16061
16318
18555
37426
18690
16822
21429
17942
23540
15816
24973
29614
24297
46129
18053
16085
20626
28275
20984
18686
16857
22786
16356
15968
14423
14903
15447
14017
14775
14592
14512
26812
22964
19580
20316
26195
15242
17390
40507
54365
15066
23561
25721
14836
15853
18295
23258
27704
17273
16511
16127
19311
17795
17742
15679
18189
20504
22427
15628
17240
15115
17987
29798
19345
15043
18339
29207
18935
15466
15245
15215
14749
19407
17898
13261
16259
18064
13327
18140
14632
15486
34772
20598
19160
13938
28287
21685
22224
19925
24457
19485
32480
24288
13876
14522
16333
15674
18958
19067
28380
33589
14159
15232
14981
16635
18758
24880
15879
15756
15922
16827
15108
19602
19019
26265
14711
13515
14779
17448
13634
29886
22717
14440
26616
17279
20115
16659
15676
14337
14327
15829
16705
16480
14420
15618
38488
18350
19641
22694
22914
14599
27439
18966
20774
23148
24187
16677
16752
13562
15702
21867
19412
25742
18475
15135
15356
22734
22517
16807
23562
15810
15784
15323
16817
13900
17162
15506
26865
15134
20810
13231
18219
18590
18524
15444
23088
17639
15402
21762
15219
21258
14641
15024
17067
17411
18080
14554
28102
25369
18951
17073
23518
15201
16166
17414
14105
16088
16051
13276
15808
18286
14004
17799
17881
17113
13696
21270
22155
15204
15533
15431
13879
16895
30712
19659
15851
23703
15650
13928
22468
20531
21563
14635
14261
14792
17968
25643
18222
13867
17302
14586
16533
16110
14777
18072
19382
16146
15208
14928
30204
14661
26306
17931
17663
14857
18179
16022
14234
21041
23152
15029
14876
15849
20093
15559
18701
14402
21275
18797
15478
14922
23940
21852
23455
12942
14235
16569
14736
16291
17787
14726
19079
14386
13657
12475
14332
15264
16391
16369
15151
15459
23557
16008
14194
16439
15152
14830
16982
22687
13042
15707
21019
16078
18956
24002
19070
36416
18258
23682
15501
16206
41459
19388
15822
14177
29049
14420
16807
30806
21632
20464
24931
14461
13505
28237
16872
20179
14660
15687
15850
38730
15056
25920
53943
17658
15516
14179
20138
20318
14333
14521
16007
14334
13258
21018
14116
15298
13224
17237
14048
19720
14106
14251
15355
19218
16029
16154
14773
28157
15467
14257
19427
24253
22378
22202
30891
24165
21687
15219
20739
14864
17214
22995
28734
16740
17976
12909
24154
20198
14310
14652
16402
14891
14577
16074
18179
28675
18390
14944
15821
17397
14970
17874
16990
16266
19893
16556
14078
17567
12833
17355
15193
15249
17103
19971
17137
16905
26385
23613
17550
22761
18936
14371
19519
14974
19121
17812
15253
13771
15778
14883
16541
14906
18716
15229
14797
17871
22675
17224
23866
38718
17028
18023
17695
23514
25810
18799
18308
15473
15405
15461
15164
16165
14054
14543
19302
14433
17056
23470
18530
24946
15735
15845
26376
25592
28302
40794
15405
20209
21307
17896
16094
15976
18822
22220
18582
15941
23067
16915
15592
19215
13569
14104
12468
22303
17964
12622
15450
15124
16228
16537
14998
22331
16194
16194
15082
22272
14688
15716
15732
16602
14165
15378
15842
13976
16156
13488
17484
30531
13621
12972
17601
14373
17506
16593
22868
14116
16831
14518
14642
14250
21830
15105
14788
15474
14470
17069
14174
24598
22255
18275
19976
12579
15468
15295
15845
19334
15294
14343
16487
16519
15721
15826
16283
19577
17382
15219
15000
13466
16139
19367
14186
16509
23278
16431
15915
16201
16141
28637
19962
15526
14096
24570
16587
30457
14579
13163
15287
14930
18978
29339
15243
19242
17093
19200
18237
19951
18068
20210
28001
15654
14639
14373
13250
17667
14716
14885
14990
16102
20112
15390
14485
13439
16030
16135
13645
19750
16050
15763
20009
17130
19996
14172
20527
16617
16335
20196
18070
15910
17568
16894
14684
17676
17622
16834
16637
14887
14060
14230
21572
14641
14740
20316
14456
14093
17318
15518
27315
16444
30972
14006
18707
17262
13892
26153
25700
21318
13654
17185
14608
17078
19889
18590
14163
15250
19086
16387
16059
18788
21144
15260
13340
17974
20734
34600
15872
15706
16997
21180
15770
16164
16182
15915
21188
17625
19715
17303
17088
19887
25330
15561
18677
19488
18156
19623
15487
13575
14696
23627
17044
20005
19386
19724
15282
23521
17202
15063
15258
13936
14402
14035
15750
15560
14199
14898
15810
18323
15775
17663
18913
15401
19089
15822
19545
16111
12992
16195
17254
21646
18147
13943
15580
14232
27913
18305
12366
14532
14191
15203
18263
15656
18137
15165
15430
14658
16418
16587
34083
15958
21063
13693
14534
14900
38347
16487
14304
18063
18032
21694
20664
17528
19344
17436
14644
21036
27423
18440
13848
21125
18912
22541
13274
13869
14411
14978
14444
20560
21101
15537
18245
23739
22355
16132
18446
30961
14338
32118
17972
18195
16445
20224
20138
17679
34905
15974
17198
21823
13841
25965
15358
31428
31778
26614
17576
20648
15075
23983
16209
15969
28921
15241
14506
23476
15745
17727
17172
19415
13317
13529
14272
14200
13814
16211
20577
16210
22162
22763
14250
15007
14184
31116
20674
17356
17585
24559
13331
20485
30034
23642
16324
30319
15172
15497
31556
22061
15974
24338
17245
18554
20147
18920
17839
12699
14767
17099
19198
16235
17564
30489
27466
20352
20193
16187
18159
18959
14478
18326
36296
20067
16804
15928
15892
15061
15606
16008
14534
16619
33094
20974
15411
16717
13578
19655
14338
16329
25439
15231
23629
14047
18072
16506
13760
35708
50718
15521
14459
14607
15518
25342
17471
22419
17895
26033
16526
17597
14455
20805
16673
16000
16249
21398
17637
15253
15761
21357
14967
15810
14933
16376
34241
19280
20128
23260
15978
19653
20211
18332
17690
14796
15674
19495
20070
27533
35941
14520
19440
17097
53722
15673
24420
14899
18511
14387
15818
21166
15070
15635
18516
16154
21860
13914
22534
15155
17010
19384
17231
15177
17644
14743
27065
16797
14294
18069
32942
13003
15177
14688
15616
13716
15574
15835
15166
15139
17872
25817
23997
16032
21347
23591
36979
15076
16262
15354
15800
20029
15611
18480
17038
15300
16421
15303
15096
14888
17241
20765
19175
34038
16321
14512
21807
14364
15106
16315
30719
26748
20263
18636
23831
14445
16052
23131
19930
14557
22493
20083
27068
24106
20996
27991
14460
15835
17312
18426
14099
16208
14208
19326
19028
26561
13866
15578
16004
26688
13710
17997
14573
15345
20308
24248
22632
24899
14522
16056
18764
15429
14625
15929
20210
15091
15965
17345
13899
19370
15777
13640
18288
19588
20512
17153
14656
16993
16771
38479
19590
20597
22471
16729
15688
17554
17148
19682
17439
14224
20912
16221
16416
18485
19856
21300
15681
17755
38620
18155
18251
21278
14550
19465
19877
24447
16448
14863
15333
16134
26267
19376
19170
18683
23173
14747
14314
16473
14723
19406
15893
15196
17265
18391
16545
21788
20924
20156
14977
17110
16601
16543
13823
22381
16084
18915
23208
16643
21258
20813
21808
19171
22015
21712
16051
16805
17563
17095
15951
24517
15184
14248
18213
13675
42005
19343
13255
14242
14632
15759
15655
15319
19063
29176
15535
17642
15660
16736
18225
15086
17572
18739
14661
18708
29217
20525
14880
25834
15440
19776
14175
15084
14315
17522
15887
24857
16791
15382
16854
13593
20133
26256
19905
17035
14973
15954
19456
14465
20212
15185
21327
24606
31465
19876
13820
17280
20619
14111
13650
15902
21635
14446
26895
15304
23179
22170
21297
15196
16986
13356
24711
14367
37417
12754
14148
14665
14495
14675
15263
28145
18234
16368
13628
13657
16268
15603
17589
32214
12873
18702
19991
13393
14315
15765
12664
15267
20355
25403
34394
15321
23981
27164
26460
28331
18567
16158
24413
19934
14985
17747
15695
17534
22294
14191
15303
15322
17298
17024
18002
23519
16074
16544
20808
24187
36640
16858
43687
56917
36364
15117
22559
19936
14817
14158
14285
16774
15794
21558
28404
14426
22129
28706
24964
14253
18492
17549
16377
25047
17630
19546
14904
16808
22471
15315
19023
21840
21492
24728
19206
16245
33062
16482
14864
15641
13588
15028
13823
15483
17933
17718
21761
17481
18688
22157
25450
16789
20547
19795
21222
26177
18144
12031
22553
28382
37734
15797
18000
15473
17867
22918
16969
17089
19216
14500
20674
20623
15035
15025
15973
16883
15413
16396
23101
18380
15872
16287
17536
14309
13564
17698
16324
20839
15634
13098
26297
17186
16730
15253
15750
19096
17251
16273
18126
25378
17348
40835
23143
13975
15043
14736
16377
26584
18323
20448
20875
24834
14257
25550
22084
18102
17125
16928
35430
18126
17727
24527
16210
17797
16204
15446
17304
16455
15695
17600
14773
18120
17328
14872
16153
13621
21818
17675
15217
18501
16199
22106
16495
16340
16720
21756
15885
17746
24533
15984
15513
24074
16464
17368
19799
19483
14860
26952
26296
28525
14193
16716
15548
16148
15210
14710
15992
18212
14969
15271
18538
16229
16979
20432
14763
23735
19312
17982
23727
16185
18321
16106
15360
16969
14204
16298
14774
18181
15586
24016
23320
23769
18840
26192
28364
20234
14961
16930
16473
18253
27284
16327
18523
18623
14970
14645
15477
15999
15905
18725
33796
14818
16519
24427
15386
20234
15785
19091
18402
18151
14244
14240
16749
13871
14743
16978
18426
22766
14377
49059
13526
16053
14996
15362
29497
18296
32948
16361
20493
23998
14274
14169
17658
15279
14593
19568
17471
15936
15981
15447
17603
23723
15359
14746
14193
19461
18522
14664
13711
17467
22727
16060
16201
18114
17141
19476
24729
18884
14884
15913
13124
19615
19354
14080
14970
14755
15525
16137
17185
14782
16271
19733
14076
14992
18210
21302
14097
18736
16078
13527
23090
23256
18425
26781
28380
16718
17115
17809
14698
18484
18186
16975
14429
19218
18176
16924
14547
14678
17260
17758
24982
16284
26165
22116
18502
17759
24304
16159
17051
15506
16909
24729
16351
20137
18471
18633
20855
20986
22152
14998
14352
17526
15613
17274
13961
20557
39761
19577
47632
19505
19291
18214
18461
14836
17689
16865
14415
15473
32326
16768
14638
16207
16935
17818
15444
17961
17460
14871
15871
29624
17021
14702
14337
19590
15778
17947
20357
16861
20000
24538
17748
17402
17572
14915
25622
19362
20821
14887
17180
15437
14140
18833
29947
17106
19007
21191
20816
15471
16540
15213
22118
17489
16485
13746
18507
15042
28361
16265
14891
14274
16136
16245
25145
16881
18758
26027
15283
18310
23446
25072
13952
16500
17025
13941
18837
16579
20735
16670
16788
18675
16044
15022
16155
24188
19660
17695
16406
18397
16475
18429
32543
16446
15382
14366
21044
16784
17769
17874
20933
24017
14847
18211
26537
20781
15770
15842
15504
16116
18399
30793
15241
15792
15117
16726
14677
18522
22818
53799
18897
15581
16021
15268
14424
15085
18389
24227
16838
16728
27579
31356
15019
15623
14406
14010
14709
19347
13754
20565
14378
16990
16307
21490
19760
19117
14858
16136
14547
15723
17501
17657
16166
16375
17874
14601
19173
14735
16157
15059
20729
16457
16307
19911
15986
17332
20225
15358
15839
33236
16702
28688
15668
17473
21347
15321
18569
17155
33020
19679
23300
15554
15971
14736
17364
17269
15862
19591
16873
15649
16595
27684
20145
17930
14677
36609
14661
16484
