29641
62441
32125
31648
27787
46356
19774
30371
20380
24806
28986
18950
31738
38182
15473
52861
36211
63608
74899
23331
18763
19031
28125
19187
23585
31462
21035
23929
19612
12931
11351
15294
18317
18633
23591
40102
30411
26569
60746
18557
21831
36594
27019
28020
14576
22304
26265
24124
17403
20181
29718
29149
27936
20312
42108
31030
46064
30079
28203
22661
20057
18567
22233
15294
19737
24687
15121
18527
21125
33751
33348
19632
17233
13385
31655
19364
42187
22599
18265
19051
15892
19234
24179
17964
20083
24198
15044
27578
18881
14765
19269
15411
31495
67156
17641
20627
33913
27215
48984
50129
24832
73016
19055
26517
41389
20219
21545
36410
25769
44207
24683
39204
20883
24704
64604
13472
92878
19827
21357
19849
25359
20743
37311
23670
28310
15647
10986
23230
18932
26927
31375
23931
28055
23518
30476
23259
18478
33442
25049
46237
47346
23508
14497
21770
20177
27374
19164
26552
24519
31106
38890
23837
20887
17392
15892
20035
18002
12694
16585
12964
21017
18829
23127
22561
12202
25069
24642
19278
25589
11152
26890
22166
31533
22530
25356
41914
5984
22072
19497
22207
21086
17593
33238
26591
10065
23387
18050
15239
13438
28991
26585
15944
19592
25656
20172
23619
16752
25664
18936
25690
18160
15199
18560
26755
36633
27804
22609
22066
12678
28313
17596
32601
16255
15523
16891
20252
27045
32866
42151
30063
42506
21358
23189
22924
31657
14916
22171
12645
19304
27936
19197
13516
33097
40211
17663
14884
16293
26150
25330
31088
13066
16304
15552
16171
22484
10252
12329
22561
33589
36858
27952
24759
13537
45101
20141
23707
22435
23021
25261
23884
25352
25413
28029
15395
11799
35696
24986
18703
39911
27473
15275
39098
25540
18345
24398
21344
13047
21684
24897
22343
32927
18378
20373
32562
28308
14267
20666
30678
38955
10987
16099
19778
24250
37095
26088
24455
22850
24430
23212
33120
12510
25564
30055
17874
17722
17307
19416
23301
13937
24702
21814
26427
17463
33421
24801
28645
20300
12856
30227
13317
18914
20971
20017
49449
30940
20081
22247
26651
19756
20838
13247
21280
23384
32296
22649
44488
36321
83701
66790
16912
35638
15523
22732
24235
29539
29775
42453
24581
27753
21697
27783
23531
21388
38068
26429
12048
29891
22043
39625
19985
34746
21529
28342
21633
35282
72751
23246
23581
17420
25723
27924
32266
24292
21199
19173
30000
21741
39827
23152
20022
24747
25385
30878
16802
18753
46682
18272
16015
13666
18306
20047
27109
19102
29223
48363
14484
22341
34761
23353
17518
20280
24859
24904
15198
16100
35377
30407
28324
21976
25785
45758
17015
32779
19377
44710
47089
39181
32091
15452
45186
36621
34719
18507
35113
20274
26654
27329
20546
24781
19001
32091
25344
33765
22141
23862
21336
30170
17346
27853
30888
21465
36846
28355
32033
30090
16061
25750
43449
31100
32114
35253
25030
29877
27495
53090
20530
39920
20629
17382
24670
32039
25364
13913
34533
20280
51454
23652
65099
21407
22693
25216
25737
39322
41359
28446
26038
27841
19455
19225
32896
21155
20916
18921
20757
27683
21339
24752
25889
38479
21688
26548
39188
26396
22616
27921
20690
17211
11930
20315
23673
39760
21745
21977
32382
24952
25944
33315
29649
25294
29395
19570
25361
32942
21421
20391
19293
29960
23219
35591
17776
32829
22790
16544
16062
21271
26088
29391
45309
19046
21019
7797
24173
25224
44978
36868
19868
27494
31300
21286
21180
35875
27311
32108
23373
31566
18390
25480
19391
15068
23251
26601
52956
30658
18886
27285
32289
18063
23302
39032
35756
24071
39828
21430
20117
21768
12137
21564
40755
28187
23435
15065
20831
29538
22797
16680
30629
27678
35077
25682
27665
25619
43179
23533
13696
21552
11129
17280
20873
19276
19565
20873
21324
40414
25664
31982
23498
46859
30741
19775
19498
17568
24337
18408
23396
24963
39261
29907
22126
23909
10905
38746
40786
21000
19954
21648
18949
18699
14976
29737
36504
15267
16603
19187
21122
29182
22079
19729
23681
20692
39396
41835
21749
34032
25157
18649
20912
26021
11300
35757
18542
23126
36695
19980
42505
21893
20752
14721
23016
21030
21100
21647
22314
21172
21918
27215
33585
18233
33317
22618
36001
31892
34665
34994
18598
19344
33192
25531
32743
22461
13163
28972
14847
43610
33361
38609
33373
18200
16154
21872
15034
16988
24975
11881
21679
25795
34451
16828
22915
35448
59958
62659
12606
13092
21626
18406
31691
28201
25102
30829
42052
42317
24911
19859
27363
42512
26454
24973
20778
21087
23183
19532
32388
20163
17886
18674
34955
19303
32868
20552
24930
27136
44748
79653
46370
33741
36365
43416
34465
23674
22337
22562
16822
24377
29732
24969
18317
19177
14143
57475
49541
16465
25619
13726
12443
27957
33041
20579
30879
17800
14061
25138
33779
41242
23380
27676
38764
18048
23611
13905
35491
50558
43257
21596
32648
15782
37089
21738
19766
16691
28440
22776
14860
17113
26071
16950
60864
26490
21104
45525
51692
23982
56939
23790
20375
20580
25175
24972
20234
31975
26912
22185
17559
28479
21660
29420
18492
25923
23189
25493
36032
34385
23806
35005
22863
28042
14420
21482
16723
28262
34374
18928
35481
62628
26483
25911
20356
6263
17733
25233
33788
55321
46045
31838
26579
37156
16281
20927
23696
18552
20672
23150
20920
27587
15690
20216
21534
27316
27696
24042
31904
17899
17036
37460
21348
19450
23833
33599
19989
20279
25508
26626
17711
19519
21702
34460
19409
31344
17145
27208
40000
24552
33945
26381
17808
54191
47137
14935
21783
23993
15894
17648
19380
16919
15610
25926
36896
40752
6225
26824
25441
18914
29280
34843
17080
21585
17176
20330
21518
23182
24697
29604
30280
24197
23035
21324
14203
20968
36559
20185
30157
24347
54512
18219
19500
19702
14891
24460
24422
33235
41232
29706
33829
44994
28987
28969
32180
47423
19372
19520
17975
23261
27154
22730
15856
18869
35693
9805
24912
20649
29144
15735
14013
36211
20192
32815
19379
19195
27321
37649
29187
45195
19409
16437
24044
37030
38945
23506
17772
20841
26808
30874
20818
26036
24091
18673
16660
18286
17708
21779
16853
24187
19162
25608
46215
28367
21962
19072
18914
36262
32756
21096
23448
19676
19259
15117
26277
22327
18893
14916
23728
24776
27763
27093
21531
33558
21360
20201
44526
23803
21172
23426
20787
30900
24108
23593
25769
28090
23728
30202
43484
51053
22577
22371
19625
33771
26895
28257
18291
17321
28607
24654
18930
46806
55885
18765
17985
13486
25582
22536
16804
20167
30220
19373
23969
20856
28639
33042
24461
36643
16463
23546
44759
16311
26157
35519
23928
23958
10601
25314
29467
19196
30576
30381
24707
36529
30691
19720
30030
16725
27453
13997
27050
25485
17669
18642
24334
27508
43993
32639
19597
25439
14248
20261
40228
20940
22467
17017
12425
20076
18960
28356
32284
36502
22522
29671
16261
23901
19581
23419
42460
15985
14803
21432
19594
24375
25640
45064
24259
22348
22685
22475
38685
22477
22943
21064
49911
22729
20146
18272
20288
23057
10850
17049
26838
20426
22556
36363
50858
30225
29403
38157
23758
36381
13967
24818
28936
23320
31089
19876
21160
25287
19493
16482
24899
25955
19067
18166
23448
26916
20866
30317
36365
20505
57250
19414
30982
24923
24638
77435
75349
46208
31715
21406
23170
18890
29709
14445
25537
23478
33182
31428
33340
18977
10696
16282
15336
18948
31749
19029
26992
22380
17614
25501
19801
22422
33013
23771
21444
30576
17601
28817
18267
27946
35539
30044
21020
21327
13741
27999
19532
20463
23418
22473
47060
28651
16816
14844
21741
15137
33720
27160
20759
15290
31197
24507
14623
19236
41904
48808
40744
42952
38094
15199
26069
36255
26726
25401
23310
31605
36080
39599
20070
28594
49263
18138
15343
26227
14803
19463
19956
32128
24064
11879
26129
15722
33544
16349
18597
25651
9738
35899
16023
26152
26566
28827
19660
37853
31237
48040
22078
15646
23722
16563
17035
21893
36780
25933
19764
17753
23474
21565
23761
20032
27733
40818
26577
27447
16510
18517
27237
31284
20122
40633
32552
25398
35594
32801
43514
15604
17810
24682
25144
20954
15651
29798
33958
23739
19700
24458
24936
27360
39689
22482
15862
20663
23999
43989
25032
15378
19913
20690
18190
28187
23972
18764
11888
20866
23616
23898
29370
18876
26895
30090
29845
37233
34362
48632
26522
31202
18877
21663
29917
35666
52208
23796
11188
33429
16106
27017
41919
12779
19305
27344
19426
18288
28634
25892
16911
26581
22457
17968
35685
47510
25968
32621
13629
19998
18169
26713
45654
15937
25438
26541
42028
23273
14164
38889
22423
22453
41427
23787
33565
26750
19322
17898
15538
23315
26184
38498
23877
51802
60534
22482
24044
19703
16178
28767
30342
26654
44206
16667
22859
21717
22367
35275
17668
21660
27690
23729
20667
21520
20072
23454
18708
16411
34786
57126
37919
38411
24616
22080
23580
18513
22539
35964
19798
28335
28834
16540
15183
26609
24907
29868
27652
25488
26790
31826
33902
20870
32248
22762
42415
30048
38287
43035
15525
26315
27534
27529
18082
20447
28053
22940
12793
21388
16730
21348
23895
22294
45660
17759
15681
20668
22876
23929
19912
36983
48241
33072
60874
53584
24924
34837
63051
36201
39783
46345
38738
11382
31385
9310
16468
29353
30983
19312
24512
35653
27279
15862
22196
20030
25270
24618
21581
14553
30768
20720
29360
25331
50247
22386
47280
18991
26284
31244
30146
29701
31557
25140
38653
20158
22248
23369
41222
24343
20687
26436
53199
16034
54980
36423
26639
21668
17543
43681
26822
47606
27640
26244
34286
27007
25162
20740
42453
19822
20331
23244
20322
24083
27457
22695
27906
13186
13237
20637
24811
90702
22661
38480
64360
12947
31647
20765
36988
29454
21184
40331
17407
21559
30102
18754
24277
22782
31640
19411
29976
26241
18822
32074
24065
21957
12289
25267
18947
46688
31850
17661
43914
12615
20376
30596
15057
18909
5921
18331
15989
29814
24446
43300
33314
16977
20793
23439
21793
29114
13520
38776
22072
16248
24782
9932
17988
16836
37772
15820
15734
18428
41483
60024
22737
19537
29610
29215
42728
17912
31451
21436
32400
20717
14533
26743
29575
18462
19854
23027
20548
31047
22634
11885
29653
11457
19179
36931
19618
22234
37216
24192
49128
33689
26317
19734
26686
25242
20858
22765
18454
19394
21428
22095
22356
29353
18071
16579
19226
33883
62943
36255
54295
87397
26291
31359
45586
32250
28881
16349
22651
20759
20813
17826
26592
16930
17776
29052
18792
16799
18112
20958
23822
15681
14712
22662
38637
40758
36357
22929
36866
21495
31580
30322
21697
26589
19581
21845
36872
37292
34884
21217
21121
27213
29048
20747
20708
21530
16413
19779
21111
20096
29180
20961
14264
23850
27885
27126
21652
23748
23829
53144
56339
25436
13253
30765
40395
33536
24505
22495
26495
23507
20830
36951
28035
22573
21661
22364
28805
31349
21746
17597
49992
26828
34157
26808
25164
19401
16001
21330
19862
40674
17499
14163
19102
21807
32588
20284
22554
21377
25700
14142
17311
28339
37353
29422
28679
61009
48939
57243
27818
70287
23981
29662
23537
22469
34512
26577
21997
16657
29098
11274
22476
14699
31063
28103
22493
17137
33641
16049
31010
32469
36594
17796
25192
19080
22048
23343
15762
15337
27903
20874
19778
33316
37680
18576
28199
22711
25948
24555
27797
16898
32920
29156
21161
34143
19271
27973
34903
14873
17668
19084
13702
22214
38401
16982
42497
31495
31456
15072
27363
24736
54465
19410
17514
23655
27226
33217
21450
18313
25198
12705
14761
38590
22472
29447
23541
19054
29401
32299
62436
24319
25509
38369
53257
20811
73488
21007
23280
14231
23175
24722
28791
17702
19608
17497
35596
40054
11726
20448
26693
30300
12676
20927
19638
23611
50554
23572
23063
27525
26078
27496
26851
34154
33136
35719
41228
29426
27878
32914
27420
27586
30881
7527
19341
15228
16924
24756
15756
32613
21755
37669
48522
22113
28392
22327
21448
12494
14443
16121
18840
22501
30887
13981
25794
23229
36414
13684
50897
10607
13811
20403
23149
33576
31494
25854
27122
18983
24968
30520
20555
23056
21742
30130
43027
28838
34332
38203
35252
22415
37059
29386
22687
19198
18120
33080
22200
12517
15627
14580
32528
27994
26081
18947
41353
28817
17826
41402
27099
12595
23433
13448
22035
28779
31104
22625
61597
32148
29084
44879
23568
27158
44398
28404
31847
47795
39992
41770
25719
34157
15642
15273
15090
23660
26713
23485
29638
24951
24934
26727
17436
36259
17400
33255
16468
24884
29321
33857
11303
19711
26483
19410
30726
19039
43261
25855
23251
24435
17703
24927
24225
18312
15110
15207
30478
22795
23650
29943
20388
26963
20472
14555
35498
23166
23153
24283
22876
34297
33689
21188
23574
31068
42042
56712
33721
36157
34639
20437
24998
25424
39150
26619
17284
22324
21294
18767
13220
15587
14543
23824
34875
19170
19103
23628
32786
34452
19383
32269
34405
48588
38654
39513
23270
14806
13180
15787
38356
65754
32016
21532
18564
39867
10693
24517
26423
21765
27798
21657
30373
22323
22087
23948
19533
21257
56892
29043
36455
25216
28416
30576
16916
29678
22708
20707
15635
32353
26965
20121
10244
20211
21750
34545
43898
18993
15805
20020
14471
24027
29374
21588
24750
21703
20852
21365
14043
26947
23585
33825
23732
18313
30725
52529
78522
20369
22088
16144
28834
24828
20245
18560
29892
6680
26825
16011
18169
25573
30284
21548
16070
24151
26980
26130
38069
27601
27504
24609
24193
19373
23489
21773
26309
29412
29637
30144
13161
35941
20212
34334
16384
25083
22189
29485
14470
22381
29148
35417
29590
30963
19127
25309
43478
18773
36202
23338
26149
21034
13652
40148
22581
29086
15394
16949
23863
25449
34900
25585
17457
25201
37466
15068
33587
18664
24367
18088
33159
21032
20855
34235
25490
38364
11540
17064
31027
38773
17395
16384
30048
21430
23784
13609
16736
22720
23278
21675
30348
31699
30300
13255
16187
21080
33326
14914
18355
33386
26740
30485
37354
38046
12570
9786
26285
36825
22067
23522
35317
23761
20282
24759
23085
30174
20390
35099
21507
19228
12399
39712
50864
26993
22927
24147
31903
17306
20662
25185
24619
21586
22491
46238
36002
12939
17269
15443
32004
12164
19604
28632
36339
22799
20852
33456
23056
24589
20759
20020
16309
15850
9993
16266
22355
26919
30563
24611
17020
17441
42962
32491
31302
22396
31884
21541
23866
30441
21778
17409
25674
14828
31921
20279
19016
35035
18888
33875
51804
11576
20712
13672
25676
22380
22299
35356
58845
21029
39761
25648
16729
23476
20387
35649
28841
26425
22873
19379
19233
8776
34999
20808
14760
26093
13282
20053
22080
25971
24573
19205
12590
27018
17385
18079
21964
20508
19846
13514
14587
19587
20719
30585
31684
28964
23368
18461
22756
33284
19358
20651
29279
18031
20899
13705
19300
39001
24618
14390
39387
42071
27124
28647
19874
17569
24312
26600
28209
22965
19410
22995
31348
21750
19812
35143
30512
20761
23425
31339
30046
19899
25161
26821
29130
19090
22473
13127
17414
28739
20575
18151
22888
21270
24033
17213
28885
20100
15932
18533
16147
26621
33982
41577
26408
20629
24091
18213
22853
16543
38764
40148
47174
31384
52822
39901
20852
20340
28506
16914
15112
24065
29737
27103
24359
28265
22676
12841
41214
25511
21680
38175
22993
35417
20700
23310
46906
40294
13208
18009
23186
23828
32302
18624
16649
20612
44709
21707
16918
15993
17993
17990
20287
14437
19439
19106
36646
19310
19804
37005
23586
25210
22406
19367
26981
31275
18273
20729
11722
22575
26156
23631
21768
27071
29014
25309
22810
21714
18964
21296
20831
46780
21380
16893
25444
25895
28634
13769
13813
16359
21387
19864
20717
32326
19851
23765
21446
36678
21656
19130
18528
23491
19595
19695
16757
24045
20905
26079
49434
19480
33764
26818
20367
25589
43502
27976
19483
21596
21877
31454
23152
27534
17237
28576
15712
14606
25214
22790
22409
22068
17952
26792
41092
45450
27642
13623
20690
25090
18138
21195
30329
24056
21786
32707
18505
24334
33345
17486
19538
15832
21393
19393
21051
26760
18494
31347
20773
46069
31968
32445
20071
18937
29522
26625
43387
17781
42884
17591
22269
33307
18873
24539
19820
27383
22222
18136
17181
25295
26054
36832
27494
36309
16231
21140
24165
34540
20264
19832
18731
17627
20708
22272
30186
20662
23966
28468
20963
12794
31010
15174
35189
20626
27804
22458
54072
25356
34396
38653
28644
32342
44281
26670
28099
33630
24498
26088
45427
10075
22740
29540
19694
16316
19802
20980
23379
15587
26333
30730
29431
18373
25205
35317
13102
19948
36612
31744
46223
46672
24031
29544
37732
42714
18258
19452
33225
25287
20647
25125
14812
31413
34019
17920
18592
52053
60026
20208
29156
21857
22607
22612
16561
21337
16391
28165
26718
13515
19825
16745
16861
33899
29875
26794
22211
14229
23844
20093
27510
19017
18068
28047
18146
15202
26103
21524
27743
14574
29712
28221
21793
24411
27014
15491
34074
17976
36143
25412
13634
42312
24202
25437
32288
22023
39260
16341
24172
16598
24847
31086
20106
29519
24441
24485
26622
18714
16422
15746
13337
23817
22125
40244
25969
28494
28498
37085
17598
27465
33959
56897
32088
12286
24081
28005
31293
17471
9846
15776
20728
34023
44852
20052
16205
40253
16279
44042
29837
21007
14922
29211
28117
23302
20009
18723
25578
43524
31754
32208
21650
11277
30550
23502
16237
27763
24868
16323
29341
23312
43205
38326
56699
43526
19843
11297
16264
27594
38193
64737
24375
25635
17044
26065
26144
38984
15392
24090
21028
14771
11144
24736
13605
14664
19632
22405
24285
20626
21414
27241
22857
27755
32878
31162
20317
35253
26544
19894
28114
32286
35473
49760
19130
19922
26550
24999
23098
24122
35731
23162
29755
28031
20219
46932
25120
29878
30266
10493
24858
27654
25404
29667
54138
15363
29528
19737
17919
28779
27917
24798
28277
28819
37498
22721
28995
40954
49271
23175
30062
21759
22101
16682
20746
19171
22906
16985
27439
30136
12334
22610
11389
22459
21708
30266
23741
16452
22549
21267
29959
27879
21582
22926
16984
16439
32752
22635
46100
18512
23453
20135
41974
27169
51689
25302
38873
20264
21450
37430
16047
18562
24469
21343
30658
19309
32383
25250
31149
37009
13608
24884
23232
25361
29558
25045
17102
35017
49409
47992
22327
21413
37285
14261
21682
27594
27923
34993
20839
17648
42980
66604
25008
43096
22538
31586
18655
23631
19743
20081
24684
28447
37585
24759
30663
33831
22074
22619
25426
35086
14987
15091
18643
21905
20033
18093
23284
14263
31353
16617
30841
23020
33073
21054
15996
23166
22831
17680
19346
31874
68088
24884
27167
48406
62700
31423
24237
15930
28245
26619
19743
18485
17473
21755
25585
34623
14230
27453
42959
16775
27876
20054
29744
24948
33369
14701
20754
16240
25534
22246
37746
44197
18591
29800
35730
24732
29340
31013
31427
19329
23463
44132
20647
9519
30704
37989
29271
34640
34178
21304
26490
26438
37019
25147
35005
41196
22072
18079
27688
39051
30286
15224
28453
28175
23187
46409
37534
25386
30440
29383
27780
15386
16780
13699
23890
34998
19332
18817
26044
29032
57816
36175
23256
27328
30128
22303
30176
64789
24633
29880
44172
25240
24873
35473
48702
30912
24947
14465
15852
28988
23029
40320
23634
19755
16458
29949
15464
20672
14918
32439
29149
15331
24997
32797
21574
20978
17103
16180
18450
21820
18908
25967
21659
33641
20753
18492
35269
20554
22921
16751
32591
16545
17790
24336
24629
10358
37315
19998
31350
25620
20689
47238
29668
20417
27357
21638
25523
55928
48653
27452
28248
30260
24131
23138
23202
23213
20745
25703
11263
32033
21369
19345
24540
106700
35712
90654
39735
31000
47536
34763
31689
29691
23012
25661
27284
15388
22369
37423
24389
46503
59278
27062
16543
29167
31601
32327
24561
31781
23181
19476
17253
17641
26098
10057
28521
21943
33916
33626
20605
32952
37745
37721
29936
17919
19863
27082
22495
33160
50590
12790
38520
53375
35955
18463
28894
24656
17387
13887
23930
29108
36461
21701
35002
15751
21597
28344
40796
28409
28968
30381
39829
21989
17599
31024
30140
41579
31052
39026
24769
67847
24836
21560
18444
17270
36934
25953
24157
16447
36102
28895
23550
15366
15771
21200
26332
34055
27582
34026
20846
20659
17283
40591
34047
21887
17461
25606
24760
12630
27664
30814
17714
19487
23252
28184
19627
34085
40133
18234
25390
34687
38583
18451
22438
15764
15086
32850
15909
15878
29371
26214
25823
16358
21976
23140
24077
39422
16957
27987
20477
26691
37039
38911
31403
47743
20566
44945
21161
24567
35263
44485
16367
25636
15813
21908
23179
21462
20723
25359
17458
32820
40014
27947
19006
28061
21783
21592
24529
19360
31388
27918
17881
28441
19006
26940
24284
29687
20174
21204
21394
24965
27764
24499
20633
24183
21062
16163
22849
17188
19442
27739
28908
23477
19640
15976
25271
23756
18292
64295
49665
75668
19274
27008
14106
21694
37427
25121
20618
23652
20368
17688
31907
16279
24727
21909
31871
18365
21997
23745
17665
30669
17289
21686
17866
35486
26134
25101
22900
32326
14811
18853
30934
15848
28620
27902
15986
27702
20526
27709
14109
22195
44315
36477
38356
32224
16565
37462
41464
12174
25575
28901
32562
35968
36714
39222
18552
25484
15536
24032
19980
18435
27255
35405
13873
9146
32666
42055
40643
16930
20124
35683
21649
31967
30510
11497
27103
44271
23477
23604
30509
35493
9799
14688
44312
35832
29567
19084
22715
25759
45133
27764
19537
38160
76825
20467
14058
35178
30406
15075
46110
19099
26237
28458
22111
25078
18295
31799
24241
21028
26654
17812
13218
14671
43167
18856
16510
11391
22456
17025
17719
22455
34360
23162
18203
21501
20014
21419
23331
18783
34922
24410
21372
15503
30128
19133
18229
21412
24067
36435
30256
16926
20780
25545
17226
18409
23295
20858
18499
36380
56083
10382
21518
43510
32658
24515
12308
28767
20012
22728
18238
22303
25632
31531
35844
25959
25309
17930
28283
15149
35206
19943
38978
51364
51047
25589
46585
62369
66314
18189
22724
29903
20726
36913
34142
14913
43823
18409
14353
26477
22392
16578
17925
21841
20284
27226
25929
21733
25554
37177
50212
19885
19828
24829
30462
12668
25375
22296
29538
24653
25105
15612
27545
31130
56725
22632
27543
20256
21212
16511
25820
19530
38096
29229
24475
24049
13440
23406
32067
26449
33856
24461
49446
21853
25449
27069
20055
23030
20588
46029
13981
35656
25857
24581
54616
25847
20030
21123
32119
41660
49162
22104
29036
20499
23828
22854
17229
19778
19327
15407
26444
24571
19759
40022
19817
24533
23568
14764
27040
22442
34515
39161
22372
38685
35442
29636
28406
27172
23806
39489
29921
22191
29729
26855
22487
11450
18634
18582
24652
20103
17038
20562
19997
12816
23595
28163
28103
25844
14003
21066
41598
19192
39975
18244
10116
28114
19499
19151
21757
35839
26314
17951
24040
20149
41419
23944
32248
24164
27945
25384
25561
22269
27494
35296
28508
23689
24836
29443
30399
53847
44075
23695
20531
12115
22691
33631
23066
33112
58334
11313
27458
29299
31924
36867
30604
19540
14847
23135
22629
28009
27118
19360
18054
20299
23090
44582
24524
25266
23685
24137
24907
12993
36902
25837
45574
13305
36711
20541
30028
23041
34017
15533
40020
55205
13653
48597
18410
29577
19845
21563
16825
25452
40019
24609
46178
23798
31191
30325
34810
12685
24137
12419
27551
29028
39331
24987
53676
19151
22898
22711
31038
34295
25578
32642
25344
18920
16421
21918
22539
34878
41988
21812
46239
26426
49778
39299
57010
17104
27181
21395
36850
36688
26549
24109
19006
44329
19264
24862
21881
19661
19765
25503
47107
62148
44703
22915
16141
35439
30622
24090
19102
34998
25010
35666
26321
23279
30754
45326
28757
16760
22145
23411
34569
19057
38161
47368
22637
20786
35241
56451
39568
53674
59924
21415
49747
24960
21320
17513
20130
33939
24300
42241
31480
28595
26735
17137
33562
15761
23195
41774
40218
25311
35976
21938
28334
30377
9472
29974
51206
27455
25673
37455
32688
49273
19015
28458
45328
32033
16841
13394
29198
56296
26758
18939
12905
22451
29138
26788
19156
19388
23100
29454
36534
28173
17041
15295
26338
32293
17116
20727
35030
22325
17081
20137
27952
20090
34944
28380
26587
21708
20109
21395
16481
18753
25863
21676
15401
59828
81081
67175
23327
34295
33050
30812
33069
34996
23852
34226
21951
27102
31381
44611
74358
14575
43823
25523
41495
49717
17444
20321
20266
24677
31243
18457
32138
20984
28373
21028
23629
55262
23562
18271
20266
22249
46087
48845
39814
36129
25352
22877
13672
11087
19105
18424
19627
22434
51350
29443
15666
64413
15168
22439
22015
22901
33590
22673
17687
29019
22183
21166
23665
19084
28216
21536
16424
27730
28071
21304
16475
49098
31195
22152
19180
24702
28436
37170
34286
47155
23372
26053
20815
30908
19756
23656
20958
25371
23404
28168
19136
22754
15628
24885
24266
25729
28391
27340
23152
24741
16022
57506
14876
35268
23392
17396
23370
35068
15633
23662
17500
22663
19612
24232
28494
25477
30072
36720
35976
22042
16407
33569
18647
30794
18170
30886
26813
21395
25670
19833
30591
21470
35982
28598
26314
17153
33827
33694
41173
19893
37847
18601
20247
21980
20388
29962
25796
18908
17919
39415
10125
28214
22786
19331
26806
21005
22757
29914
47645
41381
28331
33738
36388
17807
50479
21432
17517
14084
27872
20594
24400
19710
48757
14116
24036
15979
25765
22236
19939
37061
19618
20835
15095
23098
17875
18933
14941
19361
14973
18976
17016
42747
53877
75773
21836
21417
27717
42091
25975
22858
16399
42595
16411
24543
32790
19738
15732
23497
29997
29236
18545
24950
23378
21393
19254
37147
27684
32111
17501
17040
22278
51523
21451
24476
27126
57368
71840
21108
29482
16865
23881
21100
15454
37026
24832
17736
25004
20174
28602
33513
37437
51442
13600
25532
29639
51621
24604
25530
15426
25604
43787
40606
14296
22319
18411
29675
15198
15665
34224
23080
19306
25720
25386
17636
30986
13970
33139
17912
30307
24645
20640
33307
49887
62686
22226
19092
32206
33565
24108
24184
32757
30938
38914
40480
44227
67667
16447
29369
18810
30021
28683
18238
23031
21864
27154
20260
25448
25251
37756
17562
34047
32138
22672
16106
20690
22064
22806
16483
24584
21408
19573
14561
37309
15873
16148
17929
17271
26321
27641
45912
20778
22897
26263
16921
8459
29417
40718
20804
29289
25920
28866
24892
21744
31061
13179
37285
16420
26472
16947
11541
12598
35271
24272
12314
18349
26172
41117
23091
24025
14939
16417
24399
35189
21677
23143
21180
21620
15765
19222
23342
28445
35342
18150
23014
21820
31710
19391
20683
26660
16187
23978
25835
31843
24479
15823
12102
41370
13716
32203
48091
25367
20984
26583
24779
27995
34900
12487
24219
17794
22117
23834
29699
40029
17935
24821
46568
33235
26377
34797
56654
20643
18814
22873
24187
15582
26013
27419
21365
50258
34758
59450
32049
23772
18992
38775
29525
37075
15768
17335
29961
20319
20174
32469
21236
22085
25767
20992
22468
38836
25578
20475
28601
42955
20447
17381
19478
12101
19032
22070
19903
32738
44180
32186
55826
34609
23300
11414
24188
18470
13076
41951
18730
12276
14447
20768
15919
18070
46252
26373
26517
24785
18971
19674
28038
20244
29188
40829
39513
33908
15350
50856
44094
30726
17760
20625
21423
22333
19892
31264
41200
25330
13180
20974
22016
22711
22703
32138
23913
25407
14706
25913
23662
20364
24334
36037
45579
20120
25365
18211
22384
20625
24142
18545
38490
38437
20628
37116
18272
26765
20968
21837
29247
40061
38187
53462
20139
19666
25964
30945
16259
25958
5783
6675
19486
16492
16260
28599
18446
33345
22135
39858
31863
46096
25527
19767
13261
17014
26048
15885
17508
27837
19993
19553
21495
19102
20410
22909
20859
22460
15805
19203
56735
23846
15709
17665
17044
27030
24740
26580
27125
23246
15390
19294
35461
24280
39795
18631
37803
26506
37244
34305
32797
16146
33360
43985
29127
12932
21851
14647
21675
41132
34619
11082
14083
27370
21274
18498
37708
22403
27814
29608
29080
21722
15466
13248
29459
25300
18893
17274
20519
17510
18407
29648
49733
30510
29848
24036
23372
50904
36913
30431
20099
25511
25881
22023
22022
35283
37367
28176
33736
21050
29049
29875
20500
24689
33426
23532
16739
30482
14978
18566
25038
35696
21021
31700
33333
23478
22050
23767
25466
18387
29968
39422
17654
22278
25154
22043
32005
12084
18136
15596
28008
43739
42263
21194
58808
15331
6425
20425
29344
19104
25150
24345
18910
21647
49343
27523
26510
20534
34839
40245
28961
14753
23259
22097
28323
26442
22000
22065
43627
54311
42201
39457
20740
26395
45684
22228
26657
23551
26343
26711
20983
21316
33618
20315
24482
39305
16896
23358
26122
26595
28139
19900
16245
31335
49281
17313
16520
41021
19450
20419
29119
51030
32783
17235
23722
45878
44055
17710
23271
18456
25369
39082
22600
46218
19329
18826
20549
21574
16944
24851
24997
41340
15511
47018
60205
23865
20455
37378
19581
19532
18640
15528
16234
18097
34702
19064
19741
18511
34443
20962
27905
39730
23571
19031
19327
32633
49095
17564
30757
14964
23453
35583
27090
36292
44020
31877
30532
23522
25113
26102
46332
34128
30426
21489
32409
25060
19986
24637
31159
20231
45023
22522
23528
33614
26461
22127
29480
18661
27327
22911
8162
22554
31701
25661
30115
53929
24995
20119
27327
20903
20286
33957
13652
52863
20096
34834
26836
22922
25040
21513
19973
20132
34975
58056
29821
27747
16676
16078
21862
31587
30696
34455
25797
23102
18645
33958
20855
31452
23459
19416
24121
44135
28616
45606
18051
16716
67555
73585
86324
20285
22776
21824
32929
38208
28675
14776
20490
28535
28569
27847
21163
23886
26574
18685
25011
20367
33398
49859
15097
17558
28628
38026
37585
25147
14564
16366
19181
15636
20680
23708
48235
58963
20094
20617
18136
25912
43584
20858
17799
41446
22032
32296
48617
14512
41432
52989
19229
12055
20965
18988
28943
16669
48454
21235
32116
17902
15428
24023
22081
28954
45087
16367
26513
37678
26603
19014
18946
15157
32357
17089
18383
15095
19215
20982
40943
22568
25008
19052
23562
17507
43957
35279
21552
42403
18843
17707
24156
23752
23542
21760
22096
23481
6485
28951
25027
42433
51133
24086
15040
25822
21707
16148
14527
11660
27619
22303
27839
31703
28766
24954
21140
30381
27105
16447
16064
25549
32005
20071
15009
42539
31606
17175
32792
22704
19329
13752
21124
26726
23830
16364
35449
24872
17867
27741
15760
41926
26346
27612
18573
22378
32774
43330
17928
21151
17567
21919
36888
20386
25717
20323
21957
19116
23104
27307
12468
13867
17379
21370
21499
21784
21370
49968
30456
34649
43217
30942
21505
18483
31929
32457
62904
66371
15593
26118
15191
18380
21240
40412
22392
40225
25938
21939
18434
20492
23716
16563
23827
15517
23182
19159
23955
28927
18730
17137
34928
19915
55747
16930
18584
21193
31839
23316
37861
42146
19134
23138
22990
20175
20274
34287
48935
30569
14140
29353
17714
25950
30177
19571
17534
16297
22697
16625
20474
19727
21871
21265
27039
23514
16976
25799
19188
21452
23694
25422
17268
16509
22839
14171
20940
25049
27447
37806
28724
20540
28283
22301
17154
35338
20905
21734
21583
21385
30300
31207
25498
39220
25332
26068
12667
21225
24090
19205
20800
42005
22792
26784
44174
7399
21193
18578
13618
17640
24449
29748
17225
33041
41828
25873
26938
35632
19352
29834
36235
39134
19164
15571
26396
32105
21289
39212
16186
35013
20235
34132
17714
23692
24963
22046
29121
43665
18093
35492
16491
24259
20169
25511
21774
38030
22413
20641
23208
25569
15840
28835
16007
15341
29094
33768
52085
19245
22796
14350
25855
21912
28890
25156
16924
23293
30577
29329
23518
32127
41323
18575
20927
27524
27117
18849
28738
32671
29931
19693
21507
30644
32556
48906
54583
23607
38156
18817
29061
19805
35657
7983
15967
24784
13335
23442
26946
16831
29688
29184
21733
17533
18326
22026
32563
29934
26480
28157
24458
30462
20832
20197
21647
23412
14482
27204
24503
40660
23837
26706
26365
22097
20005
20407
18831
27040
14649
14699
38731
20022
35903
18259
31433
23819
24153
24054
19801
26626
27481
14960
15750
17077
36476
27982
33731
21194
15916
18065
44754
58285
39354
44995
40371
31497
16310
24023
22869
20654
31684
26538
25529
30216
30720
57932
25924
21230
22067
19718
20821
23893
18983
12729
23314
15824
29859
35252
33144
23784
21452
30816
29685
22894
30163
20659
34764
19473
22786
13923
26953
31910
29090
10699
17301
27374
17701
52961
24973
29844
36861
26737
26192
20395
23299
42084
46278
18899
33317
44247
16413
23986
30192
31951
25127
15216
25924
32907
24944
18708
16960
25117
23338
30386
32136
34252
20983
24971
14009
22370
19964
20599
33147
24095
24487
38304
18239
28146
26110
15648
27875
24926
15812
32257
20576
49152
28495
27674
15467
31327
37253
25435
27643
42881
20722
27069
40267
21416
49211
32400
24627
21915
29599
34769
33859
18685
27354
18179
27587
25556
21801
79932
52195
26438
25679
28131
13131
22729
30622
14299
16190
18229
10533
18619
49703
11967
23579
17118
19833
17908
19016
26322
18662
26500
29373
25526
19027
29356
24476
22069
19827
16926
20490
17493
32937
21375
21148
42134
33067
18840
24891
16157
22053
23725
21823
25947
29606
25809
14958
18257
16157
20762
17173
21326
22791
17937
20816
21500
20315
33141
27203
16675
42351
50294
20377
30196
42295
59555
24087
5642
15559
21496
20419
12954
17180
44864
16704
21351
15851
26342
18745
17406
40035
44646
21736
35134
18576
18360
23009
22633
31924
27163
17761
26606
18856
20348
13767
13443
20846
12013
18945
18761
24790
19887
15665
21674
25670
41173
20938
29891
16046
19904
20392
14396
33922
32959
17811
14070
27791
36535
18857
34467
24289
24266
56229
23624
23919
41822
22437
17683
10976
13097
16452
23619
22197
36621
20993
17095
35505
17543
21806
42763
19005
17596
21768
19515
21928
30830
19158
21100
15510
25132
23432
30207
22411
47414
30187
15654
21239
23904
20402
21986
21101
23560
36829
26812
24137
36508
29160
27016
18613
24513
16014
19229
25720
23848
22731
28928
17728
21001
33192
23510
36011
17221
23008
27816
18624
18677
22144
27929
20897
25873
23052
21644
26427
20611
25573
26344
49279
49735
20613
20672
23263
25298
23535
35637
21394
15554
16047
26947
52544
69517
31910
32809
33389
59219
50807
49447
60676
23847
19017
15655
25131
58160
21460
20811
14012
27578
26011
16873
33685
18822
25720
20388
19525
19519
32546
20979
48634
30576
17272
17440
21346
19019
15005
14963
16200
19814
43340
19847
18614
23041
38413
43833
31865
24553
23239
32332
41915
18079
17763
22122
18794
21110
25515
31774
15899
28876
25228
23786
35086
19152
31715
24546
24540
13538
30952
21607
19426
18721
27142
19721
17313
21027
29720
15631
32390
25545
21986
22090
32741
15604
29025
37568
19928
23123
23394
48812
18498
17905
39104
17767
22705
19395
22983
34239
27873
34427
18317
17867
21116
19689
38943
49718
54909
21381
22789
31455
30864
19486
29667
29415
22167
20186
44092
30597
17868
29598
18636
21925
47862
45738
44773
32385
49559
50255
17377
27035
26670
18789
19817
14700
22385
25124
13766
16775
24045
27111
25954
26106
21321
29809
17868
85005
25405
26037
17232
19359
11722
17400
27692
34238
18581
22444
17602
15859
31819
27986
14870
29727
29929
16622
19717
31584
26446
35241
31128
15427
26180
21536
24518
17397
21417
23220
14992
23380
26582
19055
27346
23853
16109
19332
21487
14327
14211
20153
18341
18918
27957
46567
19727
22036
38230
25159
19270
17481
16881
32276
36665
21343
30009
22255
24557
17072
18702
16307
20869
22739
20801
36266
33548
12731
13693
27493
42346
27428
21617
38921
57425
30660
25184
18909
22239
26083
19960
21766
17705
37457
27699
27007
21438
44003
46011
25156
26080
21993
12731
29502
29874
28337
29157
24940
18295
16768
45837
19216
37898
21117
45709
29281
20134
24256
17078
19534
17606
13947
26667
30208
20343
16579
15724
27854
29624
17469
19307
28905
18353
23733
47672
17459
21894
16481
21522
23319
31621
15387
21474
22031
26882
30752
34134
22093
32090
30396
24807
14292
62080
30838
21442
63785
16272
60041
21125
13512
61608
61800
41826
51856
26109
16003
12638
30954
24907
19384
20822
30114
24641
34669
29039
29702
36586
19728
18766
37966
21573
30176
29102
43947
22261
28020
20761
39417
32438
30329
37925
26143
27457
35059
57692
24980
26958
19794
36914
26509
29854
25488
32718
26078
20023
22590
31030
51835
17757
17361
6393
20330
17494
23883
29081
34586
36946
48308
14182
19554
24446
21871
34888
11016
21467
17114
15781
23371
31957
16580
23900
17388
18563
19130
24489
12539
16411
33914
30597
46518
24149
22200
22097
27025
22904
19907
15395
22199
16975
44425
17506
28924
20802
44055
20376
28051
22424
22262
25846
18095
13024
29457
35724
56723
42282
24133
18877
20799
24849
38030
23287
30977
19249
31108
21475
20559
30255
16902
15544
25205
15608
21560
14909
58514
24233
19682
17129
31888
26368
45990
23269
13901
17648
25588
31898
23953
21236
26189
24924
30603
20497
10163
19868
16332
16957
24384
17830
23052
14194
56854
20717
29232
13922
22369
24941
25031
25086
22361
18485
25402
29773
20438
23304
22000
38742
35371
21498
35149
23270
24107
21209
34360
50987
11592
16264
24616
50483
19922
30928
13917
28045
15087
27802
19871
19287
20259
23847
20447
23749
31113
48310
51144
61248
57417
22661
22731
17527
23424
14079
21187
45730
41620
27769
24249
24836
41747
29821
16660
23522
26794
26143
30874
13242
13627
31569
25782
20317
23190
17036
34287
25264
45554
29936
20386
14031
17220
20681
21402
18171
29606
16207
33372
32747
26961
43395
33719
20949
14448
42065
38275
38754
25468
44340
24276
13993
23810
39780
28600
18694
16957
31328
24512
14792
18570
25466
21724
31267
18665
29449
27753
28997
29914
18940
25929
15283
11884
27558
31826
19188
17092
19947
15690
20733
10660
12140
25170
19529
36048
22581
19912
36912
30823
23585
24550
22405
39158
22680
16988
11113
25688
25067
24158
22744
26985
23719
26012
21179
32609
26566
24391
23610
29571
12230
17977
13437
17990
42004
58858
34675
20661
22049
25262
20455
20668
26737
25193
28232
25076
36405
26155
19418
24637
43740
17472
13052
16866
16783
19706
12871
31666
20140
37220
27726
27033
25577
32226
18849
38123
43812
52744
37438
52535
20605
23990
25263
16743
15642
24092
20185
21218
20121
11155
23102
11178
26197
25377
16803
33206
15742
28628
36524
18082
33563
51641
21141
26341
23716
21332
41444
23270
23868
38657
12021
13995
31180
26362
29731
20473
23169
24903
14341
26912
14898
20806
28623
14164
21511
23805
34729
17917
34349
25792
27773
28460
31223
13925
20249
14208
22854
28525
17387
40751
17715
21226
24738
26023
21496
10571
16437
29103
20999
20935
23374
20324
14909
22569
32249
54200
58113
36599
27814
23517
19240
22886
14108
25661
28365
40139
30456
54220
16012
24948
26608
25162
32146
21272
22041
24253
36975
28043
17887
20559
18771
17614
12948
27121
35484
13346
14051
23320
27626
24321
21721
29153
47101
68332
62928
21891
27388
19455
21157
19962
25154
29807
24228
28315
21121
11138
31565
21935
15996
45908
27453
20439
36060
25335
20787
46816
15656
23064
42599
16270
47312
19960
19055
18227
26180
16127
26526
22493
21350
27251
17846
20825
27161
17614
20913
18358
32826
21513
21061
27877
19930
23665
26864
24788
22122
54335
27340
25989
17825
22781
15669
27985
44785
36014
89120
23653
26104
25285
34590
21901
19010
21585
27959
24864
16724
22458
28596
10542
20833
17933
29821
16153
26015
23739
24454
19942
23383
26046
28159
41727
19069
20235
28688
28955
14540
29512
22378
18137
20744
26637
19607
26806
22249
10317
18525
48295
21867
14448
16498
16256
24047
34177
26233
21214
19728
29069
25930
29294
27578
39527
18812
18783
29765
64132
40999
20486
22054
15119
24752
35577
20702
25162
15346
21396
22409
42997
26690
28265
25379
40989
27743
26923
22367
25421
10858
25143
20799
30128
21673
17522
20622
24227
27085
20560
28701
35694
31500
18151
12437
22911
33253
19145
31480
33991
35419
16603
24527
23197
15271
43047
49038
24697
15543
8733
20124
44421
28165
17798
12355
33131
25213
24212
25428
21518
22030
15051
17008
22708
20808
17705
13391
21757
25114
18990
25539
41452
19820
39426
31322
60254
22628
28704
50974
56924
18754
31751
31124
37814
18368
44176
26836
14289
18381
28229
30742
45324
66268
83407
28964
29025
20776
21204
37723
22117
36203
20514
20961
24743
19507
26444
17014
14533
22439
27526
12879
24326
19072
22183
19209
24688
42609
16700
25111
14426
26404
40924
30017
22429
49799
18770
25884
21314
18541
13797
12111
25425
38538
40782
35531
37810
33911
21847
25575
23377
24883
20831
18962
20875
36623
17665
14186
24359
20182
21852
16406
24139
25238
22274
16865
20889
16667
42090
24866
15757
22029
27334
13697
21629
18477
32742
21644
39352
23777
37908
52371
47988
27785
46433
11028
23648
19038
23138
16219
25464
27851
18363
23235
34346
21099
20903
34353
22641
22713
18272
14074
33535
44120
22328
11150
24202
34922
34141
21409
30495
28038
20900
12661
32030
18846
23652
18169
19958
34362
18611
19556
11038
20346
25304
34632
33045
34580
24672
25048
22332
14838
15462
30002
20292
32627
29584
23999
23884
22977
39625
15516
19109
18771
20999
28921
51269
25467
22742
24419
21564
18630
26450
30988
42136
31733
24391
25025
34297
20345
15825
14200
26014
43282
17803
32006
31694
18362
22213
17241
12555
17429
19770
23146
26926
20629
19715
17750
17977
30855
57575
58704
17237
18280
43722
18154
22730
18490
23515
36924
18553
51532
20329
27420
17535
35903
50264
34059
28091
23901
30812
28541
13963
35721
32569
31157
30666
25827
36628
19705
24888
17372
23613
32152
28221
20091
13160
19640
28100
23998
23757
19758
18751
13341
19080
31354
45480
23075
20040
31088
21955
20015
19477
21188
18823
22224
14647
12855
19118
13259
13518
14970
14489
21955
20850
32390
21868
13295
19928
26218
39433
23461
17864
20738
25111
25354
29722
33153
27282
25353
27680
17032
16755
21662
40306
49328
48695
15067
14571
16669
24451
21665
14737
31402
32366
30827
23473
32076
17907
30840
12100
31443
50326
14420
30219
33083
30437
33668
26452
16004
38876
22710
13637
25768
17446
20154
24344
19657
38502
31258
39868
36780
36358
38136
17264
20872
26166
50060
19492
27299
63374
70425
14706
35857
25753
16219
19497
18344
22833
17841
45551
30487
35240
21155
26919
20163
19515
20096
14219
16623
19229
18397
10752
22899
20441
18338
27600
23719
20122
27143
32404
18490
24843
29163
19663
36824
17593
27852
12795
24819
23357
37648
17833
41491
42691
27603
38506
22276
25238
35860
18820
28050
20222
13628
28463
30856
57762
33643
58158
16513
13880
18220
14780
34797
28104
21160
15450
15681
27082
15217
30910
15959
25876
22078
39582
57216
38574
26174
25231
48462
24922
21305
33267
23672
11441
36809
35905
28165
20190
22394
16562
29233
26889
46611
24015
24583
23308
32076
18889
19613
24188
16767
29643
24916
21486
26227
19097
21845
30277
20290
24315
24404
24030
13263
17468
38767
30088
76635
37439
15135
22757
18820
15181
36864
16273
19033
56162
66676
18570
22209
30771
35473
24572
36203
16613
84825
16676
83480
22918
16059
18689
20968
22401
10798
16418
19901
25580
25579
19439
29485
16070
28426
26266
25402
37033
47974
34562
31865
30375
26868
13898
31504
15027
20240
17290
22682
14465
19090
27782
23313
37597
35385
45986
68554
65718
40887
76163
32677
15688
25161
49785
30064
18986
29101
27453
15120
17230
17450
22381
25558
26950
26343
20850
26617
16270
35242
19999
36677
42750
21465
26208
25051
27583
15659
19202
23085
27162
26197
22192
20508
26150
23214
29157
32917
16376
21840
14396
28347
29122
25453
17703
23188
21780
18768
17370
17069
21619
14285
18388
27023
49617
43229
26547
16315
30847
27750
34516
16102
31332
18886
51851
48269
28226
23921
15447
21715
16152
18243
23871
31749
14503
30863
31629
21582
19639
20871
23930
28466
16813
43549
23137
16478
20195
18988
12426
20157
33082
21580
23042
11237
18364
22975
38165
25474
15978
25816
17941
19942
47755
30221
17230
25392
17627
43200
14740
20686
28255
20031
19950
19641
29903
23952
21199
45410
49619
46599
18017
16714
18944
20415
23063
34973
18300
14641
19309
19117
20793
13749
20267
21337
22473
15685
19812
18966
19221
15647
26528
34740
22668
34248
39420
42249
20431
27357
12890
12156
15481
18123
32071
14904
17742
22598
16727
20568
18763
22698
24662
13751
19761
17220
23444
40485
25603
30185
57024
12813
19370
19657
19764
30740
15539
17209
24301
23193
25334
25477
22794
36044
36674
26032
20999
30620
49770
18823
17793
20274
28290
12122
25300
16262
26050
33841
21405
30124
36344
58864
19369
19324
40955
23640
66873
34869
44639
50949
33324
13802
17438
15254
26387
30694
28645
18492
22356
23262
13398
20834
17686
26659
24739
18601
26763
28879
21126
24584
34804
47604
26500
39387
27736
6300
21288
32159
23495
32577
20972
19637
18189
22171
30069
35115
29977
15829
26767
46371
13064
38018
19515
22321
14205
22900
43928
30587
27004
16325
15660
35387
53632
22415
17761
36596
17265
22780
16938
20178
15643
24916
26863
18923
17262
15283
36093
64209
22248
16745
18770
25258
23060
21395
24965
43413
23470
47439
24569
19290
20959
28297
16159
25662
34756
21700
27020
24317
31195
21019
35748
35447
17511
18026
23053
21619
23105
22587
24232
16876
45583
11644
21267
27726
36587
16528
12246
29308
18190
24535
26378
21795
27787
26919
23811
25792
41070
31486
30388
31278
41755
28712
26225
28650
21625
17126
20457
37421
27135
21166
19099
21713
15410
27578
28186
23275
33708
17873
46266
18482
17783
35565
28438
27908
22110
24496
22202
22221
47338
19816
24945
23373
26516
18357
21340
23608
25521
56776
35330
33803
33412
10769
14906
21520
27998
24458
26971
27023
23096
21920
32635
18306
35692
13833
18613
21410
19522
53919
19079
30503
23381
32812
29361
24252
17308
22919
31898
23789
15599
43205
45134
29139
18971
17705
18929
18370
19945
53614
48635
24609
25313
10876
26070
22479
23648
25859
17369
14172
19568
19570
21754
10507
21002
37194
47550
18991
14446
24458
32029
23338
14826
29635
16006
21328
30449
19466
16406
14379
12936
29308
21838
14595
21519
15599
21204
7236
32874
27576
21599
22208
45565
36056
15824
27884
29198
13521
35360
24691
28932
16503
15028
24004
40860
29587
13054
22801
22249
20836
34844
16186
24000
16892
27849
21949
19172
21538
10218
16907
38045
68720
42690
18305
22596
17903
28876
41215
25622
24739
21210
34531
45597
49748
28500
21663
23978
38479
14121
18610
32877
16686
16482
16052
23904
28995
31125
23163
28805
44371
23416
32510
22919
26312
15617
36934
41359
19286
19111
26934
19677
27080
25396
41076
18721
19438
21401
21491
19411
21932
21465
18469
28331
23450
25660
21052
19332
12847
18924
20615
21019
19354
28164
20085
17751
25154
17382
18421
24093
26759
30602
28336
43295
36682
17421
22740
26410
16189
19373
24104
23053
39624
28098
20727
15882
28700
15553
23979
15714
24596
18936
23419
24368
23984
24332
14729
16749
19344
16423
23863
11439
33107
23169
29420
28953
43942
14492
26081
13988
25394
40998
17188
36381
32582
25883
21097
22065
21442
34237
18040
27673
25925
28598
27997
36710
26333
10386
13371
23680
15729
26282
21497
33638
24943
34132
17373
28974
17953
18832
35360
23280
23197
21954
30180
27065
19008
15997
27265
24561
28526
33911
19584
31225
12341
39161
24532
27209
21310
19164
23037
19617
22388
22947
33148
16624
16315
28295
31830
32867
20594
23653
29619
29522
31170
55234
72269
33042
15005
14565
21335
25308
38632
26785
17511
39343
23185
30493
19385
12492
37297
50516
77961
31629
10565
13030
23202
16959
22175
37665
45082
14604
16332
40856
16248
42936
50583
34501
18288
10938
18426
12443
21768
13491
34331
44688
44776
25812
36152
71400
25848
20904
22587
17982
27312
26976
34362
37296
21581
15222
19151
27996
13092
19203
16632
20072
17993
35975
13852
15137
18920
25470
25750
20330
18722
17584
13209
33776
11069
32455
17175
26013
22707
18718
25444
14178
22257
16873
22297
17091
41505
20893
26126
20178
27804
20529
15184
18698
20558
40356
23936
22094
24163
19776
34022
31286
26807
33927
39078
57298
15147
17546
24590
21384
14749
20664
45034
21245
40559
55266
19718
24473
15757
11507
30582
20162
21015
19151
33015
22143
21249
36689
48097
33667
20498
12577
29323
54901
22968
21126
17572
22725
22055
15278
21827
34532
52292
17941
16763
21123
30940
22779
23424
18956
20284
38180
6534
22838
16717
28231
19048
27157
19670
38539
27771
16380
38140
12536
24655
11463
14529
35252
22236
22986
19375
20206
14232
19884
12486
21470
20866
32704
31657
26927
31577
28463
25225
10772
28355
31734
29554
34935
21165
25872
21724
24109
23327
20656
36712
32441
19393
18013
14867
14399
37076
31370
34869
22991
17004
32239
13885
30155
20154
29089
21650
21179
24324
15521
27540
23467
28135
16148
23395
20768
21334
12830
28749
25774
23047
18950
14976
21847
19756
16276
24752
62324
54356
34101
17732
24761
18903
19058
34391
18166
42144
31145
20856
34930
19747
15866
21246
15581
31773
17882
16505
22525
49650
16084
55541
9612
46916
44706
26745
16965
13622
19989
17350
18735
23141
23263
17607
29685
21357
25894
30858
25474
29487
13454
28904
27480
21170
13918
19764
17337
10087
39569
40324
14740
23809
35999
59586
48817
34094
21906
20422
19868
27284
25967
17959
28796
25697
14017
20561
19916
36107
18834
21036
12739
21081
24011
26400
32035
17940
23310
15038
43287
40743
21688
21125
35817
25259
17133
25804
23915
17772
16949
28232
42108
30705
23236
21745
15196
21207
31331
17094
25568
22384
15030
35567
27800
13280
21224
21726
15276
23754
26005
21069
16226
22522
42692
32448
40316
40764
38977
19904
25645
32601
37077
32702
21239
21342
12914
17329
20086
17402
23502
31808
25305
18828
20651
25235
31068
21238
20223
19633
20344
22166
52469
23656
26053
28325
19829
20700
26620
28319
29627
25524
31183
16495
12792
27505
18907
21156
36917
39813
20425
21810
16497
18157
18953
12798
29071
29998
16462
41213
10054
30885
15805
28361
24890
28151
31395
14585
20055
41325
41982
29402
28059
23428
16489
23462
24884
42938
24149
23308
39530
54843
33625
33984
29185
26316
27092
16464
21120
24642
17560
31744
26211
37669
30263
23757
19575
24831
24216
25057
16135
26529
30207
38050
16860
18653
33981
34437
48095
35203
35431
25901
23199
23460
19733
16935
22628
31949
27659
28566
24686
41080
17954
28307
23044
18878
23745
28407
18925
26166
16321
21850
17580
16974
51581
48086
46084
71685
49093
26936
43726
21399
21265
42052
33784
62049
21214
23916
9605
28263
37581
23558
20683
35162
20106
31172
31905
14114
19539
17409
21270
13184
37611
44463
26490
25805
21069
19272
24315
18620
16936
12405
24085
36066
18601
12571
19998
19907
23198
16601
19124
19129
29478
16704
29020
34711
20979
13467
25018
9343
23612
45148
20176
25901
46059
13121
35515
16660
15875
28951
29269
31152
12866
28339
28340
36519
38857
21317
9791
20892
24024
21212
22869
25051
30692
55160
29955
26438
52823
59271
44253
18279
23069
29147
30472
13890
28093
21351
27678
18876
27986
23998
34588
16009
24980
26293
20306
18825
30925
17958
16285
24750
22932
30282
7678
16592
20051
29940
17983
22842
21031
31756
24760
25732
14835
23116
17232
23987
19519
25551
37402
24969
28908
24896
26365
17935
24564
28871
27945
61607
20931
27801
13683
20042
24119
17830
30805
15828
33255
24602
24680
14260
17578
25059
33590
24629
18374
23285
25761
24545
21840
28000
20581
23347
20733
20231
13934
24911
22786
44427
30576
34735
31654
20531
20017
25429
23231
13779
24006
21243
24173
23531
23090
14157
31403
32537
39020
27330
40679
25539
19882
11990
17840
27764
26664
29630
15056
40362
32278
23269
27847
21815
30322
22137
38209
22183
28103
21156
15728
20256
19040
24603
15581
14570
24681
35419
15100
33282
18528
19315
20136
31522
14472
35941
17146
18023
41997
59203
13709
27911
37842
19857
21821
23835
47107
37917
50575
21806
29665
20738
25582
29485
20205
29577
11780
15979
22428
20836
20665
24612
21022
17961
11333
29254
21815
30621
17343
20137
21941
56803
29761
16524
20066
19645
41553
28802
19634
18767
17509
24335
22462
19142
21642
12789
21898
17237
33668
30236
14979
27487
23036
46928
55493
23677
24090
17073
24372
19639
22625
40467
18786
20257
23415
19297
36331
33921
49742
75362
25865
34081
22078
24054
19693
20844
29393
20068
21637
39456
35612
32171
29963
17870
22447
57018
25671
21164
10403
36270
63984
71239
26349
43591
23454
32424
38590
10017
24334
25683
23812
22257
16591
32816
58019
30250
48927
13540
23983
26446
15925
20439
20825
43293
23970
25863
23377
38923
24706
14532
21230
18513
20980
24587
27489
25166
17908
23137
29860
25113
13810
37462
33130
20414
21902
23237
18135
25355
21769
34562
21617
17404
25769
21385
23192
16760
14742
19833
18922
22446
18837
25636
20091
15920
42487
25603
29824
9598
18190
15666
27017
22980
34036
33120
21872
11214
35780
13021
19872
18850
27828
51459
25827
65732
65034
36193
45226
23930
24749
36867
15145
17988
16274
19146
27042
15847
27548
24625
16178
40575
45165
18855
23235
27522
26522
39797
63623
14726
32380
20859
22700
25581
37613
18520
18814
23646
22605
25546
18645
34159
17382
21053
24167
23863
23078
17666
16549
27330
20622
23500
12578
22005
47694
16552
39074
23341
17027
16983
22065
23107
30027
25621
36148
14231
17592
19922
18638
19156
32916
62151
19964
42652
16369
14422
13241
20314
18566
17729
28185
19050
21683
48789
44634
97673
22265
37253
29598
20204
13555
11003
16888
18874
13210
28731
26702
15536
14133
16110
29071
20392
36548
30900
24920
16741
26868
18892
24062
25058
20556
18881
20210
17337
17264
42305
12189
30056
59713
33086
22229
21799
28802
34986
10910
22976
17197
31257
11438
25847
19466
17668
29295
31544
17208
18979
22109
15174
19673
28013
36448
31677
14203
15051
23955
29049
18781
16941
24821
21916
13959
18074
20160
36281
35795
14449
24984
23082
25363
28011
34747
28197
28069
32325
20671
23830
36155
32815
26511
11691
37241
24338
15307
25554
39591
64122
19879
19238
27467
25740
39211
52212
18565
16545
15740
21154
34149
22302
19642
30723
35098
30522
31643
65557
41079
27970
23185
24911
36571
33583
22696
25234
9260
19099
24386
36702
22437
18096
34311
33349
34737
18380
16375
26763
20728
32994
17909
21526
31097
21174
50998
48687
24283
28840
33387
28350
35834
18529
19510
21744
54330
24051
44022
22293
18278
26876
14765
17935
19399
25902
17833
17654
20047
16571
21287
15101
24445
38181
47440
21891
23743
24148
16145
23187
30056
52183
22273
19111
14991
15090
28442
15870
23434
18302
39378
15256
19386
22422
34150
21827
14357
25257
23554
38122
23095
31954
21452
28621
29102
23902
31661
28690
18066
29329
33703
21331
26208
22465
34496
41172
27324
53118
29499
15448
17490
12320
19292
23477
17579
12414
24355
18864
26563
18794
19463
28303
20476
42674
15355
17987
22288
9765
32471
20678
23230
20594
28882
23640
43761
21905
14093
24659
20028
20283
20213
27585
21987
32478
33516
26204
17426
12191
24731
25360
25254
18941
21454
18065
34179
44990
20984
23933
11441
30157
22300
23444
24656
20672
19915
18778
29122
28631
15773
26855
30469
24995
24659
43976
20596
35331
12249
22537
22059
20053
20672
24594
22071
21644
17745
18577
11905
16670
28791
56433
27537
41127
19464
19895
19912
22470
28174
19146
35444
35588
28007
11861
30843
26899
22584
13776
36005
26924
68585
27359
27776
20197
24418
24849
25387
25386
24427
15012
38386
22611
23010
45632
32383
20597
21136
16821
18821
26200
21237
15586
24666
19111
29155
18276
24236
18552
17007
53551
60684
20013
18188
20073
23595
15885
27995
15852
20879
13325
14238
19518
19242
34401
42888
21379
23397
26322
14315
32049
21798
22918
33939
28572
25051
19879
12699
15459
13017
18846
25163
33174
21086
17667
35852
21482
18625
16315
37166
15907
11049
23225
22874
35222
19436
32364
35898
20809
23631
25851
18032
16252
19635
24130
23089
17946
21114
29727
30703
23234
45965
62790
38847
17542
22751
21515
26600
42833
27830
40697
26070
25050
27350
20387
22458
32440
17411
15039
33327
20454
17220
22912
37422
21470
29979
21873
50558
16845
27580
18339
28633
20249
20480
18111
13475
23874
14029
24688
23365
24017
20961
13333
21057
46806
22783
41410
40959
20199
24291
17835
28894
29071
46805
62377
19400
33561
35840
32600
52949
28202
13115
66721
58408
73441
71139
46917
28312
27568
22167
20383
21915
15614
14378
18025
21830
14319
29341
16487
15461
20906
28147
41497
17910
23839
11757
33396
21540
28438
37453
13067
27826
17284
22995
12019
12030
25939
27977
28684
29767
12360
39672
22803
20869
19335
28491
30923
28708
30167
25155
26710
20296
26775
30550
14856
21690
16037
22510
20831
22669
22470
24513
14613
27507
24301
27640
24630
26703
41723
26754
13221
24077
38122
17988
31234
32975
53839
40523
57579
29328
22812
49541
12842
20979
27707
24511
27412
23146
33208
24998
19877
27636
15799
33028
22193
23311
42027
26143
29126
18765
24923
27753
17071
25237
48163
20810
16737
26215
18172
26920
19583
24902
37614
40730
30661
19792
26970
20742
13679
20689
28042
22746
19077
38282
26121
27110
23823
28845
31268
21190
41469
22090
18198
19389
39937
24981
30925
29220
14964
23273
33395
32369
47544
24938
33015
18988
20680
15852
23247
24803
20393
25582
21818
24567
34981
21711
36693
39449
35140
21996
19469
22739
20060
26341
13674
21941
18705
20231
19910
37014
19094
25184
29113
23840
25891
27228
25100
16894
27646
29628
49284
66023
21814
33339
24997
19552
24985
21753
16702
35724
14984
20666
19928
30384
22128
22758
27664
18798
15497
20965
21551
14154
16795
15511
17746
21330
50559
17693
19072
31217
26262
21497
16714
24160
13962
27632
21198
15658
25142
15197
24482
19244
15408
16521
33861
21475
24208
15378
21752
13672
27180
24003
24172
24671
22006
28304
13538
27658
12427
34249
24628
22781
16919
17249
16870
25388
36877
38975
29861
27289
35599
46792
14505
29244
28365
14922
24817
39239
14795
12810
26671
23618
13822
14929
23767
22754
30324
22062
25938
26136
39529
23600
37216
20705
28899
38784
17354
24229
22684
17124
31240
17977
23896
60860
21664
64466
26093
41750
45792
52204
13871
22144
25021
18699
20198
27378
24637
42608
12951
40274
16587
28594
20264
20413
17352
27682
11087
26975
20116
27939
24254
26361
37024
21944
12432
23592
13998
23575
30561
23070
32567
33867
25012
15773
16815
36262
12934
34431
26875
25116
12803
18292
30121
22396
15689
19366
20899
25330
22003
18950
32628
54012
54179
32271
22635
27972
16163
29698
19373
27482
24182
19431
18590
16893
22808
26595
9240
17853
29600
13318
24287
34063
15966
26120
24148
23304
19135
31092
25739
32083
42008
18586
25642
38720
24134
16932
35450
23854
22819
19778
18778
11995
20912
34562
26321
15484
36126
21265
37606
20488
26284
29734
27673
33734
20564
33052
45850
18814
19669
25877
38410
17538
20826
21686
56508
47194
20930
47513
28005
20469
24876
31356
18491
22123
21997
24940
25852
26043
20801
47013
20079
31056
33872
36453
17097
45394
35471
22078
16391
23319
24303
20891
31563
20801
24198
9857
32977
29483
32791
22515
13092
14117
20283
28060
34292
31130
21643
22253
23355
26327
29929
17999
24219
15310
9822
16955
29684
31381
24901
31687
15768
12318
19944
20216
21525
22799
12616
24886
16747
22402
24887
18958
28316
42733
36789
21911
18398
31865
19252
20494
24002
21900
47974
17329
19330
17236
19523
21370
26630
23583
17612
33291
16290
30267
38044
21426
29263
28527
32915
31498
25446
25662
16294
18246
17886
14443
20435
24499
19502
20088
28911
21706
34420
25006
52548
28068
29343
19615
29859
13445
39339
30087
15148
32960
39095
39858
45996
17662
29273
44856
67463
28108
18724
33993
21009
34163
25081
31980
28083
34872
45068
34732
20169
17202
37390
18151
26435
18353
29636
22714
18769
14606
21798
22200
25396
35392
26390
32842
37517
22108
24626
17954
14865
21933
24087
47037
59353
37020
20352
19165
33984
29036
11551
20062
19128
41624
43257
20212
45266
20201
27603
37566
37294
60340
29069
28859
21342
26197
17286
21198
15359
18466
26538
43402
29888
45804
56739
17181
21409
26499
25231
25132
27995
30163
23747
20237
28740
22869
23158
15004
23679
27734
20155
18734
18943
22892
29565
25346
34340
31199
18428
19963
34464
27921
43347
18471
13613
22297
24735
17590
28703
42992
41904
31875
24751
21367
46330
11112
17610
25953
26555
17587
18463
20748
20003
25203
26221
20298
16815
30635
35927
40245
19331
12515
19421
27315
30224
12974
22491
17305
21895
70806
15823
9034
22725
38877
20629
20242
27723
13240
23217
20190
20790
20632
13116
30048
30503
21185
12523
19416
25955
19595
23090
41017
16037
26701
37421
21802
22469
22134
24714
30350
22259
16583
22949
17969
43887
21837
20816
43221
15763
19138
31958
28028
12883
24674
16400
25921
31498
19086
19400
16669
19940
30647
28403
47061
14163
29646
21447
32080
17022
18792
14426
30624
17442
23784
22065
19349
28334
12909
72905
38832
28035
65063
29046
29744
32555
22901
57112
22992
17211
17715
25101
35194
43657
16400
50414
25568
21764
30891
27709
16375
17669
30604
21326
23051
28808
31724
16477
19484
35084
29521
32173
29550
21630
18105
22618
14922
29931
45942
25341
27549
18767
22310
39566
21711
19398
18916
21378
34190
24588
34349
29899
20309
18686
18932
25483
25578
43717
30014
29896
34798
19763
29372
24717
29408
25093
29938
18978
35125
36289
25073
33981
22099
20027
31578
16055
18462
14719
28820
26917
29176
15155
18719
26409
39177
38178
35860
19208
27083
25482
13539
34833
19895
38482
44557
54785
93743
18555
21668
40944
22719
16935
17396
23439
28736
26972
23450
13722
26225
19067
41548
22763
35700
34824
15139
20882
23185
23152
26987
26190
38433
14966
15197
19573
22677
32010
19769
31110
17343
22342
21428
24775
15644
23577
12467
27366
31892
17452
16926
24390
15062
32528
20425
18412
9987
19604
18547
21426
23479
22120
24621
25696
21257
16855
18839
19111
21037
21868
16253
16105
25086
28883
28708
20046
22360
19872
28015
18896
20648
23966
34706
19650
31739
31850
20393
17339
21223
13601
31001
17889
20593
16143
16382
10422
26156
19929
31062
23413
22295
20694
27197
18785
16970
24050
33352
21037
26074
25249
17406
18735
26405
29619
37166
20098
11554
30877
22081
29697
21023
23691
27067
23733
15180
13460
20312
24572
25313
28011
28424
27654
32254
31636
19715
26411
14187
19999
20036
22232
17688
20760
28821
27697
20374
46655
48277
65901
19221
36368
16732
37570
37912
24426
24172
22523
16213
21918
23687
37284
23780
25000
15097
25873
27299
23426
20075
53530
36242
30600
9922
21669
23028
16406
21033
11063
14299
26178
20710
15612
25853
22481
28548
17635
25341
27845
33505
21220
26777
27506
30351
37068
27089
35733
18753
24075
33957
48194
24683
24964
26736
20127
22747
20331
19791
20464
32125
17564
17455
21563
18744
17165
27469
15810
17577
24929
20053
40755
21628
15476
35605
25850
36644
29041
38579
23365
49707
18788
22896
19682
43011
22845
19140
18395
20515
31790
26583
19924
30170
22047
12814
32732
28567
41308
47603
23329
23357
14214
24894
25399
15287
17397
39322
12124
17310
16648
18954
26610
21411
45639
37245
33881
44515
29948
27289
20648
28939
31307
20940
24355
24279
18379
31012
48997
25864
28479
31899
56232
17714
47421
21514
22731
20791
18825
45780
31980
19991
19467
36419
28927
23215
16670
33524
32575
33443
21551
16183
12957
31229
27793
26312
50052
40388
69432
48837
39752
79866
18767
29947
41814
27400
9317
25211
28541
25729
18041
25166
60047
45093
24600
20066
40613
17759
20972
29586
26393
20637
21382
23167
18707
20120
26711
44622
26642
19095
13033
30040
29340
20199
36055
30991
49220
32044
23186
17154
17794
27386
27029
26636
37158
28521
21133
21858
27288
28434
23969
16769
26182
21342
37956
56832
28635
17716
24580
27326
40710
29253
25807
26494
47902
22429
27352
23821
17111
21268
23453
19495
24570
41131
24437
23058
22556
25105
15825
22819
41153
18223
18726
50652
22756
29297
46353
27020
15855
9707
38821
29436
22428
34678
29104
39228
31993
48493
44267
31864
19762
49623
28977
24865
15356
20645
27778
15136
26658
24497
15242
26177
26476
20743
19964
30194
28572
27315
26431
10178
20737
23409
36180
23016
20849
35936
18706
21522
16364
20586
19934
32091
42393
34715
27139
31403
19828
30727
26941
59763
23316
17548
20573
16074
15530
23066
21017
39051
51798
21571
15056
26698
47807
28094
21892
50501
73572
15504
20372
25606
36628
22437
45983
38685
21831
24208
21444
23169
23600
29714
48249
37040
40168
21545
32645
19987
34323
28157
48665
31875
28668
59673
18983
39497
45038
67206
60447
56000
21858
33784
20395
38352
28966
29033
30004
31584
29671
18314
21869
21788
21662
24147
27401
20997
40103
25507
27711
20712
49325
36009
52632
66011
14509
21745
40628
20114
24428
18985
24304
31555
22514
31478
16525
39782
17621
25897
23163
27985
20819
27191
20456
20282
20361
19631
22539
28499
37287
25581
26670
25355
23866
24033
18785
28678
19728
21127
26363
19087
25628
16182
17230
22332
35777
16266
13130
27491
31341
18881
37787
54844
18896
38493
19751
14398
21565
19097
27373
17794
16227
26592
32059
17017
30010
19305
18268
14829
21767
28334
28001
18008
25255
23264
39578
22431
22997
11368
27329
21554
19017
20494
31808
19729
19128
25066
19382
22865
19390
23927
39251
23810
19440
24368
9989
17732
42493
15975
19700
25118
19939
32187
27146
29900
47098
15137
21028
15418
24137
20075
31772
17852
29963
26382
21134
37263
19511
12284
29450
17759
23920
27938
22162
20340
21869
14705
19504
23151
21204
11546
28350
19875
16322
16799
31117
30646
49734
48269
37338
21565
17988
15386
17644
33452
27357
49676
10134
15691
24819
20454
22132
33506
22411
18926
14414
24120
14101
13295
21385
19179
39558
23244
17029
42864
19961
25663
27431
20814
35345
22392
22672
19458
20432
32138
33375
58264
21165
35165
16452
22589
19744
26281
25705
21451
20983
19399
35073
38701
23884
11725
22562
25900
27511
18850
30477
13775
20774
25339
23391
22988
23974
13617
22924
23771
19361
21736
30506
24836
14404
32465
28975
22536
20139
25115
41734
36485
18357
20561
25925
16361
17980
37841
28521
25436
22645
35258
12302
17341
15507
30927
44728
19777
14322
29491
20452
14294
27461
33157
14028
21627
31030
27408
26745
20521
35172
19568
25476
46014
33681
27720
23496
25081
28035
22881
33075
20664
41999
34470
32654
31252
29903
20097
20079
23614
34790
20349
22973
37477
17454
28035
28661
15105
17512
24827
32332
19217
14153
17223
23816
17392
25183
17018
26529
26514
26682
23958
18021
24117
32696
24743
31291
26258
15872
23832
24425
25074
31796
13265
27695
52366
40832
54887
19839
16469
35076
21850
18782
19941
45002
32421
16961
28542
18527
18143
33847
32224
38124
10802
25958
23993
23913
16554
23328
20405
20114
17421
45724
27725
19298
31657
26995
33966
19556
16810
28597
41721
26441
14131
61290
29131
28748
27394
44521
45030
19474
42413
20233
32136
19267
30744
21359
31203
23131
29924
20967
28847
15369
28887
38441
29134
23479
24667
42536
26038
74920
87961
99381
20666
115550
20745
24486
19890
23763
24871
23951
50560
57270
26831
20556
11083
19161
20389
22389
18307
19754
26702
22722
12209
27159
15506
48769
44870
54124
19997
26864
43550
46646
38385
33685
44713
20198
12453
41577
23987
14692
16698
26598
23444
45934
26905
24754
24943
22377
26758
19386
19996
24647
18176
18016
24161
27206
49372
24270
38709
21819
34739
26319
18883
13936
27986
18247
23073
26382
22221
16178
33440
17439
27949
15923
26449
23662
18307
26056
17247
19696
39121
17236
21492
11943
22523
21776
28823
20487
12603
19664
14648
23142
30203
19538
20890
36100
53714
37255
45953
18614
38504
34770
26819
28696
23687
40360
46115
32925
21126
22895
14273
20150
21284
45273
23295
22064
33767
27242
22066
23487
33436
30605
37656
60284
50834
16719
19502
21590
22145
31633
22084
26228
12182
11733
23696
16067
43044
37202
30601
22204
40946
24244
23441
22813
13769
21725
32612
19203
30649
26364
26945
30389
34020
30882
37165
25978
19124
23667
41093
23783
18780
78998
96950
25349
67783
24048
50485
31652
19859
13068
10493
25281
22918
32607
49328
24091
29335
24301
21644
24788
42448
21098
23307
23119
47723
56459
29012
25332
33884
42236
20966
13957
15457
29235
17767
59404
24882
22942
15338
23545
21189
20831
16368
24238
22752
12633
18239
16397
24810
13179
16681
25912
30393
20801
20688
17131
43340
19510
29213
18292
20749
22124
20258
29770
39848
35557
29815
19040
26281
33450
48323
21014
22616
21529
17905
27723
21924
38731
20949
24369
27704
18046
28794
16751
19816
25305
32385
14193
16991
17764
28055
39329
34910
22297
14625
19176
14966
18607
34223
84711
49429
49188
58375
40967
24063
24446
30750
22831
26781
39258
22641
30802
22865
33804
15918
31644
22959
23529
19658
23472
28526
19015
21511
33366
15154
28726
28695
41197
36165
22086
20900
44780
25224
17157
29721
25473
19183
20582
13595
31097
44796
23963
24327
27437
23387
28040
62847
23469
18293
27221
28293
16230
10927
20982
17129
42265
19168
23683
18603
26386
15968
16602
17968
21798
29297
23931
18387
17259
34204
18161
42418
36230
17708
12924
15535
26009
31850
14852
24574
20860
20352
23531
25192
43892
36087
13806
24455
39994
25442
11701
12003
15610
30313
23549
15792
25921
14916
31744
26530
26892
32634
16759
21327
25115
30025
41342
21925
12549
26977
19019
35938
13824
28210
21660
26829
44468
20828
28194
24081
30597
31721
44643
25379
27293
39745
17030
18151
27910
24329
20095
37287
21742
22538
27285
17855
16543
37091
30882
61754
28664
100552
41255
25329
23835
32715
30414
16681
22897
29076
40155
42492
11750
29746
16153
26461
21576
24606
27229
17925
22089
21038
30429
39968
21338
19960
41171
24918
18455
24401
34920
41718
21907
26458
25802
18155
22084
20668
17745
34306
56131
16313
32724
29228
36910
21535
35146
22504
23497
25850
44321
24229
23183
27858
20320
34939
28574
35060
39857
18623
16194
33647
22468
46450
41739
31172
18329
21475
17012
24145
23426
17814
33964
15813
10670
25296
34004
18893
19361
12330
36704
19618
28773
16353
17587
22112
23826
21211
13481
19529
29127
45046
13243
23256
20142
18425
38448
16006
28313
23512
17907
26054
13124
28827
28338
25943
38401
38069
19818
19633
11771
21958
36360
20719
16667
35324
11107
22829
19389
18673
31390
17978
19853
22326
36880
36002
55900
20911
27683
26119
47045
35871
60563
14184
24892
18060
19994
24604
34100
22928
49545
20074
35939
21530
25481
9633
31116
29638
37291
58239
25971
20604
19762
24631
19075
13898
24211
24642
37489
18222
31188
23711
17853
25927
29457
18722
15419
36584
20257
22665
22288
21385
17036
20639
24989
26777
22765
20520
30503
14768
28380
53267
62560
49660
35340
44103
34312
19500
21846
20681
35282
18424
20299
13721
22240
21759
16068
13032
26231
38441
22773
19668
24790
21068
40715
21826
20222
24969
16819
40096
49497
66874
32652
30819
12079
13360
32236
17744
23397
23312
24324
38846
26273
38001
37596
31381
31993
27591
16774
21320
28520
23880
41983
38371
23657
34565
36395
15243
19011
39324
36406
53571
23660
17777
23891
15106
33897
37673
12478
23524
21040
29345
22195
25227
23952
20584
17656
30176
38568
17972
18265
22609
40653
68458
29781
57182
39575
15566
27198
26413
28090
16796
16662
29414
27235
25999
16539
17742
18330
15134
35484
24964
26963
18921
14391
18993
28313
29168
16558
52420
24335
23836
42019
26108
17042
25735
14952
27169
23356
16626
22005
24097
18888
26893
18692
23459
30586
22184
27610
21803
22357
28104
25752
31290
21801
32626
29912
23522
18115
27565
21550
20526
22743
27135
22530
24779
16232
18174
17471
24297
24848
22394
11591
19486
26167
41048
31679
12870
18249
19947
20414
21205
26544
17215
11995
23232
23506
22960
36560
30807
14816
16825
27257
19798
13716
31222
24259
45763
29761
29103
24654
17069
36914
21883
29809
23946
23320
18846
18478
20574
47464
24769
53983
33032
18943
37591
26757
18317
26624
54823
26491
27143
27434
20535
18889
19620
26348
15494
21331
27083
38860
20369
21128
22346
23464
15523
30484
17126
21194
16676
19954
26175
27904
19652
14699
21190
21943
27568
18290
20658
33655
30747
15178
21283
25715
16616
18599
21855
21029
23870
9944
17715
39268
24196
24712
12585
27386
47204
19613
23441
31082
29292
21554
23886
35754
60573
37263
89539
29342
16605
24339
23607
41851
50274
22834
37849
9880
16966
35050
21832
27147
25618
18954
21691
18721
19935
24383
30322
20911
29711
25891
18185
16480
20818
18793
17925
33409
25161
35381
27693
10412
16569
17548
23425
20901
25303
32440
57140
91240
26284
30567
37194
30982
24052
21146
22171
16593
22414
35534
18952
25490
19610
18423
16138
36961
32018
30500
18850
31961
39271
20785
30645
27874
15237
17439
25369
28016
29632
17917
27262
38399
19568
15320
24438
22704
14686
18618
18069
22364
16267
33384
23747
23196
15825
17235
19205
16262
16391
17404
35088
18066
16758
14853
29574
27224
19976
23430
12592
21470
18764
23810
37945
19204
19730
27835
13348
19389
18565
26317
17727
24728
28597
34494
28575
42307
19591
20176
13070
18041
17174
24398
22387
16936
10640
19485
20564
13906
34557
34273
30055
24674
27775
36045
25267
21502
27646
13590
24551
29661
22177
18816
42491
15904
13119
17622
20087
22356
33431
25532
17775
17173
20811
23298
16465
17566
20394
12741
11752
21300
26632
25823
21840
23733
19597
30324
20581
16034
19682
19801
18764
11310
24515
21810
18066
17719
16170
21000
16359
19253
23308
18247
21965
17112
19194
29134
27886
31082
26323
21309
12978
35832
20864
17362
29061
16701
26928
23110
24363
29547
49590
16356
27254
19373
20104
21758
20011
21766
26791
14368
27191
39677
53391
18142
18361
24841
16121
29417
30389
23535
42761
50682
40927
26064
12060
30694
12680
35266
20775
14592
38932
26463
34437
22019
22750
27785
15628
19616
42437
16734
22907
27248
22244
46763
52295
62083
18856
26531
39904
20706
28421
24020
33470
20943
27328
29782
26712
21541
22929
24982
23480
28414
35312
22268
32134
50920
29093
19701
22608
14517
32651
16285
25164
19360
26624
21121
29485
24641
23102
34073
31870
59166
26071
15956
21546
20062
26593
18342
36237
38831
13928
19312
31972
14910
19367
18878
14982
29304
32930
47531
27032
32304
49143
31176
28594
24337
41909
25690
39537
23541
17130
16233
12674
17954
16474
20957
22439
32981
43160
16970
18953
13929
16673
16157
18633
19181
8043
12004
21596
18942
19550
38961
14631
10516
12352
29713
23184
10869
16021
22987
21902
17730
35518
29106
40830
19914
34859
23920
35921
47647
41005
21425
18857
16114
15359
14228
21740
22435
25997
19072
15743
41674
14677
22291
21090
11493
17884
23328
18668
16571
25652
27622
30821
17387
30995
28785
26214
26202
23777
17989
28303
32492
23254
40254
45588
32581
53251
11226
26597
22840
14906
17535
26170
27204
16782
25387
38707
22865
20284
16767
30259
16883
25294
21378
29707
15432
25287
27190
18086
30187
30598
29945
24748
21343
17093
18348
22781
42111
57247
74141
83800
32367
25965
17850
22454
35405
63470
24162
19469
19469
21285
38998
16853
20932
28891
19190
29989
36785
23328
22581
14050
24362
22537
44857
38446
21707
20930
17658
21875
41095
33262
41301
64251
21545
26803
24554
27654
26101
41477
46004
27486
10431
37613
33778
20687
23041
28133
39662
12059
20972
24339
24884
30570
34261
17638
22418
26257
16737
23743
24023
28593
24129
21119
18941
16987
13951
20125
14221
27928
29075
20649
24437
39652
22693
27581
14676
24692
15274
20061
29037
35387
16198
21599
23112
24536
19608
21083
20713
19109
25790
19812
46262
23954
32400
20499
25951
38742
17255
15806
30073
41746
24534
16590
21021
46034
21566
15202
29130
39996
21725
13334
22496
22670
24019
39812
19777
26258
16783
18851
20208
43262
13869
24237
26308
26584
44655
20330
22345
25883
48360
24313
31418
26174
35162
19765
17207
22703
20779
10844
38524
40872
19225
25535
19992
43102
28938
25028
29068
28173
22834
19428
22469
44524
24264
18422
28607
57221
22531
24871
20896
26115
20301
16684
21170
19456
22654
14429
27906
22267
28229
19412
22049
26666
24965
19920
31981
36139
24377
17465
22348
20730
13776
17055
22041
16956
20027
16279
34393
16369
35461
36039
32660
14964
27956
28797
21094
22542
20864
22381
21999
17540
23212
36385
20050
34237
21740
23180
16217
33192
37414
44926
48797
57939
20784
23955
17470
24817
36057
23272
25662
35787
15839
25391
27086
22547
19074
16128
23654
18706
16129
31558
18687
25319
20960
22652
17731
44433
28376
20655
22383
14535
23422
15401
25785
12606
24249
43407
30216
22514
23023
33181
20024
21420
20469
32169
19066
19315
22869
27227
33857
24899
23523
35822
50232
22999
9711
30019
29877
32726
21433
14429
21446
27213
21805
20136
21320
15609
29193
40882
24804
19642
15849
33963
24195
41329
37492
49515
22926
24389
13228
13733
26130
36635
34203
33162
33626
33728
14380
28659
59693
50016
48420
44951
28099
15928
19893
34345
17467
31024
26089
29090
21348
18071
18368
19286
30183
14004
30120
11383
17704
32849
42637
40861
20617
20894
13410
23877
22667
24810
27378
25047
17463
37918
19337
26624
22868
43897
13233
20709
19257
39354
19847
24206
22936
23343
24808
14730
36718
22610
27110
27731
47424
54628
26740
50486
19142
32736
37420
17811
10235
17617
22304
21566
18828
23806
20520
31415
38466
49124
45042
31945
24994
16364
22350
21353
18906
16691
21823
26096
19363
26759
19524
19682
17700
20059
15023
15358
27848
29126
22283
22173
22189
26502
29845
13117
25886
17552
31409
24964
20346
33756
29202
19186
20680
21213
11578
16308
44791
22289
26826
22757
19237
13041
22802
16043
15721
24056
57814
24408
15361
25127
18150
41861
26500
26747
26109
24491
21400
22187
36454
38296
15273
23069
12635
24161
19457
29767
14437
23146
33610
17631
16211
32737
26253
10600
17519
30951
18928
21318
19528
27680
19605
19734
28254
25493
19945
39384
45211
46189
26559
31812
18516
23893
14640
40202
17701
27575
24308
26030
24241
20914
30050
22311
31273
23666
20358
28615
45928
47667
23476
23529
18102
23312
24486
22677
27544
24707
25749
21639
31455
19844
25158
38432
36674
33335
23211
19865
37742
23946
17317
28577
33912
26946
36992
13705
20836
18741
16702
25812
41142
16041
29703
26172
18504
21781
26166
25897
9454
22987
25193
34103
28439
21155
22090
35729
42352
25321
33511
68413
21859
17580
42213
14204
35139
16253
25605
17129
20236
21550
21008
18663
24273
24095
20166
22680
16216
25612
41966
54905
49623
46187
34299
24498
20902
31424
26639
21233
16809
31057
38202
17476
31404
37477
61568
29332
46246
32955
46557
14246
22148
24013
42353
45041
48917
17192
22811
26988
14006
16591
25591
25918
32791
27535
34026
62916
22330
29399
17729
26871
17517
29488
44754
13124
15983
27497
33545
15420
43009
15794
15645
20036
18405
15213
17773
23717
30490
22907
15499
15296
27519
89268
48249
56678
11836
18955
28928
12378
27217
24362
22235
35653
38662
24142
21915
10541
24292
25448
28065
37233
13932
23134
33128
25401
22504
15097
26748
18007
25892
25327
20077
24677
29484
16826
19780
16430
27495
17227
23730
22681
20455
20754
40386
49415
14099
36706
39555
26026
18751
18426
23283
23984
54300
29725
23453
34325
27748
17578
22644
20475
19142
18532
21034
21163
21064
18675
16527
23594
16460
17688
35516
19349
20243
32351
18333
28338
24584
42304
17503
27023
25145
44517
38866
19140
19030
17720
22423
15347
24125
22387
24312
16169
17566
20093
21215
23532
24964
14362
12829
21696
27542
21239
22199
15242
49145
16812
25590
20296
17969
32457
44009
25557
19215
16800
22186
30114
19256
43660
40203
36886
18043
21955
19497
40172
23526
36138
20762
21992
24961
21054
19187
28835
16651
34469
17459
24610
28921
17384
13872
26018
15080
16477
41288
41912
39827
24324
21422
17608
24875
10795
22894
34933
45745
27367
20963
28801
43192
40921
19105
34106
37463
54957
64159
28267
26718
23798
30876
30291
21357
12500
25228
24515
45265
29171
34249
26509
16170
29139
22404
32611
19639
22028
24472
25211
21966
17744
43095
26711
27886
30658
20877
17274
29516
20716
24793
34101
18272
18016
16870
47764
43132
16667
23068
19370
25673
18935
29284
21028
27369
34846
34694
20051
21281
24551
15574
19365
26218
17782
21976
25766
19048
25063
24512
19025
19246
24976
13474
21415
18026
26651
29701
20477
25841
19052
16579
26325
28037
31939
22283
31150
24629
26227
23072
24530
18203
20391
17733
33540
25642
23241
23564
39917
69206
13358
29952
17353
16482
17571
35873
35754
55406
26690
24920
24233
61226
16503
28673
38054
18635
28705
53041
26727
56561
24619
30662
24223
27624
22253
20770
26486
35462
29864
17454
23827
18680
28822
29687
14959
12864
26023
33740
27949
27901
42842
21808
32928
26303
30841
21604
18859
27158
11022
22537
26824
52332
32313
33981
69239
74013
28355
21278
27936
18478
47460
25876
21013
26173
23494
17079
26283
15397
31995
41968
19490
32226
17608
27208
30368
16975
31880
38377
30371
30084
7308
24768
41671
25808
31898
30355
31641
25566
12878
31430
14959
27295
26486
38166
19001
26152
35278
17730
32710
29575
20815
41781
26773
14866
35530
39924
53168
26613
20396
23286
12947
14283
18994
22708
17599
17711
24760
27183
55861
23964
18352
14734
11939
26938
27458
28355
21690
19652
32482
50721
23582
18412
21435
23262
21837
29378
11614
26244
31014
17564
12694
34578
27288
46899
21417
33673
27112
16718
21091
17979
19473
23895
18651
23239
16018
23010
22006
20048
20281
19011
16128
49200
22727
18952
19790
28278
16643
23170
17008
15970
16329
19482
44364
21233
19195
16752
34515
20780
16352
12916
32557
26827
21681
23798
23223
23602
18819
17612
28243
15423
20469
27964
28295
28595
17490
27690
17475
21531
22997
21087
32201
29504
22069
23770
23143
16918
12094
21449
26862
22221
35405
20478
13362
37165
56082
48745
17887
21656
38461
37307
15084
34596
22642
28173
19992
15177
24887
21555
27122
12929
22929
17295
18751
14733
16112
28227
27482
15554
15307
23739
28855
16261
31805
13972
19838
14317
22627
21588
15047
14680
19746
28777
30603
26101
18424
22594
10335
21309
18384
32317
17244
22338
32317
17750
19114
32556
14308
34476
23047
36443
13412
25620
15875
23788
19509
27182
29072
24991
20108
49961
31524
21342
28080
20919
22306
20148
47886
21612
18638
26656
23692
18638
25021
20453
21737
55318
28957
17419
32021
13330
20868
54286
43539
20061
21397
26830
27675
17063
25877
25803
27203
26658
23568
19548
18151
27398
26925
21990
24031
21633
20615
29955
19134
14742
20962
22571
26383
26792
15032
21863
12910
35981
17586
20272
19392
24775
15159
24766
17406
21121
19327
33897
26955
19735
31985
14224
26537
25036
18600
18090
41973
64239
29379
24161
33537
30254
19065
27661
24485
24925
18263
23804
18757
34523
25267
13168
20047
22540
25922
25145
24146
27961
20716
25236
33306
21379
28245
24636
17648
20141
43759
32824
24546
20962
23616
18752
30704
22073
20517
18995
27587
19257
28474
39813
24162
37678
30366
39226
20682
27999
29575
27469
19468
27197
29302
21274
18024
18057
29704
27945
15621
25858
52317
70386
24162
23553
27850
26395
21116
25718
13682
12882
28274
38366
36051
56902
16387
42055
18433
22319
17280
23912
25781
20577
29344
14731
18123
20954
16703
27382
31571
19409
19534
13395
12444
36795
27824
29546
33296
34441
26427
16786
21824
41644
20001
12694
21110
32420
23466
40474
20944
30668
24272
30488
21032
21306
22535
19344
27506
23899
11497
10082
22947
48621
17163
12203
23099
24850
36281
18674
54252
20408
16029
18788
22562
16579
26548
23418
22114
20513
27511
27910
16674
17255
21586
13390
12034
19099
19703
30073
26129
18955
17864
18402
33260
21525
24168
16827
17400
22395
17041
24119
42587
33812
17189
16138
10638
20957
41095
19993
19402
46385
15154
19831
24033
30299
16396
15851
14346
28664
30679
32588
38489
24154
21808
27986
38383
61341
57670
31895
23900
14303
20003
18611
24075
17955
15729
17565
25739
38078
26696
27421
38818
17449
32189
14004
18513
29209
20316
25355
13801
18950
25807
28808
20032
33488
26044
23574
17990
19521
26020
37844
14121
19004
19515
22401
12283
27185
19906
21494
14509
18599
34111
26255
23954
29527
38935
29290
26753
13004
29892
26676
24865
26144
20182
27823
52766
31300
41844
21907
46865
31013
29199
25448
12304
23706
24718
33253
33103
52721
81316
23345
32841
27340
14817
23457
23037
31275
34019
42159
52417
19098
20994
20438
21103
16085
21622
30006
19312
19566
25364
19646
21398
34887
44400
18060
21185
37248
19892
22088
21030
23049
36858
21855
24159
19870
23067
31602
28397
37637
24686
24533
32327
41157
65694
17645
33066
17290
22809
66940
30881
28776
24667
13750
26942
13827
28873
10421
21604
23393
32557
18165
16011
12061
17886
21422
13776
15334
26739
12715
19728
16447
25631
16811
20760
19065
22090
18920
39198
32485
31937
19886
20682
14689
21295
18567
20063
18490
23117
35479
21171
22879
14153
24959
12046
17132
10299
36679
43596
58613
72045
21594
44595
27486
13684
35013
39247
26872
17887
19101
27376
33854
31825
36186
17893
14313
14165
19178
20474
27681
21254
30949
17585
22487
15649
20461
29525
21944
20157
32792
24778
32737
19175
20993
22372
12846
25397
33136
12472
63315
18257
26855
52827
25574
18461
15607
41475
28225
13268
39509
27817
22351
23937
21638
29752
15108
34381
27099
32124
19546
21863
22307
21359
31808
20083
17722
27977
16887
15718
20416
25527
15657
19065
23923
35005
21793
29539
22685
23908
16317
22652
26582
20431
25539
19082
28853
17992
25005
18627
21841
28391
37432
21669
19759
27898
25817
26958
18506
25316
22770
17399
16282
29626
47296
23076
37974
27957
51066
22803
23098
31291
19810
24589
16895
20780
25253
31686
25459
19442
14776
16836
21867
27889
27384
25904
18478
20259
10250
19574
22163
13134
24572
16762
30086
31120
44359
19500
21772
24623
28579
43355
33899
73108
19175
19377
17957
33793
24740
19523
12639
23429
30046
24605
20921
35139
24533
17609
18395
25145
22776
12674
16222
23650
19853
39755
16954
22820
18388
35470
22365
24377
22471
15961
10853
25050
16084
37583
33544
27307
25999
28801
31394
43004
16391
26036
31657
16433
30193
24034
24177
22334
36425
13723
31324
18941
26142
27351
28031
20749
25475
33073
21517
49725
19115
28020
17641
38913
24727
24168
32365
35769
21920
25320
25700
14084
20525
31910
31880
37718
19402
21165
15665
28407
32758
25584
27494
18451
26270
23241
23569
22833
28178
33122
27875
12013
19166
11697
21391
21755
23519
27047
21810
19187
27870
22523
23407
13619
19326
22441
27094
23023
39658
28618
16798
30696
15276
24976
13201
26696
36121
18767
26110
25153
21329
19076
18121
18959
23556
14998
23637
26989
32974
43842
64527
47498
18363
26090
18147
17081
35927
17857
22460
21251
21671
43747
44309
23482
43398
31359
40464
52046
73582
49591
21691
17954
17894
18201
21387
16915
35890
47094
19726
26726
18031
17730
25407
30030
20045
28347
15304
18329
23361
21305
31504
38501
44091
32265
26172
21495
22079
19528
24152
21796
34989
34422
26068
31483
20853
22672
33359
10181
27587
15948
20734
30598
16010
34440
20852
28226
22227
11630
9580
21385
21444
37304
24539
20700
15419
21198
22566
28937
30099
9977
29925
37721
30242
23663
40887
45623
29974
12618
22117
29984
20771
24753
20620
25010
16016
33885
60984
22557
21370
17825
25081
23158
23998
26554
45002
48026
40615
29439
34255
15419
32390
41854
26751
44939
23604
48626
12457
18888
19946
19276
20468
23773
16309
20066
27903
20364
37101
38138
35443
20882
16171
40539
18001
19938
19153
33766
61413
17616
30893
42238
19115
18658
25260
20855
23863
18431
22561
34285
21227
43149
24761
35680
25400
12323
25087
20879
21362
24827
28898
14977
28587
18783
35176
22066
44826
47600
25396
13092
26414
26911
24249
38671
15636
23166
44503
18451
13227
19533
19299
24771
20029
17192
24214
17768
12305
17804
19485
25667
16741
32003
33154
51141
60032
35810
25745
18892
20972
16613
23731
33851
24151
20134
27504
23526
20360
26933
27961
24540
24156
19841
21382
22958
45200
40985
28783
31114
19078
19988
25443
21064
30128
27220
26911
36266
27900
27087
21736
19901
22780
11899
23287
35662
29251
52553
15739
65891
18564
24837
33729
24739
45373
26304
20712
19136
28562
59353
31926
22940
13283
14967
20946
17723
27166
26626
50409
19630
12673
16025
24220
21549
35886
36009
28143
38139
31295
19425
14819
13987
16280
27529
31006
16749
18710
14960
17543
20260
21702
23859
15846
33937
19768
44021
17284
17463
14535
17196
18973
26862
12670
14092
18007
11385
38523
32976
37014
42040
70757
35404
63353
59302
37192
33476
29685
61899
50098
35630
29865
33413
22806
20267
33097
16962
29366
25289
44132
18241
18244
21904
18018
21439
26951
16642
20272
18006
18110
22744
27870
33002
25759
21460
21313
14112
24814
17351
28094
22924
17917
35943
22256
23545
19094
16963
19795
22203
21126
26924
29434
21416
21618
14052
24212
29835
33114
25297
24958
18286
19983
27606
44203
39000
36946
20359
24820
31210
17610
29726
10726
11777
26512
19943
10863
18379
24856
16769
44980
50677
35054
41259
61408
21251
17510
31979
13249
26131
23957
20191
18596
27252
29475
19152
33107
20480
52081
64561
38695
21144
16187
44378
29920
47943
59843
21163
23368
19951
20349
14716
27368
32149
22403
20404
24996
25632
10497
46236
55316
68264
52405
16092
31163
17185
33533
13426
21874
43429
39049
25027
16384
12430
17338
55753
21124
28314
22907
21503
22649
22496
29217
19128
25476
30989
26216
30460
21921
14881
17279
43194
18565
23701
17512
29627
20885
19727
14864
22331
27420
26992
57514
37126
20366
28781
16746
27931
17052
28872
19803
31085
25307
20953
18169
19776
34470
27927
29019
21430
38605
20521
25302
18952
27890
18514
21085
21331
15519
32290
55739
28868
27599
17239
15265
20644
17991
19870
20744
24723
27494
39016
21236
17487
23666
45484
21806
16417
20336
29513
24719
32247
44772
66400
25740
34031
18886
18088
35817
17756
28609
17827
26202
14019
53515
73718
79709
20170
25093
20365
36740
16912
22029
20763
14268
27228
22565
24664
28509
15791
18814
22138
15533
16193
26080
29566
31745
32918
33662
22798
23436
35793
37301
24383
38826
42209
28556
25445
16640
27419
18830
21659
28712
24695
27486
18798
25041
36300
25493
24331
19974
28638
26403
46977
34594
14193
17919
43381
12219
33208
37954
51152
32108
25505
18765
35752
23654
18288
34190
19515
24588
28523
16917
18537
16898
22615
23196
28533
18009
30157
17112
14851
13609
23199
13113
18850
21126
23704
33031
35552
13670
18293
22780
25884
21261
20564
25593
19465
21171
33267
23066
19349
19480
17363
19077
16854
19209
19069
30853
23381
28073
18397
16947
27703
18768
27200
20195
32526
26482
17166
23948
19657
20903
14953
29147
24537
28516
29914
24571
14251
23895
20579
36704
23017
15575
23604
17663
15059
24426
33356
41335
32128
44076
32600
25832
24363
15922
22888
32423
14453
17167
31947
28624
22638
27917
20273
21764
32505
51637
52132
21200
33708
14654
19028
19345
31243
34318
22114
30765
18120
21240
35145
14826
24818
25556
22936
18757
23239
46205
26675
17770
17959
15647
18073
24701
36423
24455
20589
28435
48702
14924
24685
14033
13859
16729
24250
22201
23662
20414
21267
22698
26720
27570
19294
23573
19569
41531
55133
59032
51254
53322
24031
17261
23266
27913
22883
25629
38729
24056
23554
21756
23488
25741
19020
20918
21611
41500
22659
22762
17088
26065
15732
20434
17263
19875
17378
17361
20409
33050
15984
28871
30657
23190
39333
36380
42834
17551
15472
21926
20133
50330
44454
15643
32520
16715
24144
22858
47181
29565
45259
13973
19474
16158
24879
20419
17364
18976
19815
19737
13629
14902
26573
25604
20724
46533
36095
33058
18935
24261
19287
23663
24052
21890
24593
24804
9945
26591
21024
12161
31157
27297
25798
20855
21193
15676
20344
23035
16227
13769
26643
23370
18821
26322
27886
18151
18188
19920
16321
35373
33237
19379
27505
24177
26509
15024
15718
25643
21455
26614
25535
25880
32053
36389
34618
40221
16655
18597
30513
14274
18782
13893
25579
22774
19875
14026
29188
23318
14051
13508
21143
17467
20068
25090
24616
21753
13397
19861
25252
17517
20818
36261
50324
27878
24181
19114
21102
14571
16005
23645
27224
43024
26867
31263
22110
30970
22111
56336
48485
34107
22899
20389
34199
43350
16870
24957
20530
21548
15306
25616
35042
17134
43574
57532
89364
111138
31429
49992
23048
25440
28161
21057
23316
28213
28076
48799
28497
24020
17521
16806
22432
19575
31030
26875
48686
13039
37024
21551
20897
27775
28075
23573
44702
57038
62349
34527
23446
70921
26450
23800
18141
35145
14378
12219
30862
41025
29164
54495
43579
33763
35709
48935
22146
14203
16068
15318
21375
22466
15450
18795
16170
17892
19162
16706
22201
29385
25349
28784
31320
24640
18697
28123
39076
21947
23406
22850
31883
17227
21182
12262
20226
18807
15022
24972
11285
17917
23419
19937
30795
25797
14716
12217
14092
25575
22785
51463
19296
21799
22534
18126
30924
24255
23249
29339
17588
15666
35223
22216
28374
13748
16759
22142
33443
25132
21175
17956
16239
27663
18657
33800
22937
15381
20228
26627
26514
20569
25044
15646
36785
12226
35478
24628
36044
26992
45413
29158
22331
37650
36128
40598
71622
20132
35063
16268
19675
26412
23369
22360
15566
31411
20868
19588
17794
20387
24944
14319
23889
31290
29741
42289
26938
29975
24901
27384
12760
29093
36918
24547
22035
21481
24997
32822
29444
37481
22279
22483
14029
24009
18742
28492
12924
16787
23214
19166
15352
14054
16757
23924
22340
28878
18551
17489
15150
20357
26316
39907
46980
36359
18304
26600
19687
49513
15789
27057
23197
19722
24258
30475
37503
17387
20128
20352
20611
24635
24661
29425
16182
25709
21494
31711
28529
36103
18482
17311
26408
18033
21276
24619
18061
19378
22041
26568
15098
17453
23024
34174
27544
12606
32316
40104
18622
28862
19328
19913
21831
24147
12046
39035
37345
11350
21965
19610
15349
15721
48002
45779
11285
23750
21244
13867
23606
20279
13208
18786
23642
27891
25886
24131
51708
24596
36570
18513
16998
18340
26087
19171
22344
16166
22591
23754
19400
9798
11505
13805
37187
19562
24689
18879
15333
31379
29549
28877
39027
19716
24957
22046
21964
15497
15978
22968
52179
48667
18664
26228
15444
23067
14105
24149
23071
32898
29929
26099
21313
35789
28990
31102
15149
18111
25712
12841
21743
20124
14293
23261
40543
21447
19467
18450
14198
23734
31078
18337
18464
26601
35948
27436
26456
17609
16500
23302
29197
26347
13466
23600
27423
24994
20871
16691
21730
16802
20102
24373
36082
16693
20953
15462
24953
17632
21934
18243
14881
23970
27038
25300
25721
16774
22965
21881
18938
18566
21176
25432
20820
16357
17858
22497
12448
17693
16515
27587
22838
30975
22486
18011
21498
34771
33240
22287
32092
10709
27920
20038
21236
36960
15513
20987
16327
22330
16755
23885
11531
22058
16538
29825
18594
22669
22354
18234
28348
19788
21450
23352
14363
29037
19614
40254
15264
21840
17226
34324
22071
25717
29127
19764
41580
18772
14803
15505
17928
21358
24343
20781
20639
22628
26635
15856
16316
18159
32523
18162
16529
19617
29660
12439
51031
23995
18470
17787
10639
21603
33763
28203
51234
23304
18693
18320
26031
31068
24826
22087
27220
17212
22780
22983
17407
46910
24054
21364
21324
13934
22085
24551
30191
55970
21353
27827
25814
20498
21523
20367
21127
16454
27979
21512
37387
25495
24344
30064
21741
15549
23275
23795
16679
21234
25313
21986
19167
23289
33718
13025
27687
25279
21498
20377
21793
18623
20729
29654
33330
17306
21735
22099
24718
34517
17339
20637
19515
17435
21520
21497
18964
31463
25646
38098
36524
46658
42528
37407
16910
15545
17494
21206
35547
18325
22195
26313
43702
36914
26043
32485
43620
44814
45825
17022
18081
10107
28115
19501
19797
22876
36734
18487
23575
27287
19660
22775
15615
20889
28940
20208
25390
23373
37747
25740
36663
14818
19289
21828
14852
23510
13482
19924
16745
21636
28904
27122
23930
22395
19552
24885
33168
27263
18434
15284
20989
25481
19408
28937
19032
44685
23310
25491
23185
45661
32270
25627
36132
28345
70608
23769
19588
32821
16918
38454
26496
36194
19491
14566
19051
19624
16671
13199
31632
23324
24368
33171
18624
21630
27134
19613
17494
25561
53292
28753
16123
31858
21990
18927
22058
21142
22274
19508
18716
19744
16140
39723
42311
10117
19518
13307
19409
12616
22475
21538
20896
28985
26204
16338
17571
17608
24303
22752
20186
20573
22581
21895
20467
26147
14598
23262
42750
34550
31257
28102
21664
24621
22421
26715
17150
29006
30907
44412
24055
14276
26910
35839
15966
41878
15861
20008
36515
20685
20184
27316
42996
24959
17361
28285
17338
28596
18421
21329
22191
18453
39305
16279
26677
20005
20634
19781
21103
31141
23172
22247
18289
24020
19204
21607
20302
32246
20005
27406
14565
19729
23120
23884
41345
21964
36800
27952
35076
15777
17911
22216
19427
21193
20967
14603
25001
33794
19109
36949
13130
20337
35875
32997
19486
19003
21920
17671
18211
21962
27061
19814
16803
21719
31036
17560
42769
25343
33817
19622
23079
28037
26315
25515
19441
29400
41695
23789
22052
28383
26713
15843
28409
20833
18617
21070
16174
16224
26116
44718
21338
36065
25661
55344
54268
30529
14821
25134
26752
21635
18542
25064
17229
30635
41694
20697
26926
20206
41069
32686
51154
11204
21474
19520
19122
22070
37201
22034
25868
27376
15894
20952
15876
29902
16169
15038
10085
22485
27443
26821
21588
21280
18818
16570
24677
36938
26714
22678
18400
17914
29850
28616
19874
37906
15453
22068
33654
20004
25352
25390
23592
19388
17837
21734
25174
29954
13182
24733
21747
28188
26007
25868
23606
20247
22493
18541
16869
23387
20478
18569
22575
46953
22342
19434
13891
26537
20492
28722
18402
28884
24933
26425
24488
26792
17610
34152
28495
43507
21706
14472
24448
33312
23398
26007
26408
18876
30250
20588
27960
19737
17581
34764
9778
20080
15463
22498
18119
34402
23222
19422
18367
16569
26811
25770
20800
19787
37501
48727
23360
9761
39681
22473
25269
21925
20603
16364
24895
26387
28239
30448
11044
20558
55494
59289
25243
41498
46530
62468
71612
10466
17549
35499
20351
26507
11589
24569
18778
40008
24420
19116
21931
25905
31427
24327
17206
22339
21591
56533
23188
15363
16097
16962
34768
19761
12463
11478
19473
27702
27350
26965
21489
21642
19028
14704
15000
18860
29537
28578
25158
37370
35621
23273
14025
28265
13521
16115
31306
19875
27041
22513
28176
17852
18609
19616
27134
21549
34874
28881
22614
22268
26600
15254
22145
29171
37427
14078
25248
14183
24871
24749
29740
37455
16233
12615
18981
12307
26633
36346
32425
21739
16754
19803
17864
15251
29530
20832
17062
44655
17596
18811
16377
11645
24173
30429
29314
24669
26488
