21302
30536
17902
16924
21592
23652
49537
15938
19057
27914
17408
23868
25028
20270
14462
18385
29837
18697
16877
20202
14840
13567
23121
20251
16543
14586
16402
24706
37814
16175
25957
23282
18363
16139
14947
17821
16326
15148
18646
18137
17297
14228
23080
16026
21034
14087
14733
14943
19280
15336
19599
15246
19605
25906
32863
17358
19047
25964
13960
24956
17982
16320
14082
24314
17066
31213
20173
33743
18625
13869
20646
32903
30952
15023
18092
20717
14845
25083
17544
21857
13668
25622
22457
17639
22512
15316
35797
15458
20334
20712
24383
12533
23916
16938
14425
17258
17679
28867
13796
24075
24186
40285
15929
18707
223544
15324
14697
15489
17943
17678
28943
24228
19458
18373
26527
24658
24183
17282
19546
16350
22219
16387
19365
16583
18738
36436
14631
14561
19231
33163
30516
17947
20146
16066
15167
18773
14793
14635
18334
15372
15359
17523
21705
73430
31073
20253
29754
22504
15519
14997
23338
18942
14575
17032
35384
13276
32771
16593
14529
16755
30022
25195
14425
13855
17682
20814
16433
14622
15016
13988
14073
14731
14025
20968
16294
14103
16101
15856
15612
15440
21066
17581
28047
14251
16465
19633
16576
15924
36784
15461
12869
16669
16071
25260
27979
26635
14606
30863
20283
23140
17215
13658
14704
15919
15971
13349
20237
14798
13921
15967
13850
12883
15575
14059
32586
13427
19212
19882
35000
21515
20122
26124
23444
20852
12736
22340
14302
15040
17576
15746
17605
12455
32992
18486
17831
15026
13584
18635
14689
19243
19144
14977
17465
13774
14779
15150
20395
22866
34761
58906
36936
44569
73642
19658
14790
17974
19658
18313
36606
21824
34955
18985
24344
18190
13533
16071
30184
15143
16063
15042
20271
41891
32770
15077
32122
23518
18273
15938
18772
13501
26926
31265
15953
14761
19047
16468
17558
17638
12697
43942
16062
62364
45591
229337
24019
13347
21830
14967
15860
30633
21158
17667
23578
16041
24635
16311
21530
17448
17285
13420
19249
24155
21250
12627
16338
15656
30049
15522
19204
13323
17031
12298
17330
18592
24590
38660
28738
16999
13372
15294
20903
32871
16131
20586
30790
24824
19956
15065
14985
67790
17977
12816
14847
14783
20267
25230
17948
33584
16509
22473
13979
14918
17559
15350
21373
14612
26447
17869
22852
43188
15079
17652
35694
21215
13910
57840
13798
38768
86446
15025
16768
13011
32876
21210
19552
30991
19487
19437
22091
39473
17431
13394
19472
24314
25692
16692
33190
18766
13461
14973
14310
15603
17683
17036
18958
21278
19912
17111
23230
19002
14283
13507
16492
12771
16846
19916
13983
17332
18392
12459
18773
17574
16815
18119
18977
33649
31301
21099
30742
13558
15684
13780
15665
25927
27473
55400
16846
16878
27575
12891
17794
43663
56926
25011
40859
57599
13764
35037
41029
47553
16817
16982
18314
26244
21002
14655
32296
45759
13372
24482
19231
41114
23889
22850
17100
15430
16696
24693
16855
26802
18981
15367
30844
48726
17132
14741
15635
24882
71501
30291
15204
44072
16962
19388
24047
26166
37341
23126
14603
48603
21387
15897
16697
18418
14668
14959
32367
26852
12500
22295
22016
19244
29759
26978
24027
16391
18169
16729
23432
23427
18510
16125
21766
20460
17704
32972
38296
46295
20532
24931
20522
19398
15115
14506
18546
15465
14610
18782
39640
21006
13155
15951
24915
15336
19155
26069
15826
14125
28204
15655
19134
23368
15406
24257
20980
23889
42944
36830
20354
15305
14966
15011
20901
13692
18427
15876
34029
14998
39894
15821
20331
18755
24122
19198
21166
15650
20818
24911
15380
14207
23743
20550
27167
21430
35528
15097
20001
13486
19067
36162
47610
26915
25536
39328
46918
20566
27763
19016
19853
30553
42602
26714
14189
20904
14036
32381
19690
19274
19175
16817
17198
23500
18463
18689
21704
22310
13930
17806
23761
35790
37744
16564
14290
15975
26035
27109
24129
24039
23160
14105
24402
19286
17897
36532
16355
26514
16892
19306
39488
14258
45976
16539
17236
18136
20056
16184
16563
33126
32246
17532
18447
15708
32822
15564
22686
17922
27130
23228
14573
17200
18239
15416
14534
29085
27210
23778
13544
19191
18437
19851
18675
20776
14666
28504
20354
19333
27012
18977
17452
13405
18231
15403
20044
18057
24373
40442
41410
15879
23108
37903
41752
21311
14631
15334
28620
13376
24252
16944
54794
15932
13769
14375
19504
20091
21712
16275
16674
23381
31762
17153
17311
20773
16676
21833
17861
18075
15454
17096
22451
13115
23613
16550
14722
17986
17646
15499
13788
37845
15826
16741
21557
13821
17346
14699
13780
15023
16838
16955
22830
14927
17575
13040
16766
18342
14160
26374
18299
14278
44379
32218
24457
32935
66561
41238
33737
98582
50443
53045
105527
90454
27251
20973
20005
23737
43644
23354
28800
23537
32293
42906
25482
21707
58370
60101
90339
47367
14417
26230
17592
18586
14937
18580
14922
15493
13588
14013
17358
19619
14833
17770
21331
14819
17699
30020
16161
13705
18103
18443
20532
12957
15697
21777
15540
16937
41102
35953
15646
15658
21576
12310
22077
16478
20032
17722
16048
18148
25157
16636
17062
13624
13046
13932
24407
29167
15005
20733
40061
20321
26453
20959
63263
25422
18991
29399
15939
18075
26693
19967
18219
17212
17800
15362
15817
13002
13597
19425
21693
15087
16107
15869
22699
22061
16226
15500
17363
16423
22824
27161
16905
14177
14234
14673
15030
17578
25739
14911
22195
25036
22435
15646
17810
22667
19961
16816
14279
21600
14926
13760
23102
15542
14474
14079
22732
14858
14496
14654
16921
18905
22055
14266
18201
18779
17453
19831
22667
18617
17074
17018
14073
17740
16492
14875
17648
17851
20456
14950
16763
18767
38014
15045
15088
16388
13618
15398
23958
25801
13375
18933
16579
37614
18037
14953
20093
14843
16082
28801
17883
32995
12340
15570
24231
18957
28361
16202
13834
12391
19029
16194
17637
19419
13601
22368
14905
22283
18378
24212
18744
28161
22906
17147
13559
17542
20409
35328
15290
24871
15032
12936
13057
18924
16570
14340
37998
17917
14222
15435
15169
37091
17240
25226
17964
14647
23426
14687
34579
15536
12765
18870
26255
26846
24502
17018
18046
13245
17331
14847
18395
20872
14356
16732
18165
29826
29304
17085
34859
20778
14969
22833
18238
14163
24174
19264
15320
16251
13684
21611
18523
18857
44270
18333
25552
15459
21339
24928
47778
15346
26909
18616
14388
15319
38933
41839
46457
36298
61350
56828
14825
67735
52920
56962
40271
52272
31718
70916
44199
87941
146190
108374
108283
38861
99162
62274
74057
53063
50616
26476
61805
49181
63832
69226
35040
18684
40981
24405
29461
26180
82559
13742
61145
57609
25494
59793
69819
15784
21494
53035
31390
28822
30147
71768
30370
48927
61514
35691
52639
68941
111097
64234
31216
27287
18448
18677
46638
16016
35551
19192
20481
78600
32372
30287
32886
64807
31736
23029
18958
16875
18379
14317
24690
19054
36411
41290
27481
31835
48839
49814
46524
27614
17138
27797
21930
81554
79561
61197
61024
55543
77832
51066
22777
67546
67468
27928
59993
164904
32497
20531
30678
15335
20920
54500
45500
70291
18725
26362
14339
43029
47079
23837
44701
19828
41831
33626
29288
23443
22247
68475
42737
56885
16520
14639
14997
53320
31810
34460
25625
36642
22218
14785
13988
18860
14214
38509
30023
39595
22393
61280
44873
24463
42010
86765
69065
25310
32241
76594
19570
85671
62231
123416
22226
33000
67697
47485
32817
66270
33635
96929
53880
31844
19172
38860
61851
56077
21367
33267
60497
57291
30092
119601
43584
34132
14710
60937
36805
46734
42272
58016
59786
30467
23120
15932
17389
17612
13036
26475
14090
17991
16746
14902
16772
18605
22532
15239
13823
15333
17835
39606
14190
13630
19871
21056
18407
21408
14299
15027
23765
13650
14165
17706
25338
36316
17891
15451
15450
17422
25198
17389
15459
12197
17407
20274
14961
26431
49042
49541
19552
47033
47256
36478
61842
16658
24227
16425
14730
24250
14056
18488
21140
37856
31796
17783
13608
16823
24356
15467
16367
23763
21089
16655
21624
15757
25267
23894
47480
144208
94416
39831
51322
76256
58776
54430
41216
57954
92411
75087
40591
62984
36419
27164
26334
21997
33961
31670
20106
75097
65474
72337
38849
69467
41940
59711
51032
77986
80511
50558
19171
21247
104743
39628
17070
33445
45488
23168
28575
29575
27038
18369
51152
39605
35209
39386
73423
136552
60538
45918
15510
25083
114711
18201
161774
17975
218790
113059
119072
64440
22891
18369
62994
96511
22054
34247
29214
43133
77596
15518
83051
48467
85344
26732
20207
27156
49541
18676
53973
24912
17854
15371
18815
50785
16022
19184
86866
59070
19094
21144
19722
17376
13194
18593
23367
17980
25282
14929
15442
42050
21964
18015
13173
18054
63609
19110
32024
21876
15388
20130
15586
14497
20908
13885
21432
15504
59180
57731
28979
18296
128189
13171
34595
106927
23000
47720
33281
33674
49630
40100
19958
15080
16305
29975
20082
19678
25165
25244
17409
21825
24752
52898
34679
51342
68416
58315
17726
13269
22286
25806
73871
14601
21424
18649
20405
16790
18909
15566
19628
31008
18476
14445
15290
16940
18858
24144
14349
15071
15858
15341
39003
15150
16453
16045
14905
14841
44829
16552
13344
21799
28966
46975
23443
20934
16293
15785
15404
17078
15673
14078
22837
13803
24133
17693
16258
13543
15597
22292
21455
21395
34406
18340
20491
13426
20210
58389
28788
21132
17524
17751
34248
42927
22290
16382
20230
18309
16732
18799
22338
19789
22303
15442
20129
15296
23070
18629
15059
15359
14605
13534
16782
27845
38985
35512
18591
34089
21246
14749
19326
33856
23807
15434
60820
16423
13981
17029
13121
19115
15569
16013
17266
21702
14495
18295
17868
38857
17186
15606
16186
32525
15267
22445
16639
24004
33602
39285
36652
24558
19932
33865
33644
14319
22092
12847
61363
14126
25717
13980
21173
22617
14090
15110
14164
16596
18030
228193
21159
21163
28100
13863
14500
14117
13358
16641
17965
18374
39021
23715
20168
31452
35278
28146
14622
16447
19523
20850
18733
21375
16324
32498
15494
15802
15607
20910
18941
20600
21434
19151
24474
14215
15523
14745
20829
17102
16228
17131
19263
14885
26823
58655
17563
20567
17532
17400
24461
16890
16992
18653
22063
24867
20550
29562
23312
28764
18186
26114
14149
15162
13270
13911
41907
29749
14408
31836
18584
19130
21836
21344
20804
16398
18612
15519
13290
15693
19518
18324
19035
15006
30732
30718
22605
30475
14935
22316
30500
15322
17115
19765
16188
18828
18147
34987
17431
23382
16001
15181
17399
16211
15446
14738
22738
23159
25776
36629
26586
21209
17082
14997
15695
16700
30695
30389
17407
24039
17041
17133
15070
23476
19683
23396
24766
20941
16226
22057
31396
36353
23037
14954
29825
15442
14332
21241
14011
17176
18441
16607
13972
21196
17301
25648
24607
40315
19580
14249
18334
16117
16920
19004
21619
13601
13576
31740
29620
16058
14286
26267
16219
21514
34049
31639
12883
14231
21658
40124
63694
13465
14583
15171
16810
16678
16349
13811
17908
39421
14143
33569
17090
15717
18887
26658
13580
12978
24461
20207
16274
20957
24378
16200
23950
14354
27918
16654
13629
19557
20105
15091
15813
18898
23798
14119
15792
18771
21983
22274
18431
15318
14399
13718
20124
16192
16944
25652
14025
22530
18949
33856
14291
15398
12066
20973
19946
19370
26717
15114
30886
15205
14134
13476
16172
24187
30254
17522
12663
15117
15314
29118
34423
26886
21538
15756
26883
18789
21793
30328
17066
17261
26556
21224
20034
14550
16177
26811
20136
17936
20472
25295
17337
14570
13672
14191
17852
17906
25007
20620
47797
15986
16892
19062
15434
25495
20144
27604
18805
17020
25195
59190
71391
17308
26106
34132
17681
33950
31630
17980
18519
27097
38879
20172
22846
16930
18842
17016
21268
20032
18007
32579
20121
22834
19722
28394
18880
20359
18414
15201
18868
19480
25326
37508
14139
23950
16206
23664
17567
14232
16190
25991
16607
14413
12699
18275
23846
30994
28266
18653
25612
23585
12844
16205
29268
16872
15807
20576
33841
21941
70340
18759
19788
18057
20603
15789
26550
15773
20522
29821
14039
14717
32358
24936
21168
27527
14115
22253
24822
14183
26624
13588
41384
23737
17181
18128
22976
24057
26141
14216
14637
13797
25785
14164
14107
15975
14488
21624
12860
15090
15420
30064
17667
18557
17510
20254
18813
20161
16474
13640
14070
15940
19556
26667
19546
18143
20145
17440
19854
47487
58504
46605
44307
17872
14594
17135
15372
15101
19723
19138
18583
19978
14250
20438
18519
14626
22364
15915
16732
15594
30963
27637
23959
27027
18199
30843
33115
14046
16540
19155
24818
18772
29803
27515
24824
14487
31426
13067
13439
42635
37044
17970
22657
29391
15845
26710
31075
21657
18186
36687
12779
17156
14702
13704
15504
13471
14169
14295
21165
26395
19442
16385
16434
16750
16313
18544
21448
28061
26031
84364
72366
48773
58521
15327
15886
20735
16867
15060
18599
33070
19039
31445
14067
14745
15901
19548
43735
29343
43979
37647
105845
16178
15079
139951
20783
15492
42788
13316
15823
44467
16239
14231
21983
18158
13785
16179
20552
18989
34953
23613
23623
15115
62052
19802
41445
31735
37643
27547
14195
21614
15819
45840
24996
15066
17138
14398
15308
18212
23240
23646
20765
14116
21673
21724
20123
15654
14679
31985
20325
16901
16732
15509
17085
21926
17866
15728
20553
18191
23214
19008
13887
31471
17793
18879
19889
23406
31104
16671
20979
30689
15399
19960
10838
14407
15743
16500
20503
14748
13938
29397
20841
14579
14024
16796
16209
21072
21415
17315
18622
13740
22021
15524
16923
15002
24121
18767
16656
15608
15640
15248
16865
15728
15616
17733
19427
16897
14701
16994
21245
25850
18503
15546
15770
23311
21285
22315
16136
19273
18310
21706
24174
32522
19416
42325
43368
60051
17185
15659
41550
14826
17399
17841
17439
51306
21402
13924
39699
16378
18872
15234
31394
15205
16296
22612
34367
14850
30566
21685
20590
17987
18262
18920
18458
15084
18350
36875
28710
34901
33560
19751
22077
14637
18060
19420
25421
30450
21887
36777
21118
21607
27715
17584
20401
16343
15467
16493
29989
29786
13563
15927
15403
18777
29286
14817
15349
53143
42108
43828
24908
23614
37584
19830
24035
19468
15834
16266
16485
15339
13581
66817
23008
15030
13467
17389
14180
15974
20656
19032
19243
19728
16561
18165
20378
65624
76458
13815
27154
20404
17208
15767
25024
18975
19406
33761
25060
35568
24145
20994
15945
33192
17132
18562
50308
14904
21665
15966
14832
23253
16684
21981
21589
21222
31168
19723
18800
21179
21980
18983
34623
47415
19858
20745
14359
14722
22489
21473
32722
14255
37076
23503
18049
18524
18515
14556
23649
14898
16757
16160
33821
24216
26973
19399
33907
50900
21050
28166
18601
20120
31981
14284
16291
71668
61657
60173
59044
71235
49461
49080
52268
52660
83196
55007
53708
43646
20774
26934
257224
14081
12861
34045
21719
44040
25050
31235
40849
53005
68414
31481
27485
75281
30424
33086
24346
20104
44798
35009
16925
43737
20505
18218
17255
34919
13931
14568
16002
27818
17885
16441
15237
13387
26123
15032
15486
23431
40665
18512
16723
20694
24076
21479
21428
29904
40442
23559
35005
28499
16121
17920
16419
20651
16977
22443
14331
19130
19886
15563
28589
14103
14481
17826
15804
19233
52615
16790
14652
14520
16135
18834
30857
13545
17474
24412
16062
20324
22273
14395
39630
23893
26795
16063
17472
18835
15249
14897
15187
22268
30168
32493
17172
30324
13901
16137
13903
55836
78943
14702
14388
22464
24895
32776
43458
18070
15699
14907
15359
19271
26048
19161
20599
21733
15440
16083
14308
18208
15400
31063
42777
18585
54191
16462
20201
13832
16922
20156
14176
25386
14808
31945
14515
23245
16419
37690
17670
24151
17634
15058
19514
32546
22304
28997
15836
13448
26012
16221
16514
27146
13670
22336
22468
14646
30103
19254
46354
43041
19873
26266
21698
238660
155840
166544
17731
30482
18875
15687
19545
17106
19036
15140
16107
32394
22804
34386
14569
21911
17979
26366
16422
17340
15571
28334
15360
14878
19250
36346
18573
14084
17349
14534
16616
20551
25046
17214
16414
17273
40056
28037
32547
25258
14956
17122
14531
18765
18876
36280
19847
17894
16245
15961
34183
19000
16058
19618
16751
19373
32164
20977
14120
17985
17458
15415
15752
15648
22291
14984
18545
32010
21514
18631
23837
17612
16535
14140
14885
31611
22669
39684
22503
16226
27449
19605
14985
14863
14591
15728
18843
17761
20060
18269
15183
13698
16164
13851
15938
17758
15375
36543
19912
14653
18001
18609
17641
25895
20601
40512
40555
37090
13779
15163
14559
13668
15552
22129
17837
21821
22319
15531
14728
13979
19375
18365
16088
15778
17798
27152
15616
19453
29348
14636
28835
52745
25208
17082
18081
19397
19664
24038
49432
35393
16184
16637
13331
27324
29526
30845
18757
20214
16173
15817
16920
20726
23985
13850
16056
16853
16753
14662
18872
22995
16425
17900
16639
27575
19493
19385
20712
19647
14718
24452
24760
16215
15596
25176
23063
18186
14881
14851
13862
14046
14828
17297
30081
21871
27088
14219
22495
14589
25058
44310
14510
27696
14381
20051
17803
50251
17989
17401
26720
15828
32343
20046
17124
24444
19670
18464
46354
37430
20935
18237
13888
15256
24247
29620
18781
26755
20281
15043
25238
37592
14170
16009
24071
15739
40095
33494
13369
15396
25969
21189
21115
27195
16484
20665
26803
19834
23162
17392
23830
18832
15395
18518
14525
23711
21781
18062
17668
14523
14799
26622
14579
18674
15123
16404
39551
12780
23523
44968
16760
17332
19646
14981
26812
33164
35291
31001
40158
18087
19211
18753
26438
18539
15534
16005
25134
23517
22724
15031
15344
18767
21935
19114
70161
19517
38508
18900
16202
17301
18123
14896
15397
27475
17065
27757
14360
15904
22842
16811
15852
13081
25425
25451
35721
18673
43053
20813
21239
25676
14821
15274
13681
13629
17475
16937
18757
21974
41320
14276
15788
21827
15328
14294
18451
19431
14667
17596
19126
23761
24096
17127
27929
13600
19473
25475
23240
23505
29356
16812
15708
14757
15583
21860
13548
17498
23652
14005
15127
14437
15531
17032
17808
233393
192411
17486
17627
13163
25146
15221
14021
23226
14912
20847
25025
20023
50260
20141
16598
43819
50797
16993
18530
24991
16606
19438
15586
13521
16532
30399
16401
40507
46848
15121
28194
14260
21086
15970
15497
12861
15318
27575
21129
24243
20533
24531
24589
34585
15788
13922
15066
18414
23342
17423
24534
15663
15698
24040
21145
32130
21386
14690
14291
19948
18767
37109
40863
32994
21497
47581
13499
21968
14872
15233
19696
20714
28469
25740
32151
17333
35159
24838
22581
15886
39164
15802
21680
24884
22086
13986
15246
13898
46404
17827
38413
24745
19315
15230
28815
16994
40161
38557
14569
24083
27655
13857
37359
46400
13676
18387
18744
16909
17898
21205
18348
21683
17257
22907
14514
28335
31184
14356
14688
20700
21422
31213
26094
28449
16276
25247
17609
14168
25860
26491
18406
21492
14633
26964
17797
22416
13899
35695
19079
16428
15498
13424
14804
21754
16594
17284
22416
14561
15107
15297
15501
20320
19467
15276
25095
14162
22393
23091
21004
16420
14180
14011
15973
19146
21285
15538
13570
12893
28892
19916
17720
26728
15382
27605
13538
17783
18913
19519
16394
19998
17903
19352
15371
15501
63838
20022
17010
19613
21605
21110
14352
21820
29812
34685
15463
18232
17119
14557
27100
13090
21911
13706
32779
17367
15389
17793
17098
17686
19623
15929
26168
17243
21281
16546
16489
16312
21917
16613
20667
16463
36289
18580
17292
16340
15472
23506
17117
29175
22110
38788
19323
15220
14112
20667
24618
13510
37926
15067
13644
26194
25186
40440
64174
19098
32694
14414
18808
17932
19943
21347
13757
15632
17684
15573
23426
25643
32614
15198
13593
24442
16197
16285
24010
12863
15951
24255
13772
17984
17181
14906
16407
20335
18289
23491
16019
20695
17348
16705
14329
18276
25277
16059
16093
19986
21712
39989
15400
43075
32199
29013
16045
54484
20231
43987
22570
14779
22524
21065
15140
18927
13985
14739
15834
20589
23364
46084
17937
14467
17596
23114
20040
19148
14923
27022
40293
23192
15236
20471
21647
20397
36947
59711
51311
30926
17701
15608
20062
15636
16616
26585
17559
13791
40924
18825
26019
60217
33632
14985
30523
18443
40572
18573
18364
15417
13320
14779
17581
16765
20993
18207
15619
17480
14910
14175
13110
15983
34373
17025
44715
19494
18274
15536
15779
29948
16337
29010
27347
16508
33321
17150
16898
19656
17890
18646
19126
30454
15958
29297
16274
16075
14980
15042
17539
22676
22093
24616
19564
14459
24192
29022
15366
37038
28586
22708
18888
33592
15759
47210
22438
17048
15013
16865
14480
42670
15065
14610
17673
19112
19219
24403
24021
35361
25761
18030
14524
21399
23188
20216
17860
20644
30016
22876
24687
18255
21022
30248
30929
36194
15435
14189
16841
18275
21997
14343
19938
16053
15488
15543
18390
19724
18045
17279
28629
24295
43188
24192
26233
21399
19180
15502
19692
33465
22479
14256
16298
13917
14882
13417
22394
14286
21021
17107
16601
22460
14844
34622
16288
22063
28401
18675
17467
27876
33709
22486
18479
45066
24355
20972
30660
24626
17232
37066
22217
14763
15764
19704
16285
16186
14636
13030
21082
31809
18538
13158
24492
15078
19196
47669
19419
70199
27170
23731
15630
17172
16275
19396
14713
21858
14517
16761
15295
47989
14811
15088
15512
20838
29346
16748
22130
31219
32214
24392
15456
14448
14533
21269
17448
17662
17230
13858
15711
15608
18130
19069
17125
15477
18840
24532
34391
27479
16940
13772
21399
27000
20257
15036
18470
14735
16345
22174
23578
17914
14429
17674
15347
17703
18558
14946
12949
13354
17106
19073
16678
16261
19590
14678
17608
17018
40785
27318
21646
16991
14765
39281
31719
17885
22233
27769
22428
17387
15084
16210
21274
17301
16767
16765
17101
19176
18163
32346
16351
15434
21170
14504
15650
25706
18702
16439
17954
18132
27265
27168
37068
24062
15424
31875
18361
17827
34703
21147
14459
14754
59634
40179
33381
68844
33563
16678
114458
88948
56225
20954
74912
52923
14620
14271
21520
16806
19185
25332
15962
23169
14263
16164
24811
15065
20233
18002
25279
18468
14640
16858
20302
22314
24686
37843
22077
23213
16707
17158
17650
41940
17460
21267
15079
22435
30641
24140
35506
15111
14569
20775
15474
23652
17163
26780
16603
17601
18617
16011
22686
18245
15103
15197
14768
23071
32056
26190
22411
14117
15096
18224
17794
13941
15150
16083
17800
13272
25607
14701
38648
34085
23621
21880
14872
13103
14455
21830
23923
27075
35278
16800
15230
19645
17075
25081
13858
24127
20536
29493
42874
20356
15588
13303
19090
35182
25767
38048
15332
18779
15886
22357
59569
25580
15443
22300
23722
18699
19029
28125
17219
18737
27280
20980
13833
25326
19398
13181
15822
32702
17780
15359
14492
16805
16336
16699
15199
14885
25872
15579
15215
14252
18204
16493
30204
14184
14532
24251
32413
20701
34260
13533
19131
13165
23401
12926
13956
27430
16436
19544
14179
16913
19082
28922
35248
16474
30019
15911
231325
44296
15048
14688
15981
34641
14940
20239
15356
18189
31369
16184
17120
15924
24421
15938
13715
15700
21224
21816
33998
34577
46914
17490
17939
14722
21846
23494
19224
13848
20616
14989
14728
15247
50746
58986
18832
23140
13393
17410
26574
14882
15527
18352
13466
17370
21364
35232
41022
15139
25343
16711
18459
18737
14330
13748
17601
35908
20127
16101
14070
19890
17449
20993
14047
19944
18759
14480
20430
16659
22235
15490
16826
25572
14720
22878
20161
26693
14921
28383
22682
29873
20221
15789
19640
13953
16188
44072
19283
21595
37986
13991
13844
15502
14743
13531
18946
19590
16814
39447
15464
13909
13798
17635
14304
16231
25281
67635
17519
17501
14388
17444
16573
26726
40014
16365
13836
15139
23486
24893
14529
27742
14673
24244
16902
15053
14111
30376
17908
24442
13464
33536
16557
24444
13884
33786
19725
15591
15905
21823
36545
50898
18102
18395
40128
33930
18121
17334
16017
19431
29793
18506
15666
24963
26288
44095
59858
25554
35004
24345
23437
16768
12914
13140
32685
14782
20074
19613
13708
21256
19548
15965
16336
24957
14988
23291
13759
14819
13265
13760
17267
23810
26451
31862
16323
13732
19522
31342
17612
36478
14162
19053
15966
15477
18853
25779
24395
13270
31439
28075
42376
17276
13954
44151
17913
16236
24205
19119
18382
14501
15939
23082
20080
19903
14669
16840
13806
23296
16081
18007
16033
26266
28475
17842
43339
15046
16070
15903
15918
15460
14669
17118
14725
17767
15622
15977
13879
14934
13703
21816
22594
15205
17089
15262
15390
17035
23238
20334
15426
18370
15683
21811
13819
14779
16680
13250
17419
16114
42927
15680
16592
14406
29554
27858
28035
22198
31976
21523
23937
16794
29857
45868
17231
14012
21583
13510
21998
19126
13934
16222
50342
43321
20303
22690
27682
16855
18284
21700
18002
24952
15055
15177
15570
14664
14876
21444
18377
16518
16814
16729
16618
38047
25716
23016
14780
17587
25488
15116
15114
21400
35015
42731
18586
19599
13390
37520
13190
16948
17769
27871
20704
17657
25823
16556
15065
25235
15300
42560
16233
16830
18846
14460
17240
12094
18744
13411
14520
13675
18989
17112
16587
15925
13837
17704
18635
27863
19567
15203
18602
24293
16770
28620
22546
14183
14080
18726
17500
22234
23701
15659
20384
16173
18259
14646
13199
19617
25815
27840
15235
17388
22286
35916
21177
27669
14484
25024
16335
20067
23337
20836
33418
21840
38582
16958
26364
19995
17205
22599
15321
18223
16733
16045
27438
16111
14190
14166
15879
15406
14577
17057
17478
16175
31868
17180
21613
22796
21421
24083
13761
14005
15491
14434
19421
14639
14302
14402
19931
27265
41599
45305
14948
16077
19730
22802
16906
17993
18695
15517
18996
25002
17384
14588
19748
14252
15292
14497
21579
14915
36914
25075
13991
26180
17300
29081
14594
18206
16244
31601
14716
34094
70981
70043
28133
22832
17448
19321
13355
19594
31157
37281
16975
15591
19194
20862
18309
15507
25338
15621
33280
16616
230204
69945
56527
28454
15523
19090
16996
16617
25560
20653
19859
17056
15197
15876
19815
18109
21040
16091
14886
15287
28196
24748
24158
17454
14322
29898
14365
14060
25162
18147
14877
16509
21755
14927
17764
22038
45847
20295
15782
22196
15849
20172
16763
24745
22490
17554
16835
15687
33608
13494
15713
22097
26338
25005
23394
35118
38739
18815
23531
36388
15762
32046
13992
19657
27564
15898
17995
20821
14719
16039
16829
16717
20757
29728
52675
32924
21379
21130
40388
22332
29209
15511
21939
31287
21205
42431
36730
37316
227991
19578
23795
16092
57392
17065
17627
21822
17007
17348
13728
14364
21049
17689
23352
37223
23155
16568
23802
17003
16101
15543
16749
23141
17735
18060
14786
23089
22493
16892
29350
17149
15467
18633
18326
14714
16767
27083
17596
16178
16822
26121
48551
27940
35489
19176
13913
15783
16702
15953
24484
14066
14131
19616
17344
43428
24794
13744
20804
25924
15554
15985
17490
15059
15173
23640
27968
14116
14779
19900
16760
34113
15066
24618
27411
16471
15898
25770
17832
19162
14836
17642
18485
16488
23002
42867
14470
22909
14366
39263
32616
20366
15682
18774
16644
14921
21159
31980
17458
19493
42779
25580
18696
21213
22462
16384
20545
32472
14942
22342
18522
20923
17982
18713
16019
16902
12528
14947
16183
38836
24653
17141
14035
23098
15076
18930
21231
23768
33913
39141
16196
22315
28074
22232
21894
20028
17011
14675
14266
15222
25798
14450
26608
15703
17987
14778
18706
13708
18338
19272
14456
16429
29269
15273
17890
24425
24076
23916
13578
20241
15592
13392
15946
16136
17808
21113
16982
21041
18291
17350
14942
20740
13580
21899
14378
19196
14909
18248
26936
15987
28581
17712
19343
32444
18666
22730
40589
19206
15927
15877
15642
14410
14478
15366
22560
20698
18937
14427
19250
15915
14549
15871
14810
21170
16309
14203
17111
15101
17581
21863
23193
20140
28980
20267
16499
18764
15913
17257
18083
16577
20727
22432
16912
27387
59086
37701
24542
17673
17442
25227
20845
16503
15909
23277
13954
19201
15160
14948
14456
32523
15434
20228
15456
20047
14499
15000
20814
30814
19355
24365
18425
22785
19734
15134
24222
15921
24069
25006
30635
14181
22086
21793
20411
19830
13867
23017
18484
23269
18569
14091
25011
26058
15017
31355
14589
17473
19742
22917
16988
33801
14324
31149
14086
18857
13060
15579
13468
18510
20196
23265
18090
37276
18544
13759
15969
18061
14375
14474
16580
18610
14968
17453
17490
13692
21393
14122
27032
13196
22669
17756
17454
25883
27845
17473
31618
20840
32222
19273
21080
15340
16835
30711
19450
16445
25783
30060
16554
18637
14594
14589
17585
14714
24759
15891
17648
15080
25634
16028
14226
18171
26256
20860
18989
21087
33850
16571
16246
24184
30432
22215
53500
18244
15424
15093
16669
21778
21305
29306
18320
20449
22336
32543
42484
19273
21058
13078
16833
17543
16064
16335
16899
26472
20761
40696
16534
24638
22592
15875
19406
14386
16285
18251
22957
14887
21815
17338
14790
16149
16437
20349
42698
18112
31190
23949
16588
17115
24068
27465
21833
21618
17382
16575
19848
16309
15248
16116
20727
24520
18588
14455
25749
21512
18458
15956
17149
18074
18211
27568
22471
19230
16793
14901
15338
18582
22109
27989
19763
17935
23231
21794
15086
19780
24724
22062
21081
43421
24847
16913
15063
24408
20270
44317
40540
33127
15190
13668
28784
22695
21536
12963
22903
31985
36586
14129
20890
25181
28950
15406
16227
19865
15240
16251
14122
26258
14259
21922
17918
15038
19210
41138
14681
14391
28930
13470
14084
20083
28952
18768
21278
20604
20220
17349
26232
49627
24924
19906
22199
16201
14109
14508
22847
14744
17065
26692
18241
17157
41673
60286
31272
48348
31817
24916
48218
68931
25068
33734
54047
16977
21561
15008
15828
20169
24060
20450
20091
46088
39581
14406
17832
16310
25616
30013
16245
32411
18741
17439
31902
64473
19650
15927
33036
18753
14678
16235
19155
28352
20630
16063
34179
16755
20369
60660
21816
17531
27421
16246
20573
22262
28820
21375
17707
16074
14507
15507
15091
25235
15339
13489
16996
20815
18689
29447
19375
27893
21893
15617
24270
13625
14253
18105
18473
50214
19982
16348
27947
40351
18096
18217
20503
15363
18407
16673
15325
19283
21343
14224
16757
18940
14855
21075
22893
24401
16618
33297
17118
17694
19646
20301
17884
14767
13957
18071
28345
19599
15940
16329
18673
15524
17264
25453
38671
15586
26152
22605
19602
27799
15048
33113
18242
20373
15642
20835
15294
19772
16852
23617
25635
22143
19127
17302
18343
20264
19851
28275
21739
35871
16517
12815
13455
22901
14792
17330
16222
12033
18597
26086
15261
23377
16037
20364
17122
31515
19101
17285
20078
17431
28363
18586
23521
21875
22773
35583
16999
25642
61295
59343
16800
14305
21351
17226
16296
13646
22125
19536
13635
15539
16684
15067
17794
16088
14910
21722
13923
17428
19195
20055
13987
19558
13506
18229
20708
14900
19560
16321
36279
26753
14280
28554
15317
12997
19734
17487
19916
13809
16716
13900
14958
15194
14986
25879
15568
14308
24538
38922
26209
16634
22050
15721
15698
17053
14828
15963
22125
20762
21016
17075
17274
30638
13454
15345
14972
19908
16264
16634
22076
32133
14043
22082
21010
64342
22226
22343
16700
14295
18089
22750
13950
21336
16430
38032
43489
17824
14414
26824
27767
24142
19849
16445
16164
21231
25831
19157
20143
15917
23324
13838
24573
14408
16562
14885
16894
14983
13824
54477
17961
16826
15308
27426
16014
14359
18391
15649
17386
27336
19008
12429
62630
36219
26696
14309
15061
50334
23439
20824
27299
28988
18374
18133
20376
14640
16613
13989
14581
24275
17176
22756
15605
19810
27413
39483
74596
84765
17977
14990
18489
21045
15493
14507
18634
17451
20460
17826
14742
21037
17564
14070
13571
14137
15739
17230
17767
16857
15910
16714
21808
19269
17785
14463
29316
14744
17191
17853
16763
14065
25230
14073
26406
43300
24739
14330
14700
21686
25299
20881
15296
31917
14785
14791
13441
17092
15478
14349
15643
15988
16332
20799
17655
14622
17652
15709
34264
39605
14119
18501
18917
18834
16338
13115
17211
20719
15895
16960
16865
16192
14542
15312
23163
12727
17945
20470
16957
21371
33439
20174
23247
21613
13461
15574
37975
16077
17727
22366
15620
17373
222504
51353
81585
20523
17928
29394
19629
18336
13322
16887
14371
15656
12992
16005
14924
17673
35562
15180
21513
19120
23200
33221
13760
16352
15705
12991
19637
18556
14809
15891
15169
14544
17743
22132
14425
16382
14063
31185
22179
14699
23641
23453
34279
31580
37727
22946
24262
20310
17169
14192
22598
15660
20500
16783
14488
14970
17426
16679
14433
16752
22881
15362
16267
23321
17736
13461
15603
17620
20779
22180
19482
15629
24078
17973
20402
14240
34152
29570
23240
18803
15233
18106
15100
20870
18929
18196
13659
14250
30392
27280
35563
19196
45699
24407
28764
30122
18187
31217
31569
28076
17280
17987
22856
20721
14628
18927
17095
14553
15612
16728
14879
25131
23642
20206
16862
15204
21175
13893
14173
17607
23128
13504
31549
14651
21235
24638
15743
17485
17033
15084
19327
18372
14187
21687
14320
14923
21009
19175
16459
18124
16607
16149
16145
17770
15786
21656
18468
14126
23116
17653
20829
14684
43715
13395
17645
16162
16451
14913
24253
15281
15611
13592
29232
19902
17509
13957
14672
16903
15951
21810
18331
18211
18914
13940
15363
18393
14590
22629
16435
19706
22489
19362
29688
19739
23538
21060
13137
19157
16142
17370
14315
12558
19640
22636
17705
17131
16070
15548
18785
15103
14528
18955
15966
27977
15515
14369
16719
17392
20813
17589
24055
19884
18250
14749
24166
19959
20402
18005
21714
14220
20302
17318
17176
17491
17867
18192
14509
13743
15049
32135
17389
14670
35367
22016
13456
28965
22664
18995
15115
20044
32700
18173
14404
15467
26150
15866
15298
34932
20137
19755
16194
20245
18800
14323
18524
28220
18882
15468
15452
23831
30561
34246
32332
13840
26937
23193
40775
38910
18519
13490
22770
66785
16943
18433
19631
40537
50736
19069
16604
15741
16661
17690
15203
14071
14463
25705
16504
16921
21665
15489
16469
27315
16496
40257
17201
19352
23367
17268
25877
22283
22207
19494
17340
14685
22659
24217
26147
27104
15205
14471
25267
17457
14564
22452
16003
15907
27118
23577
39363
14992
20832
15908
24593
15932
19710
19612
17311
15455
31940
15360
16345
13858
16597
15953
18140
14525
14458
15145
13821
18900
14419
26580
20665
16547
18848
20223
29879
17664
67436
30230
16214
37764
51642
24814
33023
13608
21631
14089
31092
30873
21217
20167
19777
14588
14907
18204
21183
39461
38343
37015
25583
80470
67538
26940
41169
43065
26372
92916
40788
175712
71508
34553
46203
95377
38612
91540
86516
86164
45301
60776
84996
42082
63603
79823
57450
63077
36238
28015
27802
67886
19072
51301
39640
14230
19497
18905
17884
27082
37643
51177
18086
32643
43640
16548
40331
48332
17324
20059
26998
21740
28658
47804
69262
16016
14071
20457
40741
14269
20177
25300
40496
42056
14494
19896
14715
16628
18150
16385
17397
16515
43750
39084
46828
55736
25189
14198
15781
17540
19355
29625
15374
14404
23564
14288
17224
27348
16709
25827
33069
16934
21449
17007
13672
29346
16517
14232
19896
34559
16843
13735
20280
17067
19315
15860
15224
15664
16280
14227
18850
16145
16058
29255
31331
50063
14600
31811
16299
17499
15198
14276
22997
13954
19450
15908
29552
18712
19273
25936
28737
26038
17301
26112
17232
36785
14903
14035
17977
15673
15920
17298
15942
31792
41782
19671
20369
14553
18518
16579
17757
18230
15510
16630
18168
21065
20948
20601
32700
20519
15937
15791
17643
15133
15481
17920
19253
25230
30769
23748
18837
19194
17219
28557
14716
14246
28271
20237
21490
28731
21649
17006
24651
16858
24881
17195
36584
18758
25506
18777
16267
24290
25857
20115
15073
21232
16091
27386
19662
13631
15933
16269
17244
19990
14000
15274
15097
14380
15228
31312
15114
19082
23128
16365
31595
29451
46604
17027
27870
16288
18376
14347
14636
14641
41190
24107
23403
19451
24438
18328
14931
19447
15374
17502
15558
15924
16283
13808
14197
24111
15947
18922
16374
14648
26755
22925
26261
18507
20082
18986
15544
15651
19578
14759
17429
13337
23428
19826
27859
18813
15468
16652
24348
21301
16788
16322
12605
14198
14534
14743
15089
17723
17390
15293
22709
23796
14765
23284
30433
25546
14808
31891
39675
20064
15053
35971
15307
29882
54082
15376
14634
17876
15813
13367
16931
15668
19855
16219
19310
21190
16485
14718
26020
31468
14586
13615
18819
19133
21779
18800
15792
13309
16829
20279
34893
15293
17598
42844
23468
13475
19757
18748
16279
13987
25111
16660
22573
14695
15285
14402
29835
28683
16353
18752
20943
17191
21803
17147
19532
24907
31981
34675
19041
13015
24008
30450
22950
21047
20655
18643
21564
12641
14964
17886
20336
16187
15464
18557
32747
16742
21860
32523
14727
22235
16151
22777
17659
22398
18980
15368
13931
14954
37393
19517
43739
33179
18171
14833
28863
16129
14962
14416
15313
16320
26153
19063
17066
22527
14934
31327
14966
18086
14870
26491
23786
15464
44611
16601
17545
23736
19478
26424
16474
25323
15787
26015
14928
14375
14146
16000
25984
13802
15945
19731
15252
14318
17880
29600
13345
19046
16500
22214
33041
20245
21637
21961
15816
22652
21595
14965
20871
19736
31626
231679
54441
68515
17060
46281
68150
45045
27999
23791
17581
18586
24092
21751
24454
15713
14142
54300
15589
18794
22306
14515
20164
14474
14208
23278
14374
21622
17578
15141
15739
18524
15839
19307
20516
27807
18747
21454
13867
15472
20262
16469
19355
15680
13183
16469
16379
17588
21802
17172
22695
14372
17771
16209
16350
16822
18726
16473
17416
16811
26005
53094
24264
19462
23405
15448
21933
14059
15450
23523
22684
16100
21455
15123
25459
53677
17488
24783
64966
17548
80424
35149
16561
31369
50021
36038
45948
16358
20090
15313
33325
36340
30268
46641
28326
83851
100165
14935
72980
48106
25829
23340
47654
24821
27152
84663
124321
41162
59890
79409
55641
39196
30938
32814
85331
68041
109374
58701
73541
108112
50833
17892
45936
71468
39814
15177
20777
14837
25572
43869
17614
30937
24783
23617
66483
48823
24912
15499
32651
16185
31683
16076
25538
43882
18967
13985
22173
29385
14564
13432
21564
15432
14715
18034
23819
17822
24637
16446
29649
13115
15312
20168
16793
14019
49588
21634
17854
17276
13502
16801
35631
17662
35163
18202
20567
13575
12375
32349
14137
18999
17226
14757
15612
22415
35493
33955
17849
15186
15158
20805
21246
25844
26688
27418
35161
21263
14755
15050
65594
16272
16079
19863
21326
13287
14735
17113
16542
20389
16800
30060
23171
18096
13236
24577
22619
18075
22661
33082
20011
21262
15972
13733
16385
20381
20031
20845
16514
22453
14968
21133
22546
17904
18031
16803
26970
20858
16488
16351
18434
22399
18507
20086
16661
17356
24552
24995
14114
18625
17019
33121
15023
30018
50083
22620
22563
17275
22815
16486
19061
20380
19577
27772
20539
15635
15544
14550
20801
31335
15484
26529
25673
48039
15815
26207
14973
38451
20735
17962
29214
19721
13532
17910
22801
19268
35548
34268
34498
15785
68629
20014
18609
25603
21087
33992
16171
18191
22644
15989
21039
17391
14239
19575
13329
19812
22361
29413
16208
22177
15618
20690
21074
21542
33871
33299
25994
16197
15864
19716
16145
41911
16932
17341
27084
31383
16099
19750
18285
15521
17519
20119
31228
14174
19057
20014
14019
26577
26199
22742
13864
17848
13221
15135
16662
21500
18900
14263
16476
15625
24261
14629
14180
14836
18197
13963
14434
56054
19872
14713
16204
20578
20860
14434
14792
20486
19617
13476
14297
16075
16563
14951
14820
15091
14203
20245
18381
19385
25396
19928
29690
15702
12998
16670
14633
31951
16744
15263
14974
13924
35750
30461
13410
14771
23016
20090
19795
15264
31400
17725
12927
29621
17104
16903
16069
14601
24868
16504
26586
23381
33062
17747
17429
14390
16289
16691
20282
17790
16896
24592
14074
16208
14548
18645
15504
21277
18338
29698
13423
17222
19889
30905
42939
23840
23326
24452
15637
76824
28125
14824
18452
18290
15332
17979
21184
24767
15002
25813
18224
25199
16211
16222
16766
16688
20385
55109
14281
15039
15422
12753
16355
20026
16329
16186
16289
20037
15012
15937
14545
17888
28322
21697
16067
15224
31742
14589
19287
15110
14182
36574
14621
26037
30721
25793
15188
46715
50803
26823
14626
23215
16422
20808
12641
14381
20562
15040
15774
24340
18697
16302
13525
16671
28411
18058
24766
37414
29707
44114
14261
16487
16393
18168
19273
14650
16782
21488
13448
16541
13859
18085
16855
14325
42811
38744
21375
13962
35121
27365
18095
19066
20607
13932
19611
28106
13357
32964
13493
22813
34002
35288
34380
37302
25891
22934
19824
242453
31092
16093
25823
15057
22037
15698
15062
17578
14904
20015
13665
27932
37148
26157
21102
18293
19981
14192
15525
18757
14210
14788
24438
13671
17227
26376
24681
41789
23193
14204
28742
17307
23353
19590
20184
14358
19376
13343
16102
18453
14903
14143
17360
25610
26193
42334
15403
22088
20695
13753
24823
13387
21232
18816
17168
40871
21274
26103
53900
13390
16844
16964
13738
16061
14813
15810
15969
50679
50169
16877
14539
27710
24667
36464
39683
20658
20327
56891
58802
16440
17499
31108
32425
23655
31815
15368
36823
16061
19836
22293
31436
27761
19091
16418
17833
21511
17408
17756
20864
20877
24188
19683
15731
18229
21319
41678
24676
29268
30047
17374
25948
17126
23952
17636
21101
16907
17952
13945
16774
25248
36042
16550
20792
13626
29563
18089
16792
16499
18895
15040
16301
40069
17786
22605
25439
28022
14059
17501
17281
24530
15417
15118
17266
18631
14872
14876
18464
15236
18881
14695
16321
17743
24458
15765
19080
15160
15948
14530
13887
23760
18975
14352
18037
17449
27675
42784
13800
23310
25864
21049
51979
22812
15833
27018
31063
36745
40137
15618
24340
15547
18806
15182
15492
16791
21234
17855
16088
14506
14645
17003
18125
16567
15987
19085
23247
25479
15001
21254
21796
33582
16868
15517
18646
15773
22510
21825
13787
18394
25242
26260
17719
15290
15883
14661
24588
15959
15606
24713
26707
14797
42229
13659
16931
26173
16269
18416
16161
14263
12541
18314
23548
16486
21814
18107
34560
18228
17253
20541
15659
17317
25050
18511
20427
21388
13355
25295
15860
15075
16764
27072
18567
17524
23444
34173
32185
18790
19020
17288
18711
21785
21389
30982
32614
36416
17891
17134
22762
34457
41837
30036
16439
19579
20572
16204
16421
15964
15873
18959
14325
12938
15026
17332
17153
24750
31858
16228
16804
17120
15523
15931
31173
24437
34770
16755
20833
16747
14334
14618
18964
32128
14231
20275
19630
22795
28040
25679
32083
15694
18541
19800
27622
15304
16672
21548
22798
17872
20588
33107
23234
35368
15616
20704
30623
20742
17777
18331
19660
28197
14393
24325
18894
25286
22056
34220
19726
19621
18683
15891
21132
13159
14000
19798
27915
14425
16230
17907
18808
16701
18944
26648
18959
17029
31033
14850
19154
20364
13257
13826
15462
19090
17440
14522
17678
17111
16320
13984
14584
22137
27122
17266
14058
15018
23186
14395
15928
20550
26133
25835
19783
16128
30735
20317
22835
19911
23424
27580
25537
17894
14270
14537
35068
21493
23897
14680
14509
22280
16731
18241
14484
16971
16240
16629
22031
16057
15400
16615
20401
17901
21548
18916
23885
17083
21406
17870
26902
15556
20895
20847
16487
18303
14961
18201
16704
33339
41879
34353
18433
18621
18652
15442
15346
17395
16068
28966
17999
20531
20824
15653
30919
17017
33887
21438
16317
35409
35321
20631
25508
22055
34757
35665
34172
24268
23421
23637
18039
15734
19090
21657
19012
20947
21276
16984
17570
41868
19232
17454
30394
18225
18781
14917
39312
27694
15620
38870
26765
14827
15295
14570
14281
21252
20071
25591
17745
17073
24451
20010
18885
22656
15106
18376
20460
16709
14849
17281
18780
21882
25913
22739
25879
14818
23813
16869
17834
27111
18145
16369
15913
27383
17415
23171
13375
21740
22032
23545
16053
17186
21471
15743
21604
19006
18798
16253
23845
15807
16047
17903
55336
35228
31336
41363
15891
21577
21256
19762
17869
15649
29117
38803
20630
20077
32930
40666
26684
15945
228967
174449
14837
50481
16705
23054
24798
13823
30431
21512
35907
21145
14797
16123
18346
30312
21354
17435
16044
27079
16760
14233
15439
23977
16292
19419
32989
13788
36466
33177
80497
47401
24672
23611
15373
16542
15924
32171
20212
14164
21442
22796
19877
26681
25563
14555
30261
26431
14760
16054
21941
17434
17423
16436
21145
30471
20597
29557
14900
25635
14811
17451
18864
13975
15167
17905
25208
27157
24259
15291
22212
29371
16272
22444
18052
14421
21224
17932
20459
22443
16601
15743
37396
19082
24014
16298
18283
27697
20377
20839
28156
24320
19806
20007
27355
35993
33095
22187
23387
20134
29849
23239
34011
15966
54731
17860
52662
31410
25716
26156
51106
18713
15949
17466
17669
19992
21376
17716
17570
16202
33026
15007
25036
17718
17843
26107
27306
27789
63799
94604
17088
20393
45471
21261
26242
23045
17375
31431
47383
73832
37795
45173
53984
38438
59294
92726
127920
26246
16418
67973
81461
56603
56309
48540
32440
69310
85420
24403
75200
112357
41719
35440
21704
104829
123972
51626
33326
52295
19913
48810
48308
37978
18394
16212
15587
25580
27218
15752
15340
25822
17815
19391
31495
16762
17640
17134
20533
17455
23100
26083
14703
16946
13076
14717
16124
24265
20235
18684
16612
19252
30333
14853
31902
27358
13389
17749
17296
14106
14898
14041
15472
22811
18604
17471
15982
24497
26580
24670
23124
14829
20446
18161
18675
16151
20490
15445
26682
16058
14946
20467
34776
44144
25322
15584
46350
