18880
33284
37907
20394
14335
32687
19623
34693
18615
17222
13910
14141
15123
23279
15440
15226
13846
13817
23564
20437
17496
34848
21001
14736
16956
25492
22335
14917
22345
14552
19356
24499
16641
13808
25446
26347
14036
16732
20927
15827
15006
15762
19638
19892
17688
14607
14261
17936
20572
13714
15755
28418
12958
31470
14037
19602
18768
22755
19054
15571
18627
17584
16427
14990
13648
16397
17205
14562
14890
15543
18724
21515
20722
19777
20193
17856
17772
16503
20447
21533
18286
33248
17099
14690
15496
17106
15260
14966
15516
16211
15256
16315
24013
14863
21588
16200
15304
13959
16629
13388
14829
13824
13136
14195
15981
13314
13977
13296
33756
21100
14105
15078
14482
23780
14817
20197
14034
21353
19140
14708
27543
19886
28190
18777
15840
16378
16783
16723
22057
14599
26774
41372
37422
17435
13660
14638
18670
16625
18425
56725
21064
14445
14646
21564
16672
14013
15172
14889
18501
15379
18506
15971
15257
27752
53237
17414
31527
24504
13264
19715
21323
16025
34912
13890
14756
19633
16556
16234
15310
14526
22289
22649
14211
13733
15290
15405
20223
15470
14722
16051
15493
39139
16130
19930
34813
13385
17505
16881
22527
24869
14104
16944
15892
16712
14251
16034
16032
14989
15843
17291
14497
23013
14317
17119
14805
14410
13715
20045
13467
16134
22649
16402
16682
19925
21537
13629
15508
20282
20158
15531
15750
14450
16692
14955
16879
16733
23965
16372
14300
17699
17114
16832
26890
16295
16538
14178
17222
26624
27226
17369
17997
16750
14381
16689
17282
26399
20260
27768
22188
16781
14236
17961
21124
14325
20554
13986
16475
15534
13221
12809
17509
16748
13801
13901
16061
15429
21089
17868
15984
20748
17283
13716
16326
21068
19778
23351
17185
17571
15261
20181
16657
13750
20429
16370
13893
15877
17011
16433
17976
17856
16430
14855
21767
33108
18192
18808
17798
12892
14443
17156
13733
16800
17250
13577
15476
23800
15581
18274
16251
14882
14089
16877
16013
18729
14436
13260
19271
28225
16012
15664
19860
13071
15563
16489
12987
14154
13285
13802
13081
16368
16594
17170
14539
26604
15076
18373
21101
17830
20588
14434
12477
17808
13176
14366
14043
14735
21179
14024
13535
17344
17834
15442
13727
13324
14214
14750
14759
14827
15695
12934
14590
19454
16220
16177
27268
16099
15013
24402
16027
15265
23073
22997
28267
15103
15261
15239
22893
15580
14069
15706
18598
17352
19043
16165
14818
18437
23628
14255
15335
20667
18823
15363
21785
18443
19616
24469
13095
15202
15298
21277
33342
18284
24855
19465
14372
15597
17398
20554
14089
18037
18885
14462
15026
16796
32630
19823
24925
16419
18294
22845
17356
14611
13561
15302
15309
15330
16631
13904
14830
15780
26256
16187
15654
13269
14575
14407
14160
12943
16523
13274
13758
19452
17177
17402
13840
16171
21788
18731
18873
16493
15298
18840
23904
17932
22704
16856
21754
29815
17393
16774
17629
14336
15193
14323
32035
12999
14727
17201
16382
15715
14931
14910
14462
12660
14474
24411
14988
15813
14547
20309
15072
19930
13686
14676
20738
16530
16324
17419
17381
27484
14866
13053
19318
15528
37328
15573
13295
13441
12530
14470
13357
13302
17988
21990
14246
22328
14078
21427
16354
17707
16126
15960
14411
14979
15223
22758
19404
14568
15067
13929
16119
16006
14984
22550
14415
15922
12763
21380
13659
14069
19855
18340
13770
12941
14548
21815
19745
13499
14969
13670
16440
17081
19043
12803
17950
23717
14724
13092
17107
21179
16931
29516
21356
15223
16741
15114
20035
16028
14712
17946
15753
19607
15784
16982
14112
14701
23979
15139
15362
17160
16983
15817
16803
18952
24887
13771
17694
13271
18990
14860
19612
18697
16194
20881
14797
17831
27294
16819
14548
25091
20669
21431
14993
38192
17147
14975
15414
12254
15010
15174
24867
14420
14434
16913
14840
14084
18140
17964
15299
20858
26874
22487
14593
14898
14884
15558
15376
14562
13919
14211
14420
14924
14670
16282
38999
14911
13763
21421
17819
20007
14225
21677
14783
16851
20033
15811
15871
15553
20704
14711
17683
16610
15409
13550
19987
13758
20221
29918
19355
31584
15040
16262
15059
27341
15859
15899
15566
15606
19752
19928
16457
14919
15597
14377
15008
20256
22722
22156
18926
20521
32104
16705
15196
14377
14373
15336
13747
14484
14729
18053
19628
25521
19191
15767
16595
16644
21140
15192
17608
13998
14068
16295
13901
18408
17447
16572
15929
15327
17359
18167
21066
44760
37253
16113
15677
14610
13714
16375
22478
21413
15572
17800
16861
14371
14019
21350
13669
16643
20940
21431
38002
15722
16456
24146
16529
15883
31751
14373
14865
13441
16289
19814
19595
17886
18793
14766
15129
19218
14654
20994
18497
15432
22691
21780
14779
22994
19025
13808
25022
20275
22820
16298
19832
17803
15664
14282
16533
13953
18124
15945
17400
14666
14997
18954
19634
17044
27335
44629
15279
27536
15188
16279
16908
14471
17421
19711
17059
22723
50756
17473
14861
16408
21622
17549
13944
22959
15845
19601
18210
15912
15507
30858
17398
15330
23737
14376
13344
17785
14414
17044
20139
41433
19289
15518
15855
17281
15121
17400
18057
15570
14378
16710
17356
15529
15729
13736
14477
13989
16539
18024
21801
17647
17481
15086
14315
19743
14256
18525
15864
23156
14103
16546
17863
16410
14299
26332
15996
15767
16207
28096
20549
18575
15017
16927
14862
17609
13862
16792
16527
18246
16035
27251
32390
16891
14378
16490
16587
40055
16558
16361
14400
19083
14059
17411
16786
20132
15294
17221
14166
17630
31438
15818
16116
22060
14375
16126
18599
17255
13404
15165
16163
27022
17065
16377
14115
14750
19724
19698
16135
19159
21588
16279
15037
22735
22804
17038
23599
14526
40266
53067
14933
18240
16932
16511
20026
25977
17685
15665
19832
17151
15005
15253
18753
16282
18697
21129
16555
14198
16244
25598
13754
29974
17310
17672
15513
13952
19828
19296
18216
14828
19504
14197
22747
14424
13680
16292
15579
25530
14213
13139
16019
18690
13498
14596
26683
15026
20828
17702
18406
23574
16890
15032
15111
19853
14996
14253
17605
19988
16233
17909
34530
24462
14947
17727
16430
16559
25422
29831
22031
16853
15006
32224
16421
16601
14845
14210
14342
24100
15503
13994
16107
15980
16313
38898
14954
15744
24603
21271
14315
15699
24216
17016
19981
19993
15077
31403
16980
14571
12735
17702
15050
24576
17391
16489
14369
18964
15418
19009
17549
18235
15029
22038
18607
15044
18268
16079
15839
21562
16346
17757
18593
14157
17198
20004
16471
18989
16704
21259
16067
18712
15472
15472
15780
15205
20279
13824
16490
19091
18945
24066
15426
20100
23218
25422
15329
14460
35285
14308
18278
14237
16275
14611
16789
15860
30451
13913
16701
17395
19535
15996
18648
35969
18507
17638
32586
26914
19174
14369
15180
25440
14820
17673
21038
19919
22939
17403
25700
14761
15028
13491
27931
17490
17144
16027
14210
15868
16026
30310
22394
24372
16540
14870
19663
13951
16123
19566
18214
31165
16408
16781
18018
16463
16512
14682
16556
18071
17165
17458
17107
16345
34869
21951
14479
17744
15015
13263
16835
14225
18412
21370
18414
15768
16290
23818
15122
36306
16168
19191
25845
21696
26331
19621
14439
16333
26078
15942
17844
17480
23372
15500
15011
15838
20038
14117
14060
16858
14396
15776
25062
15451
19657
15604
14953
14129
18237
30704
15969
15604
15095
16658
15241
14224
15400
15639
27525
23321
15080
16719
16195
13660
18306
16993
15235
15956
15714
18696
23460
18867
20547
14951
23396
20598
19429
14408
16376
16533
15082
18738
16494
18244
25612
20037
17000
16728
28137
13851
16016
32322
21052
29804
16353
16295
16685
13949
15853
21132
17312
16715
16414
25769
15883
23075
14885
15464
16217
18391
23823
16430
15385
16756
14486
24056
17983
14007
16716
18890
16386
16760
14434
35389
17362
15195
15129
17354
21439
17394
14985
14451
17336
15708
16577
15608
15358
21423
14793
20419
22309
27257
17694
13104
14109
24920
16827
28038
14941
18533
23327
15436
20679
16788
18648
14679
48365
24332
20470
15524
21747
20326
22669
13083
15065
13585
18102
16200
16715
13953
21403
20275
17495
15944
16186
22390
16463
18833
13220
18039
14969
17072
16310
17918
16408
15177
16254
15942
19372
23686
13868
13553
13165
39737
31890
20193
14033
14688
13726
15516
16264
18327
22428
16899
16837
22966
18540
13641
15777
33973
15192
19739
20256
14618
22690
16189
16383
21605
14806
20050
15883
25327
21128
26176
16273
20878
13408
15863
15361
15250
17066
28534
23027
23364
14405
21457
13774
20454
17600
14827
21480
14338
14890
14669
14731
14498
14490
17340
19958
13694
16035
16764
13213
16801
29136
16479
15020
14302
15773
21025
14682
19992
21701
18100
17561
18988
22153
18998
26271
14909
15196
14618
18095
18649
19203
17731
15007
16748
14444
20201
17337
15587
18291
19038
19742
29999
33257
18892
16181
14731
21790
14146
13756
17573
20435
20208
17675
29457
18489
14504
15802
30315
18751
19776
21153
14785
12927
13986
14368
16971
14371
16451
14971
18720
18162
13859
19601
38320
15834
14022
16391
15744
15538
15295
15184
13352
20715
16386
18056
13613
22877
19207
16098
15812
13092
15203
17659
15709
13560
15274
19121
15940
15708
14604
24253
15958
13561
16321
24163
15557
15315
14745
44107
23925
21260
14178
13962
23234
14865
19769
17091
42190
13160
14994
14583
15554
21114
18924
14563
13655
14484
16361
14178
15441
27973
15144
24047
18348
18470
14334
20584
16390
18168
16579
15648
16096
15390
15040
23152
16556
15418
19006
14379
14390
15274
17818
23631
15817
15261
34572
18027
21736
20452
15449
16260
16222
16251
18062
29740
17329
22384
16244
16902
14440
24796
28359
14939
14355
18051
18456
20375
23742
17542
22414
19154
19357
15359
19162
17423
14674
15596
17618
13423
15228
13798
24762
17502
17923
27014
18398
12650
16669
15025
14626
19682
15535
15140
18456
25020
14358
21378
14592
16934
21450
17888
20154
15726
25501
15679
16318
16586
16476
15937
18951
25320
16369
15726
19392
19613
16939
19927
18346
19349
16027
20002
14737
14103
26923
14216
22944
16878
14981
26101
16445
19330
15865
19387
36702
17681
20944
14525
22375
19032
13204
17374
24242
15278
14276
23070
19763
21140
13094
14610
16273
15126
18084
14494
14890
15786
19295
24038
20632
14625
19587
25124
16312
14766
15129
21976
15047
15528
21907
14699
17200
17895
14196
16836
15694
15242
229211
14071
13890
19528
14805
21640
17012
17006
15358
16912
20230
17525
19214
18293
15656
17736
15897
16763
19372
14585
38097
18098
12156
14274
18501
17402
14378
20413
16088
18301
14257
17190
18279
15368
26356
22479
22841
15011
14240
14698
34071
14884
20196
29043
19587
28280
20508
33506
16341
13933
17833
21156
22322
14519
15796
18590
18721
20762
16814
14816
19324
19510
20469
16743
18700
34855
15679
22979
34629
25997
20946
22333
17961
14824
19318
18446
15252
14245
18646
35075
23697
16286
17709
25083
20431
16430
15628
13850
16582
16763
21036
17939
20425
24746
15539
18256
15049
19655
16834
13836
19205
17354
15584
22491
22082
23190
19509
14943
14134
16550
14987
17152
13118
20737
21255
33301
15188
18680
20810
25368
23665
23465
14304
17289
233342
17375
13904
16715
18991
18226
27696
23653
16559
16322
20840
14796
14069
32280
16271
17873
16028
19360
17676
20115
19363
15550
14020
17848
33890
15581
15218
19036
18276
14598
20959
15757
15272
17252
19130
20346
15104
15094
18683
26822
14864
14720
16781
17588
16250
24279
23903
13405
22914
14517
14748
19296
16575
14910
15304
22650
15596
29394
14539
15413
14023
18708
17679
17743
15159
15184
21878
15855
20814
34585
18109
18245
13917
20852
18754
13677
16115
20589
25676
16593
14921
13303
16861
14650
14468
30469
14917
17779
14785
18471
15790
19769
19060
14364
24372
16851
13512
15399
19372
28116
18132
16109
17073
22274
44060
18351
16968
16302
37464
17190
15440
17337
16657
17310
14894
24753
76083
27523
19717
15598
14925
18638
20854
23126
14282
13730
18626
16848
16579
20753
17831
14747
15656
26507
15598
22219
21630
24480
37927
14891
22449
20718
16822
14934
15359
14483
16852
15274
16919
16118
14576
18518
30748
17259
16726
27130
19055
27925
20056
14743
15372
24083
15535
26817
28458
13949
24088
15023
15082
16344
14354
13443
14361
22817
18206
13373
17017
20485
22043
26237
17261
19687
14582
15937
18553
15149
13739
15200
18598
16782
14475
15033
23264
16643
27670
15066
16639
22497
20231
14780
25814
17890
14985
15622
16077
35974
17159
16034
13759
30125
15743
30303
15006
17104
19276
16875
19969
16301
23910
15666
16491
14107
14254
23033
21918
15423
16079
13842
13733
24986
19858
15831
14887
16708
16230
17917
15032
13603
15308
14342
15810
18450
14494
14237
15645
19233
34912
22002
15004
14599
17273
16812
20581
14689
23641
22510
13239
14167
22615
17110
15026
17477
14708
14330
16409
15918
18775
12904
13658
15636
15760
16646
20834
14236
21931
15558
13606
17872
16235
15077
14634
16065
17463
17634
15553
23767
14595
21653
13930
13936
15782
17397
15898
16013
15138
18685
16451
18266
19994
16191
24079
14943
17234
14801
15245
17093
15104
15996
20219
15638
14041
19014
17917
15410
24425
15749
24732
16418
19861
18502
15402
16477
15390
19561
16141
28273
19336
36312
16492
23106
18887
17776
36016
19818
16137
22382
14957
16510
14811
15483
17677
15970
17824
15890
14562
17772
23512
14481
17774
14037
17845
15324
15089
13853
21044
14979
17241
18311
18911
12740
19619
17145
15586
14687
15386
15623
15516
20689
19473
17136
18515
19301
17845
18790
17098
15751
14898
17340
14519
18258
15117
23463
14461
15788
15757
14478
17066
15012
19241
18706
18330
17513
16637
17450
13951
19879
15383
28042
27415
15506
28670
15213
22223
15302
16990
19060
14472
18298
17481
18931
16364
27780
17608
14597
15865
32168
22992
32077
14378
14445
23263
13985
20631
23119
17479
17588
15526
18278
19566
15054
15000
15729
16905
15030
14333
13519
14706
14631
14105
21013
14527
23226
18441
16087
18775
14757
15940
17639
16086
14640
16552
14795
19369
23983
18839
17591
18136
19336
18343
20509
15782
14916
20726
13478
20260
15058
45970
29831
17355
16610
15674
17304
17434
20510
15599
27419
28874
28168
19430
17241
19913
27635
22804
19305
12901
14979
14384
14550
17472
15692
23960
18640
22897
23778
44953
22965
20896
15080
20633
14685
14809
16331
20429
18385
17872
14529
21291
18889
15707
15965
13945
16955
22332
15485
15044
18508
18277
21668
15603
17908
17971
19327
26000
16493
14617
14529
13869
14478
13349
21304
16259
15629
24559
13739
16080
19849
25570
25918
15478
13776
17694
16269
18549
16167
17105
15049
15130
24717
13446
16891
15647
27677
18013
25224
33054
19850
17764
15552
23972
16667
13672
14876
16875
15474
14414
16129
20021
16092
15432
21509
19469
13268
14927
15317
20118
15731
12506
15550
20954
16135
19451
18108
15082
16261
18571
18797
16732
16480
17777
14446
16508
17061
14210
20953
25802
11931
15767
26827
25170
16681
17916
15192
15017
15776
16024
15034
27914
26975
14890
14509
13923
16823
15027
17138
15276
20181
14067
15369
16172
23042
17851
14960
17658
17326
13335
26104
18881
15295
18870
32519
23080
19349
16968
17911
25057
16882
21372
18225
17651
13783
16403
17195
15296
19577
15926
14019
15576
15015
17971
14877
16942
19682
25402
14241
19567
15507
14278
14570
18515
18337
22492
19921
19084
28390
17587
15496
22137
14941
21497
14497
14110
38094
15485
18162
17649
26796
22454
15336
14253
13621
14600
18958
17051
15678
16646
15651
16496
16013
15906
19058
18350
15039
17181
16769
21423
25179
17389
16165
14158
18341
19432
17314
15790
16657
14760
20747
17320
18015
16653
19148
17873
25208
17655
37579
15946
28534
14152
16559
16762
17598
21685
14506
15040
17711
16349
15613
19642
15629
17476
19780
17138
17097
24926
18068
16454
20450
51317
20931
26292
16128
14206
15674
17293
14687
21187
25803
19867
19526
14917
29066
15220
21027
28256
18411
18232
44523
26756
25269
18886
14642
18993
15131
29840
19073
21572
18983
20342
15006
26598
26316
15680
15286
14541
19176
15119
24667
25776
15409
23588
15113
16373
14338
30508
20404
13991
14979
19079
17074
24277
15368
14110
14858
20488
16697
15008
16889
15186
13569
20194
21172
17431
14978
39856
15524
15937
15651
16373
17082
15335
13993
14470
16342
17703
15040
23736
22205
14737
15744
21924
15386
14124
17324
18929
14039
20317
25693
18567
32756
14390
18118
19110
15842
15295
15493
15541
18127
14640
14719
21076
13838
21063
24819
15030
15500
20363
16391
15008
14954
28750
15136
14988
16866
20557
14305
19329
14830
15708
16037
15212
20148
15169
28335
14133
14141
13975
14629
21874
17203
13975
15426
16037
19508
15925
14603
13802
19140
15677
18900
18503
14186
17128
14252
25847
15336
16435
34634
15639
14269
16356
16975
17389
29779
19866
19788
22900
14400
13297
16630
14688
13363
12996
17932
17615
16341
18806
34904
14485
19077
23097
26977
21646
14149
13541
16324
14206
15213
19406
16744
12982
21377
14770
17510
16803
14862
17422
14760
16029
14801
19946
19835
18607
21085
17970
14826
18753
17051
16240
23629
19322
15700
16526
18294
30509
16611
13886
20019
24297
16343
13629
15786
14105
17598
20488
15401
17433
21005
29856
16289
15628
18359
14515
15648
30757
18041
15353
17602
28284
14227
32916
15883
13760
14235
53399
18372
14583
14078
20694
15747
14515
24147
22782
17373
12681
22223
15863
14923
15027
13759
16505
14097
21749
20489
14156
18370
26269
17325
20004
14488
26460
20523
37797
17688
16957
16449
15631
16568
16764
21389
14590
14310
12496
13811
19402
17212
17560
14820
17532
14029
15891
17814
26914
19387
17078
18554
20417
14945
14071
15132
18663
16432
16381
14507
28534
16372
16204
14418
17149
15308
18418
17385
30668
18251
13715
16206
19014
20482
17213
21842
12620
12527
15034
16995
15724
30658
17513
14738
14718
17900
19374
15071
17699
17736
23606
18439
20242
17054
25652
22539
17192
14926
19121
21243
14064
27718
15332
14475
14720
23884
21346
26162
20049
14339
14151
15818
15348
19393
16751
16075
15363
31321
27801
14209
14601
16579
13862
14076
16770
22832
14228
26543
26108
15170
14585
15999
18099
23058
15220
14156
14315
40118
17459
48977
46326
28258
17535
17108
15122
14345
20309
22098
14499
28990
13884
13566
15766
12704
15976
19291
15670
15828
14541
13109
24051
14309
12874
16776
19352
23756
19352
15127
13907
20887
17110
26865
13392
12513
27884
19257
14405
17509
27941
18011
14462
15320
25961
17453
17810
16153
18287
17789
14415
15830
16144
14313
13365
15087
16848
21256
17115
15952
20796
21741
31284
18758
20125
16622
17342
21502
14823
16512
16004
18346
19017
15316
14039
16130
13882
15073
22373
16109
17279
16211
17005
15229
15314
13717
19354
13874
13397
23027
16043
21831
14030
16967
14576
16699
14569
15713
14098
16542
18372
16150
38607
22449
37152
13093
17556
23708
20551
21167
15523
28947
14530
15553
17090
17620
19309
17460
15697
19342
32757
16780
15054
15586
17544
15524
19052
17521
27199
18395
15422
15306
14906
14832
16602
17847
15154
16925
17233
22968
15151
26126
14840
18525
16557
13760
19673
15805
19658
14844
16790
42274
45732
26065
13824
31273
19919
12939
15964
19493
20964
21831
18778
17106
18055
14144
17697
19343
12581
17390
14436
52007
15581
16254
17543
16014
19653
21915
14461
14329
16635
15030
18534
14964
28932
14434
26218
13345
17292
31458
15981
16280
14893
18880
14032
15397
30949
21709
17235
14659
15529
17190
17953
18301
14112
23838
19503
22771
31755
14109
13736
15063
22577
21229
15352
19330
19051
31422
13667
22826
19422
18368
18590
15239
20264
19851
14342
15325
18945
17424
15666
22647
22730
35375
15453
20349
14343
16789
16575
18798
22110
25627
15501
17763
15172
17472
20682
13726
14688
32892
17924
14738
18526
52409
19405
17063
16979
18844
16488
16741
15014
13070
21063
26840
23078
14044
21376
21859
15186
23285
20104
17613
16839
20111
16369
41489
39814
13887
14730
15595
15731
37344
18035
16940
16701
18677
27922
16474
15971
18497
14202
14532
15697
13115
14604
16209
17911
15584
22851
18058
16021
15312
17243
18214
15061
18099
14851
15891
16915
19212
24044
16175
17457
20671
17425
16562
17809
19108
15013
19478
16423
15723
17303
18125
17419
30609
13426
16247
14838
17967
14480
16993
16647
19089
14270
15638
29667
39931
19189
17135
14595
15724
14084
17555
21738
16624
15898
17111
21874
13771
16232
16445
14438
27649
26194
24193
15742
21859
14039
27013
17036
15490
14385
17583
17123
18804
20363
18344
24426
14492
13943
15842
13080
21625
21978
25884
14421
17450
15437
16595
21030
19224
13071
16550
18050
15869
15584
16776
16743
14200
14016
15297
14379
13747
18824
16863
15288
15552
16903
14723
18560
14338
19864
16343
17479
20373
14016
15096
15079
19443
18911
13940
16235
15803
14329
20698
15712
14055
26427
14262
15950
15127
15306
14409
13442
17216
13425
34934
14271
17898
16909
14016
17600
15669
14736
20155
16501
16810
20217
20740
18843
15461
19850
21382
21348
15338
18714
14012
18772
16174
14625
20785
22331
15997
18605
16482
15293
16740
14469
25906
14612
15169
17092
14840
20407
20179
15950
16007
15099
15630
17289
14803
17935
16094
14502
20384
14122
15023
14904
19966
22403
17134
16141
15372
16820
14187
14744
16093
15730
17895
20157
16601
18705
15447
17014
21062
28888
13608
13946
24468
14593
18234
21206
15042
15224
17346
13833
15229
19715
15372
15829
21551
19076
14512
16958
13808
15506
19784
17838
14920
16017
13823
23272
16685
15402
13956
16167
16574
14831
22176
28632
17477
15715
13510
14609
15492
20699
20962
18284
20255
12663
17978
22324
17681
27323
14200
14567
15706
15989
15256
18151
14365
18768
20426
28805
14568
24069
21747
25085
16158
16913
17672
15067
15246
15402
14761
15570
18544
16912
25920
55308
15482
13617
17095
18206
14478
18269
18527
14562
14877
15840
13847
23250
16535
14781
17209
15749
16167
19181
23117
33878
15283
15773
14240
14801
18573
17615
17058
16062
18480
15994
17477
17143
14975
15552
15339
25377
18434
16284
17042
25642
15363
17201
16289
14716
15939
14004
28015
15287
36371
16618
14607
42094
12800
53131
14553
17728
14775
17493
21890
15599
16889
15665
24604
20477
32708
15134
18896
19324
15150
14979
22837
16304
15847
16940
13245
15772
24370
16548
19516
13141
14094
15393
26225
15879
18212
14716
18754
28984
33457
14442
15860
20310
16232
16109
15335
27021
14325
20973
16438
18769
17054
26381
21632
20109
17179
23344
16265
15975
20812
16525
18141
22802
15438
24748
16786
23493
15489
15144
19998
21982
19035
18048
18704
24215
16728
13680
21714
19683
34841
31745
17151
31324
19579
23433
19522
22024
25949
18837
22568
22000
17516
12977
17454
16851
15063
14929
18103
16842
17559
13916
15812
16415
15905
16582
15869
14159
42645
18658
21003
14542
18468
16865
15481
17648
13122
16131
14192
15335
25796
28190
14799
14976
22099
15554
19123
16765
20637
15053
18385
19695
14624
20929
22854
27969
24254
18294
16868
17318
13916
17027
21618
14759
24815
14942
16560
16006
15530
16096
18061
15090
15906
16781
16269
16843
24399
20617
19423
16904
18212
16436
16356
17465
19756
18738
35122
16686
15515
15795
16704
14582
15518
22749
14989
15042
16726
17076
13346
15258
15809
19835
14288
16542
18341
19016
21298
33165
14947
15183
27343
14902
14776
14071
13403
17446
26662
16177
16303
19108
17470
15932
17409
16125
15842
30494
20698
22034
17750
21076
19005
20943
15737
40766
17313
15276
18761
20360
16200
32093
27618
14147
16624
19601
22044
19580
18278
18212
20106
15133
20405
17152
18510
22267
18211
12844
14776
15860
16073
22780
13515
14080
13360
20340
17472
19735
15161
17031
18501
14784
17713
14296
16703
17995
15079
13887
16271
19823
20943
18418
12892
27089
34525
15248
14775
26009
14217
17779
16207
17034
15790
20746
29612
16217
16204
18090
14311
14701
19778
14454
18331
16191
17503
17209
20399
20336
35606
16541
16898
17046
15814
14749
32983
16078
20330
20946
28924
16053
17201
21718
14706
13986
17291
15519
49471
50200
13847
17023
16957
20673
15212
21009
21658
17380
24210
34008
24170
14668
15836
22844
15868
30561
15254
18422
21315
21821
18189
14965
14507
15921
15596
28010
16270
21462
26721
19264
15801
18122
15544
16442
13359
18314
14221
15846
20672
16398
14691
15119
21512
16417
19569
12951
27825
14443
16688
22174
18513
19139
16970
14600
18038
19387
17174
13939
15332
16031
17886
18646
17311
17213
14616
18179
16281
15693
18005
17240
21512
16156
20906
35576
17846
15598
14058
14990
15743
29298
26243
13232
16332
24938
23435
14228
14506
17906
24714
17644
17539
21467
21972
16901
14797
20965
15684
17958
14905
16388
14620
46993
19470
21908
15908
22941
17660
14132
15360
23543
18536
14334
17538
17678
16077
48116
16775
17636
14299
14639
13668
20637
29633
31917
18214
18685
35199
24175
17294
14454
20217
20505
14760
12537
13747
13867
13355
17032
17679
16373
17183
14052
13276
13663
16923
13493
24779
28262
26887
15528
16884
19978
20187
17785
21007
15590
26607
17995
15724
19130
19773
13865
21392
16799
15398
14277
15153
16115
14427
14665
18864
26081
16996
15714
18263
15017
16591
15702
16029
15190
17445
24852
14315
18561
20941
18116
22340
16753
22760
18969
22866
12776
15710
17743
23715
15816
17223
14898
15899
13902
18680
20239
16862
15729
16400
12846
14341
49929
16387
15291
14063
17054
14040
22945
18359
20642
16287
19736
14299
14336
12276
16522
14235
21892
20355
15577
17221
14803
15498
15853
16684
23091
17358
16729
24734
13921
13969
14416
13615
18667
25093
23930
16768
22441
18253
23516
16680
27800
13733
17794
16958
13883
14818
31340
14046
19892
17306
17228
19045
17196
16830
16376
15874
17277
14931
15317
14400
13942
15469
14101
14668
13480
23983
17383
15295
19361
15892
15077
30935
16862
17099
14904
15238
22559
15331
39201
17040
15571
30326
19934
17344
19603
21361
15998
14921
18359
15369
32458
21612
15316
18031
14230
16118
54190
35500
14572
13483
16134
14757
18549
17636
16069
16366
13870
15765
16178
15487
18488
17994
34175
31025
15081
17971
23860
36524
15373
18540
20285
15024
23349
16453
14563
20988
15914
16120
14645
20574
28038
13596
21792
15825
18152
13802
21368
14180
15014
22474
21737
15005
13091
15109
29363
18722
14407
15904
14184
27718
38506
15513
16759
17613
16337
22056
49332
15944
26799
19091
14780
18611
15556
14695
17339
21718
18993
21449
21034
15254
32735
15046
20915
14541
14714
15731
22612
17801
16113
15918
14349
16993
17077
22626
14536
17614
16248
18550
27220
14850
16340
17609
16396
25840
22917
17781
17424
15447
17719
18275
14093
17020
15931
23361
22708
20531
15363
16119
15830
20993
15362
15493
26635
18655
14905
25744
23815
17037
18141
14409
20253
15514
19504
19135
15193
18891
17005
17662
14736
22191
19381
25288
18665
24038
25462
14806
20537
14205
17988
37850
227152
14681
16241
15033
47468
20962
16527
17014
16181
15614
15840
17911
15915
19747
12625
18400
15921
25861
19046
13861
14661
17891
16172
15071
18971
16906
15887
16093
16024
14491
15754
14999
14538
14689
14689
15276
12664
16873
18325
32680
15471
33558
18067
15348
15859
15761
20881
23623
15959
13944
15830
15656
14054
21712
14219
13792
19286
13933
18247
15365
16698
17047
14267
25270
18216
18478
14684
15182
18596
19444
17641
20013
14915
19476
16948
31495
17671
17285
24454
26799
35924
14572
21230
13832
26967
25351
27164
20165
74270
14129
25655
14788
17259
14711
21906
20331
25853
15491
13624
20157
15631
51798
15450
18988
23422
13860
15083
19371
12496
19384
24100
36057
20382
17708
28055
17375
18736
17778
23807
23802
23346
13034
20019
14423
16153
16611
22218
14204
16123
16786
16455
18361
15364
17177
26858
19132
20739
35867
15508
15731
15763
16506
21274
17651
15902
22976
17043
24297
14647
18017
21247
16607
14796
15451
35280
14201
30573
26688
18655
15947
19206
13974
14586
12053
14527
14504
22448
27835
29640
25466
17241
15050
14404
17024
31430
25935
15771
20732
17719
14757
36407
15532
18726
26732
16274
26818
16053
14911
14501
15071
14526
15384
14718
27330
14946
17949
15063
30376
14400
16438
19844
16269
13863
21223
32906
21584
17992
17272
18685
19481
19271
16666
18270
25651
16481
17303
14137
16862
19804
49327
19364
25695
16585
24772
19912
30620
16288
21786
22323
16406
14446
15357
19888
17758
19670
32019
21480
15093
14091
15500
15062
16131
25447
22501
16014
22006
16930
14829
23461
35027
23697
17662
17976
23886
14773
29201
16083
24224
17955
19091
25591
18209
15406
33060
16334
13620
18513
16242
23643
33367
14155
46467
16790
14406
36493
36698
19344
22538
16809
14799
19700
15526
16823
17019
19167
14218
30271
16082
15937
26746
14047
25371
15337
19667
18956
24654
19081
18496
13875
22402
16832
14474
15678
14906
17184
18647
28508
20474
15726
18736
15490
15066
15906
15608
18183
18536
18615
15529
18578
18739
25373
14745
17364
23288
17288
13421
17230
14104
17240
14602
17817
29531
15921
16619
15107
17444
17943
14759
13980
14915
20015
15513
21772
17410
25876
17024
25759
16757
14638
14962
16381
15558
18777
15678
16855
18111
19743
22618
18983
32382
16058
21242
18763
15469
32202
18857
28200
16104
21617
20594
25358
20259
14102
16014
22424
49579
17070
17632
16577
14799
14183
19451
14990
26836
15368
19208
22864
28806
21197
16220
20085
18839
29817
20644
14462
14041
14906
19205
32249
14916
17387
18024
15905
18365
13427
22450
14155
19890
21009
27418
15312
19099
21153
14548
15368
19236
14945
16160
16217
15301
16336
26082
18227
22022
16121
16924
15459
13528
15758
21903
14787
21233
18533
18814
25650
31306
18434
16159
38482
20898
29331
22289
17267
20771
15930
18713
33178
42096
19865
15975
15590
17813
14384
16159
15203
14192
20714
17994
16648
14790
32403
16320
19514
15034
15529
14816
25278
16436
18807
18679
18444
15204
15237
25338
14312
14489
16601
21757
15874
17546
35677
17257
15686
23756
17910
19549
15641
16017
17009
26524
16936
14531
25387
14753
15300
16148
29096
14496
14794
15759
23760
17015
18471
17089
15302
15432
16147
15696
15230
18789
14436
14718
15984
16336
19322
14328
23419
16855
30058
16320
16097
17626
19531
17916
15667
18403
16566
19356
16915
18229
15083
14709
21473
15498
14927
14345
14778
17113
16594
15662
48710
18520
15752
16939
13288
13653
19239
14880
18211
14962
15701
15706
15082
14907
18572
19549
25289
15792
19088
18778
18428
16142
18468
16616
16930
15865
18933
16935
49319
15797
17600
19444
25137
14249
15380
30388
34096
23836
20053
18569
21959
16093
17277
16752
14744
21286
17308
18651
15835
15456
20039
16597
17899
21404
15520
15844
15381
22420
16071
20157
15507
22881
14835
20796
15040
16780
22189
15846
