23199
30222
37323
16686
18280
27933
24368
22383
33519
25796
34261
33314
23024
16730
27189
26719
28004
40384
28971
22758
33849
29754
16330
20091
21152
31775
21109
16276
21882
27336
28198
24395
24199
25477
52731
27808
35015
59314
17611
22510
17672
20180
24087
23532
20852
20898
30830
64914
16849
20410
40521
19418
33685
26024
21406
20792
45330
36346
15478
26305
15037
24290
19223
19801
21459
12695
31809
38759
18053
37821
25276
20954
26860
47835
28798
17533
24390
30913
31200
17761
21896
29030
14374
29610
26951
46340
55819
17913
23113
26322
20407
23119
18325
20829
22566
17686
34460
24030
40157
27679
12608
21058
21203
34119
18987
37508
26245
13782
22942
24818
36401
33657
37443
44642
27409
37019
14143
31185
38145
18429
22898
22211
16458
37833
34034
19908
64405
96976
54225
17465
14621
31564
13976
17063
33227
36679
20426
38144
22761
21704
35212
23095
44054
46718
28686
31351
22352
20686
17293
35823
19874
17938
31824
19951
13282
20704
25060
34877
39492
20032
22647
20528
23240
27286
25372
25486
25547
17684
41006
43771
26619
12731
20153
19465
16423
25245
15556
18337
24322
19964
25275
9059
27468
24551
31780
23059
16893
22660
34311
19993
22990
21438
23948
43732
28672
25222
19272
17485
30235
28026
52549
27817
47270
26397
50167
30611
25988
28309
45254
23706
13525
23817
19098
33556
19559
22407
23853
32726
29925
47131
34324
42504
19212
22650
24166
34069
27313
16612
27128
18989
48697
24293
26285
47044
13458
23824
32458
31118
16130
17413
15972
24888
39604
63467
72463
39642
14445
22580
27018
33082
22955
27418
20401
39445
32553
22823
19917
20457
21124
21838
42032
17864
65632
78470
25583
13553
10784
22978
6141
22312
20878
32357
15822
18822
36602
29760
22120
30074
12761
20695
22424
19888
26647
55424
24607
10735
19077
17618
11830
21460
22395
17538
31415
22868
13969
26215
25095
19471
24819
30277
41172
30292
21385
31204
17701
24355
43415
45863
33280
13128
14848
32431
25393
17051
16042
31835
32004
23394
18619
31042
22702
13355
27113
23650
71775
35480
20357
17196
11393
20091
19037
23557
42407
43854
38847
28441
20573
18440
34417
11606
22426
26551
34599
16599
20036
19470
38151
26191
37438
49222
54657
52656
76399
27120
23780
32482
21869
22955
29810
13868
23340
36722
25369
14309
20037
27112
29477
34529
27518
26731
18388
35776
28793
62129
53589
60582
59616
30434
13904
18494
16344
20751
41485
63809
16083
19746
37268
30656
11341
25327
19355
4799
17931
27874
22483
19159
39509
30280
25130
23769
28469
20887
25551
26405
21814
37776
20190
18528
15036
30041
25226
6356
26592
32418
14715
25802
16605
20107
19129
29876
31373
20975
10132
34148
47361
11265
22205
17401
14246
20662
22253
36440
17172
32302
27008
28041
61320
51954
18830
15136
15791
27121
44151
55697
28089
20991
23188
20682
24536
19532
18885
21803
26941
35384
19115
36084
35739
27962
29610
42088
73807
25466
22666
23302
13922
16076
18075
20312
43564
38399
16463
30456
18945
34191
27628
23436
39807
61863
21979
21925
23968
39661
32210
48806
47138
14093
21714
28826
40241
21800
19031
21151
36697
25079
23380
24353
23238
40742
23431
23539
17844
25027
30747
30978
25254
26399
22072
24717
21301
34917
14156
36393
31368
26804
14236
84716
15969
23941
20740
18457
22994
21821
23541
19595
28458
19680
22663
27604
20647
26325
19936
14820
18163
19286
36703
33870
16770
39169
24948
22065
19012
15650
12602
27626
30988
58597
18688
14490
26801
14806
23150
17090
20579
16240
15766
27188
43824
62167
19488
21451
17359
16026
23584
26373
21240
29551
50483
16580
19694
20804
29850
21511
35525
16135
18415
24051
25604
46744
18749
17107
17936
20510
34664
17753
23616
27332
23945
42772
24987
26158
35601
49098
18319
11361
20070
22811
25773
20415
20326
14521
17231
22698
37924
61090
24461
26092
16671
32040
11142
23250
56840
88838
43747
21654
29626
19985
19397
43908
23295
27589
27046
32616
22913
37005
44717
18690
15926
22096
22393
23846
27059
22002
26938
23803
24624
14460
18968
12091
24640
26432
30341
19714
21154
15887
21450
21492
30669
22821
19528
25117
26044
17137
17790
57063
75922
30101
38491
24799
40437
32886
53090
16412
13248
10760
26079
31523
28965
21034
16466
23320
27367
18546
42295
65549
26794
27855
21460
24989
19234
25854
27046
19703
23309
50571
28596
22466
40860
19907
33894
45180
58543
15812
28929
16518
18426
23625
18029
26375
41292
24824
35687
26281
22162
26425
23925
20241
16955
44996
20193
40300
56014
25212
26096
15318
26647
17152
27363
29288
23600
18141
19953
22250
14927
20327
21296
20849
16959
25913
31976
43395
19446
27254
37653
29424
29808
17209
14419
17156
19064
33234
29935
16671
36791
26466
14337
19692
34004
23803
18982
20929
37488
24042
35998
33321
25886
32818
25456
38049
39822
27761
33514
13528
23794
26867
20089
48914
41977
25311
20150
32115
15756
22130
18472
32980
18118
40420
27324
14139
23125
28558
36042
36085
20207
15603
18457
36025
28461
27464
24187
31241
38219
55910
65501
41322
14013
22960
15223
14885
31044
47085
29782
24593
15956
15325
24285
24523
23166
27306
37363
18906
39051
27877
26818
20686
27200
24951
16476
18992
23982
41906
15699
28111
41702
32080
14150
17349
24913
20947
19796
22688
20589
25049
16035
19373
35836
28519
24841
21993
23375
43560
29482
36862
20388
17283
25489
19779
16678
29201
35017
24728
18991
40244
18029
36970
47894
20971
17551
21440
27223
23133
50990
15504
56032
21227
45598
23053
24878
18654
13507
29056
34833
25168
55010
34953
34187
26376
31047
42525
46703
23882
17240
26933
39825
12227
44944
29412
24483
19008
25154
15606
11491
32817
18326
22642
18307
11134
24966
26499
33874
24218
32274
29943
27801
29096
27501
23096
40616
44689
29998
29250
11364
20445
10592
27278
19726
25216
28194
32837
17717
28787
24715
34923
13634
18871
21240
41034
51233
63378
33928
19291
14583
25693
18989
22586
27207
27443
33618
39462
10097
25947
17920
23964
24242
18377
23006
30620
11004
22038
20460
23533
20056
13861
21190
25888
35420
19661
13180
20040
20982
36240
23837
15084
24137
9284
21473
31348
14028
20612
26199
22868
22852
22116
18583
11948
19473
25598
14920
23340
21792
33304
35794
21372
29951
25683
21144
17256
26226
32750
18217
31821
25633
44121
39588
19556
15366
21758
23650
9648
18519
15213
15121
35816
20998
30074
18214
20712
22967
52683
19827
15865
14755
29507
23966
25830
17668
24215
36293
41079
24351
19565
14725
23534
24030
23374
19597
32391
28919
24427
19460
26070
15192
20138
27530
42927
60270
23737
25122
22886
19782
16541
32213
28910
48433
24590
29404
32591
22467
25054
21071
16431
23788
22239
22280
40389
22811
14172
24721
24893
21300
19775
19407
23805
28615
20612
13363
21342
49129
18483
28694
23989
29723
24799
21309
19136
24031
19688
37863
60664
22568
29334
35077
40929
24858
31920
26978
30815
20051
12308
14119
24166
23882
13494
17295
21342
19359
25762
27673
14130
17396
20801
17007
33697
19699
17356
23049
25324
19498
24109
30950
33886
17291
33378
30403
52164
25965
25449
25858
14591
16240
16907
15804
10806
24187
24609
14877
26545
22225
32650
22169
39626
51774
28690
23985
30715
11853
17511
22661
20633
20271
23269
18500
16502
16498
22325
27231
21203
27272
23542
21368
30613
30691
32377
44298
22962
21334
23007
24575
22961
12835
39697
37578
60700
20399
24531
19807
22691
18890
27930
28550
27480
23004
21151
22337
43856
18408
30702
34942
39291
22913
25417
20902
18559
22896
11560
18383
18366
20426
10566
39107
18042
17676
20196
29888
26417
25574
19351
26265
27194
29024
29513
23359
18327
32686
25437
19070
13352
23863
36445
26416
24397
22994
14913
29434
20692
16584
25886
21995
28930
21746
23446
15708
38380
31938
64777
13962
46548
28222
28979
21953
18324
15513
18956
24628
30470
31291
36920
14643
25208
43986
19748
32500
65996
83181
21601
13501
24511
35416
30391
67570
25976
23498
19125
30698
24344
23200
52580
52465
45036
17813
20561
11018
35593
25924
22663
14512
19465
34667
25968
32863
27942
29803
21596
38471
17481
22007
21424
18306
36098
22294
19219
21163
28042
36833
26721
21517
27430
29394
18557
32893
31377
18544
16063
29856
16882
21649
17873
31835
35218
21542
16437
22399
29452
26876
34019
15614
18200
22295
17708
24110
28007
21744
17418
21634
21058
16229
22421
33988
20531
20373
27059
19865
27945
37914
28989
17905
16040
30985
26831
26317
25678
21169
18297
17572
19626
29484
36932
27257
29073
40470
13514
35413
39981
37163
30311
19767
16997
18607
30853
52137
24569
21763
15841
51776
23062
18834
23267
23485
24102
51935
51222
33277
25662
17789
29781
22340
18550
22935
28452
24269
28419
31535
21212
25153
22596
20736
30824
30127
27238
23654
35828
39593
11675
14012
17169
20118
18308
17744
13714
19913
53107
22484
25948
18503
20594
33358
38957
18823
42174
19871
20063
17782
13644
21919
22504
17347
21761
20093
18448
21305
29855
24104
45486
19369
27798
58295
73634
34741
41837
24321
22659
20511
18360
39211
19388
20686
24843
24291
34819
33530
22692
23884
35064
19050
16513
13704
33261
25552
19098
22850
31477
23177
19588
25584
35226
14933
18057
29181
32000
34086
21285
21607
21477
21247
34397
39723
36132
33300
40739
23846
33641
19476
20784
16052
36511
22904
32913
19381
20196
24367
23301
24907
26189
16192
18085
23401
22210
23938
17824
32021
13828
22821
22315
23067
18941
17863
28409
28178
26651
31894
24760
35637
19793
37406
20598
29384
44932
24453
28959
18513
14713
21233
30029
29840
20795
27578
21319
29248
18520
11520
18544
13567
29272
46072
29899
13744
15228
15532
20293
32688
26014
23847
30256
32243
26022
19090
21083
22689
19411
17053
11911
17168
33589
28720
44323
25682
23098
19360
23445
19388
28511
21860
31586
21709
21698
21251
49126
81342
54869
21325
44792
20095
41419
14382
21843
35774
14456
16796
24877
25205
21294
25612
27249
43322
24455
41945
34508
17562
23583
29537
23036
37829
45111
18997
16904
16200
26665
20661
41100
26334
22392
20381
19260
13888
13237
15817
18472
18686
24771
20463
9828
27159
38858
18372
21576
16010
22272
18314
15604
15925
14575
23763
20518
19137
12953
20068
23372
35657
21006
18242
21705
23966
13948
19439
18537
13844
18594
20718
26491
24861
23364
26080
15971
23639
32453
20018
33556
30429
25319
38163
27094
29712
18451
19543
18130
26454
26592
30158
15794
35041
21198
19992
21238
20503
37753
24647
22005
22662
17623
20383
13542
17510
28755
30888
28498
28793
23215
19470
20799
17471
19500
25769
28513
26836
18151
30393
59382
8012
17248
23375
33514
26067
28210
12967
23627
19567
23385
44497
36102
21278
22382
27017
28941
53352
25762
14534
29387
24941
13405
20786
27561
27519
23216
29294
22687
16698
16276
16897
21145
28351
15056
19458
18064
20093
27593
24107
16863
25233
18569
21027
20132
17171
25866
21246
26085
24270
58057
20525
69357
87702
64033
20572
48273
17934
14900
16086
25816
16318
17142
22387
20663
20746
25147
17358
35591
19415
37930
25381
31245
39175
16147
16413
25942
27075
27079
24385
25323
18393
9793
27631
25128
21309
20783
24211
32930
56904
21271
20077
18947
23965
21375
48469
28507
26679
19616
28549
19474
16477
26946
23734
22692
26314
24374
21630
16222
20164
32399
29602
34976
13941
20045
21693
13473
19552
32555
21058
14448
17940
37183
32794
20068
23735
18925
24515
15430
15889
14138
32754
32782
20189
16589
24771
41086
32535
26795
23383
19331
30553
45434
26828
20328
21999
38140
25553
43000
56353
26157
21566
19972
18453
40941
18046
14962
23373
10379
11813
33825
18840
33166
28375
22577
19714
18163
17123
18965
10243
24891
46537
35120
29391
40007
29203
31964
17042
15897
32908
19024
12154
24921
18786
19710
18757
16452
25925
29412
22358
31100
16987
20704
12310
20624
29517
22848
46338
35348
16566
22747
28883
17321
21344
28154
19945
18906
16420
21450
23357
23120
15381
26770
24462
19207
31866
17328
27305
20574
31698
30032
38632
22140
32644
29757
16693
21425
10202
23738
27495
14256
18236
17574
16418
22608
33198
31662
30237
24704
21334
14496
22692
23468
33808
21182
31326
48311
28029
30143
16379
31272
38156
25918
21345
38189
26590
19391
22966
21793
21078
12906
38210
26625
32751
19786
21950
16250
16633
21673
23706
15324
16996
21151
19546
25103
14468
30107
31640
15509
29582
17321
25658
42358
12042
17025
11645
24263
35501
26200
24165
29893
24234
22476
38641
25309
29972
15864
19502
33478
35001
14898
24947
22943
19204
21917
21162
33318
31123
17240
30795
27064
20201
21880
23589
24725
22203
21902
16629
24449
20533
13930
6629
24842
23818
16502
21067
44938
36258
40290
13982
27070
25091
46675
14762
26234
20453
32145
27706
14432
59835
34281
22855
19003
25084
13622
32590
18585
17829
16491
15964
24179
22703
26798
30456
6021
27688
16158
40841
49880
31315
16828
22321
32953
25011
18888
46012
51404
26015
28387
21667
26531
14468
35463
17848
11049
35176
24402
34109
43232
43801
19139
22223
25462
15658
18257
18396
41259
32888
22867
20708
17584
24240
24996
38155
35865
16670
40784
22090
43419
19961
30755
28596
51718
33845
21908
31186
19846
20460
17307
18624
38048
25778
32607
19871
21740
32434
21988
42237
29210
29834
26292
36720
18599
35926
24346
46845
51906
52463
22122
32843
18450
22186
25929
34142
19249
19467
22249
14937
35275
14795
16125
22700
21967
16617
30034
20232
25822
35184
34638
18397
27563
39271
40057
25343
20008
27353
34908
27843
32168
25898
13178
21338
20651
30432
17929
24486
29587
26654
35444
19720
29775
58145
27813
34077
9999
16243
33830
16971
21290
27679
18159
42235
23494
28099
31685
20219
27946
24511
29070
33695
20060
24205
20133
27942
21978
21855
26093
22116
20175
20581
25626
10742
19040
40711
29096
22664
17392
25663
16255
24438
22699
33298
23589
16331
19315
21393
40031
13581
11610
20754
18230
49178
43124
74005
19485
21466
15518
23434
30264
16825
29528
21240
44741
62871
57189
31846
31846
20532
23819
32933
33873
21088
13137
27741
36333
29900
29376
19180
21175
25040
45810
24564
52622
71928
29497
16520
21485
24535
37900
16283
31069
20943
29725
25596
55509
17961
26332
19121
18880
21679
21611
16820
20047
12314
32887
26082
21755
27397
18153
17872
18397
19991
30519
46488
17012
20205
19581
28603
17771
17087
17778
17727
17795
19888
28695
17940
13745
21943
24095
30691
29346
31163
22293
21140
14593
26765
19248
21481
15333
14976
16142
18587
17755
14900
22205
26387
12461
16389
23674
40613
44827
25619
20325
54783
69118
25240
24609
18343
34721
17244
21316
18318
15425
21991
24933
28669
43817
17509
31527
21337
19725
16607
49706
19600
36919
51777
26223
27491
27942
26509
30516
20146
15381
16344
19914
33108
64026
32226
66125
68306
65187
18051
32124
22303
27401
14537
17084
24999
22950
21186
26864
22141
24260
24577
20662
25035
17584
38459
20815
25466
14336
22626
24004
13633
24490
21424
15981
21352
17212
30111
21126
26826
20653
20271
23548
27423
21920
22451
19871
30807
51610
41338
25171
20248
40743
16384
17371
28099
24017
41350
21598
23729
22176
23559
31512
65920
23693
17578
50369
15263
21690
24047
28203
20001
29423
31328
35036
14611
20293
45402
27770
32316
16502
23901
22582
25428
20351
20023
31289
38793
63830
27948
22554
23646
37578
23620
22033
30010
23693
14585
19582
27715
14489
13457
14181
24142
17044
19763
36124
27551
17555
20016
21463
50093
56914
68550
20205
27863
16717
24597
28314
27455
23827
24730
15151
36070
24873
17440
26033
26487
25588
20134
15342
41074
18130
33424
22019
10460
22069
44548
12723
24297
19151
21529
28969
36522
23020
29961
20563
31451
32497
34047
33831
33987
44733
22025
57889
18987
17902
28428
21909
20217
28820
20028
21476
24041
25176
30316
33389
33358
40173
20876
30750
9721
18486
19647
22999
40606
17958
28291
26070
25977
31114
55491
24279
24036
32552
32916
11317
59721
17006
30748
47877
28765
35019
23812
19287
16100
50236
62341
93887
88920
22833
14138
30617
19007
33960
25398
36037
22760
12807
37981
24187
20639
18580
16797
16988
23533
18764
21838
25461
30236
25483
12527
34963
26805
30050
41691
21722
15283
17144
19617
11952
21657
36450
33541
23710
28339
16415
10461
24724
19847
42807
26828
37189
20706
41144
45050
29705
45470
21661
22215
10901
35980
19623
14807
34412
21630
25955
21834
26974
22092
18340
31918
36278
30679
12995
16073
12957
38785
23838
17851
31680
19992
26349
31541
58671
15896
19893
22382
19277
19046
21515
21358
26940
46367
30122
20779
17528
37219
32892
36635
26038
26024
11372
21625
21717
30482
24336
28957
27674
35163
39536
53799
35111
26961
14163
19852
23288
15938
30107
30976
13384
21042
18622
23533
21429
21896
27352
28016
15605
13148
22978
19164
18950
22868
26407
42959
20425
26281
33080
22954
18418
26314
26432
13332
28035
20806
23017
54946
43602
33468
55542
30093
14918
26101
36249
15212
23010
12033
19010
18566
29947
21029
26417
33386
51798
16701
45283
26112
15407
22328
18422
19337
32723
20737
26196
25633
27798
16166
20881
36084
17971
23511
16302
21950
56185
45248
33893
16856
23261
29262
49853
27369
21539
27589
10333
27065
19837
23920
17423
17926
20288
23861
22177
30906
21737
23776
29982
19915
29012
28879
24430
25599
37426
15852
23154
23885
42268
20041
25207
30341
17560
12724
14225
11933
23423
38929
18750
27010
33640
20294
26983
17772
31372
16591
38826
17582
17102
14125
20332
27231
32111
19392
26073
24923
31348
19105
30482
19846
34032
31065
22331
27633
19358
24645
21012
22139
13129
21937
19814
30312
26034
20846
26581
37282
21205
23443
18105
35052
50454
28482
33381
49010
20665
28980
15416
33982
20548
26172
33849
25764
24158
20922
19370
32289
50118
79326
103411
17887
22021
25612
20418
19818
20577
42491
34085
22736
19488
13868
14630
18623
21148
18624
27825
20494
16899
28155
26968
31872
10791
19064
26752
28821
14208
29210
17303
31489
49993
82731
16645
23581
11826
27231
23888
24346
23087
27914
24569
35813
28840
21212
28830
29451
13510
27321
16496
20717
12269
42992
20776
17968
17827
21020
37236
33643
16177
41560
22693
25738
20823
28256
20612
22857
15724
20546
34155
25342
37079
29200
22937
25918
26568
35057
21674
16045
17886
28830
16682
28407
25214
39401
82604
13347
24231
30625
45098
20868
33731
23428
9685
14482
15245
23923
22455
31206
60392
48664
24484
40994
14371
20587
28026
16572
25526
25123
37086
23807
18838
15617
19219
25210
21611
23046
25814
24318
32741
16571
21674
23914
10983
17762
30704
21265
35107
15618
27637
28534
19530
33378
27295
22166
19094
20916
28312
33161
50481
34796
19754
15755
19357
19153
24253
20058
29609
20053
28043
17433
14945
28562
21725
10577
19008
18951
19550
16357
20549
17800
28112
18068
20435
17505
20605
37485
15558
33008
27429
25745
68992
63115
79021
16803
20987
26154
25925
51087
37029
30181
19395
27226
40945
42178
27701
18059
37469
19549
26016
20929
23598
16836
17543
27342
31414
23181
20758
28635
27464
46309
24330
36554
14059
18163
26284
24828
23796
25947
16841
24196
24789
32581
30196
25148
27754
20403
16882
17106
8511
21399
26871
35681
14059
13534
18722
15045
18442
23138
47729
40335
19925
30721
10958
24512
21542
26656
36538
28122
32880
21544
14005
23806
31077
45815
13627
43239
14344
23506
15131
31471
27700
20340
37979
30055
53028
15370
39710
35971
31543
32746
26199
30216
22287
19793
31268
34038
8885
23501
19175
25895
15157
22309
21974
38722
22860
44825
29122
22334
36478
54229
25506
33724
23341
36098
24337
19901
39285
33914
13713
27384
20640
24151
45786
21737
47594
21239
33331
22588
11608
26495
22239
31383
35243
29290
20894
37398
18158
20917
28531
24438
30757
22082
20527
22359
20527
25717
15187
32139
17930
31447
13200
24433
24749
24973
22503
20775
18504
21290
32069
54120
74141
11146
22572
15965
19582
25426
15293
23171
36118
21049
24713
31730
14354
26896
32648
24044
15165
25932
24038
17568
25126
21016
25864
24762
52207
34044
21699
36349
30903
32261
10834
28063
25439
38022
39545
29634
40386
36997
26461
23899
24010
30825
23726
17880
23676
32578
28591
37118
40254
48550
55064
25254
26771
21846
20816
23835
39788
31753
18440
19025
12191
24136
22273
39088
26312
16516
29979
23288
19848
23828
24760
25861
26252
22602
24372
21172
26419
16356
23300
16824
18958
18544
17660
23463
31674
35910
19735
18311
17499
22105
15898
32217
29206
18610
30726
16069
29850
58595
20557
19053
14593
25860
30025
22079
53740
26563
20100
27975
30924
29715
26962
21306
22385
26959
14111
19582
29194
30822
18017
37969
34042
20980
20930
21554
18046
20767
27844
25791
17922
16454
19883
14794
19465
20338
15382
21313
43253
23921
21213
24867
35416
22863
30396
13165
23589
18552
17277
21386
17937
20233
17336
17612
26260
22000
29174
36396
26999
21168
24019
20444
24625
17698
26764
18114
22584
28154
34239
36401
51101
26600
15934
13712
21038
31221
40187
33066
42365
18835
21144
35851
25854
15574
24828
16510
22553
16595
27404
14514
35248
45952
43578
18522
23551
18207
22636
17331
10842
16755
24170
22860
21493
30580
58759
10560
24601
27274
17222
20445
31623
22709
25842
46063
27803
24216
18657
20669
34341
48591
61641
20866
17940
25343
28389
13233
26300
21095
25270
17828
17768
23348
27088
23749
46324
19087
19677
11202
13280
19393
23763
20338
30987
20433
14492
17477
19401
21744
26345
30888
28413
16806
23909
24486
35538
26658
42829
26601
19455
29630
29136
47595
24781
21477
16435
21460
25842
13178
23295
22088
44574
26795
17740
27751
19491
18103
26648
16733
20417
15618
24204
17584
18591
23182
43976
12503
44839
74330
15162
38022
16691
28159
16385
18752
18785
18475
16586
19335
19619
12814
13823
11489
26046
25273
23914
30556
13264
36485
25834
19041
24067
21235
24839
15796
16605
27343
28927
24346
17825
16566
17227
46314
41466
20553
27522
43156
33084
13959
16025
44631
66013
41593
27813
27232
14502
27008
27870
19744
51703
20627
26961
67542
79882
66378
33583
24386
14015
30211
20998
21458
35270
15244
17151
23809
36143
19439
16515
21325
24819
20891
17266
20084
20104
18489
9341
18846
12512
19588
25044
36712
27171
31286
25140
18345
25428
45391
14853
25244
39916
24184
18442
20529
22474
21516
32156
22934
39730
14173
21424
20872
33021
66104
28814
21616
24661
36112
32053
44441
18184
17694
27130
23535
16745
32437
22893
27810
14009
19953
21751
19247
31708
18798
23768
28635
20443
29146
20376
22279
28262
44943
26643
29332
9313
31355
12464
17717
29595
23998
36686
21771
27680
14948
14976
17869
22394
20419
65426
33399
23205
29452
17660
30233
32357
20083
19207
28388
15548
21992
22388
36681
22937
24691
49182
25718
21156
20973
25512
32992
55366
26738
20825
23018
33640
13766
25286
35379
20578
10106
24739
20400
34301
19258
17532
18414
23104
23993
34727
21512
35985
30445
42208
26015
24153
31271
42246
11309
25818
23348
29721
38434
43595
29190
25496
22740
21966
17100
20634
15695
20733
20901
22448
21935
15147
29269
19748
38501
36337
46142
27172
29556
15326
28594
23406
21730
21220
30819
17657
14755
24405
13124
16571
26160
19196
18877
15726
15797
18665
20669
26044
22500
25987
37187
12511
24484
27763
25548
16068
21548
12225
9662
28190
30292
14670
14610
13197
19481
17673
29142
22732
32674
17315
18169
21157
35406
17912
55708
37637
34887
19523
17683
31514
38814
57513
21435
67520
26266
20698
13175
26756
20815
15593
24254
27082
28032
20240
52173
41455
20163
31665
26566
16885
14536
12330
15513
15727
27753
23170
31253
52643
43721
47568
24339
22168
22482
22226
26457
23841
21511
25077
44594
29292
30640
21589
23623
44300
32919
21065
30224
25139
21166
12763
21233
22867
24441
19602
38724
44070
43868
60496
34643
28623
34802
26743
34275
16174
28771
21462
18994
24733
20564
17581
30066
29861
16776
38784
46982
41006
47268
17901
34491
16127
21696
43407
24135
21584
16040
35642
30170
15213
24181
15982
18621
22863
23417
18847
25043
15425
17200
24658
22203
19133
20725
27398
18075
19412
28723
16536
23651
15666
35436
11708
18053
27742
19417
31594
20222
18031
16615
18603
17962
21482
32718
13952
21332
36580
17291
34267
17673
19677
23613
18609
36054
30670
18296
19916
26407
31318
25833
27831
38862
62882
24323
34180
43066
24437
15629
22888
25178
15167
22323
35184
15381
82058
32926
48548
26959
22870
38218
20067
27170
23078
75392
24650
20431
22724
20370
38581
20853
22197
25547
24434
16738
31118
30002
18840
29077
35071
26941
17926
22922
27285
25974
21441
31393
35334
46701
47178
22468
20540
41833
16152
22569
29960
27133
32592
15524
12751
22324
47037
14703
19751
25122
38569
23801
54514
44959
30790
22892
17419
17196
15611
23232
24993
21882
16895
33756
37241
25961
22689
19148
36981
20315
18409
40319
24525
25707
24135
31397
28182
12784
19011
32031
25006
23551
33732
23618
27463
25003
15735
19202
17954
16566
19838
32318
25106
15002
16243
16928
24589
29735
20124
35410
34651
28604
20674
25047
41302
46310
33503
20567
38279
33475
18320
26613
21263
32756
16172
32228
18342
28489
26044
23975
20818
22745
22234
25690
13809
34891
40624
19453
17514
23416
17858
68755
29696
21982
20671
19019
38083
18987
62078
40237
34267
39678
35222
19812
34131
22015
33652
23758
28360
23516
24502
44852
38614
44951
20088
33440
12341
20409
27755
40727
25010
25892
22640
20239
21751
25728
21548
23105
19300
22242
25254
42324
23223
23130
35212
32045
39314
21086
23928
23105
23010
41926
24934
14182
19067
16024
24552
12010
27602
37700
17303
30542
42108
19708
19250
24698
24558
20330
17063
19658
16818
29227
20626
14082
14587
33314
23950
20164
17918
20868
24011
18762
24721
15014
19612
19615
31608
19664
27394
20214
23452
20362
25950
22504
21589
15860
28564
23352
26577
22161
15865
26853
40847
19133
19166
23563
13083
46538
25091
20840
17539
20975
29367
18756
52174
22923
20267
35663
17183
35616
67318
22205
21062
48294
16527
52560
27181
25888
20216
32461
41215
18555
22213
22699
27154
23266
24248
22670
39420
16669
20967
29407
14786
19563
19644
20949
27833
38661
30335
16383
22462
37623
38178
50677
21841
18266
24585
24270
25865
49410
25581
54489
43901
27373
45713
30372
68322
16701
36136
18137
19290
19230
17753
33475
16950
16583
29649
28244
20338
33606
45709
19273
37073
19434
27101
24157
21391
34515
20760
37630
22430
27915
32451
21664
23657
35346
19295
26329
39842
19708
14955
23356
21607
27222
18997
24985
36062
25485
22626
18917
23680
24406
20532
23751
17420
19323
11361
26184
22901
13216
19720
25597
39622
20191
35944
45705
15062
34378
20061
28661
17895
36402
38780
31004
29029
35187
19500
17522
26986
29548
20855
12766
19411
25842
25211
25295
21110
18592
20250
19882
23570
27052
44406
35980
56145
23673
53739
26663
64414
10467
25673
14642
24014
28271
22081
24999
35799
33276
22799
26064
21535
18393
15362
33147
22589
21105
26896
36621
34724
25440
19042
12930
16895
28298
20755
25185
25182
23699
30434
40511
38846
25248
38244
18039
12675
49524
52658
40223
43160
19870
18451
23736
45723
56600
27944
27534
17198
24516
15121
16836
32273
25663
21859
17818
20243
40740
15661
20285
27925
10254
24192
24427
24390
15662
25308
15617
27500
28105
36894
16265
19973
14117
17436
11479
18949
41305
32766
36168
23731
61794
50319
20511
19348
15356
40010
20560
22584
15622
32536
23891
10248
26630
22929
20573
23017
19940
28416
15107
16597
18057
31691
15605
22364
25590
23228
23363
25572
26047
25308
9570
20252
27158
26322
21418
27999
13980
16566
26674
19662
16748
23769
19698
25049
16110
12760
28373
15270
13931
21919
24573
21913
25766
17207
26940
15507
28039
31333
40400
18050
18880
22550
22247
24872
17240
21380
26652
19540
34536
27056
31516
23075
23515
20626
25564
14458
20290
23426
33746
17530
19574
57422
31866
22182
28492
17287
21840
21906
22679
15619
21711
21848
22389
25307
25791
23464
12600
22206
17950
20991
36137
28170
25405
37940
18882
26837
24174
44460
21094
19101
17576
35496
13934
24033
52992
22945
23474
55227
20115
19701
21823
31493
23784
17151
32167
28171
41928
21116
13594
30712
35081
13757
23493
13803
18303
15184
20093
16944
21010
23114
20505
43752
59390
31960
19313
14573
21443
37467
20633
21490
30031
10728
19327
22242
25583
33343
30020
34881
14957
23842
13807
35370
21353
21605
16452
20373
21298
13945
26045
19448
43827
38655
19251
19093
31206
25843
35942
33776
45117
18549
23158
23793
20578
14679
21881
22919
25174
22787
37682
50016
25225
16496
9861
26186
30159
24513
26977
23163
41270
44478
30190
27349
24270
30723
37993
51959
37413
23250
17564
39420
23937
28183
25223
32051
18884
42609
18179
19753
24722
31038
22700
15646
27673
26128
25172
24062
17655
38234
30932
34957
22687
45785
36626
24617
27293
25687
14345
18489
18460
17966
23683
19539
21041
17700
28470
19239
19916
28754
57288
44069
33898
27359
30168
15876
15378
18445
22754
26777
24111
22586
19902
43688
47319
28107
19675
22303
19069
39410
22311
27064
24477
24286
21007
19002
16486
24764
17384
19084
20881
19302
20972
19741
23572
26593
26835
19020
19726
17415
28642
22328
24694
22254
23676
29089
18841
19512
21811
24470
20499
24510
35418
53169
15085
16339
21194
17137
15333
16351
25778
34864
13489
25533
22482
18222
37484
24004
17821
20929
25253
29774
25144
19021
24803
15032
31579
21251
17287
19227
21175
25065
27228
33707
24083
33087
57572
38749
12408
19337
36363
58425
25050
19668
35946
31659
27732
27988
16438
21364
15098
21577
14628
26984
42202
23214
22062
20376
26016
17863
19976
24799
22892
19108
24178
10139
25342
19216
15359
22794
22554
25388
21677
46651
21120
29682
28100
20410
34944
21464
33083
45759
34158
24626
28246
27550
22206
21769
21322
45570
46293
21688
21686
19659
26908
29147
15821
29440
58358
39787
31575
24836
40237
21746
19209
16631
18125
16330
19635
34159
12435
27512
21601
30939
32995
14427
15509
38109
15112
29113
15389
24749
19733
19649
19878
13703
28778
21762
18083
21721
23834
17601
26401
13192
31811
11920
13656
18432
36343
27010
29887
21190
38865
23705
24955
48318
19899
42309
46732
18041
22048
21794
27147
17027
16954
20845
18998
31572
21725
20856
26939
23821
23983
28058
15567
29581
34746
43796
41441
43506
12440
13564
18186
16482
28575
23307
19516
12815
29996
27724
17943
18205
27120
33849
20006
23102
35406
22951
29136
45845
30779
33142
22429
18364
27976
18256
17319
21437
20909
19452
14614
25663
16070
11517
20986
17511
12664
23070
27978
34742
17519
14671
14718
22937
25536
22211
25702
41269
30921
28752
18517
27584
28249
22825
17324
24055
20001
26622
16408
42813
29215
24106
30555
19466
30761
26198
22422
18576
23127
19021
20603
20054
12491
22286
20862
29827
24530
26868
30615
15607
18384
27115
39072
59690
21060
26689
36782
35972
34952
12519
20490
30979
40976
37579
42939
22102
31265
43472
24139
31274
47774
41675
26903
17255
28291
15046
21947
18459
33621
24697
27109
22332
23023
44966
18447
30302
17017
20997
36189
34942
24212
23405
11531
24697
19386
25111
11036
28821
12905
20269
17031
22219
48307
17609
26838
20946
21803
16530
27759
41723
28814
37779
23726
33213
22613
44176
31198
19175
28152
28337
25804
11042
30425
18129
20621
34106
29071
16574
21324
24960
47319
21435
27618
73490
51226
22871
29341
23182
19425
26494
40883
17518
17471
35461
19116
25809
15008
22664
21179
17612
13243
15113
30388
42079
22330
16696
18173
24459
22310
44549
27074
42644
35782
37530
28208
17764
25207
17232
19146
15422
14681
16097
32939
24517
24344
68963
23133
22323
24461
14442
28811
38991
32912
18820
29651
18982
21528
28343
17749
53890
18900
35160
19288
21741
12918
15116
25117
20739
24056
25466
26209
23481
20456
22388
32284
26583
18032
14640
22610
31873
28534
38835
24521
32563
43212
25204
17995
17817
21696
19216
19165
22283
19880
16948
20878
18935
25157
20716
28396
49103
29603
23269
10909
29992
20600
31039
36709
75527
27338
36373
20136
32599
17843
24010
34589
20579
22425
15068
26463
37544
61898
14236
19026
29632
25077
23699
16248
20839
12285
21668
19191
18681
12413
22238
11510
24386
25232
26150
32244
28919
26029
22880
42298
33438
20996
14393
13364
28010
26794
17305
15001
20687
16981
24389
17672
22347
20183
19591
36389
15650
12900
23852
26617
33703
21525
27585
27141
19076
28191
28619
29722
16174
38888
25137
16142
14944
20611
20037
16543
29193
19332
17972
14451
25971
34228
18157
28087
23819
15260
17856
23615
22435
33729
20641
26885
29345
23587
18652
17861
19917
37273
53096
21393
31060
11074
23357
19688
12299
18197
10282
20186
21154
26183
15369
28243
13431
22345
13620
27874
28110
36517
20742
29065
31649
18835
19085
15149
15418
28450
20015
21065
20949
29586
21913
20080
38665
20674
19422
14317
36419
22044
22355
27803
39167
53102
36870
36599
58694
18184
20073
14584
22884
28646
38749
13903
30028
14408
24404
19301
28936
35040
20229
16655
26453
41763
24118
15593
11152
22283
24195
20128
24660
37692
23219
20411
21247
13129
25256
33096
20117
26589
40043
23712
15807
13791
21728
19910
24462
43436
26459
20140
21830
18791
24116
41392
19785
20820
47702
16120
19073
24386
22855
33043
38295
16403
24941
20177
48288
14036
22619
18886
22740
30403
17655
26436
23445
13900
15464
24383
22484
19084
15435
10035
17600
18052
19655
27988
15154
17195
27958
29089
42068
18568
13412
40452
32358
27342
22849
20859
19996
29359
29937
18638
23755
19334
19684
22383
23134
16851
43062
17896
31096
27811
23121
32972
25703
19604
30167
38320
31193
43807
10247
16000
26387
35010
24546
27690
26153
33652
26031
34074
40475
17685
21677
20544
16913
12245
12186
37231
23688
30924
13530
25790
39600
17614
39047
35814
26327
35192
23652
20727
18164
19143
27263
36888
11444
16946
26415
31401
24897
17307
24988
27899
17406
17458
28115
24066
18573
20287
20026
27555
24884
17542
21707
38872
12249
24121
35965
57006
28903
24573
26931
18330
22916
16878
19349
25235
26273
46080
23459
21649
32714
20613
13858
33019
11916
19451
20502
26857
49291
44677
18203
18914
18590
28456
34293
18148
25367
11607
20477
15756
20929
23861
17762
52941
22395
14706
17412
32974
19571
29771
27241
25021
14053
9799
13924
18046
12603
23252
17816
33096
19084
21332
32510
21860
17470
24657
18159
16496
14572
26009
40845
16616
26498
20670
18945
21419
21545
25033
32630
19737
39968
14061
62850
19515
34290
13785
24683
25729
18562
18162
30385
24171
20112
48963
21071
48362
34957
23189
20438
30085
15870
15077
20563
20879
24895
10247
18407
23457
25179
27003
20674
29013
24761
20185
29744
28038
39885
35136
13899
27122
25865
36714
17296
23869
35626
51051
59562
17772
27057
33655
29435
19962
22764
25470
20599
25416
34496
26154
28744
22592
33614
22861
28248
16364
32103
18785
30946
15424
21331
13926
27767
30201
56848
39652
14755
28857
24005
17620
13981
19884
46381
19516
16800
25149
18958
30190
23703
23732
30594
23384
15340
30933
27573
30283
20647
41480
32325
10893
29498
16608
26710
31260
30010
19701
34894
21754
22781
22818
24278
32483
21761
18810
18928
28739
22999
36461
17113
16123
30166
15785
26360
26998
29959
18757
18637
25274
21537
20017
28407
25115
19093
46793
23601
17359
25611
22405
35082
31456
19166
21382
26266
20591
20805
20997
24916
29764
25877
25962
26109
47368
40624
42724
39365
25677
32000
35599
64652
29828
19706
60315
25263
21487
17075
29017
40495
55995
28382
9626
41218
26973
12340
31380
22271
22131
42450
30215
13759
10574
23026
27213
23001
21862
27305
14459
14755
37800
23879
24781
30598
15700
14497
21746
19020
15553
27941
33708
22808
37611
24802
37593
43136
25727
22379
30770
30214
28927
49586
29779
18202
16566
21363
27807
25016
13601
23236
25035
24655
29317
37180
21851
23879
16538
21289
31520
37133
20255
26914
29198
15564
20187
30170
13706
27150
48047
28267
29883
18749
20042
17819
26064
24245
25911
21532
21085
17062
30125
15332
19550
16157
18170
25564
18183
20867
25079
30605
30689
20214
11564
32486
18377
18275
30934
15544
26519
15702
39125
18479
16556
16944
28097
21092
34395
20939
15850
26366
18265
20684
34312
25399
45793
56289
31369
19698
35277
47697
42131
23806
35555
45211
18526
19529
24532
16620
26126
24113
30818
24940
25018
20822
37786
15564
14957
22296
12569
20326
25564
37517
49774
20258
19217
14573
19989
20164
19757
31014
33155
50222
21404
21870
14897
30383
18668
16228
15814
17512
21560
18563
21213
22019
16443
26683
46661
32623
23037
21114
30731
44198
27116
20561
29047
19559
20768
20064
22831
14094
23822
23187
39967
29676
17758
24533
31800
27365
23807
17899
21416
31841
32328
13378
32070
21424
14467
30732
21557
20586
23556
17168
30025
22149
26409
27384
43237
66061
71173
35095
24647
20930
33956
24224
21685
29873
36918
54885
19698
17553
18346
24902
24831
36895
15539
22367
32738
23947
16026
23709
47114
36258
18921
36088
14231
23926
19995
17261
15651
30129
21393
25903
39973
25951
22309
17617
27094
22346
27389
21412
29662
59089
37377
25424
29300
39998
24526
17286
23085
18725
28158
21428
33852
25402
19551
24751
15041
21979
20476
24806
25784
17833
29892
21180
21976
19037
20391
22300
29989
24815
44242
20072
43388
24264
22327
27948
33990
28532
22963
23145
40288
11637
29613
71430
23247
16581
44362
22149
10851
22566
22268
24801
20583
18901
24218
26426
34330
39892
14209
37767
25586
25642
25640
20636
28647
22284
24825
37677
14668
31810
17319
13086
28059
24415
34690
31624
27078
18217
27632
24492
18197
24126
32062
21861
20496
10249
22587
39573
13795
18471
25944
31192
12776
26075
29766
43614
23533
29713
19021
18333
21181
15188
31557
82648
111214
15932
35779
58476
30488
25674
34245
8779
16470
20103
20899
38742
32983
35680
17952
28840
19243
40428
14817
36500
29864
30658
19468
17438
30884
33486
29918
20109
28527
28985
19975
18618
16486
17062
30494
27638
27259
26835
55993
13322
25107
29870
31132
34950
22687
27825
26166
17283
15195
23970
33612
27376
23759
14556
15664
13373
13602
15374
24986
14021
15898
34871
24756
40412
33621
22310
11034
16289
27132
25792
12837
37321
37827
18043
29373
28917
26592
25732
52109
15682
16459
21076
18164
23156
24818
25462
19296
25709
30878
14714
17547
36861
22878
13370
10415
30800
17367
22315
19606
29901
25223
41586
27544
47675
23870
29929
29871
64466
41516
18770
21438
19508
30256
17543
24583
18986
44227
22512
29084
23413
50036
20576
14492
13445
48649
46900
33287
68522
59132
71167
16336
14731
25066
17254
16549
15129
19541
24880
31684
32342
28668
21708
17743
20202
15493
16812
29811
46099
16106
26699
11723
18209
24715
23930
20014
21966
41519
20076
33283
15843
28372
57357
65923
12755
69836
24258
26229
21026
20199
22671
18530
27512
23911
29782
22942
14258
30334
23255
41534
24221
28503
29012
20766
20365
16074
13492
27029
26623
23557
37271
33032
33099
32637
47397
21313
27216
35847
20724
16306
29932
35577
21383
34218
17591
12748
17474
22633
16949
31106
15747
15362
35841
29373
23346
18016
17021
24743
22196
17011
20595
19359
32002
22688
33839
28211
25873
19214
30754
33112
38543
59539
88441
24753
33403
21417
20874
37489
27498
20366
21811
20805
18675
42815
28414
18429
39787
26218
18112
26318
25233
49307
35369
51590
52680
17064
28980
22165
41939
29809
25617
57236
54353
24892
49672
15570
35911
40938
26043
43544
13364
24032
20394
22795
11575
21097
18148
32371
28287
26052
36443
27422
24605
19031
24392
18273
21738
20082
27135
47367
53981
26076
21490
15929
26216
22018
19870
13899
14524
19705
16190
26392
33266
19182
41915
17080
19168
21553
22639
31119
23797
27641
17843
10924
10628
32803
52798
30540
65191
59510
70493
62310
50941
15423
22367
22227
30240
22088
11866
26279
30038
40241
21792
20119
13537
21527
25289
15262
43128
10876
33895
31142
21435
19853
32532
26579
20060
28063
35608
33813
24965
13126
27215
23510
30782
27802
22346
16040
20311
23655
13440
25835
16532
14369
24893
23998
26572
29450
13365
28850
21799
44989
24705
18344
11701
13752
75197
31339
9322
22061
22853
43427
25860
21730
31520
18427
20896
21019
26151
25115
26009
31274
29805
8868
29293
35101
40926
31898
17901
19955
18898
15996
19204
14359
25231
18203
12855
21884
29427
28112
20448
12055
21374
19613
20346
19428
19981
14137
26515
37769
14325
22823
12847
20382
42407
23711
21948
20535
32102
30468
21374
20922
19535
35969
21362
28368
18811
32017
24107
36834
26425
15392
24601
24417
48526
27594
30126
18356
31600
26304
24676
20744
10923
23688
19487
14548
10453
25440
13389
21829
23327
17093
13536
21851
21634
22053
27267
30319
18157
19629
23001
30765
33416
25461
22031
23734
18714
16487
26781
21987
18887
20266
14014
20422
19273
29435
18547
46134
50525
68218
22899
24018
32431
47151
17588
24236
40405
32938
28848
23328
17998
17833
21525
24567
25776
13815
18242
25913
24692
20936
20857
18319
29706
25313
18108
16588
19357
19115
27621
18858
16395
27472
24720
24656
30205
18773
25852
19390
27479
33824
26426
35749
17390
14252
20854
27096
41982
22370
34254
14647
15464
17868
20207
20671
15692
17339
18027
20507
12589
32997
27202
15596
23398
27545
24728
15833
16851
21509
25232
41204
38819
33331
17299
20997
14179
29660
24300
30976
18926
28514
40728
29372
11001
17721
14058
19782
23737
22043
25971
24553
25041
48751
29753
17744
38715
24309
22866
20068
21514
34732
17442
22503
21582
23821
22989
32134
30060
24915
22120
26215
29704
21338
15988
22159
19773
21839
22135
16456
21289
21812
21038
30803
32004
41458
22205
16797
38752
14794
20381
19643
14780
22030
24318
38523
40211
13940
25636
18477
18785
20797
21504
19284
16859
17289
24560
12191
11589
25751
20087
23182
21280
23827
18615
47483
31318
24656
25437
22214
9411
18970
23239
24248
19326
27758
19584
21487
25649
24747
18425
17288
19200
21386
15966
19452
42792
39845
17720
25855
19702
28169
20700
12307
20820
21792
19012
21356
25204
12299
18779
21624
15352
29040
20152
42665
12901
14589
14645
15936
19785
20786
12357
16426
52831
22613
21247
16278
20788
30060
31125
29304
19853
25775
41313
24096
36873
22319
35894
26007
13781
34682
61585
21451
34974
40884
39147
35927
16059
28981
22390
35368
21762
32750
29807
28604
19144
18380
53032
25887
16550
24869
19997
26830
30337
26255
25487
16825
25219
16318
16608
25158
19773
34613
19616
24228
20003
14837
15463
32181
25855
22236
19099
18472
26758
43577
15571
64608
16769
40660
28878
21321
19684
20695
27122
19180
15101
18823
17108
25059
21504
22091
23599
20698
22198
22981
17013
20671
18734
17513
17963
23834
29676
20783
28947
22446
27982
18799
21543
48619
12437
25393
36905
33099
28730
15062
36191
24534
32588
18259
40789
31804
21958
24571
26610
30980
21136
33199
40961
15700
38823
19939
19400
22360
16574
20651
13051
17931
24159
21227
26923
15956
14099
26472
29405
50501
14327
17255
39518
22260
39699
33703
28583
16061
17272
30819
20366
21567
19334
39667
15643
22719
28432
17559
24491
18368
21697
36058
34475
14018
23009
39723
35604
28231
22031
14682
30583
39704
28968
27183
32659
19694
16247
24152
23601
33295
28594
16046
19243
23878
27671
21790
37259
19079
26286
22495
30598
32711
22986
15197
25430
55619
18508
15245
26746
22579
19617
35147
26236
14811
19823
12550
28154
21453
19896
11494
30006
44058
18499
15947
20419
20707
21460
19185
18823
22202
13696
14489
13896
16368
21880
21836
21771
26854
20867
16125
27470
43285
27413
14376
22017
35305
19428
27890
27681
37954
36325
19318
26604
21545
29628
33587
22788
26405
22166
16237
24771
26597
31998
23884
23775
16561
23755
20307
10260
23511
21362
32332
31574
29240
35755
20500
31643
26211
23269
18071
21754
17781
12303
20632
26641
34116
17014
24895
13598
13828
18714
29449
35342
13060
16440
13990
20734
16395
17561
37154
20918
15960
15360
17814
21110
26367
18993
20150
23397
20137
49994
18887
23298
24753
16992
15921
15593
25684
21878
21958
22976
18958
17765
14686
37614
15313
29210
7927
21309
19359
22089
24660
15415
18466
19451
18226
29164
31436
14746
35421
43412
19476
32840
23344
30782
31325
17678
23724
20938
15086
12126
15186
14054
20285
36672
28225
23163
22906
33647
22594
26360
34466
16280
28813
34730
22752
22157
23901
12722
31537
19757
23894
24346
21946
24906
21261
14891
26127
15064
12745
14267
24957
27908
22253
17875
23199
23867
23621
22216
29693
21548
22360
41074
16216
14948
15304
21004
25538
53143
25755
19628
18734
14472
15060
27829
20724
22229
23501
27922
30999
33030
34937
23665
13253
29366
16659
29656
24049
21125
15111
26701
12276
19325
19114
24381
12776
22777
33748
15888
23623
21655
23400
32096
15132
19098
21272
17403
24806
27900
24381
22695
22345
41006
16100
23298
30656
36654
25859
27436
15800
27220
39490
16083
10566
25022
21259
21025
36072
38775
19712
34624
29087
23465
25577
24651
22331
33178
16769
45003
17389
28804
14427
28209
41955
22084
34026
33666
18580
50153
22199
35347
23820
28259
27871
20729
12638
22610
21683
30414
19380
15103
22282
37293
19770
23273
30768
23563
41960
29572
29852
38476
17959
26524
35303
17874
21624
29675
30756
45902
22112
16177
19636
17421
24327
20264
38675
11631
18794
22603
30169
31866
23008
16128
19548
10717
21747
40776
14970
24768
19443
19894
19828
38215
35688
18971
12255
29232
22360
17957
28595
16206
14473
23926
14530
19816
28561
25533
19689
16071
21694
25238
15341
32627
24355
23846
13809
14633
24556
21661
10535
20083
19406
16307
19888
30522
47795
31422
37510
12575
14336
15827
22712
41100
28581
24681
20902
33142
40278
15910
20943
22306
27276
55425
27134
32462
16313
27385
15553
17846
20698
25403
37462
10791
23777
22015
45546
17006
35974
26826
25749
53864
33855
16715
19435
19818
16399
19663
19893
41069
16322
12858
25892
38775
27305
16742
21945
37856
35346
27057
30057
36931
22447
20011
19961
25552
22800
16602
26097
26189
21796
12852
13760
27625
16248
13595
20681
25622
27316
17359
23070
32067
23020
16243
27066
25333
27446
29666
27030
33401
16744
16728
27931
21688
30817
11940
19852
16143
28982
29430
32063
12355
30534
39901
70521
44505
17059
18627
14647
24764
18461
21618
13900
22514
25449
14535
17935
24775
20009
36648
18586
19081
25936
15652
12598
12834
15182
20665
17911
21240
19985
18765
20125
19864
19859
9596
20822
23648
13905
26450
21649
55324
45011
40394
25269
22577
13819
39734
62896
19281
9067
26064
33361
10071
14518
17747
24584
22375
28037
47274
24405
23814
49011
40136
52890
19711
29104
28696
16949
27073
20982
24486
20999
37852
26093
42776
26044
33848
21648
15176
36614
22672
19240
17150
22960
25841
25219
11837
43231
27908
16139
43897
24823
25833
21517
19393
36928
14749
16423
25695
15819
31672
23227
16540
23191
25388
25827
43464
18985
39592
41457
29172
27052
27154
37971
28995
20774
23658
25745
20363
21720
32285
30818
86459
22602
31835
28289
14924
20294
24548
33703
27244
44282
30603
40805
20158
34103
32325
20619
31577
17179
34822
19379
21294
33421
15455
17615
17415
22645
22600
16018
15739
20975
30572
16455
21761
40198
13083
18442
18418
20860
25141
17814
20366
16847
21145
26664
13231
25040
23809
22077
27043
12904
23548
24146
21125
22530
33489
44024
20551
28043
23137
24349
29728
22105
26637
25853
16347
24553
22830
20262
16757
21955
19507
13891
14183
37115
18923
23666
20974
39092
25645
26493
24461
21181
21719
32520
18271
19607
20381
28377
39793
40375
46980
24999
17406
16260
22372
35308
24314
31221
15763
12821
17175
20954
24473
29308
17769
17617
21958
47929
20022
26864
25704
48806
16968
14690
12644
22556
34077
22182
18934
19467
27866
13942
32307
24449
46540
16571
23294
28318
49312
31479
32840
24738
26184
14284
21911
24536
26824
9095
27915
14540
16669
40944
44656
22188
20904
21193
21907
20195
22280
16412
31250
16245
37815
53696
34812
35671
28247
29537
57430
18802
19273
19893
23584
16904
25209
23488
19172
15954
21147
20516
27918
19517
19139
17588
24329
15801
22614
17923
24071
33343
42210
16154
33092
27726
35802
24541
27572
16469
22881
29812
17484
15870
19754
20900
21957
26828
24494
34281
19836
15375
28907
21724
24131
26691
38455
25019
47278
45162
13621
20428
18190
16806
22332
26116
16680
16267
24090
16555
26864
12920
15381
13674
16681
18174
20680
17086
24958
17523
19305
39927
24017
42288
13078
26074
14415
17374
31442
28973
13800
21119
30795
27435
22904
25935
21976
21452
21797
22324
22576
21537
36761
25148
18121
19934
21833
28381
17817
26883
25249
41878
23447
16365
20392
23831
18827
20226
32251
18420
23601
32606
24334
36963
31831
16001
17411
35090
21256
19236
16444
25843
18268
22353
21950
41500
18382
14871
19399
17393
25979
24637
21355
17003
28793
21299
37360
19608
19325
31139
12917
26153
30013
24820
26171
20527
22180
22460
22821
38182
42500
21541
26743
23347
25183
22298
21856
20906
24150
26007
41150
20804
34968
24837
24616
23675
12777
42248
28337
13601
27318
18170
20723
47708
15546
20144
18719
19042
23282
16901
14726
21655
12365
23420
15190
20922
14108
29583
23051
17416
40441
38388
43133
50114
51440
24218
20501
32006
24768
41442
16955
20343
22792
29227
20301
24895
18640
30803
22836
22056
16510
23358
12041
26145
20126
30177
24235
24738
31972
11923
27896
29099
28998
16257
18348
18236
26838
24797
19575
14078
18722
18454
13395
17185
27393
23679
19945
16567
20118
31605
27294
26107
28350
33213
41320
54329
27377
30818
20140
30070
35084
29524
23404
21080
26378
19737
12860
6613
18100
21931
43182
48693
22835
14885
11001
25206
11902
18204
23068
40606
16607
17607
24078
43544
22089
19683
48931
35664
20083
30496
13175
27857
15745
19273
25036
24309
31574
38028
41205
24521
23217
20304
17611
23407
24847
40249
36448
15042
30564
38164
41253
24309
18478
24244
22389
23070
41506
32359
22435
17544
25105
20485
35424
19121
20854
21015
25683
28083
50026
21289
16639
23587
23616
10595
13265
16916
25972
45415
26703
22914
22031
23633
13734
25875
33982
23791
23279
14241
21720
31157
33380
24788
14833
14579
24861
11303
22997
20128
24448
23028
17497
15255
23741
19507
18891
17924
18810
26115
25109
19849
10420
19687
20356
24067
38806
21042
20423
22246
22674
22037
21783
22131
31692
17693
21551
26108
44732
14917
15144
27353
21799
27175
27248
16972
24785
24761
19536
15383
17944
18270
32315
28415
24264
28760
20641
26368
11616
18232
28408
18600
18092
21138
19378
26083
39934
27195
33284
18314
32723
15448
27548
22016
43144
13773
16728
27809
25769
19520
24067
14443
33664
25798
34541
29292
14237
18243
12907
25184
25417
27719
20207
22639
18525
18043
15662
26623
26424
34378
16991
21333
24094
20955
19899
26720
24190
50433
41943
27605
39859
14857
20614
15525
31191
24631
14768
14802
56180
19341
21177
19841
26392
28907
11620
26195
31162
51875
16777
11570
31223
15021
13723
20799
22231
20425
20798
29654
20804
33009
26614
27122
28640
33204
48730
18743
38576
18229
27636
24193
34697
37813
18628
36024
31036
40253
33279
19401
15216
49283
47897
37229
27854
19142
17772
10864
22099
20113
30025
28150
26558
24080
16207
15348
16518
41161
24489
22521
19957
28164
16311
23627
17530
18606
13007
16390
17093
21331
16945
26248
23824
20402
38684
11339
21551
24849
18706
30528
38460
24852
21174
16533
23534
22662
15375
22279
19446
25478
9247
20696
23593
27967
25900
19242
19239
26301
26527
42891
36771
27161
16359
10753
36311
53939
29253
25825
21590
24792
11671
36589
30586
28392
26923
32318
26673
16892
25203
27710
18063
26572
44998
17514
17330
14693
32812
15473
28708
18510
24279
44076
21391
27521
12646
18225
14792
20645
16611
17195
20246
18230
31895
17343
24157
22717
34792
26096
41577
22188
17221
34897
47469
54361
25508
26438
28344
34355
13815
17309
15623
27171
19242
14772
24739
23822
34518
23462
18805
51084
25604
24282
15415
22440
26054
23546
37223
28417
33788
49850
36613
20375
32324
25145
18111
12869
19956
21329
23578
23359
24878
15690
26132
20629
27671
20882
50595
20442
21963
29703
25729
20991
27586
20227
27711
20559
11646
25861
20264
24123
24777
20294
22944
30102
20854
13376
12797
24442
23001
24737
21234
20093
22042
55265
19760
16497
33286
37208
58582
41908
18771
25704
23633
23157
20386
26190
30624
27679
24737
53162
33119
46594
19286
18405
24330
33977
29351
16988
24201
44749
36787
28161
34823
29010
21304
40871
16130
31000
28641
27428
39913
21859
15848
28157
32889
80712
12534
25037
19956
24628
21071
24115
26879
43168
23175
31731
24473
18576
26963
14208
22384
14788
22660
19838
20621
32065
29826
16161
18278
47473
11237
18571
24588
33038
27439
26999
17908
18056
20734
27135
24188
20101
20462
41716
18038
17668
31816
24762
34482
16585
20553
16619
16986
28106
18431
26483
37552
26753
27879
35305
15041
26154
28826
28507
43128
24342
30616
36144
37753
31841
52000
26548
19027
19835
26782
32587
11330
27173
22432
38920
18722
47493
19796
35808
16589
22054
23425
17876
20536
28711
52616
72782
71605
29589
20545
22462
25657
25436
36701
32332
21863
30481
51642
32777
28785
23734
24881
25748
29985
30760
18827
16437
30008
18090
25083
27629
25147
28691
41626
14608
25721
25145
26072
22988
23443
34090
18789
25716
20606
16643
20902
22622
19656
19532
18516
20678
21379
27847
18835
17801
31936
27458
47566
17026
14666
14420
13682
25507
26040
48672
27585
30608
14100
27265
31009
17721
32909
16578
28441
34381
20947
20977
19155
68563
21198
24317
19773
22571
16782
33715
31484
40548
33809
52035
69536
85941
27297
21041
23927
29069
25039
40912
26302
19071
26306
18312
14391
28189
27551
24313
30445
22772
19360
20861
22122
31038
22463
33971
45230
15557
28189
18926
18990
19082
20830
18906
27540
19609
31664
20429
19039
19315
21611
22449
30606
22573
15549
25031
23836
23280
22937
34746
16653
23673
23567
24769
47623
25419
82185
63088
19222
19954
19057
21195
18416
21613
15771
16176
23258
19000
20128
50815
42137
21830
22058
19498
28778
50599
19867
15023
42037
17384
14112
22657
22249
31467
20331
16974
28111
34227
29882
25671
23455
28106
27736
17978
26387
19718
16650
19833
19054
32251
22532
30940
25016
26034
19090
33699
50435
11382
21585
19933
22563
30118
19904
16394
54309
30810
22234
29076
27099
35086
32379
18007
21562
17808
23217
22544
38391
52536
61024
28080
28669
34368
20997
41232
14320
19727
13846
36940
58744
78671
95164
20233
18891
21836
32776
21264
36003
29311
15808
33769
24826
29428
45393
16419
22480
22717
24121
23742
19633
30004
26505
15615
17786
21755
29690
21010
23351
20582
28390
24400
23318
27152
30241
20439
14314
15106
19497
14534
17165
27228
16857
16224
22448
27073
26360
18474
17168
33618
15746
13851
29381
22009
23708
35717
35780
15360
23512
18213
23979
18168
21899
15175
23648
27683
23353
28897
24010
28293
20529
22614
22519
17176
21947
20876
26689
20380
29557
18190
14125
13690
25904
25629
22029
21210
12336
22912
21122
18599
17477
15945
30751
17326
17551
20763
14531
21257
25939
24201
31069
20473
20576
37231
30149
15792
13852
25128
15419
15787
29167
17965
32811
27084
37809
36972
19217
17586
46275
26330
33275
24436
11744
27723
42827
19261
74046
11040
22620
23491
20708
19205
23456
22358
26751
30586
35465
13419
20194
18256
21709
10089
16802
22066
25436
18156
13905
20398
36981
21786
47869
20666
23926
19540
30501
13616
41337
43438
18880
18612
27950
26841
16637
17873
14597
11392
10157
21528
25486
29741
13296
16778
14414
19903
17840
26335
19372
27996
13792
17187
22480
33430
20783
20978
21174
8087
22224
15578
17823
13104
27318
15194
18260
26692
21909
26494
19149
22688
19575
34105
31997
18706
41744
27804
23558
61813
21334
18447
38262
21629
23524
18362
23849
20361
16958
26281
24383
13017
19718
19226
26483
17424
14838
24166
29178
34807
33751
29838
23185
21574
21963
23022
24373
14582
16025
16377
18216
30210
17246
27473
21216
29756
40647
16189
26113
24693
41664
34277
29734
29298
33640
9469
19893
33383
26311
17553
9632
25844
19910
19980
19032
33867
26511
46636
35227
13955
16183
16255
17480
10501
19518
27098
24939
40190
29187
18661
27433
41962
45599
22819
17384
31827
24674
24850
17084
13522
18639
17102
23255
16246
14590
21602
23626
40703
30130
17653
31353
20813
21088
26944
18765
23892
21584
28404
23772
12260
17603
45703
41339
22166
10484
15042
22581
23705
20673
17574
26717
15304
17032
21583
14247
24426
14845
37261
15021
45011
57741
56243
24102
40152
16490
37811
21667
25039
26840
40510
75686
51608
58871
15878
25262
13893
25371
20239
32054
18241
16472
17298
22558
15639
23160
21536
26331
16531
13648
18494
15931
26850
23391
21101
21840
11600
22462
17538
20301
26474
26767
19529
18622
23627
22779
34217
20027
19147
20845
14172
19967
19859
20211
21409
41302
19201
21791
29204
22708
17855
14644
11903
22877
20037
21350
41766
25337
36421
21530
34186
23193
34831
55134
72104
68120
13077
15686
23849
12511
17842
14879
39398
21765
24236
34076
40971
14772
17885
23585
18366
37224
24098
40863
42203
14507
16700
17089
25208
42921
9731
14748
15802
16864
22043
15729
33957
19244
12471
12117
29315
24339
31490
30237
24075
18570
17909
19674
15797
23433
36612
43873
33923
21048
23402
29755
24933
11822
12335
28359
23410
24522
26431
17774
24202
23711
23729
25640
41177
52591
29821
23094
23004
16956
26080
24239
28128
41806
23397
19033
29140
22331
13692
17441
29554
64585
30054
29342
15294
17453
34191
50274
23597
14508
19263
29805
18038
11803
40309
37881
27265
41536
14557
19666
17848
14738
21011
17495
18855
10112
25217
11391
19699
20327
36884
25710
18854
21742
23640
15473
22847
15803
12795
21452
25997
12169
12628
14685
18842
14892
13845
19409
18048
24518
31033
25649
30700
23294
19986
18363
21407
14748
10681
31383
21377
19833
18120
40518
48553
25525
52337
18398
22992
33468
20634
28279
42976
22516
17195
17290
29837
15113
18640
17623
23646
24705
27870
21897
38522
21587
19113
22178
21612
23751
20199
26820
12958
19159
27321
17414
17655
26038
28280
39361
40420
14982
26045
31041
37156
13126
26665
19879
27106
26023
19607
25342
27547
10770
58668
57173
30806
10098
25698
19355
21611
23094
17534
22714
19542
18692
19121
18961
35507
25396
25603
28799
21460
34691
42052
23860
18709
19055
20622
16744
28834
13859
22510
25763
31513
16580
26520
29071
23362
19085
18601
19463
18718
22147
29558
15826
13639
14988
23780
23690
16605
23302
15718
27135
17154
23018
25217
22173
17011
20624
18501
26787
10709
17448
44765
60455
25583
22921
41667
18371
35851
21125
19980
41691
28451
17841
28738
28179
18078
33941
26695
18099
22891
22921
14417
12386
14635
16559
27087
17713
24715
38782
26428
15569
37909
17391
25765
32766
17207
25445
13171
22347
28523
39691
21995
34240
41237
35040
34042
21667
20856
23689
13278
40611
20446
33268
19703
21345
22881
20587
35502
36345
52278
73187
13731
33063
37737
35145
26390
19972
21740
25501
35629
23475
17714
26434
28539
18077
14029
24651
17259
13814
23118
15813
18143
36589
27355
22804
48013
38885
15186
28506
27787
45919
18408
22738
25071
24524
26391
34487
20782
34160
22861
23715
23303
22105
43645
22513
26796
18466
16467
19065
30086
14786
16129
15586
22093
19855
25471
22182
18424
22489
18278
24533
14883
35679
36657
31885
25813
43031
21104
17765
56348
21869
19328
13199
26128
20200
19438
18505
23665
25509
22327
40877
26876
23741
15206
21488
22419
15680
25587
18424
23230
17439
47417
23948
34641
17618
27488
18779
22606
26949
20201
17085
32602
10894
20979
15081
19780
16559
53676
26835
30944
26274
22136
27891
17461
21054
23308
34483
19782
16811
20028
27103
33445
23431
42907
18858
14834
24359
23334
14920
21057
23185
26883
36475
34037
20813
14476
20866
43840
17254
19021
28337
20989
27969
24929
11634
19979
27121
36302
19946
31181
32705
34604
22933
24704
35240
22600
24046
21309
19186
14988
39334
26392
11460
26873
20565
16616
22044
22706
12806
13207
23079
20475
19547
26000
18343
14737
34809
17640
23167
25417
14908
24103
16469
14474
19361
16041
22062
23092
13647
10515
23595
26348
18586
22742
19515
20919
16188
37345
21208
17398
31413
11470
12940
18809
12289
19129
23906
17535
28261
25890
24401
17777
23303
18183
17258
25578
21737
26727
33138
51473
41731
49115
27302
18618
19767
17859
19128
19437
34240
29400
19352
34715
45188
28386
26250
21185
20240
24252
19682
36008
14378
12466
13808
41648
17999
18715
22144
14860
23581
24077
10794
30998
14932
30584
21398
19665
29257
25758
24546
21984
15704
15336
23375
23290
13184
28967
15182
26014
21052
31538
21986
17953
27570
45756
22809
18309
29430
19381
15371
20495
29871
12546
47469
31331
15475
29441
57079
22911
18051
19224
16802
28208
16117
45275
17164
21876
15356
42113
52718
28179
28295
15418
40838
19115
20539
26704
26324
20020
52301
33154
43851
23350
22270
28345
25432
23203
20878
26895
24840
23738
18992
26782
25391
12293
16202
17803
27098
14836
21812
24563
23512
37843
16211
28456
17675
29782
27663
20318
21972
27141
44100
20471
23701
24955
20358
37716
23210
27983
23400
17506
18398
20333
35627
9190
20253
14910
12911
30629
23296
21345
16831
34043
26843
16154
13697
30099
22341
25893
15868
13626
20579
8960
24924
27370
15555
19273
19698
13132
15173
20372
21024
20411
13829
28569
30054
18019
14995
25102
29764
39904
20544
21795
49402
59706
13881
28213
28596
35102
37882
42513
15733
18878
27950
11545
27686
18294
59171
16643
26651
16871
19267
36950
41792
21682
24209
28493
26454
17885
27635
18031
21772
21964
15108
17515
30436
18008
31034
36988
19578
22840
24216
19815
15185
15372
18534
24853
23268
33494
35373
18583
19818
29240
15811
27938
22340
44423
21560
18386
19717
16589
26105
26172
19581
36544
19877
41430
23531
31337
32049
19080
26707
23488
20794
33928
19570
20218
22612
35960
27504
24809
25715
9093
20747
22055
17924
20548
18996
30896
38425
19400
24540
16264
31096
19976
22975
26193
12653
26677
15382
20751
26167
31067
43135
19171
27206
24442
25151
27249
33176
21700
19133
18001
18973
21776
22157
14540
16717
20737
16731
31532
44203
12098
19747
19043
45666
15052
16435
16153
12334
22407
18397
19235
29131
20965
24986
34969
26423
17995
17136
18075
28300
12025
20261
19654
17919
22431
22878
21836
16843
21556
23746
25229
29183
33245
24101
11772
26682
18378
22821
28954
29886
30196
20161
34769
23352
42199
52912
45161
18593
26741
46892
13405
22279
34580
37208
43377
22331
28803
41918
35276
23848
14562
20497
18746
17218
14025
29503
26372
40499
18251
12620
29869
17385
24204
31862
23916
21744
17059
31506
52193
19419
18371
31954
17686
21881
42937
42847
53733
13800
21539
17540
13240
19054
18323
11540
20694
26194
25037
11882
15502
29398
12762
11385
25466
12440
30258
14315
14909
26843
21758
13039
25729
19506
25846
13882
23792
39525
31273
34433
45239
15559
20559
34378
37542
22112
21314
23924
36895
16154
21792
15565
32460
44316
23521
23715
18315
11143
27875
18565
20761
12991
17478
28918
22258
19979
47167
33548
26361
16799
27846
52460
8758
14363
24944
22106
22269
24023
20624
18427
26084
45304
16879
38444
33919
40445
22900
35409
21025
24276
33264
69491
84578
25980
19153
27940
21444
31889
24711
26137
16506
21185
25012
16950
32012
28608
55875
74878
37261
19751
17721
17409
25029
16808
26219
19150
17753
31910
20391
30793
30168
34174
22475
18855
17645
25076
25010
19431
12270
17227
31435
52177
27188
15569
17820
18066
16735
19573
25298
15555
27242
31645
18291
29416
22992
19852
28136
33061
28975
20691
12857
31221
11578
16133
29889
17434
15370
27451
22456
39097
24630
25252
25479
19382
22421
19640
25452
23302
37635
21396
54675
23932
19917
42832
23688
27612
17437
26283
20722
24144
28802
25698
17585
34377
17998
21595
19754
26745
27539
21993
23252
34477
36949
20941
27875
18923
27833
19598
41227
25542
24199
39034
41668
59209
16487
15151
23772
21711
38737
38986
26243
24591
19916
19015
23239
30817
33301
20595
25454
26244
36406
23649
17509
14841
16277
14676
22327
38872
34479
22061
17234
27122
12355
22896
19694
22644
18626
23944
27739
23087
26836
12011
20781
18647
15805
23938
21464
18063
16950
26682
17544
20246
17993
23549
37213
19663
16718
30370
21233
23617
30491
19910
23006
26327
21870
13301
21542
33036
16978
26381
22562
14902
24336
34559
20887
26655
22763
23801
24360
36309
17278
17847
29086
44644
28545
22902
17065
29772
23031
19232
41377
18176
19526
19671
21930
14275
28160
15101
22989
17381
17984
20968
30660
22181
15897
16119
14766
18403
38080
19762
21598
25745
18048
18587
17788
26815
17894
25909
17879
21392
23210
21068
21155
22073
38754
21790
41668
52363
20852
25615
39949
25049
22304
15900
15342
32328
17908
18028
16473
30525
21349
15411
16753
13772
14937
18917
24154
43708
19929
15230
19693
20561
27009
14469
17905
29273
29191
40457
22400
20939
25982
13235
20217
14481
31332
20150
12139
17605
14606
21505
18730
28157
26802
19293
17927
32831
30643
14665
12414
24475
31272
22715
59174
20764
20566
56434
25798
28378
25898
24049
20303
16293
17424
24781
19013
18710
35646
23313
25658
48113
19087
35822
32427
14793
13081
39899
20254
19684
14078
38437
40427
55823
25417
21331
19963
25042
51125
22146
21766
17629
26754
29398
16701
11615
39783
41301
26044
21917
23656
19188
22334
25992
14917
30274
26230
23557
37427
24320
34402
21611
12899
19527
25640
18917
20760
19016
24221
18551
33708
22290
24066
17686
22751
21965
39008
26771
22641
11362
29425
15597
22346
22490
16916
18180
22518
21729
23575
27054
24240
18531
25500
13220
21962
18529
30612
22953
18242
20430
28050
22775
20641
20426
32202
22650
27256
21990
20483
20337
17388
19857
23065
26270
13520
15651
22686
24888
26088
20726
22999
16679
26494
18737
30675
23141
46781
27505
23975
28023
10626
13645
29536
35499
50469
11672
31061
17433
31944
20715
19792
33129
46122
20032
32415
23238
26000
25689
18668
20843
31443
22177
33195
19825
31457
25787
13871
35193
27768
18771
22415
11284
26238
13169
21282
16956
32814
17936
20474
23653
17367
29210
32966
18505
30687
28040
27787
41555
21316
29473
26923
16876
30590
17258
37091
37200
34460
23743
23880
18083
32641
47241
24503
14031
20925
35559
30156
44591
58857
62577
33377
28960
25595
36831
20239
28961
15619
30059
17822
20700
30276
19366
24253
28472
29967
33008
22631
22819
19547
24935
16085
22893
19067
27989
21173
25384
25675
20459
21589
20416
18913
25721
19649
18447
17698
26969
16628
18940
21081
32834
28624
14517
22438
39976
17017
32440
17739
24466
16210
24868
20328
21961
22238
17637
13809
12126
29730
27554
23716
18540
20244
21242
16969
16223
18004
22686
19521
39578
24619
19185
42732
17306
21054
18081
23693
16117
26396
13302
27774
22640
13674
16086
53741
36656
38790
24051
16643
12966
19163
12349
24830
11745
22842
18175
29415
20526
13341
9177
17349
21982
13550
22776
19151
11529
28507
17286
25093
15901
26538
11858
23199
22051
24176
28108
27932
22481
17745
14590
39561
31163
28992
24584
14557
21621
18815
13141
21941
14448
39233
37966
20937
21794
21129
24620
33506
35078
23725
14277
23059
38683
19230
19709
33801
16600
19191
16887
21005
40535
31026
21073
17946
23149
33073
25564
19778
32192
31098
19600
17580
29680
48013
25025
34400
39563
24985
26022
19189
16470
19496
20081
23550
40505
51713
19928
35214
23464
22917
18229
27856
20298
16875
18704
32517
27080
35968
43166
56326
42431
20679
16504
24727
33428
15257
16035
20104
22425
23101
35754
50796
36574
19532
19772
31361
27877
31364
19385
10343
24797
17527
20946
18367
28467
22661
26659
16710
22283
40578
30768
37345
19037
20227
24364
17339
20362
28759
21906
19890
28785
21274
20158
16754
13084
17380
18294
22883
22932
13387
17793
21210
12582
20456
43809
15791
31260
17519
40482
39739
40296
52018
80906
27165
112470
25424
42367
25102
33799
10510
12532
23140
34281
22981
18305
17476
20305
35495
22189
22781
17961
23942
27192
17158
24191
22204
30058
43992
24964
21656
18043
13087
18777
20519
25129
10346
17659
47162
33693
12806
20090
23682
40116
27964
24196
27977
21336
19040
25127
16171
21303
24631
47568
22343
29140
14041
23350
27203
19460
20292
22890
14774
23196
21230
30936
20675
19081
20153
37349
25053
19499
10588
23039
18072
24427
26269
29462
20900
15137
20870
28233
14178
14809
19609
21351
19924
44090
18386
27895
25721
20237
23245
18411
13811
24742
24220
19129
27628
24047
18199
12060
22437
19078
17182
22290
10474
27919
24126
13249
27799
32658
29660
40163
21780
16947
13299
17786
21981
17159
23775
20534
39472
45547
16234
22743
51400
27073
32273
47473
75261
20156
36144
23007
14969
28680
12526
25878
16399
19643
27859
33185
27099
35238
24585
40761
18747
16705
17357
17225
33942
21985
21269
16368
24459
40760
21868
16498
22011
15351
12989
22998
20078
21883
28994
26603
26046
21141
13345
24050
23321
37188
20938
28726
44925
41661
40902
20806
17160
26542
23252
25701
31572
30947
21465
20124
18664
18898
16652
28264
41622
15987
45399
15149
26483
24970
21565
20991
24165
20626
24903
19047
30812
14334
14053
18705
35956
18069
45808
31153
11638
21069
39324
21913
34064
22874
15518
14986
30529
16904
14651
26296
23163
50203
19731
18233
17564
22344
24969
12628
20634
12776
31111
18217
14371
27231
14028
28832
20747
22831
20439
13758
20763
22880
31242
19777
22799
25537
19228
29295
21954
24105
18264
34905
20441
20180
35408
20866
12026
18724
26023
22457
29501
45692
12759
24480
26534
32267
25100
19007
16203
18012
23456
18928
24901
16394
19417
25133
17217
20247
38567
17099
16395
13121
22797
24477
28658
35418
16098
35461
16962
20168
37821
27899
53546
31231
27640
40848
14362
19381
25517
9769
20015
22713
14772
21282
19178
36148
21665
20504
40342
29018
10720
17164
34603
18054
22248
28177
29757
18476
18367
23061
29273
19303
31610
28030
27879
31198
16095
46960
16110
18381
21948
34930
25018
24991
21182
14623
12807
17243
25958
18535
16668
44585
48899
52295
54781
20168
20442
23133
22758
29901
23590
17118
29352
22820
16339
26123
18016
23894
30005
28815
18774
26615
18532
36349
28958
64880
61550
66165
19179
18409
18996
38099
20677
18358
15589
16996
18254
21001
27713
28011
11176
22778
14340
26129
37223
19307
19567
30586
21206
29914
20208
19642
42670
41498
40145
25147
21526
15692
16858
28690
26521
20734
42774
55003
34031
25782
32155
31520
29392
34784
30407
20535
14174
21661
19656
19337
19181
17229
20300
19045
39463
36923
16401
21110
18519
21268
32135
27703
45129
43257
14573
16084
24409
31182
25125
31847
34575
10523
18795
18145
24009
19367
23215
30009
20828
16994
36741
20881
37597
20595
21162
29493
17583
19387
28605
31641
26461
27127
27035
15452
12615
26271
20545
56415
26991
19339
26229
30424
28042
17499
17282
13440
30945
29313
35787
31991
15211
28102
26015
15080
19717
21694
49998
18588
17021
21278
23948
19549
33408
28348
21773
38924
29345
16603
18885
32076
46863
26849
26987
15390
29319
33532
19611
40531
28996
18324
24544
27426
16380
22258
30961
26783
29038
18826
12287
16835
32562
20743
31543
34896
40105
19546
33901
43316
19874
37404
22395
23728
22736
22248
21507
27330
14915
19824
24685
25166
22888
26741
20267
19031
22541
32059
24598
24054
25130
40142
35282
30856
26970
17054
15885
24592
26423
64149
29153
17152
30994
64863
14636
24969
24645
13964
15982
19646
18128
19072
32799
8741
38079
24462
24017
29087
15992
17630
19126
39141
21943
20390
21554
22209
30346
32885
22099
23195
34858
25647
22145
19440
16569
29301
22255
22900
23013
21936
27619
22661
18905
20802
30799
21307
20229
24736
23491
20878
21649
36587
55091
64706
53808
68428
23544
34957
26276
16165
13560
20354
40696
37079
20300
18754
18732
15644
20606
20412
19041
20905
17269
15727
27070
19401
18706
29424
19237
30441
27015
17977
37566
26575
21843
30290
48187
69749
17771
27635
25574
31430
36566
24913
26197
14407
16769
29136
18725
22976
15763
27911
34793
23718
36511
25273
26408
20108
12056
15055
26716
23835
16375
19328
20937
18486
19805
28417
29358
47614
24636
41938
23279
17032
14492
18367
27420
21542
20230
33447
24421
27021
22465
24890
35506
11927
21755
32203
23233
20882
26830
19396
40600
23281
19772
26468
20500
17201
19370
15132
17939
19765
16336
19348
20468
26930
19876
30838
18120
40331
18515
17519
22999
20479
18852
17352
25067
27450
24613
35573
47922
15611
32619
30227
20682
39474
24814
18055
13663
21296
15223
19947
13735
16547
10113
24214
24494
12396
16130
25619
16496
27069
21741
17110
31117
20288
40344
19441
11577
27070
37310
22417
22796
24487
28777
28194
22151
52183
20876
24617
38382
14802
44824
10668
25714
17660
17964
17539
43324
22649
22244
12156
11776
24324
19728
25374
14564
18690
28906
15269
35700
37782
15998
15496
18072
29774
40473
21415
27590
24582
34547
43798
42338
47285
24723
35552
17344
22013
27984
18232
30770
17046
31985
20785
16971
35430
44191
19644
11606
28333
27958
15347
43269
27238
22168
24095
26923
17875
19233
17820
22967
15192
14139
30288
30038
18703
16195
27397
22201
20294
18428
20339
24854
25249
23476
12431
37772
23606
30367
52758
19407
23301
21841
26003
21286
27035
20624
31374
25990
40168
29732
55308
30692
22714
38329
39289
31544
21104
32517
21421
23486
23276
15758
33671
14218
20693
19877
17130
21855
17595
24451
33482
30276
14039
20102
20939
18795
23095
23886
31319
23196
31496
24870
21861
7864
36348
18111
19763
16390
19961
15843
16746
12474
19695
18996
25210
15603
21163
26206
26424
46469
23538
21189
39364
24862
22111
22393
20713
17970
25845
20085
29186
29382
20080
21887
32721
21836
14927
20502
21644
25714
36062
16047
20433
26222
25631
19782
20383
13435
23173
27482
20033
23989
16258
27350
23747
24872
18969
27035
29225
28551
16683
20550
21101
37794
19543
31056
30662
16930
21617
22700
27909
31866
41207
76868
38890
25849
15230
27884
40985
25558
28393
25117
15411
28527
38006
22231
17948
39931
30096
22378
21103
28579
27325
15533
22598
25214
19789
20247
14432
23988
17478
28561
15871
34548
24218
29492
25382
22423
27058
23615
18015
28479
20334
24008
19585
34915
37964
20953
16655
19586
19570
26874
23245
30030
37978
25236
28506
19789
27993
47544
19761
20086
22400
15004
18274
22151
32787
14614
17223
22590
21374
13883
34245
18921
42876
21519
23879
39799
13713
35715
33092
41255
16034
24532
21159
27946
15403
21982
26643
29519
18810
41806
25932
29867
36309
22341
21956
20226
39683
19866
27113
43080
28886
27887
19725
17838
33513
16931
32939
37417
18260
19413
24103
21137
30996
15039
22241
32765
32433
14730
24086
18831
19607
32420
28223
22691
19109
21756
15353
21261
22374
17056
47734
55498
22404
14894
31149
20820
17933
20167
23712
15927
12940
24673
10969
25990
23140
12219
24067
12611
22561
36700
17913
20609
22821
13641
25685
21429
33247
24085
15417
21399
20573
34992
27560
18399
9311
29789
19332
18932
18794
18018
22620
32330
25770
21882
38297
20930
21871
30599
25969
20824
18382
31816
18457
24064
38084
37755
24714
21560
25883
40560
24275
20092
26342
15365
28304
14670
40066
37155
18087
17509
17250
24001
22118
30677
24078
40668
22230
18471
23092
19894
11241
20677
23344
21530
24529
16479
21318
30369
21879
24147
20372
15580
23065
31588
36856
35516
10452
15929
15421
13130
22412
31385
22351
26593
18234
21224
28538
37797
14182
23248
19433
26349
24210
25898
34356
28220
22483
18769
25405
16207
37738
11451
15318
19041
21415
20464
16744
18973
19174
19160
14815
27292
29620
39059
34474
15110
25380
26163
23277
37282
55488
29719
28257
27955
20208
25514
19811
12513
17715
18178
28733
37053
10096
20374
19962
23938
37140
63951
20109
21630
28164
22896
29109
14997
19653
17637
25281
28019
24485
25089
14461
15340
22760
19118
16796
22849
18719
28030
22926
25652
33822
21575
23596
23815
15443
16092
16860
19617
16785
16296
28813
23444
15463
20698
22622
23311
28838
16279
23814
20114
19895
40339
17897
22586
16724
25344
20088
25182
40740
34229
17141
18253
12256
25771
18425
30844
19381
13504
22840
18518
15029
26000
14819
23584
20131
35149
24323
16303
24717
39365
39820
25329
27359
32518
29383
26163
24619
26760
24894
30697
31620
19431
22289
12926
10362
22340
12162
27861
20515
15987
29992
35553
25466
29968
14728
16271
31214
25504
28959
36585
26947
22112
26228
12606
12971
16667
22666
10807
14343
26306
18421
20879
10864
21887
64505
22467
23271
20815
20462
24937
20711
18887
12086
17005
16198
20519
22384
28101
46923
33261
28993
18277
31623
12379
25431
16003
30373
21840
31252
17546
12238
18281
24242
20387
19442
12825
30863
32958
26269
40583
40033
19378
19235
29181
33996
18696
14325
37241
10998
22346
35850
18134
22706
34178
30408
20702
24900
30922
18538
25175
19897
20186
25325
20797
32787
23964
24380
24488
20579
24430
18221
34015
36362
27462
26727
35186
16480
23348
28107
31166
23284
18469
27864
18822
27585
25073
18674
23390
21769
14843
25160
23393
27271
43447
34603
21462
14915
25043
15313
14671
22491
9843
22384
22403
18925
23218
23566
23138
28978
19314
23461
29067
21792
31065
21308
23302
36361
32829
25083
16731
18481
40812
57228
29009
51506
24378
48797
25117
16589
26195
26283
18663
26236
25754
13429
15256
20600
23879
23383
24857
16286
16616
28468
24799
17508
34746
31278
22317
23293
25820
23823
18039
58005
28076
22644
22283
17785
18589
10655
15258
36920
34377
21936
16871
24607
26712
22711
22720
21069
22123
31179
41103
30832
15056
19831
15812
29508
20066
22101
30411
19796
13517
20415
19660
15185
16281
28848
16858
30906
27860
23054
24525
32825
13000
45169
33045
48851
43516
18299
28110
19217
13890
36280
32037
15206
30486
27835
17977
19221
13979
30398
21345
23243
14635
25106
23740
30748
16150
11153
31226
34780
21526
15676
24540
27169
20027
21049
18362
21779
19968
16602
32829
23280
37767
24654
20271
31424
28349
33885
23137
20581
31317
51487
17885
15397
27731
14951
20334
19328
26909
20222
21616
20967
19632
16110
12151
25282
18189
23086
37763
13451
20341
24622
30011
28943
14239
23078
18739
15332
17640
42466
27205
22704
38844
24991
33846
30164
23503
16779
14112
18069
24959
64247
19388
14408
22892
18521
11633
23261
27041
23912
49458
43189
27324
19153
14110
16193
19882
30482
17687
19312
31140
43751
18044
19515
12331
13491
25459
13062
18407
27720
18789
19646
25556
22147
16402
21347
18674
21208
20178
11662
21283
21991
18360
20750
27235
25403
23339
25769
17968
16417
27583
28598
15834
23121
28835
19321
44955
21493
22311
25416
56292
54345
35076
27789
18150
20863
22409
18716
16873
16747
23498
15546
19077
18979
24185
23203
30631
22578
25043
20499
10932
26334
25696
30898
21374
23038
11487
26349
33989
50172
54257
22569
22227
45077
28399
17104
20176
42791
17043
14830
18941
14884
34247
25943
24329
16548
21765
18418
24478
24236
26822
28169
26840
18113
31259
17749
17815
27851
42833
15612
32190
54049
25537
26131
39734
17296
18065
14701
14803
15043
10748
28612
18444
19265
12701
19498
17371
22284
23522
15367
19631
28424
44992
29276
36539
33839
28662
24297
21792
22966
19166
33123
22961
25560
22697
33676
14435
18346
22840
25034
17779
16893
21275
16989
26654
26013
23735
34629
26287
20820
18582
25451
23262
16962
15101
30367
25368
22962
25796
16132
21227
15624
21860
17300
20520
22143
21102
18336
25277
25377
38531
15301
27614
16923
48728
11384
22480
25228
26202
21924
36586
19172
24076
46334
32280
24581
45539
14756
19985
34229
28279
16509
20475
40409
45687
25416
21289
36609
18000
14867
29408
22377
15219
18741
17532
20846
43492
13993
17109
26378
24502
17461
33372
14217
17331
26772
15316
15328
26329
29116
25102
25264
36403
20628
17268
17524
15888
19167
53225
10429
27368
14254
23416
12964
10254
22291
24186
21806
16570
21247
31643
16764
21685
13211
21641
21259
18309
19882
15584
15338
29236
19718
31184
22832
26056
18872
21417
32237
32355
24956
30885
25107
25600
20018
23460
20656
23724
16470
33044
52178
28278
25728
26811
16291
27017
35154
22471
22616
23315
14710
14797
18077
23485
16976
29850
45183
18807
25520
28206
31053
27055
35430
18694
17321
20671
25164
24587
28597
41283
45517
23113
30713
20182
11960
24722
17818
21023
18116
19387
20691
20865
28875
14108
19757
22342
21041
30972
24227
14748
25020
27605
18391
35856
12260
22751
21504
23631
31576
20191
28511
16762
18339
20879
20724
20656
28287
32299
27005
22649
34809
29435
11763
17774
23314
17873
25804
26600
24949
18280
16914
15959
19544
25674
29595
30019
21254
22472
19624
18646
13906
16861
19326
16675
24500
19275
22429
25570
20919
14731
16386
13888
23607
14179
13360
31178
34362
24321
24283
23596
13191
14140
20994
25999
26491
13582
25385
30197
18644
22443
24165
24482
23201
15323
29603
23633
26338
14622
27019
37001
25752
26174
25579
24801
20785
18493
23135
23770
32889
21213
24989
36545
31164
16568
34213
18750
26549
12146
18015
35988
23255
14743
35052
17265
48918
29532
18160
25395
24106
24968
21618
16608
19583
16378
22399
18991
28117
13724
15655
19846
31910
37796
22468
21755
12827
23318
29388
16929
22997
29766
31887
30153
49920
66219
22019
21813
28800
15041
27482
26482
14743
20809
15034
29299
24510
21674
17183
34135
30543
26939
11699
20159
17797
20307
18351
19518
21165
21141
16031
22571
11057
21092
13420
38438
16458
24354
23977
11019
31724
66687
19681
16509
14374
21831
36252
37942
19689
21838
25186
21589
16122
21611
30435
18833
22072
22584
20447
30679
19095
18842
16260
19685
20241
22024
11281
29113
23725
26677
32711
20771
22723
27263
14729
18893
16801
12661
35507
28976
33263
42200
22228
23604
14892
10823
25888
25490
32110
19881
24309
18252
15866
26201
20796
17033
28525
14890
10695
14770
19070
19755
25519
34956
15081
17318
44023
23334
25735
20151
15129
19420
17008
28113
9166
23638
26374
16218
19383
34736
14686
18384
13286
45853
16330
14786
20394
12694
15853
14775
21213
23417
26128
26216
43149
28881
25403
33741
30706
22809
13501
19222
14843
13832
21336
19880
22590
21621
23242
36792
25521
12331
19471
21913
21569
12484
33203
10176
25007
11951
26911
25800
24284
22380
21278
32844
26617
28267
14934
27786
21004
19508
31983
17513
19498
34175
19292
41798
20635
26667
11073
19175
17944
27664
16282
28576
20122
22040
25877
24641
15625
19732
24333
31150
34234
16454
18809
30778
22840
19262
36339
39132
16938
20694
16510
17072
18152
31071
28729
39014
29625
9785
16277
13313
18312
19414
17755
23817
15800
19705
19779
21952
10754
26585
12206
33810
13440
15697
27103
14702
12163
24973
10186
17959
17252
27087
29584
21406
17876
45200
27860
29745
23520
25982
21199
35101
12199
25445
18575
26800
15597
21377
33078
18314
33483
33503
19500
37407
38120
25811
54300
22212
39880
51843
76465
42979
30528
22393
23295
27489
35559
25220
20876
35657
21044
19670
39840
19240
15424
19262
34319
16358
24061
18911
22116
17758
22772
23371
17699
16884
30810
18129
21239
36440
26762
30089
24362
18194
35258
20517
23119
16413
22287
25400
15963
18987
27919
18660
25970
20300
23130
16212
24708
19091
20871
16028
11738
20575
25634
35619
38975
27800
30372
18366
22863
21046
18609
47883
19268
23762
12412
22485
25591
23967
16119
18095
27759
17363
22319
20764
38619
25592
31670
19365
16138
21038
12383
16634
15651
21785
44256
19195
18942
24084
10482
33144
36320
22997
14265
18320
14724
32056
42488
22932
21200
36253
48101
31234
12999
10901
17274
20723
30991
15301
41931
23204
21720
19999
35831
36044
35655
15912
26771
12715
31258
17622
23989
18192
34689
30985
30138
51025
56814
14878
39631
22884
28145
33525
53220
15333
19016
23501
28078
18026
25485
22073
13042
15642
20961
19189
32947
16436
19850
21866
22713
20405
19844
16717
24909
22087
18308
16896
24634
16974
12914
26230
34460
20624
50554
28795
27585
22047
24582
24035
24059
27262
25530
20018
27241
32106
24114
15389
22224
39974
14693
25199
20666
18705
22341
15835
21524
27900
22145
21265
16698
19587
25401
31235
21095
26349
22591
13985
18416
29442
30451
29553
26342
23589
19056
38231
18889
13668
22166
20510
24383
45603
37498
20176
23530
24539
29516
16171
47116
26009
23907
17213
16275
26728
31520
14254
24244
26855
11640
19851
26986
21320
24408
37294
36349
14735
22053
13946
15012
18246
23962
17782
26404
38064
20184
21122
36735
23144
24677
45374
35919
22329
37849
31297
33073
45243
22142
27589
17064
34266
12141
19799
11617
18193
19235
24992
23906
19558
19423
26084
20251
17516
17554
26955
16809
15058
12650
16863
19986
17937
17587
26326
22963
58165
41033
20688
21364
24917
25819
28820
35517
30383
18759
17160
23164
28645
32712
18320
26389
47486
20719
17334
17001
19522
23646
23840
19057
14589
18927
15600
21989
15935
15185
25176
38026
48966
40510
61495
64949
17034
23945
35023
20093
9523
13959
16181
20056
17456
20629
18166
20132
23695
24739
27486
17762
15068
16805
20176
30825
20124
24152
17289
25700
24678
20273
18385
19146
23661
37006
15812
22125
11200
16579
28647
19514
33297
45694
24798
35093
43992
33662
34815
17248
24083
20167
15181
29418
14878
21666
21762
45102
21105
13133
23544
23514
32588
21424
27151
20913
24127
16976
21724
13576
23144
49247
21642
23090
39118
14077
16143
17287
14301
26218
22552
17176
36553
23578
27182
23075
17043
26116
23039
18835
8989
26056
26441
12979
12372
19787
15422
19498
12213
14828
32827
27577
19904
39520
10503
23039
27927
20357
39667
13913
23121
25266
15987
26630
13638
19873
11515
14962
13339
18119
17798
16376
20976
20791
18773
18709
21463
18045
33563
23445
30462
14787
15978
20947
19620
16945
13779
13356
21273
33152
12484
22402
20564
24408
37431
22697
29910
33989
17350
12292
14433
14099
11271
13967
21785
21643
17734
24268
11158
24959
22820
10941
23947
18106
19630
29495
40565
59560
22771
20884
19058
23905
38455
19805
20459
39374
16141
23450
9426
26741
20847
14419
52130
25712
26449
18048
30992
13588
23604
27715
16800
11218
19134
40897
17542
13919
14111
35677
48435
36638
36641
55417
12866
16658
16846
21881
18029
19615
20988
22768
12965
16234
18789
28199
19951
28051
20397
22820
32571
23320
20027
23517
20367
25085
22903
28100
46297
22087
28861
22346
26455
38201
18209
21466
35375
17492
27156
20245
23208
31657
27517
16651
25578
19944
31568
33776
19060
21936
20871
43940
18090
22148
20859
21515
10181
19535
17917
16094
17474
17917
27667
19991
25023
46112
15048
16487
36702
18250
16124
22704
19430
21228
22337
41596
18057
17930
12584
16911
17641
27175
29146
18093
12090
19339
30409
40671
22798
26735
22737
22070
27416
14920
20244
38146
21814
21285
22612
20328
25713
13153
19878
29149
17014
21918
20549
22698
22242
11884
21448
24235
22382
36645
34198
18711
22225
42719
29730
15709
23135
25008
17204
21095
21585
30134
28718
16429
26934
30087
29921
16621
12650
20157
24996
22978
19157
13931
19321
15531
17789
26502
28933
24941
15089
21576
21645
35406
19039
20682
27326
18269
16935
15973
30657
20621
19582
20063
19429
32298
14778
30707
39489
17719
18753
14816
16911
25932
16885
46816
29216
21754
14415
22830
10375
29381
18653
20497
27224
29351
20592
13483
17878
24611
19998
22477
17556
18983
18103
17012
22818
16816
22773
20298
15644
13068
18140
25618
29825
31092
44481
19631
41435
62468
16367
16157
18408
12158
23071
27730
48205
15292
14826
21641
15668
24255
15747
18255
19349
26217
35411
26329
29592
26055
45002
31583
29086
10659
20147
14712
23117
11726
27529
13392
13168
16939
23391
27809
34528
18395
21510
19520
51609
27332
24008
24002
16704
18188
14929
23097
31118
15939
12251
32098
22477
24554
33048
16979
22394
23808
13265
20156
14627
44556
74220
17624
40998
27975
18221
18158
21300
24922
24913
26263
11940
21528
22683
15992
14321
11447
31184
34698
23578
31158
21234
26336
20114
22601
15058
13774
30623
18311
26065
29337
26184
22259
22693
25738
34644
29434
12939
17639
26123
17274
20792
18354
23528
14603
16987
23254
19201
17735
28037
22775
10476
41784
59674
27641
20708
18478
15735
38178
15380
27436
57174
33823
34294
22739
19155
26879
15684
41545
15877
30856
27890
59340
17047
14825
20344
15979
18662
21722
49111
37609
15931
13607
31768
14910
38568
15472
26548
53902
52760
44020
25197
59063
21505
21512
22259
20342
38559
14504
12340
24474
25359
28732
15992
42056
22279
43181
73832
132837
28530
50724
25629
80009
140235
17235
34704
36017
230027
35408
315699
123876
66056
72695
487009
67554
72203
515279
13608
16120
479690
373650
14664
335798
38708
34283
40948
20909
24780
31585
28559
52836
18910
18553
24526
26080
42021
24470
34293
36575
25149
11844
31594
33968
22977
26493
23153
32574
33577
54031
49674
30233
23781
26181
41201
39658
25084
16421
22858
35530
15455
25204
11689
19272
36729
18932
29285
33263
22689
35059
10827
27097
18663
22826
49528
43189
20391
21209
26369
12741
21193
13365
27296
15096
56746
29017
61627
20324
23715
40354
38285
36735
17443
31026
26642
29546
40982
32225
16031
12895
20701
19060
14686
12293
11025
18174
19220
20029
16624
16570
22748
19525
24029
11475
16310
19627
12953
29860
23454
20178
26416
27709
18887
14039
15856
31846
21279
27503
30235
16622
21024
26351
29324
21685
19777
19280
15393
17145
37287
20964
11035
28548
38391
25620
22493
28626
18276
15737
17428
18495
25014
26444
28678
16985
16192
24651
17406
29969
31036
23510
52033
11562
16967
20231
16975
21356
21175
19815
23435
40095
23211
40118
50056
22626
27265
20282
23590
20190
47929
26700
28351
19369
18526
17891
52481
22675
22277
13440
19469
19986
37718
14808
16505
21755
25339
23553
16063
14758
16248
19056
19443
21748
25998
30969
36652
20871
11598
18408
19784
23786
17711
31883
26343
17092
26128
20150
21414
21886
24804
19766
18147
17573
22576
19289
20697
28988
49146
16776
21040
23961
27946
19751
19977
15097
23193
40560
16778
27095
32393
58155
75762
27247
11342
37274
37832
25089
31017
30435
16072
23489
17604
18617
18565
18022
12982
23433
17018
26062
25788
27455
19380
34229
21575
21913
20108
24693
36608
18756
20525
35911
42067
16537
23033
19224
53155
26694
24841
21739
30086
21552
17153
11604
20402
21847
14440
19656
30948
27496
18554
35569
15235
22242
32428
35140
54383
51490
19542
29285
18315
35095
26960
19063
15840
21899
24424
27204
22637
66472
80997
26122
18103
28569
32100
32770
20026
24673
36674
27665
46384
24157
18603
15373
21682
16562
32002
13218
25040
21027
36834
31586
40624
15339
31835
20892
15026
14928
32163
45515
19023
31341
33482
45073
22114
20837
13553
18960
22413
34496
43650
43595
15983
17856
24367
13646
22054
16947
15056
13671
16221
32532
40773
19639
18132
21373
57666
78108
20009
27546
19287
14251
35996
23103
12813
19996
15234
21880
24800
16283
20997
17098
17437
17474
18775
20379
29514
36458
38860
15453
12069
18174
33040
31772
21274
21212
22592
61948
21974
19646
20315
32344
46478
22739
22431
30456
42171
37999
55586
44541
28059
34988
40584
79225
34770
59444
41899
23008
25939
23892
19835
19712
11654
24152
46007
35994
46299
23720
21042
16867
21415
33652
31485
20473
15663
14338
31735
20228
34694
22934
18525
27956
18158
33348
56887
20497
19647
16451
18683
15504
19977
21735
21480
35502
20210
20691
17654
11649
20238
59999
19160
18745
25756
12929
29037
18918
17635
17341
15864
27427
34957
24072
18471
23576
17343
22852
10088
26783
19589
21262
28342
19565
15032
35717
22901
17267
13991
24181
18152
23763
24363
21447
34640
23698
35986
59059
13044
24378
34353
8835
20878
21500
43475
39799
36287
20653
22921
40397
52724
20598
20927
21946
29032
19474
14294
33366
30871
16700
15987
29978
16163
15307
14687
25307
18248
18813
22740
20278
30769
20438
21042
18640
12758
16228
16284
22304
11012
18548
27143
17337
26061
23538
21979
20043
34822
17155
20178
12891
13955
26682
22139
26963
28463
24374
34554
40600
19171
18329
26338
45433
29000
33231
33062
63040
16610
18477
26678
28547
17178
22389
24728
50274
62573
31444
73405
64859
20004
11864
33252
13005
32145
50010
44480
19438
18142
21769
26158
39367
31740
19255
25846
34593
69792
63507
21814
43702
17406
24409
22403
36199
25909
18046
24017
35060
69477
65995
62018
28117
20333
17213
21840
23755
11016
47053
42469
33138
12919
30692
24897
28663
22033
18370
60324
79012
41750
21207
26641
13357
22257
10865
22444
24883
21824
23317
20591
15130
14648
19622
19729
30858
10776
26164
24133
31155
21294
16584
15098
17734
26912
15435
14793
28184
41412
24005
23838
51285
15479
34272
33345
22449
36369
25075
23011
20064
22977
17776
13276
19907
14417
22258
15122
16497
20930
16159
23174
15521
12274
24284
34224
16962
12733
27087
20070
30817
16011
22004
18190
24207
24505
24164
25758
27186
26650
28253
17735
21155
28466
33840
15285
27045
19912
21836
21830
27357
16910
16192
20812
45809
29563
27352
21624
24248
24295
33330
24980
21944
16192
23825
17169
14157
30798
32135
22428
12654
26220
18666
13983
59102
23213
22291
22581
31016
29364
14476
17705
24964
26599
16442
20469
22027
25333
22547
16827
10981
33046
19803
25339
21015
18236
12213
26884
41381
31016
24503
27858
21049
19920
19230
19454
16691
16983
17549
20628
20474
22257
40833
21804
13490
19462
31034
19414
21906
10831
10981
15080
45783
22985
21201
25850
21176
26431
14772
17900
20165
18925
23894
23751
20918
29633
32391
18757
25837
21109
15790
21119
20119
22187
17030
16728
28030
15356
17104
21792
24262
14734
22303
14971
29777
20451
33600
48450
25416
25946
26816
20762
29162
13920
17042
32144
47243
34871
43889
19297
24614
36370
14145
24018
14475
33282
18006
21909
27349
22612
15362
18684
27310
17550
21259
18944
25330
28613
19701
17635
10571
28233
20869
20373
21441
21431
24910
22370
20392
34733
13097
15896
28910
48538
16177
26768
32948
27002
12834
16582
23238
23057
15543
21512
19644
14092
19327
11829
20384
65505
10706
40635
17342
20864
25298
18665
15705
16026
23000
12851
13315
20747
17289
29566
30946
22567
31417
19657
17470
16540
21917
26547
15675
32283
14187
14413
32038
25542
23450
24985
19291
14059
21467
23521
15677
19294
32985
45772
31142
10238
20124
16158
21999
27734
12841
24862
27056
31352
40679
44654
32280
22365
38273
15971
17978
21239
26626
16952
17358
18086
19572
37672
42028
20265
40188
19709
20401
22310
20582
20575
23340
15650
44161
22682
25213
19337
14855
19532
19412
13755
20477
22615
63205
25668
21161
21150
12493
21053
16876
16423
14322
17014
24665
14721
35570
27388
21086
12605
20347
29718
28466
21760
22175
27440
23686
46263
19026
22428
23077
16077
17553
19859
30811
25331
23501
19576
29840
21534
20461
29864
23052
27144
52094
15970
20975
28356
12743
13189
17638
29287
21730
18269
13551
15373
22599
26061
30328
16977
13504
22882
23439
18434
18569
19139
13747
25934
20683
21043
18799
18510
15257
22337
16618
20823
27097
33958
24518
13731
10752
20218
19565
14626
17995
29196
33040
24591
20393
24460
33610
25301
15415
18654
30899
28432
18649
16612
12621
16722
29713
21307
19070
21845
11995
22616
21433
41591
68740
19182
15756
11664
22935
22637
18693
29265
46638
14030
20823
25505
17913
13977
18287
22604
15705
27475
26424
12523
32118
29422
24024
21230
23509
13363
24887
16235
23535
9741
18939
14087
36611
24799
26978
19735
39295
16678
15184
23272
16451
16545
20367
16986
16845
31380
14345
17782
21523
23184
19647
30276
30973
20994
26276
47022
38097
25211
53248
43327
12453
41113
15912
25342
33732
23946
20802
20058
24670
22278
17863
16754
28676
22617
12457
19479
18992
18201
12352
28671
22640
44740
35024
32087
18585
16347
23539
22517
15692
16523
29436
30107
17842
29515
24607
57125
16336
17120
22371
16683
18760
23492
15407
19144
26374
15168
15855
34241
15051
30457
19813
29866
23263
16923
23105
18220
35522
18888
21790
21241
19036
17346
25535
38651
15170
23589
16881
22016
30619
15614
16976
12462
18807
18501
22704
15947
18388
19325
22742
27117
34646
28989
29281
47691
46517
73775
39620
18064
24034
30461
15773
24044
19287
23073
24604
16852
23694
31095
33305
22786
28239
24496
21652
13837
17293
22936
23298
19243
35479
32056
22919
21150
30188
16181
20009
28121
42275
21121
16402
30757
23562
34498
16678
18587
21328
23391
11647
27632
13359
35247
20640
26804
25239
25307
29146
18784
20685
17948
30736
14817
19575
18141
25054
21886
22061
20902
22000
22960
25828
24198
22921
19549
28982
18064
34747
17195
23216
28099
39149
23098
18451
19790
17153
29194
20413
33678
26227
27569
34825
37218
43632
13869
22492
18832
20748
21538
28467
30783
13688
29980
21440
26135
17102
31730
20378
14831
19126
22414
27808
25523
40504
44382
22299
17720
19949
18070
23315
27564
20767
19575
25772
22929
18580
12390
10831
20860
34743
20882
17030
14343
24925
15941
21366
22271
36244
15894
41255
45809
40314
58729
22833
27778
29386
27519
20309
26335
10929
10239
29859
40202
28302
22665
35605
13971
23369
35431
18713
23222
25999
15392
21827
19927
17293
19346
19616
22810
19261
15274
26678
14929
27329
15904
25505
22308
12964
21431
12476
20010
19297
20511
10924
20692
22358
21657
23178
15792
18932
27669
11652
14850
39544
29434
18500
15937
34184
16949
25220
23591
23296
18736
24139
22337
30473
22407
12605
14612
17730
24006
22658
19229
16895
13085
29431
32465
21597
18508
21561
20167
31219
22894
22978
20699
20187
16879
20450
18819
52301
41186
37302
21972
14881
18023
25579
19489
35094
24465
43962
14395
17185
20193
28727
17198
19697
15401
25208
26258
22638
15452
17626
33723
24025
11744
22837
17705
10603
17759
36176
29277
16221
26956
17419
27941
18846
20255
12640
16943
29293
16541
15602
17866
19434
18545
24662
43660
29830
17277
19814
31093
21136
11469
18542
17326
23021
23490
19519
17660
20735
17904
24540
21138
22767
17319
19507
23271
15320
27317
29112
29665
15330
17407
16711
16171
26638
23259
25230
34508
24310
28733
19199
19891
38155
21186
16897
22728
18294
35484
24080
23194
48097
23270
14314
27274
20311
20214
31270
15283
18466
24704
24614
16062
38473
37273
19936
20260
23472
20567
24099
15446
24433
15774
34679
30811
17154
12191
21900
26466
18739
20489
21844
28396
17039
21765
14330
20480
17011
22120
40966
46107
56166
