20940
14730
20468
18963
15090
13492
16201
14633
16321
15973
20359
14164
14759
14811
13883
14258
17309
30321
16425
23287
18606
20679
14663
13975
15685
15336
15081
24527
15345
13480
19246
14813
20791
16932
14359
14675
19094
24021
16668
18139
15641
26604
17516
15987
17633
13627
20243
17945
13908
23769
16431
22725
27145
40247
22460
23747
23951
14800
18541
14246
16708
16837
17232
17975
14543
13237
18171
17668
21546
16717
15431
24560
29052
14380
15267
17024
15454
23808
23747
15723
20383
28112
16391
14485
14563
14905
17533
15378
14336
14085
14225
15758
14097
22194
15845
13756
18355
29038
17937
13972
15785
16220
17001
17479
13597
15675
19181
15947
19161
14626
14556
19238
14681
16439
19091
19442
18606
16822
19431
26779
13309
18198
14987
21860
15155
21674
19737
14919
14398
15396
17585
19427
15120
26860
19700
34975
49391
14613
13693
15914
34178
16875
22517
22507
13229
14592
15997
14557
15141
17085
12185
13888
25425
16589
15218
17885
14694
16258
15180
27306
22380
14615
13789
15543
14831
17014
17831
15982
14050
20023
13792
22544
21533
35069
12776
13647
14677
21003
25575
14434
14237
15689
14327
16856
13714
16536
15147
16366
15600
21288
15692
17604
16074
16573
15138
15617
14093
18975
35578
13626
15866
18459
13193
22033
14198
20809
15723
35025
19317
14315
25390
13115
16279
13950
14289
15213
14109
21925
30047
27770
23432
17668
17146
15909
14623
14089
26807
21507
17314
15903
14168
25789
13812
13978
14472
31012
16496
22331
27769
15568
16124
17257
15011
13950
15390
18283
24836
21936
15255
18507
14300
13089
17188
46301
53587
14407
15965
15229
14985
15513
14037
22521
16317
16638
16946
19488
18958
20432
15509
18163
13580
13021
14268
17469
26367
14274
23355
17860
21500
17804
13407
14497
29209
13042
15674
14843
28312
26481
13877
13860
17748
14101
18693
14771
15973
15910
15779
20328
15961
21084
15580
14030
16143
19457
19952
19687
13924
23420
16427
14312
17216
18062
14752
15451
13630
13747
14632
19340
19604
14211
12982
14590
19532
22922
21324
20986
15067
16553
15979
15977
15580
15790
16191
15929
23802
18983
16028
14694
22080
15673
14656
18454
16449
19827
16612
14472
21326
14979
17215
16316
14611
15815
14452
56073
15189
13868
23094
15511
18275
14719
15399
18720
13448
15061
15053
17516
34758
16572
30540
15074
18741
20872
14320
17836
15302
17544
16492
19507
15660
20382
15606
15601
17192
15194
27750
16239
16643
17045
21077
21572
14879
13150
21546
19645
17165
21010
16042
18267
17898
16907
16139
34526
35457
15702
18140
16997
14871
16316
16336
18795
13939
20094
15292
13411
25097
16166
13577
17074
22610
18117
17882
23570
20049
25000
24531
16887
15560
25249
17250
13764
13464
16472
17312
16331
16134
17140
18393
14388
28319
22392
18782
22416
15065
16401
17120
16976
19467
32681
16474
14718
15970
21963
15029
15297
13850
19085
15970
15918
14800
18771
14638
27079
15338
14626
19352
32895
45212
18822
17922
14476
17867
17036
17717
14254
23069
19658
28124
23787
38283
21081
14418
24216
16313
16018
19450
17540
20471
15536
18660
13244
14609
18565
12830
17608
23271
13998
17770
21219
19932
13901
15762
15148
16106
14522
13927
21571
17670
13482
15052
14965
12923
15167
19790
14739
18820
16553
15375
17281
16859
17881
17038
19118
19615
19557
15107
20522
15224
14759
14870
28899
28481
22616
19062
14575
14086
17831
16623
23243
15005
25055
14041
15377
14333
15491
14418
13620
16823
23882
17819
22783
18731
13103
15750
17114
41367
14793
13852
38904
15849
15293
15466
15265
22439
15093
15530
16540
18848
14417
18096
15263
16065
15760
17083
13913
14707
15060
25969
34150
32725
19602
20144
21176
14453
15326
15894
15489
13045
26103
14363
17732
14633
16215
27070
15393
14181
22751
17930
12925
20845
15300
13542
14436
25526
14470
16959
17513
13312
15274
16285
14069
15915
15564
14861
20991
22158
18538
22040
14232
14372
14293
32031
14055
17912
15785
17829
18581
17066
20835
22778
14630
15894
14100
17225
14789
17779
15548
16175
15953
15193
16386
15146
15296
22459
34392
17394
13493
15321
12504
22868
14687
20855
16363
15558
15427
14401
15628
15104
20103
15646
19011
18373
13197
15408
19452
33917
16954
15937
23985
20389
17668
13930
16996
16227
14799
18341
14638
14260
14167
15691
18856
18319
14462
14753
16157
22629
19818
16712
24668
15499
14949
16574
13197
13803
16673
15652
18701
15328
14752
15169
13562
15314
15720
15740
35252
18372
14994
17349
19477
17974
13304
18371
27871
18804
14327
16468
14379
13655
23071
17588
13730
13953
17111
18901
16214
14205
41816
23441
14473
17143
14340
43803
14219
15840
17714
23473
16822
15304
14538
17459
14922
14141
15981
18071
13999
14117
16959
17093
30845
14454
15608
19717
16854
21027
23810
18118
13793
15156
17964
16813
17032
17180
16376
15180
16456
29445
18343
39541
18309
15684
19152
14628
18810
37183
17512
37260
15243
14824
15884
17069
27337
19765
19228
17412
18465
15200
18590
24583
23008
20440
21698
20092
20546
27205
17005
16731
19554
15722
20065
16788
19242
14354
15113
20603
14026
33281
16784
17313
21198
15460
14106
14881
15992
15268
18419
14919
15104
21789
18241
14819
13658
22631
22915
16978
15659
26994
16194
16599
22808
32394
16666
14845
15133
13888
17259
19271
14745
14314
15775
14760
17858
24635
21573
14535
14367
13298
13819
23660
24252
18666
18360
13494
12817
14357
15181
16460
14821
18057
17479
18256
14544
24293
16536
19771
15424
23532
24419
34237
17348
12806
16836
39966
15221
20867
16988
17338
14915
16985
16893
20392
16238
16658
14061
22782
17311
24662
14441
26023
22143
14258
15985
38062
18883
16755
15797
17928
16275
13926
16314
14394
12055
21379
17950
14720
16299
14928
16560
19020
16537
16187
14631
15890
15021
18970
13465
15180
16904
13750
18601
14899
16647
18034
13241
15289
16267
22376
15216
16098
15595
18996
15804
19000
13704
13977
20346
17133
13297
13344
19285
14183
15043
16980
14569
14876
25015
20565
16734
13350
13456
14195
15391
25981
16270
16182
13674
15315
26207
16609
14138
12379
14556
14859
15341
20915
44795
17928
14368
12921
18031
13217
13396
14167
15435
13139
13220
20989
13713
19495
13722
14763
13706
14007
14378
17222
17804
19154
14597
16314
13942
16003
13111
21953
14448
26000
17257
17107
16487
20706
16040
25600
17289
13113
28872
20829
15292
34653
18209
21086
15814
17827
14500
17948
21375
23708
14477
13203
20784
16373
30661
24525
21141
14389
19255
16100
25523
14598
13588
17688
15546
13939
14720
12245
15632
14983
18415
13598
13866
14395
14684
20009
15262
15942
14176
14460
18568
14195
15716
13638
31775
16519
13708
20471
14125
18104
13142
14773
15284
20865
25913
14743
13929
15318
13980
14716
14933
15506
18502
14033
19453
22994
13994
13874
17935
14279
15178
16762
17400
18724
20313
19621
19930
20727
14066
22089
15248
15793
17219
13012
22247
12745
15510
16912
16384
14376
15874
18351
17948
23675
18935
15342
14863
13570
13974
13892
13256
27580
15152
49528
18080
14759
19913
18490
17734
15407
21088
14705
14375
14506
17321
13698
13563
14398
21704
19965
15739
15363
16922
17617
15777
13738
16070
13462
15851
12349
17366
19535
15235
46228
18677
16844
12608
14095
14516
19587
19235
14483
17072
20539
23675
14180
14171
23896
16456
18057
15684
15647
19233
19602
14396
16217
19973
15060
22596
18076
22877
18444
14207
16541
13710
16858
14603
19221
26693
19178
13686
15801
14882
21609
16286
13318
14663
17913
15115
15377
14261
12993
24153
32278
32302
16488
13916
28463
41891
14729
17557
19896
15424
17781
15359
20012
14553
14976
14792
14129
13948
12777
19524
12993
19255
33497
14599
13689
16397
15001
13345
14158
14028
21766
23520
14343
17248
18424
25960
28467
14700
13761
15707
14691
22048
49058
46747
17306
15500
17404
14379
16441
19690
16984
19818
14893
17697
27190
15097
13663
13491
24791
14188
16721
15344
14137
13139
17646
15443
16071
15612
29650
20393
13838
19100
17175
27768
27673
17401
16575
14054
25739
14129
13665
17005
29176
15539
24354
14699
13778
18178
15855
14406
15335
16802
18110
13700
26780
31859
21706
15675
15275
15242
14391
17234
14807
14609
19715
15720
15226
27438
16663
17082
16637
14635
17057
18755
17654
15775
14892
14311
20842
16107
21782
22741
18925
19512
13869
13961
23310
30159
16766
13629
17873
14092
15360
15177
18407
16426
13576
14468
18721
13827
14549
25261
14226
20149
14317
14487
14046
15705
22608
13984
16432
15057
17081
17056
14977
20857
22555
27660
15846
23209
22126
14333
12914
43608
22496
18849
17119
26217
14887
16299
26380
15028
18485
24146
15618
13109
17193
16343
14397
17134
22451
35384
20789
16432
17117
18487
19173
17035
18850
19811
14901
14794
12636
14093
20581
15798
14719
28400
18682
16156
20343
13402
13784
15477
14165
13648
27896
13786
13985
13612
24576
19545
18519
20543
17021
17177
14964
20305
13494
15478
24394
34749
33820
21689
17978
15571
13324
13752
12865
14973
14000
14494
14072
21437
27408
13314
28697
16718
17012
18685
14170
14236
20468
13966
17427
17493
15589
17486
14313
15510
13835
13685
15053
13649
21578
29099
13164
17358
15631
20586
19983
18015
14264
18184
16436
17181
20534
14595
14717
14998
14450
16629
13538
20685
23487
35900
13014
30720
22957
36975
13415
14076
14956
16825
13557
19764
15742
13902
17935
15008
14740
15159
16750
17626
13399
15832
24090
12893
19481
17487
19809
15261
12772
15095
15990
16423
18006
21128
17326
15154
13586
23489
19222
14145
14814
14532
13405
16473
16003
13734
17101
14622
34191
14082
12566
13121
25253
15206
18387
14207
18638
15375
15822
15874
32967
38348
14542
18407
17030
15489
18194
29371
13285
13989
17125
14916
17095
16412
21273
20112
17085
17615
25637
15126
14592
17193
13476
20740
13935
14041
13505
19557
18293
15686
18916
25105
38346
16874
14594
15297
19695
13701
16449
15826
13892
13979
13560
22700
14704
18349
18290
14014
15109
15638
30408
13782
14659
13527
16052
35338
17565
18630
15590
20143
16709
17754
17983
16162
16512
15460
15071
15015
17467
14987
18811
13701
18485
19149
15209
20806
23160
18041
17092
16885
13761
13687
14598
15794
27944
21547
17645
17271
14963
16749
13827
12744
13268
17718
22154
20649
13040
17908
16006
17080
18785
15079
14245
18395
15281
13682
15597
16132
20401
15806
16109
28525
14011
17018
14522
15319
15991
16656
19540
16375
19101
13965
14772
15726
15806
15711
16529
25265
32226
17435
17414
17340
18229
15512
15263
17413
15681
18089
13458
29021
18027
17998
30451
19471
23467
20233
18331
19870
20729
17023
14427
15541
20619
18160
14987
18440
15293
14244
16943
14478
16882
18216
17555
39575
13400
13672
15073
16794
14546
15413
15722
17415
19830
15506
21252
24802
36860
14284
15754
15076
18058
30349
17833
19236
15151
17554
23548
16199
14141
17012
16357
14589
14833
12760
14959
14453
15070
14605
14847
15245
18018
16399
13240
16188
14170
16262
19065
15695
18336
18473
16078
15501
20295
14307
15749
19357
17037
14955
13687
15348
15210
15443
14295
14756
24503
14165
16636
14366
22985
16908
18671
15217
19978
20269
15133
15542
13465
21507
14755
35118
16779
23953
13501
13974
17273
14671
24001
14323
18553
17788
13068
15638
14125
13962
17514
16358
18104
26718
21901
14257
17946
21884
20165
29909
13975
14883
15167
24693
20159
14388
20433
19285
15276
15787
14697
14563
12778
14934
17934
15099
14843
15485
16555
15087
13362
14646
15644
15864
18174
31712
17220
15238
15759
22155
16928
15272
18181
17248
18585
15785
17838
16262
15149
15313
23162
17434
14860
17309
14618
16473
15140
12987
26793
17879
16853
14099
14356
16488
19382
14510
25159
23630
16895
23774
20633
19201
15662
14484
13803
14283
23863
23113
19340
17700
15790
42035
15105
22027
17997
16875
15043
19746
20845
15835
16138
16833
22529
16171
19252
18013
16101
16510
15365
15455
16883
15106
15566
17226
14014
14418
13362
22427
26950
16717
21811
28188
16846
16361
23586
16495
16124
21648
14612
14363
14918
28177
15577
21916
18462
22023
18511
14742
15600
14376
20721
14318
14257
19200
19974
18141
16003
14267
14859
22381
41399
17633
14429
12451
16915
15461
16397
13696
16688
13540
21622
13686
17247
16897
12692
26780
14772
14571
14365
15638
14538
18832
14816
14629
14957
15541
14008
22228
14018
17683
17703
14264
18933
17023
19831
27183
31007
24948
17786
15354
15990
16516
13690
14751
19241
17014
16568
26313
26108
19793
19395
20574
13312
21731
18079
18512
16529
19880
14376
20936
37089
15119
17075
14523
14116
12503
15015
15059
13247
17202
22144
14690
20310
17714
26372
14322
18260
15294
17271
13348
20615
17786
16153
21010
15788
18265
18807
13741
15415
16360
46063
15233
20259
15423
15344
13940
17690
21273
21872
16360
24919
13787
14769
15055
13569
15260
16618
15840
17875
18905
22122
19262
17265
21073
14034
16191
14171
14161
19281
13836
15463
17180
15606
14462
13899
25311
13956
14884
13900
14978
12782
15814
20316
20079
19060
16503
13656
15561
22636
17375
15474
13715
13315
18991
16542
18601
20449
17844
14568
14530
13649
14008
15401
17434
14068
19637
21002
18811
17660
14728
14234
22632
16715
25007
15161
17487
14694
13436
12975
13154
16205
17678
13213
17820
12530
17781
14069
15117
17884
13683
27217
15385
21882
18150
18089
13485
14737
15135
16626
29271
16512
13620
27677
19362
14917
19829
15263
13835
36393
16083
28356
14454
20728
16468
14353
14949
15524
15276
14572
17212
13676
20259
18025
14240
21511
16783
13489
15376
14295
47050
14950
15505
16227
14699
14364
16123
16551
16396
13656
14644
14542
24060
18925
12739
14318
19885
15299
26430
17163
18435
19072
21804
18425
16834
16407
22645
16299
18034
63529
74139
38683
14623
17769
19221
14296
16871
13196
28998
35973
19171
19698
15113
13482
15366
15487
15004
16475
20357
14945
28229
14288
15087
14922
18224
21992
17045
17248
15408
21036
15563
15033
16309
15261
14287
15711
16076
15744
16508
24323
15803
16107
21690
16446
14275
15073
19966
21536
14660
21324
13975
18982
14739
14060
16290
23011
15050
13824
15772
20341
14410
26006
18149
16245
18023
17358
16114
23786
16113
21774
22389
13959
13937
18095
21264
25065
13890
16956
14891
16420
14281
13998
14929
15369
16939
21906
22740
18419
17121
21499
15627
16001
15506
20427
13884
16414
18633
17722
16672
13007
17612
13865
20127
17566
17141
19384
17922
14320
14507
17524
15161
14051
14711
15475
21818
20054
27056
18710
13895
14607
15169
14123
16767
14116
20932
18227
26115
26814
24592
13592
38238
14196
19229
14075
25246
16811
17496
17857
15230
16052
15962
28141
25985
219572
247388
17688
13454
13123
14665
24646
23491
19626
23503
26985
19101
20960
14257
17171
17203
14870
17466
13928
26318
35347
14682
16000
14850
22682
25430
17346
14693
16664
17777
16390
14645
15472
17109
24959
23050
21004
16166
17711
23728
20700
14809
14924
14933
17167
18958
17543
18391
20631
19305
14291
23098
16363
20566
16261
15582
17640
14110
17057
24355
14451
17723
15553
23187
19861
16127
13898
26431
19303
26408
22530
14788
15633
17914
15305
23688
18950
14349
20465
20354
15368
20602
16175
16796
14791
21893
16401
20739
15305
22225
20740
15778
16752
12939
14087
20398
13122
15445
15119
18006
15305
13081
20423
14825
33760
14508
14818
15747
15027
17532
21346
35583
18223
13354
12867
20252
18835
13431
14932
17944
16273
18432
15362
14043
14853
14736
15468
13990
27847
13364
15985
18114
16474
16038
29511
18368
25212
16756
15608
15566
15220
31018
17223
18980
14573
27023
19706
18972
13108
16182
15098
13532
15311
20084
16833
16124
13983
18874
14583
16866
16424
17714
16199
16675
16107
15828
15476
18905
15806
17092
23888
17258
15797
21866
17739
15968
17627
22880
36277
18216
15834
16780
13605
51356
13785
19239
20765
13951
19634
21114
14029
15896
17909
23491
14013
14788
13186
18493
15286
24018
14290
14055
20729
18462
21878
17212
18207
15249
18320
14103
15414
15606
18861
17426
13772
16223
16053
14939
31593
41729
14073
13700
13877
13779
19635
16699
15519
14542
16834
14653
13896
16083
19160
16665
15354
25851
16487
15874
14464
13416
16621
14038
18924
13588
16782
16082
24797
29143
17996
21534
16720
17744
14876
14428
17964
20123
20140
20258
12933
17523
13536
14944
15687
19758
19617
14716
16073
14916
16074
18487
21670
22021
37883
16131
33046
13648
28636
13149
17941
15203
21657
14656
19194
18452
14837
71058
18159
24549
15448
1038510
427555
351930
285877
13844
26164
14004
16520
15916
15635
14503
15360
22416
14719
15864
16407
20768
14702
19505
18926
23043
36418
17081
16579
30374
16944
15069
17235
15180
14715
20404
14723
14322
14016
24298
16076
17742
16032
14640
17236
25374
13927
24314
21538
36582
20069
19907
13592
15333
20867
24265
13427
18470
32066
14187
16019
17368
19168
37808
13350
15451
14687
14677
42427
42702
14344
13081
17565
12868
13692
12874
15876
29044
13892
16841
18335
18855
15140
21254
15261
15822
22728
21268
13298
18322
13300
16903
15015
15362
16715
17772
13448
15354
21190
12867
15112
19284
20022
17189
15108
14195
15651
13785
17214
20980
18996
15431
16461
17388
18907
15438
17728
12443
16750
17955
13474
28283
16314
27032
13433
15051
14859
18302
15711
16843
14102
25194
18092
13027
15818
17149
15482
16433
14908
33183
22569
13299
21645
27636
16771
17029
14581
16099
29309
15112
42396
14509
18105
21327
18595
16168
17294
21011
23982
14315
17646
17852
14177
25954
17180
18405
20934
16216
12954
18051
14539
15047
14491
14717
23302
12617
16310
13868
17195
14101
14311
17873
14954
15162
17578
19558
19992
18590
16112
14530
21170
16550
27779
15393
14332
24263
15003
14481
14889
15557
23708
27480
16821
17295
14632
15465
23246
13959
16838
13939
17095
18597
15768
14858
17020
17794
15081
18231
15186
13652
21006
13625
13721
19531
16863
14360
13862
14899
27662
19938
17708
15660
15515
29079
13710
12465
23781
34267
19711
14390
15415
13641
16922
15330
18279
18147
14850
13896
24555
16209
16782
16904
13661
24580
14480
14595
20396
14448
15639
21736
16881
15267
13502
16353
15646
14277
21245
15383
14485
17069
15683
13243
16463
13539
17236
19571
17312
15827
15657
15606
20948
28512
29905
37530
18150
21893
15581
22731
17412
15007
16540
13460
15699
18349
12502
15548
20472
13371
23395
22178
13154
13317
17958
12736
13626
17731
14525
14325
15791
15983
15387
16143
22750
13854
13120
15234
14932
17796
20065
15376
13987
14374
16629
26920
14062
14241
16259
14954
21026
19737
14062
25539
24644
18551
14267
22327
21710
15470
31977
15865
17704
17778
15991
17156
14606
15623
17955
25715
15261
14434
13850
14066
20129
13110
14187
14933
14920
14707
13739
15002
17737
22844
15987
15016
15526
14005
20492
14898
16156
15373
14384
19434
28901
29897
13206
33844
19369
13054
13423
18673
13277
22898
15522
16995
15701
15474
14403
13800
21020
18488
19461
19026
12945
19305
21514
18989
16388
15150
17726
17826
16362
14519
22586
20166
17516
19397
17608
14347
15473
16757
15121
15262
15131
13614
16183
15379
16992
35242
14059
13191
12706
14151
19283
14129
15685
22445
61010
14954
59983
19103
19087
15775
15314
14825
17166
13147
12649
21204
14647
19196
13254
14231
15518
14647
13680
17187
12522
13321
14428
22477
27524
24616
15321
22458
15690
16370
14742
14782
13949
12908
14226
15957
13866
28797
18939
13944
14263
16758
20263
21312
17456
15671
13882
17187
23706
14088
32017
14618
15370
16083
14654
13410
15546
19010
24066
15103
12057
14370
19073
17916
16419
19298
14161
15195
16642
16575
14632
23980
13903
16675
24930
30617
14211
14335
15711
14907
22146
15025
15538
16934
13925
20229
16645
19592
16366
20820
15759
17618
20108
15422
17185
15043
29185
16279
15304
23247
15689
17340
12758
14640
14572
18151
22097
16576
16516
12789
18342
15236
15311
17514
18772
15667
18656
14302
18928
13417
14203
28426
16152
13306
15739
15931
18972
19704
35202
20650
15401
18837
19457
18323
29727
17759
14337
28079
20252
15460
15380
15410
18363
15143
18055
24832
17505
15887
22400
16245
15670
15135
14189
18782
15791
23403
19254
22247
13717
14213
19683
15097
15476
15655
15006
14617
18347
13643
15431
13839
19444
16748
18464
26446
13569
22172
18977
27388
15622
16718
22851
19568
18166
14597
14639
13563
12752
14352
15636
14491
12362
15482
15327
14778
18321
20473
14099
15889
17199
13493
13233
19627
13199
15641
13592
12782
16181
16786
19462
14794
16511
15997
13779
13358
14330
14831
16663
15949
16512
16828
15119
17178
19594
28435
14758
15953
15151
16220
13504
13512
15200
14095
26775
13946
12766
19678
16735
14390
31039
16525
13755
14991
27361
13798
18916
21779
14567
15628
12951
15187
12412
13350
19588
13501
15695
14759
14174
17330
25183
22597
15029
17829
12855
16606
20667
26857
20353
16774
17220
17905
14019
18394
16738
13733
13279
15181
17907
15548
15040
19520
15967
15332
15197
17835
13460
15105
17700
20033
19632
19375
17820
13787
16566
25104
15788
14960
30207
24286
18333
16081
25267
21362
24879
18604
25017
16065
16821
15698
16893
22281
33341
24170
17690
15854
18855
14625
22446
16197
18114
20366
18238
13378
14537
16848
16507
21756
22054
19872
18341
17980
18987
17900
29122
13895
15452
17773
15464
15825
21902
15297
14969
24595
17712
14859
20088
18229
30270
17234
22486
15997
16127
15330
16077
14783
16425
19183
14621
15546
14156
22627
15016
16107
20297
15128
13430
23170
14604
15459
22954
16716
32713
12054
17557
19713
16130
21759
18423
14319
17517
14912
14295
12561
19069
16152
17651
15177
17867
221046
15317
16246
16217
13593
15361
19358
21213
15753
13818
15488
16429
16430
22120
15893
21174
15545
18528
15371
17390
13844
30449
19074
15221
19957
22962
21361
35823
17347
23197
18271
19288
13302
13203
17491
16597
19217
17360
13518
18889
13479
25140
17518
16172
15135
18634
13507
16088
16427
13780
18703
14045
24738
15910
20175
15136
19454
15529
15492
15975
15305
14916
17671
17669
15289
14872
19208
13167
24836
14437
15311
12769
28416
15582
14720
15579
18222
13774
15237
16030
17849
15812
22157
16573
17418
16493
13664
13949
20817
14837
15491
20253
27015
15508
15079
17348
16969
49334
17291
21917
15225
19918
13862
14231
15224
18569
24333
26342
18824
13987
49560
66038
21621
21168
13965
13001
13923
22429
24274
13495
14913
19993
14378
49490
19906
14307
14778
15086
14793
17071
14149
20044
17271
16136
19568
16361
39534
15822
18323
16375
15462
20895
18728
21492
16776
28183
15815
15857
19933
14387
19080
16429
14580
22368
20684
14379
21012
20110
17985
13906
17578
20229
21654
15552
23156
17664
12846
19594
23155
19563
15038
22575
17342
15969
21057
16968
17517
20172
14463
14121
19582
30656
19559
14209
14760
14708
16111
15620
16218
17641
13199
15388
17496
14696
17471
20931
38072
65771
16813
20208
19906
25279
14765
17273
13495
15148
15333
14332
14236
28145
13549
16700
16896
16443
70982
16244
20686
17336
15478
18071
26840
22794
14031
15381
15645
14166
17447
17805
14324
13562
15190
13436
16268
13922
13047
17212
14330
16087
17825
14479
13677
21242
23161
14374
16517
15594
22667
19068
24254
18539
19026
17934
14419
14491
14250
29212
14035
14568
16126
14124
15921
33753
24653
16665
18006
33456
14182
15063
20664
30368
16708
13841
18336
18683
15917
14471
14310
13299
15429
27794
15735
16347
21124
19284
14558
20766
16273
13966
14868
16050
13558
13213
13835
14116
13712
15959
15267
15513
17284
16162
13139
14125
15853
14717
15718
25039
15077
22374
15095
22228
18526
15093
16883
16742
22702
14723
17179
19095
15045
17482
22778
16618
16859
21037
20513
13327
18404
18491
17184
15409
15135
16010
17146
15308
14724
14400
18816
14697
14206
25784
15795
22588
15443
16141
17627
16981
19327
17666
14969
14914
15720
15958
17613
14945
22206
17117
15988
24336
13960
15343
29368
16783
13613
15998
22271
13447
12968
17314
22360
27082
12921
16118
18515
16237
19016
21870
20231
13897
18098
13902
28592
16076
17121
17656
13935
16273
15906
14626
17609
18095
15504
31812
13686
14675
18945
14801
16738
16035
12957
13627
19140
63821
16045
15556
19447
14950
14800
21602
41460
18499
17632
18541
15086
20992
54793
14231
17163
18357
14073
16608
15444
18613
18777
19387
21912
16738
15265
17483
14383
15856
14738
24056
14791
15881
15467
13546
18286
19999
17585
18971
17456
15314
14079
13869
14886
15994
20634
18586
18958
13429
15012
18961
16520
22897
22296
16660
14170
21309
20408
18222
16351
16325
26978
19451
19019
18348
15437
21818
15560
19736
18316
18783
24641
14997
16196
14174
15258
16014
19793
15367
16262
16680
19711
17829
20179
18065
19689
15487
14399
20385
17037
16900
19069
19439
14552
19933
16083
24135
32243
14372
15287
14554
17687
19520
13779
20216
14451
16232
26151
16013
16600
16919
14448
15157
25183
14908
26685
28845
15604
14514
27385
14197
17508
22005
16508
16843
15981
13153
16257
18539
19988
17813
14721
14367
14200
28943
21230
17866
15430
18148
19622
19528
14387
20047
21319
23908
16310
14886
19526
15197
16071
21870
17481
18557
15512
14974
23022
21297
14160
15173
17604
14313
16424
20763
20801
15471
21039
14184
15690
15466
21872
15475
24566
14469
13378
28921
24335
15354
14978
22586
46126
13738
34586
18720
15481
17356
22768
13308
15252
15483
21483
17181
14986
33972
19722
14875
13432
16915
15234
15047
16717
15504
16171
17086
45436
17108
20190
19844
22897
19316
12497
16789
16007
22372
18266
20848
25218
15356
16849
15641
15338
25107
18343
16089
15162
17400
15366
18621
14660
37161
52190
14189
27020
18756
24823
13921
15623
14757
14232
17121
14152
16616
24828
17966
43690
23985
19741
15319
20418
17294
15267
17474
16086
18346
24263
20559
16148
13196
19495
14494
23154
20189
18868
14947
23017
16118
16762
16212
23910
34961
14463
16653
17632
17431
20753
17288
13284
16940
18167
16351
17309
16149
31607
15288
28553
17695
15432
13930
15464
18021
18083
18864
37720
28069
16541
13388
27128
45032
15784
13983
25949
15512
19182
13170
19793
16840
17438
14362
14226
16097
14053
18308
22205
19526
14825
12677
14582
19595
23851
19337
18221
34864
19650
14128
25014
19600
14372
13807
15485
22693
22475
13660
17214
20081
31855
12961
14447
21138
15156
17887
18242
14334
17769
14989
15454
15690
13007
18753
15551
15569
12737
16662
15415
13201
13047
15072
14273
31436
15436
23470
14896
16527
14993
14565
24124
21899
15623
15532
14116
17631
16772
20721
14593
14313
19422
17919
17053
19104
26552
18191
20241
17738
14468
20226
15908
16183
21021
17363
15324
14710
16232
20513
14451
16546
18932
32945
15938
18556
25598
16201
18101
20668
17261
23430
27181
16822
32365
19448
13945
16485
21841
19895
14658
14315
14785
15328
13525
17996
24818
15110
21021
18817
15288
14653
16362
13228
15817
16451
16967
15018
16213
16010
18445
15656
16553
17953
27116
18224
14262
23946
16932
15046
13914
15784
16915
14158
16094
15510
14449
14953
25260
18616
15660
16749
24065
14117
15390
16036
17722
236174
190930
16611
13897
14780
14701
21684
17882
13315
15771
14565
19907
14620
17474
15954
16365
17021
17624
13960
14206
14068
14967
14356
14491
15155
17626
16492
16561
16108
34909
14501
13306
24191
12087
20773
16029
17934
18695
16422
26796
31815
18287
14288
18014
14658
18143
17006
23333
22174
15547
14391
15752
15580
16921
14802
14761
25149
15606
20887
20187
15436
15829
15087
14704
15339
14409
15654
19939
25334
16519
53776
14326
23849
15668
21010
12813
13637
20668
17279
15808
19616
20084
19395
31972
23633
15449
22538
15336
20211
16209
15368
19538
21550
27135
15349
16847
17925
17001
18692
24949
18010
14370
18363
20110
14734
16457
15236
18500
14749
13868
28903
24537
18553
19331
15884
13964
15052
38611
15938
14822
13910
19863
13568
14292
16375
17241
19286
14205
15827
21262
15467
32625
15906
23513
19821
17989
17173
20177
16968
15314
13971
13309
16311
16984
13969
20218
14338
14116
16396
18999
18121
15332
17817
18067
12834
18610
18046
17970
13896
21317
16642
33768
17988
16575
16180
14327
25423
15606
12939
16532
18005
21979
14115
28068
20210
15437
13300
16655
16316
28360
56245
17974
13499
16053
17071
14513
14233
14247
17084
16645
17719
16704
15301
16408
26430
13451
24349
25687
25308
19835
17023
15770
17803
29332
16902
18003
15167
14951
16510
20387
20051
21239
13450
14503
16558
16777
15188
19883
16698
26140
14371
18477
14384
14953
13325
20279
15058
13923
21473
12886
16320
41232
21563
26967
18320
22541
12685
18803
16181
16391
23061
16885
24995
18406
20892
14385
18684
19325
15816
17750
18036
14014
15186
19090
16593
18450
13931
20317
14730
14323
15510
16335
17006
16677
32610
35248
16470
15072
16988
13033
24464
24499
32904
13242
43649
19061
15541
14158
18223
23957
20542
12875
33703
12949
15451
18211
15104
18376
15105
14685
15936
15575
14359
29508
19127
14472
15915
28067
18556
37056
14934
15959
15250
21322
20273
16055
17280
18611
15395
18311
15585
16059
17971
14130
39228
15692
16283
15140
16449
19245
34707
35025
18091
17405
13928
15876
15178
15383
14953
23513
16868
27412
26230
16054
17130
16554
19728
17221
17779
15493
16669
15522
13989
16433
21443
15681
16531
17672
27313
19662
19019
16233
19608
14297
18229
14574
14486
34037
24888
14370
16559
25134
19051
22587
18467
17404
14234
19408
18153
16039
16582
20836
15030
16033
22456
17424
15505
17523
15265
16535
15116
15395
16396
16457
16861
18201
17084
15033
21243
16410
14333
17035
16334
17750
15832
15490
20079
13576
15477
27479
22011
14901
19031
15617
14940
16595
22305
17168
45136
58421
27678
16323
15034
26598
15725
21508
20896
18080
13985
14331
24588
14697
15662
15831
17162
16343
13502
18595
15885
13028
26382
16045
12821
13541
13439
14945
15345
15189
19480
14937
16913
19781
15277
22357
18601
17594
17758
18314
25561
17406
22839
27550
14954
22278
40362
22879
17324
15295
14839
15096
13731
13748
16052
31038
15963
16444
14952
14591
13817
17993
17006
20654
17359
21596
15482
50303
15945
19930
43622
18705
16455
224853
60506
16306
21519
15766
15125
18752
19787
31079
16400
16572
16151
13094
25325
14117
14053
15730
15988
14850
29315
16896
15586
17415
20904
14383
15204
25361
17466
13111
14763
14973
17515
20093
18122
20433
14993
16040
13436
22368
28858
13869
15303
15924
14415
13411
14120
14127
14473
17445
14008
21696
18016
15428
16611
23151
37814
21549
21259
16325
17522
16965
23414
14945
18507
20558
13692
13537
15346
15222
19206
16051
226769
225473
87094
119436
119980
16285
15956
15908
14285
20748
23377
14811
14673
17405
13992
21608
17103
36501
16693
14013
15370
17203
13743
15350
19538
15532
16392
24762
19167
19825
23771
25805
19152
16266
14118
18001
21775
13942
14552
17115
16429
16033
13491
20457
15911
16937
15449
18687
21822
16751
16910
15383
13685
16203
20939
21597
15484
29048
13630
18992
14419
15549
17784
17371
15190
17783
21941
14886
15680
18358
16790
16206
25382
13637
15276
16107
15297
25527
16012
15431
16351
15440
43076
26773
20900
14876
18000
15722
16058
33836
30687
15789
23559
14192
13900
15473
19165
19403
17404
15421
27125
15697
15094
15720
27434
16569
15788
15813
24865
19683
18083
19568
17853
16090
15232
23321
17548
16139
15749
18538
16088
16305
32442
19182
16839
31204
19828
14223
15144
15069
21518
20790
15104
14964
19582
14004
17609
14985
17583
15275
29995
19603
49842
16824
15755
15412
16952
17422
16970
14949
15173
14680
21440
14781
24846
20257
16308
17663
22125
20699
16573
18133
17410
18130
13703
16258
14747
19141
21405
22918
16189
33308
24841
15332
13822
15501
15872
14394
15797
16105
15380
14146
15959
15424
37810
17751
18606
17164
16188
18434
14938
14929
15421
19258
14760
15066
15223
15710
15890
15191
14571
17891
26104
16153
20794
37829
14036
14709
15682
13758
14984
20619
15204
19904
29573
22817
14480
16484
19373
28986
15933
15772
25524
13335
16514
14517
15308
13841
48117
16519
18665
27523
20154
16109
18058
13506
24824
14836
16108
30123
14478
15828
16021
18085
15706
23599
15381
16798
15820
18252
15193
16914
15500
16537
14266
15466
14676
15046
13197
31090
21817
23791
18888
14878
19058
17244
17709
21773
23063
17248
16318
14784
13982
13910
16580
15360
15213
28940
16942
16663
14300
13487
14767
17083
17299
13248
14130
15366
16198
14324
25493
20598
15751
13121
16270
14348
18232
21081
19101
18272
18314
22486
18508
14391
16477
22690
22176
15191
17396
24301
16896
15966
17197
18559
16820
13942
14454
13642
30122
23509
18247
13790
24448
13877
13805
16127
17616
15213
13242
15614
14258
14492
17177
16456
22990
13664
18952
12562
15687
15616
26142
21837
15513
24900
17434
13486
17224
15235
16037
19530
15564
30900
14519
26088
18150
20594
28450
16521
19248
26016
33494
14888
20816
16617
25162
22450
17824
14025
18930
20016
21360
16069
17307
13353
15782
14212
13704
20315
15446
17790
16433
27754
17470
15475
16123
14499
44262
44537
30906
25636
15742
17308
16119
16687
34497
15585
21864
15721
16228
15960
27207
19256
15554
13109
19707
22435
34902
20698
18626
27920
18629
23400
19591
15619
16243
15760
15525
13551
14681
14332
22667
19945
20970
23046
29112
14892
19999
23191
16598
14672
20742
34919
21336
16029
12958
22382
17242
15102
22996
28867
20643
20726
14450
17757
23596
16881
35003
28882
15349
13543
14533
14909
19195
20331
21217
14931
15544
17711
15363
16999
17371
15549
15663
14676
19450
16792
14108
23151
14069
17913
16149
21707
14696
14099
17138
18044
18352
18892
14570
16947
14950
14988
15752
16945
40659
14434
21743
18641
15928
16183
15569
13434
20534
26152
17626
32047
17710
17241
21261
37039
16712
27823
17973
17927
17138
17914
22239
13093
18018
16375
30895
13629
13603
13522
13637
17703
13470
17406
28563
14258
27376
16574
16192
15953
14453
15093
26572
16576
16018
17058
18470
16525
16629
12785
21894
14984
14609
20631
16216
23844
18301
17835
22394
15123
16014
29218
22831
17841
14341
13478
15693
16915
19007
14165
20829
13629
16460
18791
15211
19210
27812
16997
16388
16817
25848
16302
22641
15151
14425
29473
18191
15798
15540
17292
17455
17743
13895
16805
15949
15241
18697
14660
16568
15579
13829
16549
15171
13190
17574
19576
13812
18804
16239
20666
16957
14252
17442
16536
21982
18170
15927
16892
15791
15880
16691
18910
16208
14984
17274
19333
21823
17611
14676
36467
45083
16698
15311
19769
24572
20986
15080
14754
15735
19555
15279
14123
22550
17281
16574
20516
22422
15936
17672
18107
14665
15115
22684
24203
14913
24514
22116
30114
24132
13856
13954
23595
15361
14082
18120
17292
14079
17022
15507
15989
26866
17589
16338
19600
16915
33657
17195
19001
17224
18395
35811
17637
14851
14878
27993
22371
15768
27269
15267
16109
14439
12737
25685
15849
18209
13641
15915
14708
18142
16637
21969
13468
27250
15005
25691
39984
12503
15568
21144
19739
15508
14782
18315
21645
14952
13617
15302
16850
23511
14626
19166
16366
15170
18867
17510
21163
20844
13437
17239
14920
23112
22313
24062
17062
17311
17033
16044
29996
16613
15373
15228
14225
18641
21612
23103
38288
13499
14151
17430
16094
14763
14998
15120
19206
17693
17168
24849
20472
15442
14752
20089
16123
16551
14849
23369
40736
20296
24264
13658
21545
14811
15842
22490
14104
19437
16315
14074
19450
14083
14291
14639
20546
14346
19979
17864
13731
16432
14148
18979
13906
24996
15177
17535
20299
17056
18713
15091
16794
22854
17190
27895
16357
15134
15497
16733
17040
18178
43503
19504
15767
15976
15978
18486
21259
20680
19165
14911
14608
19266
17370
14247
13635
14543
15135
14797
18108
22035
14148
18193
17010
22660
15574
19932
29277
14059
20021
24500
24522
39952
23029
21434
24195
15472
16872
18797
15538
25998
22569
18007
19784
17706
16720
23230
17046
16243
16182
26536
28961
19443
15515
16064
17588
24286
15862
34497
20769
14803
18115
15839
12761
14103
16401
18629
29741
18424
19621
17930
14379
18257
20467
16624
13819
16338
16517
17257
16448
19809
15365
55058
36086
28074
17173
17002
15113
15597
16488
12476
14322
23441
15933
31220
33487
15129
18031
18890
20968
18085
16025
21781
15203
14988
16119
13645
14459
46451
19250
18959
20852
14986
13404
17737
18121
13831
26893
14720
14531
30209
13497
17773
17287
16763
17025
22421
26706
15613
17356
18547
14658
16297
20065
16574
17594
23840
24378
15158
14424
21920
20107
16868
24544
34622
15941
13686
14238
18407
16827
22737
16847
13746
17896
15035
16945
19086
16348
16097
34537
25820
14410
18476
16407
24035
18426
16261
15472
14457
24785
20032
15566
26642
23441
20104
18556
18874
14994
14515
16250
14193
14784
22462
14716
18299
26962
15620
18190
14485
15516
16010
18827
15421
13789
26216
18227
19095
15623
21213
19656
20975
14932
13637
17530
14422
15654
14122
19074
26615
14214
24211
14596
20568
26938
14715
13895
31230
20342
19796
47100
14700
17522
15495
19395
21126
15253
21445
14590
13902
28512
22645
15217
17020
17791
18120
26742
28089
19665
19665
20248
17862
14640
15966
16264
18444
15593
15388
20595
15460
16058
15989
13923
18000
18061
16287
17294
16209
17766
16599
20229
16036
14576
14932
15905
13123
13876
17171
17845
29953
18602
13165
14720
33413
15519
16583
16952
16144
17938
15852
31944
22003
14892
15252
17609
17378
13781
13367
16527
14723
27623
19489
13905
25572
38531
34469
41204
16579
16618
18152
14477
14459
17642
15238
14102
13869
13648
13961
14680
17889
22544
21670
18867
16124
13626
13961
12895
21004
14612
22262
15543
19699
21438
14788
15706
15671
24306
13882
16426
14868
17107
31975
49980
19917
17327
18678
18165
13679
14471
22049
18349
18268
14177
20867
13166
18419
14622
21828
14447
14630
14125
18862
16335
36761
12982
21511
12626
14036
17163
25456
13590
12602
13589
33892
30661
18081
14176
13722
13653
29735
15422
13903
14829
40384
24147
15813
15436
15434
17193
14298
14090
14940
17453
17272
20532
16979
35263
15510
15167
14390
14929
13574
16380
14090
16950
15634
15765
13684
34095
22879
17348
14331
20378
18460
17233
17621
17200
18825
31767
17795
15696
18503
24940
34743
14688
26392
14796
15966
15648
18882
15756
15070
16697
14912
17469
19487
22865
19437
15655
19899
14079
14493
13674
15319
27382
13553
14167
22113
14351
24054
16590
