38330
72525
19479
20960
26548
27237
18920
30312
19017
27338
20626
27878
30386
26966
17633
43216
52701
30508
28395
27483
25571
39317
18608
26339
19168
35260
22729
16443
15199
36448
17783
25331
16614
20681
22034
17430
19889
23487
38929
34628
15534
20127
29777
22344
29022
39240
15572
26575
42839
21434
28883
17627
17717
29876
16241
17719
20789
23151
22182
16252
33462
21285
18533
29732
12969
16408
13932
31035
20895
37505
23277
25366
21921
25333
19515
14273
55992
16666
17188
27718
81664
13858
23180
29652
47882
27500
20410
29726
14155
15542
24177
13014
17922
13352
29780
35613
21868
15086
40082
15919
26299
22358
42589
24997
20841
16510
25037
14091
29280
27294
16008
15996
16270
29003
47324
58799
16938
19383
20817
15117
14344
18702
19804
29162
45316
22129
21231
37803
43388
21107
13819
37165
17479
22916
26347
18777
14466
25044
22398
21808
29920
27292
20630
18152
29407
47399
29748
59002
41129
16978
19094
32079
14390
19718
27246
40426
19322
17063
17063
14838
22391
18298
15990
18743
28681
21125
69837
80615
17295
22619
15562
25225
29817
27760
21159
13978
19169
16475
16662
19233
23608
28792
15165
20627
15126
17240
40672
15387
26023
19526
29030
26245
25997
18153
27453
15125
17066
25448
15174
21856
40258
23174
18142
22210
21490
15182
23944
22130
55689
29937
19620
21991
36570
22432
18884
28744
32052
31905
18837
18182
18298
16248
23683
24922
30517
19935
29378
20258
17130
31211
32676
34323
26115
22824
16850
14241
15502
36635
17158
19251
26673
18787
39648
30977
17849
34101
42947
34890
16249
20061
29414
19903
25659
21212
23828
33761
30350
24246
22654
14277
13271
24037
15835
26232
19820
24456
35692
35257
33054
18293
26967
29551
22450
19731
31899
17456
22743
20218
33663
13960
42763
65568
21911
23861
31427
16981
45022
36611
50923
20743
19819
27844
18334
32601
40848
14748
21500
18087
19354
42491
14587
24513
19160
14278
29542
24114
19277
22186
15100
26707
14358
17794
17493
14862
16509
18597
22092
30899
34708
55206
27430
16550
20611
30683
16399
21895
31260
20827
19855
28237
29850
44805
18477
19928
15968
23511
26976
17801
18926
26160
21788
15382
24214
33872
33446
20325
22881
32874
31544
25319
27083
44128
29812
16895
22429
19794
30060
21099
19251
17631
39777
52290
15307
32761
32753
20395
47226
14781
24011
16061
51396
20915
37016
21872
18441
30833
21583
32272
19036
21588
29151
21657
25554
28702
16612
24525
14884
14299
53278
48615
14448
16707
21581
19805
38008
19863
16823
14471
24203
21359
22182
19905
18435
15045
32107
39068
18567
18068
55919
28309
26107
25455
24147
28609
15349
21996
28145
15017
30178
21290
21249
14300
51075
52229
59094
102902
65333
49234
18124
12956
24044
23227
27119
16231
19739
21861
26310
30653
20992
26781
22739
24690
31289
22455
20289
35267
17344
28482
23733
33543
30041
23678
22598
18515
13770
58166
28764
18191
15915
14770
34980
27355
24649
16363
30442
20435
18411
25000
20677
18612
78846
92950
40506
15198
36018
16935
14362
30662
34933
26679
50024
15694
15925
22527
16176
43889
30607
46408
20222
29324
30784
15798
20887
25068
21109
43091
26610
32282
20205
37442
23216
37785
15541
17171
31664
27009
21309
30491
17054
24728
23792
14729
18479
19554
14877
15494
28937
22189
49573
15533
24784
70985
20523
28048
26480
16060
20189
22043
13644
19345
15549
20355
35351
28727
14519
13372
22840
27304
17027
25166
33605
24015
25387
39749
16380
16665
14902
14362
46954
16735
20531
39610
21258
18269
33798
55289
17945
14752
19851
27882
32051
20515
23605
28053
53099
26124
16711
17308
29711
16758
22641
30378
43974
25097
16626
36692
33642
44520
19404
15412
22287
24510
15997
28259
71344
74959
19406
25054
21156
40826
57124
51231
42123
16438
32420
49395
28558
17077
34479
42302
54062
22775
13689
14586
20035
16726
21255
50336
25626
18290
19042
41920
21626
20978
23854
20355
17917
32434
23109
21048
18220
17931
16493
34428
17737
19406
20392
37860
36989
18923
22311
28471
40995
19373
18628
23614
35172
22878
20106
13956
26472
22850
13722
24259
21973
15264
22957
17271
33289
43252
50178
28784
20180
18514
20366
31714
28947
23804
14471
23376
16260
25191
35566
15098
20362
21398
20559
18401
26955
26919
24216
27291
28747
17520
32105
21801
38438
20808
15836
18739
16375
19196
17287
24457
15996
16429
24670
19392
21226
32900
31579
27006
27605
25637
19989
32317
22966
29400
52276
19568
23328
20555
32792
14646
25761
24626
15309
19031
16625
17963
19203
26717
26841
20272
29187
23295
17979
25768
27191
21190
35721
60990
59501
23836
23664
25712
18764
18493
25218
59247
18375
14047
24733
18737
49219
35731
17551
45355
36426
22811
22659
14063
14678
27259
19649
40766
15607
14284
20652
43801
31925
25592
26305
23924
14505
32461
16656
17922
30009
23174
34321
53510
18395
13535
40614
30857
55958
39982
39061
19831
17961
15254
15886
16780
29037
16117
13125
20929
19647
21863
30395
37003
28125
15775
14746
99380
30742
18993
18947
15102
37971
29754
54480
18133
18396
25651
23756
28754
33167
26745
32618
19318
21256
15506
19100
23220
48823
50435
24969
34990
13637
51479
19778
41637
22146
18201
54433
18433
23049
17919
25037
40604
25016
35628
18133
18796
19300
45145
18988
32612
18534
19328
32874
23473
25160
19671
13711
23584
33770
45489
18924
35201
23800
38549
22091
19588
37336
20610
17138
26787
16963
40373
24015
22079
20286
23305
21449
18127
34460
34348
25962
15971
16798
48205
23134
22245
69610
86204
63295
91290
22542
18858
22333
34975
29846
13511
14468
24482
29512
21936
43097
25061
17328
13739
26607
14772
23254
31095
17296
19552
33483
19296
27706
18388
18748
35421
35852
35877
27447
24087
21270
15401
20668
18786
29460
15749
22925
16345
31349
22636
13781
19684
18752
15406
43138
30595
28303
24548
30049
17572
31328
29495
40728
25203
29057
29928
16281
18978
16418
40801
23065
33373
17775
32585
15127
19643
15773
21174
37944
14836
14120
13772
16757
47659
33114
25569
19875
26191
21109
33183
46426
27088
21475
28792
44425
25572
26014
33867
23481
19624
14369
17922
27078
31316
24224
24017
32882
21635
17029
27834
16957
17780
15294
19348
34119
25541
33776
21822
14675
20997
24283
26429
18831
16856
18756
25229
36655
58278
53337
33906
19885
19146
27235
23353
35857
21029
15060
30367
25108
18852
41390
50902
15826
14773
13939
23274
21188
39889
16566
16898
18977
34950
47352
16221
18184
20988
36539
20187
15317
14060
16989
26491
17739
17703
17488
23296
32864
47857
39271
21838
15933
24717
17483
33313
31239
22978
14537
25829
20287
45726
54006
39478
39523
18025
17879
14802
21892
32438
12960
27222
17351
20040
28493
14681
19996
14916
32495
23560
19719
52594
30568
26170
15339
15694
19876
15425
18852
20037
27420
51639
21245
24548
17335
16766
20550
15143
18433
15090
24138
22582
16517
16598
32147
41742
29432
24242
25292
36045
23749
23952
24724
21651
14750
13826
42015
18313
13062
31015
35378
61956
15446
20804
25074
39661
19627
22314
52949
18757
32395
16377
25330
47942
23743
16636
14374
13818
15179
23378
29617
40328
15807
34808
24029
30364
20157
16265
15083
14550
13670
28600
34916
25837
29033
25151
27122
20905
21955
15759
29467
14003
19914
30223
18700
16170
14233
22480
14691
16996
25691
33254
36864
22570
20616
14764
15395
24363
37698
19573
16332
18831
13279
24430
39045
19878
30113
17045
16201
15769
26703
26601
20453
17042
13003
20995
14165
19415
34466
21515
34569
50177
18669
19131
16395
26463
23415
21563
16247
17872
15822
17631
17907
19474
16377
21325
19273
14476
23962
22738
17509
29342
15534
20264
27989
14656
28045
34681
21987
21853
23806
25186
29362
17581
13474
17125
26117
20865
23674
14660
20837
20421
29048
21132
40055
40123
61690
22644
15826
16587
26557
18297
18476
37237
38565
15904
16778
27296
25059
36007
15125
37055
25955
19332
43445
41051
53115
21583
31060
19328
26082
36095
15596
33307
16922
21268
25814
49088
33227
23219
19214
16941
15303
35427
16099
20347
17096
22003
15734
34471
56448
53591
73438
18829
15076
31149
22163
22635
23307
19754
15203
15041
25542
28019
37342
13363
18528
46498
33988
33952
15910
31577
26963
26386
23320
20428
21397
17176
14834
29485
24337
19001
43478
19557
16347
17291
22279
15196
18603
28972
17096
48061
23426
21932
14696
13828
16886
25091
35167
26297
14577
41404
39277
21565
36758
54066
18722
34834
28703
37972
59322
15490
16079
19643
16335
22124
13754
17469
20346
20431
35261
25587
19855
26021
28549
20696
13561
18616
33030
33920
17247
14629
18345
35818
47646
40653
56105
16765
14804
20213
32231
26224
17536
15868
19398
14886
14759
19266
20751
16824
14323
33927
16239
18137
20131
41983
21731
16834
15185
33768
23213
16708
16873
25131
18234
24692
18699
26385
26015
15646
32125
19083
13344
21734
14213
16889
14104
20775
17673
14591
18092
12519
21605
13283
17912
69628
18638
23566
18816
15444
29295
16915
24575
27559
19682
31741
20488
23276
17099
15446
21234
34565
15899
23569
17651
30118
14527
18292
17415
15360
16869
30955
14681
20920
16346
14402
25763
16283
21365
21161
25884
28429
32544
41661
29012
22859
15640
17064
24916
21777
24865
25753
20583
20624
16239
18111
47819
48767
29046
15971
22795
30765
19026
15190
18784
16084
27347
22767
24596
18400
18107
16369
17729
63263
16110
21817
12741
33215
20300
16948
19251
33068
18107
27254
24126
51186
17399
68430
28582
16673
24593
18748
41688
39817
46237
68801
34883
29061
28250
44719
28508
41318
21274
13805
13053
37939
18961
18840
14205
16948
17119
13496
26346
29998
33033
55122
108661
50722
22067
26905
18856
30465
16068
25600
18496
17331
30536
24490
17772
17572
17169
21499
28433
21707
19799
21212
22869
14960
16902
14842
30568
33733
23570
29341
51515
14749
14084
25367
33040
39859
31807
14312
22753
19341
19664
15018
17869
18221
13918
14660
19111
20379
19225
33387
14102
16692
22445
20008
19725
28941
15540
20798
13993
29493
26594
20011
22852
17427
30754
18282
15331
44432
22461
16032
15663
15873
13525
15773
17297
18678
20238
34188
22434
29744
19341
20113
37050
30588
55286
18263
20676
17657
18731
16515
26550
19401
18405
18161
15626
22264
15167
36891
15978
18609
23540
24128
27186
25315
14409
13197
18993
19871
23574
16261
18513
39431
18785
30464
27358
18958
34426
24515
19542
26880
23992
22254
21220
16299
36405
14726
14405
19459
21947
23001
23166
18083
25419
36061
14008
41971
26060
50105
53724
53201
31890
21640
34659
19768
28558
34738
19260
24415
17282
19617
14128
18645
14950
16464
14468
19624
21088
30677
40443
37134
15911
18707
21007
20799
25736
17528
19842
26095
14394
29181
18101
25933
15547
25287
41199
17580
23063
21797
56841
33289
35412
55229
68459
22731
32373
21116
40327
23959
22513
41111
24541
21284
61272
47306
15775
25272
65437
22812
29339
29467
23555
27646
27176
28444
18983
13593
16300
15699
26040
19748
28637
17659
16499
32101
17145
36237
29369
18876
24730
22662
36627
23903
37176
30924
19871
41305
18385
24025
15129
20720
16040
23276
21252
25821
18852
25795
21602
25840
39346
17981
24676
15412
17451
32545
28260
21447
30381
64361
42997
23861
25880
13746
16696
18893
51339
24948
16373
23461
37416
42113
55292
18442
20201
14060
23484
23469
31380
30479
40768
22500
23168
33183
20571
37364
15542
23955
30426
16503
15100
42116
36859
22436
26544
21980
29235
16841
15170
20805
33034
20343
12893
17596
43333
31150
23337
32130
15253
26754
31811
22545
53469
28890
19760
23733
26498
22116
39888
21211
28927
19583
26772
21004
20733
26445
14245
17241
32890
17680
16360
45462
22170
17877
23398
30758
13813
33639
14467
47683
23328
42948
23492
16329
20503
20306
18724
26344
19407
20530
15146
24460
17177
14880
15512
23638
17806
19416
22785
22722
18216
23237
26458
29716
14257
24351
21946
28972
19100
32679
14228
19404
26837
23603
19449
24927
24338
20835
19578
26234
45433
22350
15670
39502
25146
22050
61675
18221
53928
51958
22515
27406
25309
24653
21040
38390
47391
21240
13579
38028
61207
15263
18466
16777
18684
23711
20424
19160
22160
37317
13879
21810
20373
42721
17764
21783
26404
21168
26002
42126
18405
62496
21046
16148
18130
19772
19358
27028
41630
24476
17549
14656
15025
22482
21700
42881
47353
39452
59483
29173
21327
25433
13318
34982
33111
29190
21063
23076
41857
22138
19264
28047
26738
20340
15475
46583
24647
15679
33110
23280
24264
22829
16818
28333
29853
39177
25582
21531
39716
29142
46189
19456
17755
34113
27124
22158
18152
13124
57471
33229
20913
14671
35401
25876
45571
31328
15821
31700
19612
36037
26894
23403
17594
22042
61790
29876
51108
86583
21259
25141
21551
15483
20893
37336
23314
19913
21629
15910
28581
41640
43232
18936
48528
25308
20318
32590
30939
28678
13936
17233
14817
28656
15719
22135
44908
20541
16029
20591
25240
15456
18849
29644
28224
37469
32319
23596
24640
38000
19540
16195
14566
23094
20461
18625
21488
20565
24696
23740
14532
53383
37091
22821
18635
23127
32866
25106
16160
25868
15038
16977
34744
34033
23239
23784
22745
16570
19197
23505
16830
18021
17982
14125
24932
25289
17197
33180
19093
15583
13420
13677
22929
23419
28800
24095
19718
22321
18785
50099
66314
91355
89893
26117
36735
31454
17124
17562
28705
31734
53249
13858
19345
54807
20689
29496
15853
13463
23500
48998
18541
20896
44455
16394
16462
23598
15680
38866
24936
42394
21292
20192
18008
19410
15353
34572
19617
17393
27604
41564
29577
29477
15141
16391
18301
16477
17289
23949
22784
29145
33570
20408
27997
31604
20157
38600
17057
18920
35799
15257
16997
17929
31642
20988
18467
16441
22311
23705
24950
18248
31326
32781
28597
19483
28929
42645
25546
18008
31369
34836
16404
17356
20264
25747
21577
14543
30960
16189
35303
44126
30847
35485
48563
13365
17114
38190
18529
15840
17341
42985
75392
52258
15196
19410
21532
16859
19147
15014
15849
13640
16410
18030
38927
34677
28222
27784
39555
18474
16026
26066
23185
20490
19584
26394
14743
22943
28302
24364
23379
25942
16382
17323
23072
19597
16231
37340
14557
16253
32265
21985
14569
16726
27077
26179
26513
37717
19009
29459
14605
14091
48263
28614
33883
16759
47845
34452
43608
45119
25864
27298
18238
24021
21905
14756
17116
22222
21787
15359
23975
21270
23001
21997
19406
18928
20031
25109
15300
16944
13897
18359
15784
22576
17628
26833
23915
21961
57913
14325
16594
14511
16215
22693
15760
13636
17574
18818
16850
25072
19522
30844
20136
24813
16029
22273
17227
23044
16963
17430
13680
47266
32449
19946
31566
17714
24959
15270
15031
15445
23542
19484
62700
14814
20945
16557
26548
35412
48234
16306
25805
23807
23631
14622
19860
18782
20265
15331
25239
15483
28490
18540
56990
26540
14376
12690
16348
26702
15227
25956
42928
18193
34306
27010
15227
20856
20648
22882
30026
18215
13374
33314
26551
26497
19693
23712
24749
16331
30471
22869
47582
104983
16379
18413
24685
14833
25974
18063
24589
25525
26305
24907
17977
45173
14905
23408
22897
34289
14331
16110
22362
20601
19919
28234
13753
18871
17616
13136
14443
31252
14031
15509
24941
21615
17385
21187
46219
29297
33998
33967
19748
14637
15371
18022
38151
28754
31401
24779
31413
23300
29928
16395
21570
21658
17744
18779
15805
23606
25924
20295
27603
83261
14403
50885
15080
44070
21263
21269
25356
17199
17856
15679
50624
25603
37650
27117
23027
20204
38102
16415
27010
49420
55589
43657
26498
32546
53068
43622
31287
25301
13591
34086
23532
14121
29757
23751
16870
20320
23558
27484
19910
29404
36567
14650
24270
33812
33606
21752
38780
40792
36866
35899
26372
25418
25295
20293
15093
27115
16993
27478
27073
23352
55972
27808
24634
24312
17052
27975
33984
17597
21036
15739
29290
24968
35033
18464
18225
16232
37665
49878
34371
33689
18885
21876
36029
13611
23487
17056
22401
15072
22358
21669
23911
29172
18155
20280
17408
28028
36609
15809
26676
30131
13849
14012
28635
24083
34093
28180
26791
14398
20677
26346
34886
20324
19714
18766
20341
26432
31116
18009
35932
32691
32558
17289
18769
24193
28374
19950
28581
51856
124583
17793
28310
68871
40757
25032
51017
27071
17573
24979
18307
24219
24899
18127
33859
18401
18748
17857
16474
17652
20361
21101
18593
18727
21069
27342
50887
15828
28695
54725
26290
28870
16297
23242
17078
23844
14062
15641
25539
13868
21995
22458
13488
24002
27974
30618
28863
17901
52374
24436
17359
24103
19180
15792
17276
20336
15753
14805
19229
22024
32466
38731
21268
44956
17312
15283
26855
18774
28224
27766
20962
16152
17133
23682
20192
28304
13815
23436
30501
21393
40797
26810
24764
16374
32247
40570
17949
27295
44281
45129
31083
19073
36421
57998
25444
47719
15955
26657
23596
28894
32316
35090
23069
20557
15578
18604
24089
17200
20928
22527
35532
38525
30634
35705
36061
22728
15237
28380
24377
18808
42004
26468
16194
30041
19433
15840
15421
19842
14981
14023
23289
13818
12920
28490
59871
37474
36405
14786
35205
41926
27635
22680
15834
19363
34074
30490
15895
15095
14831
28274
48251
34254
30929
13779
28355
16631
14862
24095
17574
17829
15430
30333
16960
18259
25989
15137
26370
38401
71537
27157
22397
33674
14131
15520
14503
43265
30942
23769
44030
22389
39623
19582
20647
32764
21134
19175
26676
20430
22261
26594
31045
25031
17138
35685
35949
19449
14369
19929
18917
15525
13536
15653
18882
32655
21311
24048
29698
16614
15950
25129
26338
25465
38863
52823
37797
25192
16256
24110
19236
49355
24400
47474
23851
33083
21247
31743
14786
14027
19030
25333
21220
25661
32589
33573
20191
31855
17961
17046
22633
46449
38166
18622
23134
48678
32523
31829
16362
20000
50310
65126
19847
34004
40944
19948
51322
17677
42627
20699
44264
26893
14743
20501
19257
33380
22973
49562
59886
53430
27105
34177
27389
20393
17900
15173
21189
27368
44495
53372
19005
26076
32834
13273
25471
19641
13269
14054
20015
19288
22592
17637
20250
17269
24892
20939
32125
46922
85176
94917
93025
80151
19635
25497
21232
22429
19416
14997
19090
35107
19879
19462
35136
28811
18811
24524
15979
26994
21532
21945
18055
15963
15613
35510
15233
31132
24887
25123
28435
26270
20162
19314
29235
25191
20064
15623
22358
38530
34376
56868
35819
33354
30163
43323
17344
17182
37819
17591
20303
25790
22645
20870
67599
53823
39698
17140
75746
32179
17103
23442
21110
23115
47980
22416
21850
25281
16993
15261
54489
20805
17708
21277
58143
39935
13569
28292
23714
15924
15582
45224
52813
21509
14708
20325
17645
31862
20999
20632
14474
13739
18065
18142
18251
18840
25457
41923
21271
43380
17186
16849
26107
40310
14175
20135
23461
15750
16299
22787
34096
21363
23526
19378
28971
33781
15945
20637
18098
21262
13445
15968
18282
19589
20273
50986
14506
29066
26503
18382
22575
27074
18439
26967
13991
22025
21695
21949
34076
22198
30985
28402
30776
14605
19819
15278
17602
16870
18202
20707
24820
55115
19011
32356
82016
63157
28306
30225
43529
23958
19999
26307
41335
54541
23845
23211
22005
21852
39711
19285
17839
19918
16318
31316
19157
22856
27550
36143
38375
22185
18007
26329
17542
27564
17260
15367
19852
14194
12366
16893
13943
20251
20276
52422
17430
27724
36171
25286
24887
14860
26942
21496
33184
27771
27147
23644
40907
14974
23665
16151
40743
26032
21943
20187
28707
29705
28697
27806
23702
37661
20361
15877
16371
25852
37227
41321
35346
19543
24641
15208
41306
41443
84339
21805
36292
29058
30920
14231
25020
16620
33150
30139
27212
14680
24441
15831
28207
27291
26593
19458
42533
22236
32020
24747
29369
18188
31329
17013
15375
27798
39333
30133
18600
25595
19219
20089
20290
21413
21293
25209
19703
17303
17155
21532
15165
16952
22138
29258
28721
14275
64300
20097
61014
15583
27010
48077
17740
39653
13782
17114
22550
17824
25029
25571
31891
17187
29651
25275
25650
24196
40853
42479
18705
39550
17980
17830
33922
42002
22618
20390
19101
22202
36699
31203
17738
68433
23128
19634
42772
43782
16430
31891
15803
62721
16488
24072
16123
31687
19505
49402
80304
29996
17342
19898
18182
19602
48332
43996
41809
35561
53791
24813
15014
16288
19594
13939
12846
18793
35679
37288
30030
12843
20188
13524
20675
40595
24834
30420
35013
33549
34918
33641
17660
35400
30586
17834
28092
50149
16954
44612
14897
15289
16883
14336
14127
17933
19354
16931
19840
13141
14391
26460
51277
34254
20667
31610
13420
25939
31546
28190
24373
18565
23350
14063
33911
18848
15440
23972
15530
17550
40716
27344
20859
25724
25429
18465
30932
17506
27645
23084
44338
17268
15146
22178
27818
25483
27322
25707
37535
19887
28385
18222
24380
20204
15469
18788
14531
26291
24991
46867
17289
18656
15581
21797
28019
22886
30118
15461
45280
59989
31511
48112
41520
28293
30615
16308
18245
20527
32153
19326
32727
12643
26292
47186
28497
30836
26051
27217
18992
21334
16866
22953
17884
12447
228137
19353
20791
19287
16231
14747
18713
15605
31986
18023
18464
26432
48272
28955
25706
33492
18212
27964
29300
15115
21202
17789
24658
23091
34398
27314
22976
36151
40751
38790
29667
16185
14024
15691
14315
16178
14624
17497
39993
20660
17605
22978
32055
13924
18797
32262
47003
13860
25462
34258
21485
24773
15773
24406
15129
23981
15305
14104
17454
21419
14318
24289
22431
63178
31611
51699
36513
20903
39372
59148
67812
17756
28845
29703
12893
37579
30221
19598
15074
15398
17749
23075
18476
20806
28161
20443
26767
15335
23309
29832
15049
30799
14746
23075
20896
18460
16703
29049
28345
22450
17020
46124
22020
19620
14504
18531
18507
45968
27170
14361
58084
21903
25039
14060
31580
19263
27741
41046
17206
36081
23912
24946
19316
19554
24342
29074
23060
21416
30152
27654
21747
18016
35620
22926
19821
44336
20613
20598
20473
18174
25321
29252
37685
29489
14831
13730
28922
35175
66810
51663
19520
15562
15295
16261
21747
14962
32927
21260
13930
22515
23122
38349
20796
24678
45655
24432
26972
29009
22896
35357
16129
21225
21363
20818
14006
15285
14175
22758
18573
34090
41377
58586
42856
24771
17797
13404
21007
38481
32548
14291
27874
28825
13279
19914
12743
18597
22578
16983
47285
16319
18441
34549
19117
31825
28990
20564
17906
20242
28243
17001
21401
26029
14284
18866
21741
22209
19922
17505
14780
16855
14288
17373
24032
37929
49700
18825
19272
24415
31668
20686
13862
15921
13604
15275
16963
25783
21384
24674
14804
52997
26987
24882
21875
13597
25697
22227
13053
18396
33232
31806
22373
37993
20161
23738
32313
19378
14585
25689
13996
18505
32685
27399
14748
31858
28071
19586
24427
17990
47380
15704
23133
30727
16445
14637
19617
21481
22518
35735
25366
36697
31528
20381
17450
17171
18252
43900
14141
29404
27252
16253
18541
15207
20593
31857
38849
28530
27135
40144
18273
15219
14098
23437
16147
21976
26887
27396
18331
31530
38457
15297
23978
17694
22137
15469
16137
15663
16845
34264
29450
25034
31176
20821
24297
23275
22631
17817
25070
19604
29239
13191
32131
15376
65001
39804
52132
26201
17044
22390
23929
42540
31926
25700
21753
15349
24006
32323
28419
18368
20891
16312
25738
32678
30397
30678
21294
19866
20441
27867
14673
19118
21671
18391
18799
24008
15142
42958
15289
26782
20036
22911
26853
45977
17189
24659
23462
23310
17313
26265
26834
16654
17470
15466
32692
31104
45057
17492
20424
12806
14334
15211
21778
19910
27410
17438
18793
15196
25369
33960
37590
41812
28717
20445
25974
20920
20886
25583
17469
23079
18416
17091
26509
17529
14560
27933
28724
24255
20847
29136
19303
20106
22288
31752
17753
14473
18832
30196
45014
23360
25763
20520
13538
45951
19537
53471
15917
16339
13673
21185
26489
21336
18126
15193
13573
47382
54718
46243
16030
15968
15868
38776
17837
14914
13298
149794
71674
16930
19971
28881
28075
33096
16284
22348
15149
18367
28630
21097
16993
20591
16816
15192
13909
20590
24322
17362
18425
27356
41080
22168
25865
29429
19739
21737
38372
25003
49419
19298
21113
17403
31286
30630
17105
49655
15778
31554
22152
31773
29270
22697
16879
37671
17928
37052
17148
34848
22149
36493
23508
16575
38071
16041
13601
23329
37642
23758
16411
35183
16568
20718
23885
13117
30363
26578
16580
18809
17822
20854
18076
24888
19226
23770
18303
14603
15312
16900
23651
15926
24596
15434
41986
16390
21602
13931
18733
17949
12986
13256
21933
20974
15354
17054
27035
33613
26594
23505
16244
24849
18852
17677
24701
30468
16358
13385
29010
23267
23817
32908
18222
17287
45451
53262
42007
27041
19771
16440
29716
23324
22838
20699
18789
30541
54520
53077
19784
14051
23362
32263
14497
25635
20712
24969
17749
18156
31430
20828
15979
27709
13245
19843
22700
20014
20603
19749
64160
28027
18642
27428
32317
16501
35437
49763
29540
44438
27635
18743
29002
15583
20917
31871
20930
29290
18161
25722
17904
12827
22693
15314
19166
23798
21649
32500
17709
40920
22347
25623
15277
16428
19674
23878
16339
28839
13870
14582
16160
17337
38687
28409
21104
27041
60715
110244
16721
22772
25870
20805
32267
22778
20138
14946
53696
24793
36393
16337
20820
23766
18394
24756
14490
14219
18865
19661
24953
19168
15117
31277
25969
16203
27823
17115
27990
19397
13882
18074
50334
21091
36967
69126
16793
31495
26310
24977
25141
18179
25246
19867
24718
14235
15474
13228
30958
15773
18687
21568
36411
17640
25440
26171
14649
15025
29585
34850
20782
14786
16044
27161
34351
30757
26423
13488
15939
15867
18082
13306
54173
68668
58735
43405
19267
18159
29508
19928
29902
14320
18736
19823
25311
32871
17385
24814
15267
20043
19487
17099
26886
17094
21667
39114
13782
54957
28838
22972
13357
23079
37914
50411
18347
17955
24006
27955
19706
18083
22692
17662
17564
25122
26761
15175
37991
16257
23994
18324
56658
57865
21153
18565
19116
19106
23038
23947
20414
15696
30224
42503
18987
26362
22002
20605
18500
16389
28814
16696
22312
19265
36691
15759
18171
21365
20613
27318
62638
19856
32022
22087
25428
17676
17262
28639
26125
35808
54027
30684
29654
19189
18546
22515
14776
15184
19473
23799
19556
55755
14174
17748
24842
27867
23709
15419
16902
14078
24978
20734
20672
13711
19598
21890
68520
22819
19549
19226
31533
18145
14645
14946
17389
18766
15959
22448
30302
31330
21707
25901
23942
39763
16387
15038
18827
32416
15248
19243
20765
32266
22600
32841
23968
40608
22213
19916
15701
27302
17615
30125
21966
16296
15025
24139
20971
17702
32673
48738
20277
14629
21804
36450
26053
15887
22590
20573
30794
31715
24656
33022
25598
33952
27659
15679
19094
40553
27696
19472
18690
34016
18163
15910
16707
21880
25362
17101
20089
27334
19165
16706
26727
56794
31351
20584
19442
24221
42498
13815
19349
19567
29021
60425
21711
28434
46560
25397
83304
18004
15241
16218
23525
36002
92934
14322
14108
42949
31229
18344
14976
16070
16138
15601
22211
24736
42566
15703
15528
15087
21080
27548
24123
41444
21129
21500
19302
23798
20674
20757
22282
45734
17758
30177
17147
25065
19552
23340
24043
12929
25108
18723
38432
13764
19379
46358
19688
43731
18742
31594
48187
30845
24887
18882
22205
33917
16346
28141
15713
38289
54837
24427
22603
43529
48964
31040
23687
14725
17568
40039
21659
26334
40754
35826
28603
17863
20714
30401
19845
31999
13518
19200
44774
44722
25111
17518
34808
17546
43027
15028
26542
22929
34688
17392
13799
18471
43090
37247
17881
19041
18111
14006
21510
14302
15503
19457
33932
22077
16334
56716
13979
20117
15890
16403
55218
24060
15046
22327
16116
16160
25007
38474
28925
17272
96312
51500
14422
19512
16722
18117
19832
15398
23504
17477
21384
23054
17757
16715
34440
34065
21411
18828
47452
17113
18482
44733
21988
26681
13709
15986
18382
33367
17921
29296
18020
23096
28662
19512
26289
19288
23363
24770
24682
16024
15384
18172
20945
16165
14524
23105
17622
16658
44945
60036
31671
16066
20777
21903
30561
23815
19657
28097
17613
24261
16152
36307
20216
22758
25124
28443
37549
44254
40650
43028
30486
29988
19950
24888
14873
14460
17468
16881
31435
19550
20648
37427
26147
22680
30410
17034
15869
19554
16977
19963
53244
39965
45216
25858
18683
22468
21189
15208
26001
27779
16582
16015
22211
23124
38631
25841
18660
19057
17813
29624
19982
18620
23412
46116
26737
57621
21320
15963
29922
24095
23234
27066
16565
16056
33490
25712
20141
36048
32517
16903
28343
29270
28206
14365
22566
16293
27289
18976
21140
18968
35710
35396
17786
18650
28417
18936
13746
22169
24845
22953
27848
22696
14289
22458
13388
16332
22618
16192
29675
21346
32152
19149
29302
18515
14774
23366
16340
14561
35329
18468
41659
45818
19969
30645
17635
16163
30324
78267
18641
21810
26146
15024
15651
28430
27963
21319
22072
17417
52304
15027
16342
18399
16943
60002
43296
61886
32099
38288
25932
17385
22217
16718
35616
21687
40292
29594
14454
34406
39234
28555
25904
50733
20454
23978
29163
17994
16848
15322
20554
24058
15520
25431
20711
17514
17805
15676
17298
58439
32836
26294
35927
30988
43967
13773
16113
17568
18488
13337
29098
21146
29135
19408
26810
16710
18052
29251
54357
20383
25903
13095
28101
21372
20037
34189
18342
20159
26545
15147
28787
15521
27494
18321
22679
15136
21210
18797
16291
15814
18760
19027
23731
16024
15667
23717
30144
26545
20437
26110
25292
15719
20977
26759
23512
27275
13640
35846
19986
68728
36977
16188
17889
60218
37881
57063
49217
28527
51044
32671
30936
25623
16872
25065
17457
31764
17881
43203
23781
14581
17852
16336
24332
31238
52032
53905
72648
35884
18566
35387
30921
20222
37340
13768
32315
19214
17295
18951
24554
20110
22820
14407
21381
21435
29304
31413
28891
26221
13273
30501
18380
25419
22490
27719
20041
16861
23965
19572
19152
36189
18265
25385
15887
30492
22567
25157
18486
51825
19029
15951
23398
20828
20046
36819
16934
20142
46723
18654
16644
18752
22399
21358
16962
30762
15146
30149
47718
23329
79199
41111
14855
29809
19765
18890
23719
19179
18082
25462
25671
39673
22463
26987
24829
24219
38899
25335
16761
23349
23522
32217
47216
45362
25315
22761
28188
39130
55574
19519
16888
23751
37788
24264
25521
35283
32670
76551
20235
60897
33472
17798
17337
34341
26943
17759
16928
29699
18922
47169
25084
22864
16045
23957
18663
18091
33753
33186
47939
76573
23170
28980
28956
22596
26149
32091
37546
21725
14078
18132
23949
26594
18752
21321
24493
19666
30288
22939
15717
15976
38888
30578
19895
15218
20291
14357
41911
29930
34169
24484
33297
38656
14198
25829
23699
17858
17933
31831
19777
51052
87221
21457
18041
14909
15796
19398
34486
29248
29710
28361
40414
21688
32618
19761
17171
15258
19008
12918
20260
25304
22336
14791
17531
18327
24900
16321
15683
28329
24048
28224
17381
16758
26621
32257
48016
63470
70502
73574
21133
25083
19520
14717
50908
42757
18217
30370
19407
14219
18913
22720
29803
15657
26027
27047
24085
22822
13356
13173
20134
43214
55024
14672
62831
83071
64048
78545
58796
85349
44609
52419
127363
17177
63816
30919
30013
16495
34548
40295
20504
17657
28296
22377
20735
18453
24934
19790
28996
23483
35822
22259
22935
16789
53373
16808
20105
20540
42799
21772
26687
26860
15922
22750
20072
21072
31613
48168
59537
21910
33497
23709
26846
45543
14290
17882
26878
29843
19300
14523
25028
28263
35693
15534
14845
20017
15657
55985
21897
14791
15070
31938
22729
17770
27513
71652
47199
19728
13904
24972
14282
19356
25437
24227
25536
25256
21671
37156
14713
22839
21551
54685
19910
37617
19391
31190
19063
17268
16151
26237
26458
17103
27748
38845
34573
18512
28153
33572
37110
26571
21662
38691
17244
31740
24676
24701
42144
34195
15755
19423
29575
17183
52763
27431
35932
30286
20712
14519
31077
31296
31118
17096
23344
16926
28510
24454
14708
27551
19742
19889
35856
16415
15865
17550
17535
40058
44493
18251
40943
22541
24456
61328
43904
44705
16839
42072
34577
21977
24039
18586
30996
19861
34889
19008
20320
23596
26788
29894
50283
18724
26263
21869
22518
41514
38274
16815
32426
13867
30958
20149
34211
14085
25713
36217
20142
23861
30262
27821
19654
27887
19260
17388
24961
21767
30281
22515
18397
17665
22293
17340
15844
19724
15549
19429
22545
15746
24243
37234
20391
26672
39946
20771
20737
14272
40698
32932
28058
34856
28920
19679
16406
20235
25823
17149
20325
16221
19613
17696
21206
35127
18645
18755
20557
17130
19099
59691
31279
22698
14800
17840
19447
20556
14962
37328
33611
21733
23592
26934
50940
31194
18874
22241
16238
19305
43408
16271
29837
18082
18471
32342
16989
25646
32709
20409
21166
21742
53113
38369
18721
19652
86692
35365
35592
19478
17569
30221
15652
20824
14561
17315
42929
22604
23755
15573
17005
16206
15799
23818
20342
18379
43193
20593
18709
17090
35593
31533
24205
27453
16106
34380
22188
30710
28324
16096
22844
24897
15587
22982
18086
16580
24117
19149
35975
17961
23340
28256
19622
30014
21996
39496
12939
45768
15238
17253
21232
26218
14936
36466
28419
18510
16677
18543
19718
53722
21893
19164
16215
25637
34993
26290
35127
45784
18321
22187
12981
20204
24574
22058
17819
26883
53118
20846
29345
23741
37473
21031
14820
22003
22739
19532
14019
14270
32087
30244
16762
16960
21862
21005
25246
18693
18186
16392
17097
20379
16891
38202
25819
28370
17193
28070
14145
15922
29649
25945
18270
35534
14259
22356
16790
15903
34686
26324
15326
85202
110968
20679
16781
46010
20267
23840
30103
15203
24281
21771
39436
16180
31446
29297
33483
16906
17391
22499
18388
25111
16461
38841
46279
25015
18068
26108
33754
33292
15926
28922
32310
26598
36882
27112
24113
21378
18125
18597
32257
18020
16232
18052
26670
28554
36903
33638
47925
72618
16741
24116
29346
33281
62794
45270
26327
29923
57150
23886
29749
29280
33126
17504
25077
16601
21603
16351
23426
24459
22439
20928
19129
32650
59702
25758
21241
21000
18896
19123
18699
17863
19122
25882
21591
17795
18554
48269
38540
60774
14507
19020
18701
25688
14768
23187
15016
43054
30388
18503
24250
18611
26286
17060
48731
15711
21371
19586
37647
18026
14883
19400
24880
20767
22938
17835
27177
18409
19933
25293
16883
14231
17308
17281
26504
18319
31983
23735
18676
22606
13206
18558
17871
19304
33427
20609
18398
14161
29802
19047
20806
27329
18950
14667
20309
57538
36831
18019
28574
24549
20152
13331
19498
16151
25047
20880
40458
48283
35442
26730
16829
19097
24498
17581
16184
43054
19700
25571
32053
16592
40092
17572
21775
17791
24771
16243
19249
23291
21769
21154
23713
18008
40482
21999
18640
17752
27363
28506
32057
19617
27702
19594
21451
15084
15605
22346
27491
14648
27102
21320
31559
25548
18622
34157
37039
16865
24964
15593
15227
42050
51480
33350
66027
19867
27263
26696
17514
22002
16988
28720
17276
19828
43091
25381
51692
26114
34565
27797
31962
24854
23800
20754
30063
34648
33202
19416
19567
16140
15292
26800
15117
39362
58364
23130
78583
21016
13147
17364
27361
28065
42565
25159
24511
17554
27562
20257
15242
34113
22017
23668
80182
37227
16742
20189
21154
26860
30316
19721
19365
22392
40425
26872
15727
30758
36114
16667
15572
34242
30781
18372
14002
33184
19640
36746
21114
20365
14738
54386
22943
22820
23134
18343
27889
19736
20491
20513
22958
16520
34154
27893
34592
44468
15215
24605
34764
18531
29990
20491
36080
34144
43197
16003
16700
18852
26040
34403
20373
69148
14785
19432
31999
22372
32739
22563
18570
15812
21172
27225
17621
17547
16098
38869
14723
20014
16972
26146
15545
23303
27675
25110
19397
21053
36845
21808
21821
29924
28841
21865
40683
17748
18432
21370
18426
18925
16638
15431
15290
19243
27243
20147
25963
22907
19407
24678
24233
40087
30978
25890
17884
19996
25687
23535
29733
18132
20923
20350
15191
16526
15323
24734
21668
24256
34811
20030
18348
20404
23537
14956
32376
19651
17856
19595
34375
28196
18772
19948
45025
17657
15769
19388
28786
19971
58925
24369
109486
32499
23936
18891
32176
16942
15470
23030
18362
35988
15256
32809
30864
13819
21744
27160
25915
27290
21224
19557
46646
31538
27311
22466
18761
40819
16258
27295
26568
24035
33306
30993
26277
18803
28511
16106
41998
20327
22953
16136
34965
24432
19583
35095
22708
37036
14659
18864
28633
18275
20335
31038
46927
21362
15857
42072
17236
18305
21287
31711
30563
16850
40589
17520
27804
25609
20221
25341
16515
20850
17534
30278
14067
15065
20787
15329
15485
31587
22401
25458
24591
16641
25504
28525
23320
31864
41746
13166
33223
18611
16724
19060
32469
21768
20452
30516
16780
15766
25494
16743
37697
20230
24645
15931
25776
16741
35158
20423
19215
32695
15241
16769
27893
27029
16271
19742
29633
42649
18010
16080
31363
21542
44520
39800
20345
22165
33782
19434
13485
14837
28928
26346
26916
18186
24504
17421
16403
15606
20750
21348
23959
34208
24186
13237
24468
14563
20369
62679
25701
19067
17366
23758
19463
33701
23086
31631
23301
38122
28362
38797
19352
32131
15084
23461
23945
27171
44492
17197
30723
15689
35193
15856
33821
22611
33442
37249
21139
20161
13065
20488
19661
17558
35292
17996
29264
89053
49647
60068
27549
16776
23622
17836
25929
27187
16611
13098
19273
20422
15996
19462
34103
30108
23577
39709
21183
17473
30363
12547
15833
15443
19799
21414
57396
31031
27130
23851
14000
30395
39105
27103
21434
19398
16101
17092
21401
20769
17041
14595
37675
48113
45243
42562
31950
18225
15514
18289
21503
31598
21995
24180
31899
19238
29639
23479
35632
23397
21895
19868
35347
22439
67181
61768
22107
32557
24646
25165
14923
15687
21846
18095
16078
17602
15437
17743
21466
32832
52379
20929
36153
19834
18307
14607
16592
14304
26089
46808
19119
39198
20834
17183
75775
15285
45141
29217
20059
