12637
38086
16043
13854
17118
28180
15900
17568
28838
20505
18874
15685
15387
14339
15157
15612
16991
15153
23738
20344
15610
13415
18540
11682
21192
17101
14415
17176
24618
22035
18773
15899
16879
22035
24507
16182
17901
28223
19062
13979
15075
15597
13315
15766
16499
20137
21272
22568
14940
23841
15835
16060
15013
24238
39315
18680
24776
20253
17949
16128
24168
14699
16547
13832
19531
16451
14271
17066
25596
14909
29155
15948
13210
16245
17419
18908
25417
30306
18279
14784
14028
12631
19871
13366
15664
14984
14568
15899
15038
16552
18836
26555
14329
28134
20894
15703
15484
14484
16546
21383
18693
16674
14030
20104
15900
19760
16137
18556
21865
14995
17480
16990
16514
13866
17423
20792
21489
39176
38373
36857
17147
14756
22813
16325
17251
17888
15428
14341
23043
23923
18979
16987
19890
17363
15974
14501
22746
37574
24791
18584
21158
14519
21089
28475
14540
14971
13116
14264
20437
14260
28499
14005
18131
17332
37079
19350
28239
14420
23154
14227
24898
14011
16770
14003
32856
17959
13688
18167
15516
20322
20491
19170
17632
19362
22283
13227
13542
17772
18851
16559
15639
14085
15812
17051
14082
18803
15318
14188
16626
14296
19926
15679
16143
15106
14059
16776
13547
15213
16539
31630
14686
13335
30368
17046
18955
15060
16347
14742
23341
15580
18071
14430
19328
13854
17813
28652
17032
19359
15140
14753
19885
16892
18285
12930
14675
14764
21583
24591
19472
20209
15325
16582
13433
14657
16646
23077
43376
25916
19906
14561
23118
24022
15176
16471
17269
22180
36106
14940
23299
29800
16976
21361
21894
21462
30183
27961
16663
24305
20624
14568
17825
20327
32761
21508
24979
23744
16343
14595
22614
13250
14664
15248
20174
27191
15553
17893
31317
14705
16427
15042
17308
17540
18200
28510
18224
20233
23524
13276
15037
20010
31282
14083
15289
14647
13284
25372
28655
18666
15184
14975
22838
23748
18565
14283
22056
18798
21954
17364
24267
14447
14463
16064
22841
18837
16698
22163
25240
15355
42982
15782
20899
19119
18816
18024
16457
19161
17718
18074
16398
15595
23760
15264
17672
19294
19516
28072
17225
20823
27809
17693
14928
14290
21427
18252
19894
24320
28792
15744
21010
26638
14106
26015
15350
34094
14982
14802
14083
18820
14177
16275
17556
33875
24531
18323
26989
16878
15683
34753
13673
13470
26309
24572
21668
23291
18276
22473
15188
21761
38654
13703
13987
31646
20066
32437
18653
19673
14405
13701
18293
15731
15015
14839
13416
13834
15973
17824
20770
15141
18024
17027
29674
24924
19356
32965
16647
19740
43393
15359
19029
14283
13217
20346
14191
14349
13858
14091
15053
17173
12983
17836
16017
14866
14818
20898
15215
13372
17450
21008
27113
15154
15097
17748
15897
13442
18169
19677
17235
15162
16407
16521
17332
29861
18229
14186
17298
17814
18046
28468
15179
14926
15915
15946
17165
30123
22037
15832
19875
14739
19324
16421
13339
15370
14183
17559
15558
14769
19333
27403
16896
14424
14299
13008
27519
13912
29262
22454
21083
26767
14958
31387
14046
17849
15425
15782
16845
14855
15059
20999
18972
16359
14518
13750
14393
15622
12686
15233
19488
14427
15829
20447
16205
17464
17813
17557
20188
16646
13912
14982
19694
17487
23675
19161
29048
19959
13182
18570
18038
26554
19359
20846
14519
26593
16455
13925
21152
18629
14029
27721
19745
16357
17675
20024
26544
19084
20470
17380
14567
15461
15290
15594
15211
20330
14360
17110
21686
20627
15461
17018
19364
15062
17023
15793
17712
16670
13205
17092
16169
17191
15883
14276
16701
17104
16474
16192
14065
13018
16300
24189
15031
13819
29023
23959
18027
18114
13109
18055
29170
14120
17518
15483
21155
30318
20640
14884
13262
18277
15802
23271
15992
18808
17316
14835
14305
15499
30470
24116
21211
16075
14942
15670
15634
16790
19428
24945
14046
20966
14575
15294
22614
14891
18021
18796
21617
15497
15817
15161
15426
15692
13748
16726
16453
13987
14847
16031
16667
14044
16129
19245
23726
22332
14790
20258
29575
15993
13719
20482
15152
20510
12152
19157
16565
20621
15368
18746
14686
20191
14002
18913
15012
15936
14845
17890
14726
16470
16308
19934
23115
25488
18405
16002
18402
14953
24241
22765
23890
15702
13951
21106
14193
12787
23475
15243
30654
16068
14345
19654
22940
14335
20363
26663
15400
20560
14660
16409
27165
15070
24801
14535
18513
14803
13806
16529
23165
30286
15640
28899
19037
17228
14397
14830
14928
16478
14269
20042
16355
24943
37527
28100
15781
16962
17992
19156
15866
15370
36587
34053
59543
42525
16079
19966
19350
32828
41286
15628
17925
16532
15735
22747
16827
44566
13204
20402
18472
14074
15974
15349
20884
21935
16413
14704
15298
19213
14729
15167
17889
18659
19256
26688
17953
22138
16634
14986
15023
21286
18624
14637
17226
33249
14520
15111
14126
20155
15611
15878
19716
16142
13699
19290
17417
13632
28466
14760
16605
13956
19656
15008
17547
16913
21594
17635
13851
15976
14726
19163
25110
16652
15569
18136
13325
29582
19084
14048
17182
17743
41292
26522
30752
13272
13567
15888
49025
24113
27746
16856
18167
18136
20628
17572
19202
22273
21663
22812
16117
37511
15030
16551
15679
15592
21359
17544
22234
16936
13995
14126
18608
21382
29122
15559
20363
13538
16251
17028
19980
27041
20915
37420
24290
16377
17662
18297
27406
16982
15051
16279
20832
16042
20116
18525
16069
14175
19913
37621
39577
14962
19455
15397
34410
15144
17309
14088
20688
20708
19230
16575
17185
14028
15583
15328
40804
20608
34731
16127
15670
13825
16287
15428
14313
16166
13484
20168
26530
13983
22780
14180
17748
16015
14975
17951
17330
19120
14457
42837
14276
16250
23698
13781
19955
20818
14336
14065
15232
16695
18874
18595
19217
19475
17170
30302
37683
31092
18016
20223
18894
13082
23920
14998
23192
22123
15629
15061
16079
16171
20787
14729
16467
44806
16629
27087
14298
20609
17741
24820
14059
14433
24609
29909
15434
14617
14630
28553
14562
19422
16251
21002
37197
18301
14906
18451
15906
19953
31940
15381
16135
17465
19353
47821
15944
18345
16110
20227
16011
16489
19291
14179
14175
25860
18868
14562
22435
26463
18179
16144
20190
20530
18409
16506
14193
17861
19574
17445
16950
14895
19020
14665
32726
15240
19841
15558
16032
21819
14890
15667
15817
15296
14890
13184
14491
15139
37193
45918
19595
19550
15709
15910
15691
21357
17155
35769
22714
15328
15185
16925
15345
23279
31206
28262
14687
16917
27209
17407
20151
17151
14166
20886
17396
19732
20979
16294
18641
18304
14264
18129
22411
20682
14875
16828
16167
17169
19801
19511
15453
17984
15851
15126
23718
13304
23527
26766
22557
24992
40239
25064
14340
23121
16827
14435
13791
18345
15269
15463
16986
16292
29246
25185
16067
17192
19855
14298
17613
15809
13454
17835
17640
17876
19019
17143
15597
19984
18577
14990
13612
21936
19729
15608
15511
17638
16045
17534
14920
15625
19117
22226
15306
16145
14851
15766
23064
20806
34615
16093
15667
25724
19937
16794
18763
16568
17612
17157
35266
13814
16397
13360
19802
20897
15633
36668
14592
17105
34595
29411
14457
15819
14432
15296
28404
15100
31317
22418
20259
14006
16145
19142
15713
20546
18357
17382
16408
14611
14947
15964
15917
20512
14221
18369
27572
17768
12400
16300
24934
15083
26064
14618
16888
20262
30703
15460
14017
17328
14954
16859
22854
13663
15190
14877
15089
12039
18796
16728
16031
17657
24024
16748
19404
15507
15895
16623
17171
26534
45361
16853
20847
19417
15150
20463
14590
17652
20234
17840
17593
23100
14134
17682
15373
27407
18486
14651
23846
16305
16094
16368
16065
43017
24547
16271
13655
15287
17536
13613
15725
17255
37880
15521
14975
16250
23635
15367
15048
15609
30862
14286
21700
15396
30062
16310
16376
15757
16759
32283
21720
15873
17671
32064
14263
18437
27364
16592
15699
18455
18612
17511
16569
27119
19393
18934
14051
19326
41725
17558
16790
27213
18451
14519
21119
14685
15999
34040
27682
32685
16391
18617
24822
19634
16081
17313
15737
18627
27882
15561
22933
30935
13790
15003
40823
52464
25903
17568
22995
19502
14136
35402
19611
15312
17520
16523
18449
15526
25084
14136
19058
18127
25870
14256
16424
15042
19704
18148
18574
15566
14291
16090
17309
20036
26296
15093
16677
36846
15327
13918
15067
14970
16495
18346
22355
23056
33298
15818
17064
14867
18639
15249
14229
22284
17109
20261
34226
14460
22521
20711
20260
15402
17452
14481
15214
14914
15322
22344
18803
16458
14774
28553
18070
19782
15492
16273
15360
14933
31325
17767
18621
14411
18056
13453
15886
20996
13442
25044
16476
15320
18049
15679
17305
17806
17091
18865
16741
14942
15292
17598
13422
22944
16534
14757
18016
17557
18845
18254
14665
15765
20003
15268
16366
30226
39858
18800
31631
39397
16084
20304
14819
19075
43236
19240
14843
21927
39086
16273
16955
14913
25834
15201
14250
18824
16214
16961
16508
16780
16942
13069
16662
16555
13115
14510
16197
14392
16979
22856
15312
13915
18644
18069
29954
25103
16243
17174
26214
21770
20100
17299
16405
25737
14237
16965
24008
14836
12916
18436
13160
15732
22494
35784
17569
17932
18122
15484
15863
16672
15455
15500
15103
18698
14177
14602
16304
19964
16897
36159
15243
16412
13606
13766
15658
25060
17763
15178
15729
13931
16940
18912
15587
17887
17682
14331
18174
14018
14267
15790
15391
17329
15538
24308
14708
19152
14368
16152
15167
33071
14888
16927
18248
13846
19160
20618
15455
14665
16771
16561
16256
16504
17071
18250
16521
15711
23708
23146
14028
18807
15443
18447
15983
19423
18808
19583
17190
14121
18556
17038
15253
23509
15101
14537
16724
25132
18252
13772
22327
15964
26185
15471
14861
35733
16204
21673
20178
33526
13899
19185
17876
24331
20491
14485
14745
14106
17857
14922
23383
18724
14935
13607
13997
36394
22923
16955
21482
23343
15068
13044
17949
23857
15105
29082
22936
14023
39876
26899
18183
16526
17294
29356
25340
17749
15798
14580
18525
28757
18263
17923
18044
16834
22868
20173
18335
14382
18168
15633
18012
21864
24742
32290
20217
19575
16559
14153
16853
24520
14651
34626
16541
26579
17616
19492
18379
15673
19155
14411
27867
14995
31438
18590
19867
23765
16961
14778
22896
24869
18852
15967
37366
20154
16647
22051
18015
14043
14591
18149
13211
16129
21571
13847
16106
17502
19910
15487
18551
23415
13780
21627
17310
15571
18481
13753
15647
13964
18477
16734
21067
22613
19030
17000
23347
14244
14964
18361
17029
18342
18920
16654
17889
14825
18316
14042
32713
20542
18350
19090
17211
23810
17382
16801
20531
20300
16707
20806
15448
16628
15806
19317
15978
18467
20474
19293
16624
19027
20059
20846
24533
24343
15608
14642
53637
26407
21611
16208
18130
14822
15353
19174
18581
19868
14449
16988
16856
18301
15606
30233
24520
17154
18695
14808
15540
20522
15811
22863
19790
14852
15989
19024
20175
19162
24420
14907
16205
15800
17998
14745
20350
17605
22220
38470
15432
60869
16310
17952
16753
18302
16198
13088
14979
19753
18126
15112
30124
29995
18725
19154
15227
15466
18038
20896
16277
24903
30408
18351
41771
14512
16804
17019
20600
14507
15319
16781
14063
21234
26927
43894
19204
18617
15874
25789
14982
16704
15766
22122
20800
19781
21851
32922
15733
15640
26638
17670
16213
28258
16700
17082
16887
15354
14502
13533
15582
14779
19930
47226
14494
14297
15069
30041
19467
17255
35491
15188
20416
17815
19528
20015
18372
38243
17059
33191
22706
22304
17206
17248
25192
13856
16132
25457
15044
14928
18629
15946
14778
17850
18440
15439
51477
17966
15388
15000
15259
16212
16346
16067
15356
15672
27293
15913
21809
20752
23665
15876
18288
20522
14065
21746
15339
20170
17411
13657
34578
30296
15872
18800
21878
18370
15417
13670
14629
17558
14145
15301
14312
17402
23489
29412
16336
37204
14723
14052
25792
16537
13552
27187
25129
14383
19915
14362
24563
15634
13880
14878
20949
15455
16475
18354
16497
13340
17850
15760
16965
22574
27867
18053
29251
20481
15888
47206
21700
37983
38800
16013
23616
19491
15162
16871
17503
14897
15647
20079
16395
22424
16923
24087
17506
14873
25452
16960
17601
22239
17435
16193
20844
17725
13381
15313
28409
17023
15826
14642
18025
19159
17623
15301
16825
15489
17062
14408
16009
15070
19025
21306
17108
17287
16444
27710
17966
15086
14518
27600
20791
23895
14184
15001
19413
15732
19871
14385
16026
14365
21929
14432
15636
18597
15243
19445
14569
15948
17983
12297
19495
18294
18440
27224
15771
20729
15608
15268
20712
14469
19405
14421
16830
14019
15984
26247
19317
21272
12459
14317
14373
18547
21339
13329
21994
13053
14634
20446
14956
23185
12983
16202
38176
31284
13931
16211
15298
14679
14464
21201
15931
14979
14019
22610
19547
15728
22038
16969
21388
16859
16799
14623
15792
22738
14408
15339
15327
15847
15351
21560
17346
13503
14040
14737
17966
15216
14363
24090
16573
17795
15131
15534
21156
15666
14855
16447
20546
19227
14885
15450
30627
19350
16619
18348
19557
15681
20955
15660
25800
16233
20719
16711
22624
13048
14352
12926
32042
28810
18485
23395
34554
14403
21389
16024
16648
16018
27181
14578
15491
15627
17645
13868
18853
15907
18638
16224
21336
29067
15531
19550
15914
17144
20368
19062
14146
21893
19208
15672
22574
26313
17377
15752
21067
41481
14442
24405
21615
15720
18518
15842
15030
16415
17348
21394
15640
22964
19010
15998
19672
17157
14289
17294
18328
15586
14040
15009
25074
15848
14679
22845
30053
21697
16770
17850
14795
13707
16978
13556
22918
16793
18257
13510
16235
15364
17573
17691
13804
29598
12929
28966
33916
36578
15862
25561
19432
16387
14909
14129
24077
15258
14719
15073
14999
15643
16371
15620
32454
16882
13433
15301
17575
31538
37483
20195
15976
15610
15437
27478
18834
15226
21588
27087
18131
15462
13151
13784
15695
14403
14632
19070
15205
15283
19004
12733
15034
20961
13884
15324
15844
13330
21165
15611
14478
30845
22837
15336
27037
15655
21844
36481
22044
17661
20778
17476
19973
15601
14728
25481
15906
16742
17353
13357
14374
17636
14129
14316
20166
19608
13854
15008
14010
18342
19429
16319
17435
18120
23890
29666
15622
17660
15820
14387
16372
16229
13345
17097
21136
14002
18177
15902
15214
14810
16136
47126
25957
21140
31005
15687
19847
22071
15724
15193
19195
17609
20587
19253
15536
18441
16089
16555
14065
17060
18015
17797
16749
20654
21501
19017
17063
17680
15665
22300
16536
17851
17293
23857
26406
14328
14637
17976
19246
16957
28235
24558
26029
13462
14846
21212
21843
18722
15242
20316
15278
15595
14436
20937
17198
24084
18557
19471
22280
14569
15033
14168
20305
15654
14871
15029
17078
19425
14676
15140
13024
15242
58239
14448
46751
24416
13563
15454
16508
18983
17519
15913
17695
15268
14720
16497
26038
15198
15888
28141
15488
17780
16377
17725
15217
24498
33961
35876
16855
18095
14769
15146
16855
15616
19074
13324
15256
33568
26615
13464
15422
15383
18732
23314
23898
15799
19162
19707
16105
17810
15955
17946
15134
16009
16058
23796
15841
16196
25525
18784
17940
14523
18801
23040
17131
15853
20436
28707
18712
16585
19603
14482
15082
18453
13399
17412
19413
32596
15432
18559
15746
16469
19124
15496
14977
18546
17907
14629
27078
14641
19177
16725
18559
18484
18467
23086
16873
19927
19148
17301
14021
13669
19091
22151
14633
14076
14833
15885
19675
14673
33131
14851
20309
17608
18370
19378
24391
28679
26873
19988
18111
14299
14469
21977
18871
16932
20634
16446
15459
17389
15031
17324
17598
27164
15343
17052
16552
18721
16901
23490
17255
18984
14928
15618
17019
16464
14908
19692
18256
21213
15055
17456
16226
14941
15658
19235
18416
31853
18307
14519
17021
12980
22856
16389
15179
24742
19235
17074
15950
20736
17957
18592
31239
15129
20352
21034
25257
21262
15488
29566
18153
16030
15160
21087
37644
18925
17585
17324
17301
24537
20786
17996
18957
16754
23145
19922
20772
16193
14955
21457
15462
16813
13863
14698
16320
18090
20134
15186
20970
22803
36896
18223
15197
14840
19198
22296
18015
20961
16124
23394
16154
20877
17541
18599
13895
18465
14941
16982
16088
15008
20084
20812
15765
19491
16233
16033
22499
17810
13880
16478
20390
16882
15314
17558
15712
20977
17841
17615
21135
14818
15203
19669
25156
15758
17482
19989
22818
15741
18218
31782
26658
15644
15682
15972
31805
16061
14425
21416
21769
83596
13940
28456
14020
15897
14684
14399
15604
21309
18371
15939
19235
24736
15655
16327
14715
19680
28496
15444
16571
13482
235560
44693
14997
23461
15097
18127
18125
17325
18322
20160
27175
14188
19381
15151
16909
18502
19922
24262
30008
29106
16029
18535
21342
14543
14847
23794
17277
16695
23267
20310
15813
15808
16432
15913
15553
17664
16067
17318
16743
15356
17937
18329
17411
33381
14851
15888
14754
16671
13176
15575
14914
15351
15669
16252
20482
15202
15156
24103
27477
14936
14118
22200
22565
19574
19052
16614
23453
21790
17932
15375
21053
14877
15676
18950
16744
15240
14948
17587
16577
21107
17045
15029
19637
17430
16119
15936
15040
21890
39734
20087
14304
20025
16684
13673
15113
41238
44169
20452
26123
16320
15960
19947
14615
22863
17570
16226
14326
18019
20183
16917
21758
16361
26878
14695
14349
14991
18244
14403
27070
16451
19291
15320
17409
17242
14822
17434
13682
13964
20164
16544
16590
13524
20460
15678
18341
23096
20810
24374
29972
16432
14580
20261
18952
20162
29258
43179
23197
18710
18761
19035
17201
18104
15428
23059
15806
14767
23849
19482
16344
16812
18259
14932
20010
17684
19913
16828
14371
15460
21694
23589
19820
18714
16276
26593
22358
19358
18596
16086
17107
16563
27747
22588
18566
18978
21920
18529
28778
15477
16394
18683
16861
23231
18446
14039
17700
15274
14594
14398
17187
16624
15529
14846
18425
15346
15903
14633
19192
19977
32827
14939
22404
17269
14881
16602
30856
14997
14447
17573
19417
17477
35962
13798
13082
14637
17502
16000
17082
14596
22143
32328
15837
18677
17288
15588
15817
21289
20860
41405
15376
18070
25010
16811
16842
17027
15389
28217
25172
20006
20697
17258
16797
28029
26658
15337
20110
25285
15674
21203
15991
14785
17185
14251
24745
14842
21100
15215
14458
18510
16324
13904
12946
15035
18292
13789
17938
22612
14547
15118
19506
16445
17336
21020
15608
15673
14086
16439
12950
19052
19615
35566
15225
15020
14908
17550
17606
16021
16070
13019
14626
14899
14996
17606
16828
18148
16051
26546
18606
16165
14435
23270
13739
33948
16034
16613
16087
23929
22218
18331
16117
26305
14828
14540
15609
14982
17930
14631
14541
15142
15241
14546
28713
15037
25471
17231
12866
17502
14518
17375
19333
26368
22851
16302
15609
17511
18275
22330
14729
17898
21685
14371
14377
34193
27262
22639
22523
14692
15827
23598
20897
18676
17027
16325
17707
23254
17154
14993
14391
18042
16186
14855
18411
14822
15900
19044
13828
25727
17843
20400
18328
17242
25905
15047
16518
16181
14566
19946
20367
18988
22280
20209
17357
14702
19034
14817
13851
13731
14157
21298
22538
13721
15037
19562
16151
22505
15483
13946
16398
13668
19542
15828
15182
35636
34655
13397
17717
18353
16314
15189
13085
13565
15961
18435
23496
18663
19050
18300
14742
13097
16193
13263
19058
14650
14336
18040
17018
17748
18344
19904
23164
16423
16421
14966
15365
39214
19514
16171
21853
37823
15956
18077
18443
17675
17907
13698
20550
16796
20628
22532
23025
15221
17448
15558
15916
14823
23598
23063
17732
24821
19761
13950
19011
15268
23002
18698
13658
16380
17550
20979
22387
16769
15506
24144
16515
18933
15468
17742
17549
20555
22749
14100
17536
14301
24510
15437
22490
15933
31747
19631
19476
23356
16792
13288
19802
28715
13519
14938
32573
15743
17680
25019
18479
17910
14883
18374
18349
21554
16858
15506
20989
16191
18571
13868
13822
19767
14796
17311
14626
15715
16553
14191
14468
20503
15363
14989
17823
14035
16939
23679
13391
14510
18982
21603
31476
21008
15586
18349
29123
15770
14389
24544
21391
15179
15213
13601
16883
17753
22457
14274
25663
22423
15508
15177
23854
16659
21899
15053
16505
15061
14906
15574
17063
31607
19563
24408
16526
14753
14436
18959
25958
24152
19337
17012
16651
25471
15850
19194
15666
36468
33811
24732
17838
19901
16643
16417
23651
21546
14760
25252
14128
17685
20279
16015
14542
17742
29083
18639
13342
14955
14339
13762
14916
13442
25271
15180
13189
14867
16831
18584
13688
16940
14311
16384
14201
17056
17012
15227
21155
18846
14494
17568
13908
19262
17601
22271
22201
15333
15349
17967
23073
17004
16336
16942
18689
14899
21807
17024
16294
14596
26918
16222
25471
19500
12491
17156
15527
16143
24469
14358
29436
21736
22538
26031
16590
22756
21489
16132
17721
17837
18014
21143
18495
12391
11803
16679
16232
18175
18723
14291
16328
22695
16908
13186
16548
18268
17177
14895
14532
14727
16607
15001
18988
15136
17240
20429
16224
18589
19947
14201
15704
23877
19280
39702
37476
21241
15486
22095
19089
15293
16422
13214
18908
16198
20240
23184
16973
15168
15717
19580
16742
16723
36780
15237
18978
14572
17482
25470
16516
13155
14821
22033
18771
18276
19301
15022
19292
19404
16028
15903
21892
16525
20960
22847
17265
18650
28990
14973
15559
25406
22684
14936
20951
14837
23017
15523
21081
22896
25665
25416
18565
19669
17975
17705
19659
17892
16863
20428
15510
15636
14106
15224
21467
16454
19870
14524
14766
14419
27228
19020
28165
18568
16265
15554
15424
21954
14208
15107
17851
18977
16124
16156
15096
23369
25595
23072
17296
16140
18820
15209
17043
16873
20048
18405
19090
23820
14521
13605
21366
17445
13514
15930
15989
22664
16967
21356
15844
13838
24958
20004
18909
27076
21760
18756
15180
14978
13926
18173
34466
18478
18072
18083
22125
14972
17246
14434
18752
15441
15521
14617
15737
22784
16301
23213
15685
14847
16649
14602
16115
17115
16330
18270
22578
27034
15679
14721
14861
28013
14171
14865
15257
14512
16117
13924
17090
22717
16726
15638
33743
17433
24641
17128
21931
17038
17653
28555
14590
49991
14212
17324
16933
18685
26339
17563
18026
20027
15019
48226
16238
15731
16425
16515
17134
22653
21836
17101
15162
20732
16819
15976
14843
16457
25827
16158
15481
13969
16823
21710
20835
30425
18835
16090
14890
20044
29883
18901
20521
18185
18637
18573
32553
16071
17890
32090
17734
16696
25380
19403
19337
33281
18157
14859
41671
16678
17521
20763
30385
16120
16524
15992
15183
21573
20360
22587
15886
20469
55075
16970
26266
15541
15906
15803
19952
17015
14935
16779
18248
14619
20621
14363
19417
35998
15310
18659
25613
17681
16439
18342
19296
20560
16367
15814
23497
16101
15956
20991
17418
17211
16261
17940
15536
15927
15099
15382
16166
16055
20495
14233
19426
15208
19388
13031
28482
16838
18834
16013
16473
13575
13695
21062
16369
18151
27308
29764
14852
17600
14831
14999
16459
30195
19174
15503
41048
14850
16245
22000
16616
16310
21047
16897
16836
23992
18825
14765
14540
26173
15895
16261
15631
23598
19198
15341
15435
15671
22654
19851
28270
16854
15779
15961
17895
15274
16525
19733
14671
14709
15078
16609
14459
24536
24962
14885
25472
18927
20472
20051
20427
20716
15103
30911
14753
15018
22659
16888
15806
22158
24206
18185
16019
17541
19511
14930
14796
20596
14673
12949
15745
18469
14391
17778
15238
15266
21776
22931
14504
14909
13431
16488
18081
15170
21136
29867
14429
15371
16255
20448
13193
23916
14039
18295
13626
23202
18543
14805
20781
18449
18432
15583
25996
23044
15664
16205
16344
14849
13752
17632
15465
16853
31396
13325
14032
14433
17163
24876
14271
17959
15463
14606
14624
22123
14177
22934
17078
15007
13124
14696
15580
15425
17844
15402
17575
15499
21656
15967
19446
14384
16205
16339
14739
15114
14664
15367
15551
14886
17174
14375
15622
20985
13847
18728
15558
18239
18492
17781
16691
14810
25205
17464
29392
18715
20736
16635
19140
20850
16020
16763
16656
17743
17658
36863
15216
17295
27880
17697
20002
22424
19163
16006
38350
18204
17072
14780
23104
16781
38744
16398
14639
14922
14788
27168
22778
14411
18220
15110
15024
15183
15665
20253
22300
16468
14594
15443
16633
15729
13860
14650
24323
14750
15632
16518
15705
14480
18089
15786
21376
16327
15657
15664
18079
14558
20659
15743
18159
15944
15253
17735
15380
16547
26524
21516
15670
15303
15738
31576
18052
22351
17127
16799
43206
19336
24043
17522
14471
15669
17144
14776
15553
19646
17165
14966
16235
21827
17003
14430
15150
18085
28483
33220
30602
15278
14963
24185
14312
21092
16566
17465
14695
22818
18906
14739
15257
15941
19057
32825
24814
15373
17318
17000
17107
14576
17930
16532
14509
25607
15340
16328
22058
15638
27762
19319
14595
28592
19331
14184
15150
29192
20236
37714
17784
18595
23997
15850
17194
18642
14148
19840
16729
17659
17584
22953
14976
17487
15878
17233
15712
14405
16009
12851
16846
24736
17170
17620
16664
17079
18688
15926
14687
13936
17739
16471
20299
13885
21878
16191
22707
13285
23025
17559
14043
19288
16074
14591
18401
21025
23134
25016
15005
19221
19112
16968
15893
14661
15609
19969
25231
15684
21445
29426
16177
14881
21974
20138
15844
21235
15194
27283
14178
17090
14068
15087
13544
23058
18451
16332
15782
24089
16644
13506
21059
17091
23268
14774
23293
14213
15159
16096
13319
21224
17181
17007
16663
17894
14921
20266
21670
15146
36307
16915
14917
14350
16272
13931
18334
13925
23256
20651
13810
20994
19390
13757
22270
16940
16337
29114
21689
31759
43341
17106
18944
16592
16451
44649
15322
19267
16879
20254
15091
22574
14696
18471
18273
19163
17424
23694
20272
17052
21189
21389
15712
18969
19808
15821
17569
28903
18714
16194
35854
15931
17012
24831
18365
14607
15419
14575
18278
18988
16967
31460
18434
13680
16524
15526
14130
23282
17173
15416
15250
20494
28612
15289
14793
19741
19990
24656
21232
15297
18997
19384
17579
18045
18612
15665
14842
19196
13013
14676
23410
15535
17999
17007
15958
16046
13852
15629
17614
17722
21904
16139
26973
15723
15931
27601
14405
14789
19707
20045
16133
17602
17440
22490
14744
22401
21681
17709
14238
17958
15168
25734
31479
17126
16431
23442
15050
18077
17672
21473
19172
19717
18585
26724
24656
15631
14109
18312
23299
15251
18579
15229
16777
15778
22362
15183
23682
29181
15149
23245
27306
18864
21620
20326
22412
15514
14396
14710
15786
15784
22907
16203
20283
17204
14021
17430
17760
17152
13218
19396
22522
16652
21392
38144
47571
18168
33437
15521
15779
14464
15880
17029
21070
16114
14519
19817
14353
13691
17486
15934
14204
19624
14179
20927
18606
16768
15591
15556
12327
14377
14769
14486
19077
19052
16272
15509
19818
29766
24542
15088
16041
17046
18257
16651
16498
14160
15273
20200
25066
33147
17796
15366
16307
20622
16947
21257
21558
19303
18754
22638
16396
19633
16373
22927
16875
16025
16672
14118
20819
14454
15234
16383
15233
14655
19474
15404
15146
16174
20713
18709
13475
18079
17100
30562
16464
14218
19379
14907
17409
18188
16155
24279
24670
14536
14239
26430
24185
15637
20089
15199
16547
30156
25410
14470
37933
17381
14012
18816
15069
26423
15981
14445
13367
18753
18129
23170
22368
14914
16619
20658
15034
19381
14036
17525
17322
16194
16559
18539
15027
25735
19163
17743
15913
17220
19810
27584
15558
17298
22948
15887
20067
18188
24331
23214
19434
20177
16740
20445
13563
17526
14220
14498
19220
23589
18418
15612
14769
25376
14825
21913
16785
17913
13178
26947
15778
15370
16352
18167
17224
16308
15736
15141
27369
14567
20651
15467
18105
21575
16213
17363
15227
14302
15072
15817
17832
16734
17603
17673
18061
17408
14029
21974
17053
22032
14439
15321
37088
15709
14548
18366
16392
16297
18401
24714
17131
15762
18197
31940
31078
22351
21583
18413
15239
19912
16681
18196
20555
17541
15364
22669
15939
16427
18494
30235
18370
14620
28004
18197
14143
14731
17768
17492
15995
14619
16561
14604
14721
26982
16425
21681
14181
42086
24151
20556
22066
23191
13794
17536
19017
16239
16209
15917
20454
15415
20958
20969
17435
14974
14395
35498
17162
17869
17325
18536
31509
24655
20873
15643
19975
17718
14779
17764
19605
16128
18285
14933
13967
19803
19300
16730
23406
20176
20916
15284
15212
18014
16701
19144
17366
16455
18697
16835
16773
20520
16845
17030
15660
18148
16497
16280
19594
16365
18116
16496
20025
15762
14952
14730
26127
25974
15131
13569
20125
15738
45756
18122
20882
14723
15687
15235
24426
14130
20591
15300
16115
21479
17000
19235
23875
17634
14393
15740
14912
21178
16906
19193
16676
15753
16714
29199
27381
14333
23628
19950
19970
21298
15912
17678
14120
21211
19352
15680
20274
24429
18023
15748
45711
24250
16722
15938
14017
17682
17635
35474
17602
23133
18460
22027
14397
14272
19701
19415
15806
19214
29013
25257
18294
18061
16139
17526
17599
15100
13565
19152
20274
14068
29605
13292
15009
15967
14700
21449
22895
33029
16715
15890
27212
14374
26656
16724
15297
17303
15713
29445
19867
16917
26721
16959
14928
27377
16121
14244
19040
16550
15989
20220
15761
15232
22541
15397
15814
21354
13656
21218
16379
14688
14726
16261
24596
29602
29477
16517
16976
22217
15691
17387
14868
17042
13998
16637
19818
14948
22615
14563
21874
21288
17774
21310
16265
30540
14831
15393
20095
17525
18837
14898
14997
22587
19722
14691
14721
17859
19154
20028
18087
24062
17750
14589
16476
21922
16614
27828
16998
17889
15881
14678
16241
17083
15649
17436
14402
21203
35217
17719
14989
16327
18932
16905
21034
18534
18336
22590
18089
16217
26232
13818
13883
16852
14882
17241
16812
16616
13906
14993
19007
14096
21335
29511
17827
13641
30641
19631
26054
16341
13535
16522
15885
17150
16549
19209
16435
15376
26332
23605
15908
18393
16606
20117
20167
18344
27987
39655
16393
16073
14959
14910
13422
17304
13733
16742
40486
17565
14401
15154
15863
14914
15896
17447
16613
26757
13364
18581
14767
18998
17105
15079
17716
30297
18423
20391
16887
18270
14795
19728
26255
18573
17345
16375
14907
17548
17244
14855
15067
15133
15478
18105
16673
24535
15391
17602
21089
21044
14407
15410
17324
17727
18462
14166
