18283
28501
31524
20030
18364
21149
36761
26724
18149
22619
24080
18803
45973
37997
17106
24588
28093
30890
23681
18890
48025
24016
25519
23952
19011
21804
18861
26387
35610
18640
19400
18535
26851
24625
17294
28288
27178
48338
29343
13765
36461
12038
23280
33752
27558
20247
20651
34063
51916
36485
18930
16512
21372
30916
25919
28348
35552
27961
23233
19490
19431
25218
37675
20023
35227
19172
17004
27259
34244
19375
13576
21893
15026
26477
19666
42802
22775
19997
18372
20746
27065
19947
14115
25703
26387
33640
21807
34764
50580
30247
17537
20155
27173
23731
21245
23526
21190
12813
23309
23364
42756
28192
26214
20155
27456
17638
49870
34359
17122
24869
17260
31525
25979
19600
21935
21450
24860
19516
34256
36567
16223
14610
32996
60917
28733
15304
19531
15096
25707
29679
29937
43083
28064
25015
20004
16413
14758
32709
35257
34510
18903
26130
29063
18483
21607
18271
19982
20042
17079
10471
20335
16470
10551
38273
16292
19218
17579
16577
20493
48607
28555
38635
31370
25638
33346
38218
29944
34061
20710
27200
29852
24767
26055
41432
38775
27504
14204
19205
29059
44319
66545
25136
23606
18985
22156
24372
21599
14852
31785
24977
42779
30284
61392
25118
27571
31625
24181
23196
16257
31478
40363
39076
72398
88107
22988
29633
20943
26320
36741
22513
31259
27073
45118
26940
32557
26806
22716
34219
23052
28648
22876
18420
13726
24861
20263
30404
30907
30434
19340
8096
24183
22721
19853
22039
17562
33231
14709
17066
14278
30344
41548
29400
28027
24396
19927
14344
23907
33479
27675
24934
28354
25729
18403
23868
18903
41348
39875
51908
49015
35550
22608
18077
23176
17127
17053
32148
61189
11596
33672
25093
26370
24175
16767
25881
30810
20917
22660
32290
38999
23339
16507
31652
33406
18640
29067
34556
18817
23450
31913
20593
12739
17941
34594
15033
24607
18161
35317
27606
24753
22985
19995
25919
15107
35763
14690
26432
24841
18985
18765
24989
22577
21772
17906
14863
57391
13720
26156
90657
74842
50217
22663
20851
20815
20082
23660
39108
25787
16993
20361
12416
35106
16145
14950
19163
23233
23525
20121
17374
19498
25917
45365
20850
28010
22791
25757
30328
13686
38012
43046
28117
43063
50569
29999
22937
26692
23662
21513
18446
20966
23167
29373
20445
18284
26900
24820
18390
28817
38451
22268
31373
19989
17782
31535
18481
23066
27156
32235
46813
32656
47570
26110
17810
18037
23366
32855
22223
32084
25133
25558
26940
20749
37654
43792
24204
29575
34161
19498
20092
21483
30638
27680
16234
30830
17421
19620
25172
13549
18547
24992
23644
13054
32193
20036
20470
24183
33275
44385
34853
21592
27997
13961
23070
27185
16388
32088
19902
34862
56359
27057
16726
20107
28569
16728
24609
17764
17937
20934
16826
20476
13624
24966
25631
34007
18948
29507
17686
23736
20262
19000
29279
23959
23995
32598
25394
22651
15318
19412
21846
29245
21804
37375
21905
21227
19209
28816
16028
23943
13750
20356
18191
23122
6817
22752
27432
17088
35238
25144
30788
27243
22669
56144
16078
35146
18818
43716
29494
14389
24245
42468
25960
31614
14483
21207
27686
23994
26451
17205
18502
30751
16887
25950
19688
19631
23580
30517
26348
16586
13809
46110
19854
21864
43890
16260
22120
25659
20205
13941
37299
17585
11737
26803
28149
20933
22525
24574
24645
18856
19983
28963
28953
26337
34036
15562
20695
16292
26466
27205
27326
16764
23745
36938
20833
23764
29257
21230
19668
16691
27707
12455
20911
13461
19176
25388
21602
32225
24094
24765
40327
19206
29437
21023
16123
16431
26351
25651
51609
34147
12275
53516
60314
15679
19585
26806
34609
18811
20912
23088
14882
22961
17920
25998
27651
27806
29086
19137
20790
28975
39987
33381
17102
11018
20510
36381
30887
17401
19604
21140
16509
21306
19869
22929
28511
21265
24997
11180
22083
10258
25844
15395
19408
19852
21138
27930
19367
18935
19773
24886
17279
15942
23019
31548
15326
33888
39996
25469
28638
41915
36383
17974
17620
11308
40234
20941
24046
43711
24625
22774
25286
15409
29919
17708
8756
27369
37621
17726
14697
42113
14808
32603
25103
29168
25898
19413
24984
20371
18796
22981
32551
55158
21537
15755
24361
19238
37920
33132
16431
31734
21294
22163
20608
21939
39964
28507
26626
27893
48112
41554
23887
27529
14615
37456
32102
23233
17175
33052
29996
28865
27895
41655
31976
21772
23305
28339
24278
20863
33036
29400
25350
15601
29037
33192
17749
16309
16947
35185
21702
19319
37580
26944
21429
22656
28255
24598
46329
36476
33130
20634
28021
32165
51986
50905
22703
18948
19782
18161
14872
26352
15988
27614
21317
9880
27054
20966
23800
27867
23393
52369
18178
21244
13126
25031
21868
34910
38016
16516
21538
17529
21162
18727
17802
27902
29588
28954
41959
21302
21351
34854
33710
16840
15683
30149
44951
22250
14271
30321
28411
41521
21760
20178
28346
23003
34488
35660
33119
23667
28534
37787
16601
29547
24129
22466
20463
20325
19073
23564
19515
46191
11770
19105
12960
29096
26442
19497
21891
17546
30352
10681
41371
24038
11842
25943
15861
33905
52790
22342
11417
26200
22526
29279
17889
24979
24907
14048
21265
17622
29020
31193
24002
40982
17589
25692
18520
21436
34001
29874
12494
38212
33775
25914
50586
28651
24666
15512
28116
34781
35964
13471
30315
17998
14446
52270
25392
14084
17909
21759
26141
19208
23013
51246
28497
35938
36144
22156
25492
20839
21629
20621
20415
15622
20460
17270
23726
39295
53034
24423
25593
23912
30193
45484
30874
20979
24373
22719
44633
19796
47019
28876
20844
22942
24292
18492
30738
19364
25024
31135
32468
25453
40352
24616
36805
27773
15826
21072
20405
19275
30652
17877
29650
18248
21395
15854
13298
31498
61537
20359
23919
26574
24239
23856
20546
25743
25785
23007
43455
16665
24308
14897
32247
20709
12214
16523
25383
49567
29024
29548
32554
22602
23415
34307
17303
19967
27117
18741
10502
31546
16892
20997
20045
21079
48387
33806
46765
32380
19566
14001
22291
35111
15464
21775
15759
25026
12989
21186
32006
21881
31017
15893
13173
19097
31934
31796
33548
21613
38774
22556
19866
20769
20722
14198
17741
23615
7071
18254
20534
20102
11443
17492
31411
36610
22064
56200
21735
27335
25546
28261
26055
47760
62724
16045
24323
22921
21387
18830
20520
39686
21825
18526
13697
80228
51853
60315
32153
28707
15135
24033
29329
25072
40432
25942
18677
26443
41296
38078
20810
28517
40649
29864
41493
14003
16894
17765
20782
15134
23025
19377
13604
19806
40323
34608
40836
57160
29268
26172
20167
43555
22864
23319
18804
25786
22186
27542
21411
18590
26643
48925
26879
18173
18952
20722
17797
14074
18442
25026
21198
23549
38141
24469
19293
27360
16187
20841
25504
20550
23962
18585
20115
17726
19603
22413
22458
37467
35467
30372
18257
23836
36694
32318
42150
39075
20881
23349
18138
16256
20666
17817
13942
21286
20730
27468
20136
35516
19434
25500
36489
33695
26372
20486
18177
23601
29543
20687
31442
24788
27779
27121
32786
29115
24783
22078
26657
28709
24651
20725
24473
12254
21810
23982
31111
28878
19905
29214
19927
19874
19720
30829
36686
14059
19446
24481
28667
19365
35125
51147
58959
25469
23510
24092
34032
22463
13493
16823
14437
13282
26397
22601
23530
35864
16224
32673
20455
21383
25466
32390
22600
19790
36562
41960
27635
34158
27584
19313
13426
15826
14959
17577
32331
37138
27433
14031
27048
30913
58676
33012
24741
27436
29342
24682
18058
42743
23069
15889
39137
42914
40317
52754
80047
26244
33881
38660
27481
17402
15154
21476
18754
37911
25776
22787
20625
20904
20640
22099
29244
18245
19816
17504
29249
41434
24097
31426
22568
17797
20609
26601
33735
27024
22676
5939
22583
26390
24001
17313
21409
32094
26928
21669
24913
24853
24507
25060
21986
12863
26711
34756
35640
23514
15629
27549
29139
15708
31340
20199
27683
25552
19487
35827
51792
53462
27093
15342
29293
37548
24776
28647
37056
55921
21598
27892
28637
28811
22066
40908
21434
25382
23277
15930
19752
24137
24424
21820
31460
44444
22109
25573
15933
25387
39767
14172
21477
27316
16836
35832
27339
24244
23601
27808
8961
39474
20074
53214
41270
24652
21494
17374
17781
19358
22455
25640
35578
23302
44196
19777
25385
37458
19361
29010
32650
34155
51662
26362
19459
92103
21357
22889
18968
15826
22045
41824
29357
19518
21850
20880
22255
19840
23737
19055
37633
18707
19195
16223
34054
17648
18950
15359
36127
42360
42054
63633
21288
25984
30814
18870
32228
22675
29919
18712
24704
29227
18436
20964
16343
32158
26571
25899
22471
22272
27401
17675
18121
20580
23999
19364
19678
14197
15645
26497
14397
35588
12711
24445
20268
31854
20227
19590
12660
24255
39309
37389
23431
32852
16886
17149
19658
16793
33058
44331
17840
35667
22646
26899
17765
13620
13571
18493
81091
33840
23590
18441
27345
33108
26865
34927
23933
21221
22062
31317
18803
21698
17980
17389
22267
26191
25490
32977
22446
34375
13673
27278
33664
28571
30263
34151
19332
15754
16687
30769
21160
27438
24092
23072
27310
45837
23756
25381
30965
19960
18097
33101
21031
15597
20056
28551
28869
25419
23581
24547
24685
25535
24232
23009
21035
17365
15362
43542
18414
16483
24003
24246
30921
39432
15479
19864
24440
21633
35205
17083
20286
23006
19460
18323
19448
40870
27556
39561
27359
14635
29849
28541
23326
21460
22631
33631
26135
18633
24690
21941
20765
14250
30151
24761
42943
29580
34848
23969
27629
45937
30747
21265
21860
21969
22836
34011
39450
21137
26849
22565
25014
36812
44674
22778
22053
35609
35970
20615
26079
28205
26375
20282
19340
25891
22921
32643
25404
12744
19569
24325
24415
32899
17322
23600
33706
24222
32590
29389
23827
52149
22649
16869
17426
21615
18095
28411
30009
24139
17554
16011
17969
30049
21337
19278
22322
20442
17773
26650
25617
23904
16809
20751
22555
33520
33915
22561
13425
37376
13710
21794
24142
23210
33848
16796
21343
29977
46602
19712
25249
15968
15031
18675
27585
32373
27997
21056
21113
24043
44540
24597
24356
14708
22050
38482
46518
21194
27945
25872
26117
23295
36714
21617
16847
26701
23783
15240
23583
30126
33334
20629
22704
22581
36422
18429
15287
26829
20234
22325
42264
28888
15827
49207
14935
18930
20849
31189
30349
30543
23243
24671
19251
23145
28908
45134
17950
17389
24785
15085
19661
39157
33830
28557
24935
16583
30320
15353
27319
22610
44078
17356
32340
26852
28241
21283
35935
20861
22195
21873
24658
27135
15330
20950
31787
48341
13076
29506
13995
51296
28081
11020
29899
24974
10426
25924
18635
35268
18580
23550
19846
20407
24542
15110
22527
26910
30090
30939
40789
33126
18616
13962
21927
18684
32828
20177
51150
21571
30962
19798
27419
22934
26849
19605
23203
21266
19799
21850
20128
22623
13076
17255
20573
21698
25095
23666
23875
13805
21188
22611
29751
22746
30349
14674
26552
27172
20942
40369
31029
37445
23527
22136
25438
52721
51334
24943
70189
24738
20814
19426
29587
17023
16787
18489
24710
21468
10480
35401
22649
19535
41606
21327
18938
15515
31275
34217
20725
43147
53489
14853
15574
11548
21224
37355
18084
29398
30978
18393
13564
29241
22051
38257
22884
33389
24661
23008
18191
21410
24431
48007
17243
24244
25183
22654
14342
20699
22971
39848
22855
15225
24512
17065
29707
17541
20398
34918
25958
28047
20511
27595
22300
36654
21157
18595
32986
18456
23995
23525
30954
13726
30830
43091
23965
21553
29071
38401
36454
20065
30338
16900
28510
12040
20664
21077
31638
11515
19798
19298
25474
23484
21057
21429
23684
21175
22042
27817
32727
24459
35328
54472
21861
24657
15608
23953
33603
18520
39566
40417
24017
29642
18730
48107
62101
31374
23822
19438
11649
28233
19462
30576
22908
20986
21699
20708
19009
18893
47469
9562
26489
31511
32615
20974
21075
19871
23487
19383
13348
38618
20956
19794
22124
21505
28850
17847
22541
27594
23308
21871
19990
24683
17795
21936
22299
21137
25333
30477
19600
24389
18647
28922
23563
36061
14225
22599
19676
20422
31244
32076
30334
19471
16204
18039
22163
31957
41620
18085
26077
16488
20785
26869
38641
35357
21494
24177
29981
24636
25585
51805
23670
23973
16335
32864
19216
19646
17720
19535
38835
18127
21646
14615
20317
18992
30815
30470
24794
56251
21915
27987
39376
46144
23023
19897
17372
23249
14220
24904
19348
20303
34457
38536
30983
24184
20135
19510
33667
29926
30666
30028
23446
43533
19999
35393
16767
22007
24436
19583
20596
25711
26038
49428
27761
78872
67243
24272
20139
15973
14224
20446
44308
21099
21899
37890
32255
20771
33016
30584
41760
24510
17475
13480
20020
22708
22887
23152
19624
15669
47899
32692
14493
19476
19556
16114
31706
21511
25065
23271
21487
28368
43150
23882
15967
26298
30810
44763
18771
35131
18676
17228
20401
26879
10662
30907
15806
22384
17493
20566
14186
21216
28811
20436
34696
20030
19980
16197
33869
16758
29571
21570
16791
19914
19930
30841
18458
27186
22790
18420
18124
17368
28165
25312
27117
25770
22203
17620
26760
25247
37500
46218
36703
20597
21805
17663
29669
23538
65905
49362
20952
36145
25484
34446
29313
30185
26237
36079
40345
37226
54280
26795
19174
21756
17850
21223
21724
23037
21706
21347
31202
21280
22909
19718
30797
20071
16143
28177
41458
22295
28909
9461
35653
20384
24735
28647
26240
20226
16092
23678
19387
17294
50466
20351
24999
20830
32847
24806
27043
14973
20607
49953
16195
19557
19154
24283
17873
17664
27870
19815
26993
20646
21093
21497
22228
30735
20138
15323
16801
14961
71570
18699
17544
22241
19656
36623
12920
40150
26205
22801
33229
21943
30157
25930
18018
32656
25831
33935
18629
28712
30916
18287
23752
36040
18280
16623
43728
51389
28427
47030
26081
19989
31599
20889
33156
41531
22249
22489
25436
32305
17868
28579
20261
21063
19508
24133
26848
16365
32821
21821
37246
36252
25059
22453
41823
21469
16197
27639
35014
49123
19142
24456
35391
41720
16432
16872
22505
22150
20718
24252
28384
31707
28465
21659
33048
32753
20003
20216
30872
28789
30979
39147
30653
36376
23044
14919
25524
27896
42504
28939
17428
18114
29835
25883
20129
22858
26169
53599
65676
30256
26964
19370
15734
21204
28145
20947
28663
26746
17593
32047
24443
26734
20192
22302
17548
25528
21081
18874
22390
19957
33146
22737
19057
38584
18147
20127
40158
34234
17703
30076
15440
28996
33914
16687
27328
19404
29664
25465
43835
17026
29710
41588
44286
30541
16882
43859
61816
20995
17381
17792
19401
34791
21138
30145
21927
19287
29089
30675
24302
19477
22676
27644
19760
13838
20368
22679
23642
34899
20670
17284
17728
23715
10815
21031
25161
13140
20390
23939
14082
23159
20349
21350
32897
22499
33497
23219
26044
33243
12735
21618
17439
21446
17386
15189
41616
20419
39976
16576
23948
22871
24561
22437
35979
28860
21699
18033
27786
47747
22212
28769
18654
33756
21985
13049
26437
29126
55001
53233
27006
33204
22227
20176
30368
30353
14770
19294
23158
22876
36976
35142
21406
12360
21911
22904
22950
14881
32543
18202
25933
21544
29361
22364
25589
14312
32985
35228
22706
39276
22830
22640
17833
20973
20043
24251
13623
28822
24938
32130
26416
27308
13714
20158
41163
21622
21258
32147
39793
25936
45056
21856
35897
23678
17727
10786
22446
8860
21452
22388
20836
18080
14196
16258
24270
26658
25577
30522
27126
20770
25979
51125
18098
14533
13691
34599
14269
27863
17071
22594
25143
24015
21376
29310
21503
15578
26740
28489
29326
34075
24762
21030
28284
25571
11769
21012
45332
50480
26506
12192
45821
15371
17822
31376
17303
37070
23437
41087
29796
26047
24515
32714
19587
39953
31622
37391
39897
27915
27040
40029
19127
13388
13305
17716
39868
46023
19048
22387
22446
29947
25206
21480
21494
32072
33134
11038
17200
13263
15417
26248
54593
18235
31688
35406
26343
26585
22041
28327
20608
23532
20975
23033
24469
24829
55262
18193
23134
22567
34379
26270
31552
26568
19098
21969
21352
12193
20864
66016
24338
16561
27967
23809
18046
18027
25553
31295
22203
25126
32332
52163
15498
21980
36001
16034
21937
43295
31150
21840
19358
14069
34510
18483
18272
19332
30222
12921
19416
25010
26150
19030
49736
39824
41615
27000
28682
23662
38072
19465
23000
17498
32206
16126
28792
25742
28096
38108
14328
13945
34924
44888
22236
21651
35669
23502
23974
26758
31373
32475
14385
13939
25890
19536
45981
35390
36646
16813
35191
20873
20322
30028
40794
15967
22339
22956
39445
44942
52409
95213
102391
14854
20475
16971
22035
19991
22316
32551
36737
48232
22126
24137
18091
26796
27819
20929
27650
23020
23477
25493
22019
33133
19603
49715
37169
20075
21454
19106
28238
31337
36877
37101
18360
23276
46790
23846
22893
20146
18367
18801
49388
22015
14683
26124
17254
22208
25933
42767
29090
27019
28905
39269
21435
13101
15856
17387
30100
18148
30691
35587
21627
23407
29967
24225
26280
28298
19689
15605
21634
18336
30373
21292
24063
23936
25260
30257
14071
42611
21325
21746
18097
18869
29008
27163
20493
20603
23576
27428
26146
22778
17533
26289
43507
29293
18434
41008
41685
51085
26797
22383
15533
35142
26495
23098
15500
18625
18659
18492
12177
31633
20259
25440
15822
26367
31955
19447
18406
18649
13173
26097
24231
25470
18578
26818
26639
33340
14594
15581
18859
19447
20786
13048
19415
21811
26690
24274
18967
14705
26796
21259
18657
24585
27961
20494
20971
16777
12669
12558
51680
13495
25746
27206
22930
28547
22738
22059
23016
21086
20817
20431
38730
33621
10338
23711
28984
32775
52185
22984
25069
18203
44016
17917
20085
24308
33438
24202
35988
26239
23767
25454
22333
25943
25184
24254
28014
30813
19386
36069
21256
54975
16919
30582
19092
33911
18592
24014
20267
18724
20397
36771
24421
15954
21552
23965
38158
21497
40561
21228
21111
29110
25035
58348
26812
32539
26713
36998
23480
23980
22190
28279
15109
19507
21928
26649
46351
37952
44772
43250
20060
48544
39461
31826
35225
17024
20795
28126
32994
23972
30361
18177
29768
28741
18449
13885
26665
42790
20053
20319
31024
17202
38126
37082
25688
43009
53597
42424
19722
72540
15257
16515
25322
17721
28887
24021
34755
30053
28465
23040
22656
11816
16305
23966
33724
22771
27929
25267
35351
19707
34637
20740
19573
18283
29138
20545
47988
23727
44524
20237
26901
22127
18709
16601
31124
19628
24635
27254
29543
24102
46321
42118
17695
18281
28268
25824
38159
33964
14017
27238
22784
23902
29666
22283
34334
28555
14854
19919
21562
12650
21434
23973
24326
24207
21482
23437
23576
36315
18159
30347
26842
46144
20417
20866
46138
69709
35274
25940
40006
72852
91615
92193
36161
19410
24240
22064
18304
19254
25676
26254
10609
31110
26232
32355
21592
20502
18667
18454
27015
16660
15161
34507
19267
21022
32910
24626
21668
50909
21866
26029
19514
36841
48010
16017
31003
24332
22897
58689
56300
65954
22970
16817
20417
13427
33239
15737
20269
17382
29422
17350
27837
24805
26136
37970
33022
17349
23670
17246
21937
16750
23592
36573
18800
28307
19076
33477
39041
32776
19955
15089
26587
40725
15390
20425
20960
18560
28521
13786
26133
24941
17034
38466
26541
20021
17798
24281
23825
20155
32982
15401
25575
32926
28670
46409
19019
24023
20353
20389
59041
38528
30940
17695
57376
13112
24245
21166
22613
33933
23516
16909
27884
14919
41764
20029
32553
19379
26014
21112
34851
24712
19832
20987
26360
38885
26249
26764
46362
75861
25033
25481
17341
13366
22897
31495
15526
20199
24721
16595
22469
17517
21945
53855
28437
30018
17005
18439
15277
20938
18135
23006
22578
21857
26470
30700
31184
56682
63789
16836
13259
22886
11400
36303
38007
50656
21442
46507
19922
21178
41538
28584
25084
40836
46043
29980
23772
24907
29029
31306
21881
21202
36675
18660
22010
24927
20841
36406
15564
22031
21019
30680
17818
24878
35576
19962
23981
18998
17575
43477
26715
26882
18255
18379
24697
24611
20041
25768
50751
26303
15362
24606
19263
19202
24243
22860
19259
16703
22947
19488
42684
20634
17978
22442
18805
28906
21479
16660
27777
18731
19664
29636
23661
16348
17158
18608
21975
11281
11488
26349
21412
18893
29858
32797
35125
47677
16358
19752
41775
26777
61142
61527
23322
52165
30652
49793
30308
11211
22268
31458
17125
19274
32768
19744
31174
16314
31746
43686
28882
21835
18513
19551
24148
18496
35196
37641
60302
17700
19528
18633
29704
23303
23548
21850
20828
19390
21966
23466
14762
25866
26832
34834
27268
28328
26352
25519
20253
26666
22214
26496
17037
26222
32788
56726
26696
16593
19880
26671
32521
19701
29472
23910
33109
20479
32394
9630
13240
30113
27376
30367
18492
14998
12817
21292
30307
31623
16799
19905
23961
10510
24920
19400
19400
30353
24285
27094
25174
29006
32742
20635
21039
16052
33089
19430
22198
22798
20422
20726
39887
21530
9286
20494
31712
17912
37721
22519
25652
15165
31738
31445
26698
18237
24088
20410
25849
29107
34896
29130
41086
12628
22782
16691
21061
21260
17839
17430
22803
24253
17509
19378
23437
19408
21446
24578
18037
26180
12978
23187
43861
18078
23948
19383
33320
23584
26509
28543
25369
29561
11154
18959
19520
22876
47252
28032
19585
24162
15030
24619
16283
32379
23014
31339
29620
40324
46269
22176
18883
21854
25338
21484
26250
27638
63359
65514
23781
19368
25237
35570
20926
22653
30359
50967
19725
21166
36286
25149
26662
40729
21962
44365
37779
24357
21261
32638
46257
57433
27623
21520
15800
21207
40080
16554
19571
22094
37972
22130
16072
28126
29889
34666
21577
22318
33037
27143
31924
20618
25622
25015
22701
24768
44047
44420
30990
48941
17589
11454
17299
17972
10858
28201
28774
17670
50709
19069
21292
18332
37952
14315
20142
14738
21976
18664
25019
23064
28293
18781
18935
46796
29816
14075
15527
19126
36424
48568
26374
39773
51995
25773
40425
17288
18495
25936
24921
19553
14978
31146
33058
20969
24507
25346
19402
47722
19356
21491
33406
31825
18818
27955
22796
24748
28179
17104
23977
29532
28791
41838
14910
23251
20439
19903
15987
11593
23587
22701
35712
20592
20000
21029
23724
36678
23865
16259
14863
12772
25849
31571
44540
26012
53382
55316
21491
20361
25485
27797
16888
23470
22927
18361
13315
18459
24180
16561
18945
28157
19732
21427
20671
34678
23848
21742
11371
29676
20932
21584
36625
46142
21910
23751
30084
19439
45580
23452
31712
23881
27918
23378
30930
40826
43796
19569
19538
36371
16731
20194
25383
45046
18464
22075
47078
27068
28178
28574
29112
18699
20829
24962
25047
22949
33859
14307
25795
18131
29508
24936
37142
19971
27193
17376
18639
19760
23742
22549
19928
18097
24926
32551
29976
24349
28726
33033
37479
23062
26958
34342
24017
23944
21011
22286
35569
28547
44452
57884
24090
25376
18484
19079
13917
28706
29866
22230
23589
48894
76294
24792
39077
26032
29408
21024
28758
20879
15790
27734
38450
32943
19323
23654
10132
25415
45491
19278
16302
31200
21843
24045
20735
34448
34963
17608
34497
38403
26608
40122
30705
25031
17577
18573
18106
17447
35125
31071
29163
25444
23693
40116
19832
27744
20835
20669
24177
25000
25845
24094
18990
26375
20062
23732
24936
27626
23658
24080
37773
21992
17339
26589
19933
20707
28484
32020
31624
22966
29939
23627
44522
25352
40725
16453
16062
22026
20200
24807
13299
23783
22129
26184
13162
25389
23388
38053
40355
27328
19803
25177
52253
65512
21875
20458
18688
46684
23385
26787
20400
14415
23659
27114
25001
48566
24763
24942
16399
16881
28177
26730
29631
26453
25876
13054
17114
21218
20717
19073
17136
30369
14719
23640
25048
21341
25942
14166
26526
38026
15081
22553
33585
33560
28785
19628
28842
30999
32624
27490
32954
19374
25523
14243
25171
22415
19623
26987
29438
24661
10730
21505
18270
26422
19678
34385
43139
48901
27816
20544
14329
14381
23995
23837
16563
26297
22817
40762
58473
65450
23595
36186
32734
34934
19204
27957
33814
38877
50394
29379
19000
35944
13830
20885
16155
36496
26602
24906
35693
13220
12445
26563
23762
20730
35994
16963
13474
20304
34145
20804
19658
30136
23426
26575
17126
29811
13682
28287
19341
19976
35011
23815
27622
24235
22098
21333
19686
24609
12303
38703
14469
22226
26366
18373
18147
18942
27588
21540
22353
17148
20430
27718
29173
30189
30982
29268
10168
40272
16758
29883
18950
30498
29151
16101
17972
30154
21935
36159
24398
25820
21434
15175
19064
41572
28545
26141
18590
14609
23214
14282
23120
20921
18872
11175
17469
42354
23010
33768
34824
51232
27517
34573
23756
39346
9150
18466
18719
16661
24979
18103
25145
20718
22603
37788
61068
35345
49465
63177
78918
25719
21199
6311
22971
14515
16440
44354
22471
23880
13905
27456
20490
32938
25076
15231
17095
24431
35527
36285
22638
29251
37681
21777
28187
22164
37395
21832
17060
22818
24902
14679
19544
22431
17670
26416
25588
63464
33550
36887
33809
20027
17390
19941
19067
22842
26628
20224
28846
16094
43252
24267
19986
38382
40352
47036
42003
30341
21220
13010
13179
30955
50496
26796
20919
29962
43069
22053
34117
61160
29404
28626
19226
27662
10524
22074
18298
17865
31577
31914
23382
41513
69975
38713
22319
20282
22486
29106
17557
27228
34822
14060
26349
19507
13966
14749
12197
28610
11215
21404
21641
17517
20106
19685
16740
27531
26925
15113
28759
35417
16271
19617
26792
17283
12823
24051
24397
30718
28524
26290
22872
38816
26273
31723
47051
19338
45970
20836
26153
27603
26506
19937
19309
19638
35214
19730
17088
16643
50694
12038
32794
28923
24812
21167
29528
19393
20549
24256
20847
38765
19828
19590
14687
18231
24076
40285
33198
26167
43335
51605
19516
22829
35773
23311
41067
26577
19935
27177
15961
14434
14331
27343
22627
22660
12871
33524
48514
20041
18087
22370
17747
14462
35577
20626
29903
16095
21588
31942
23172
26961
13423
20829
23716
32244
12887
26995
38647
23656
45022
22778
17208
19343
24708
47692
15828
44643
46836
19718
18862
30149
27105
25358
20722
25993
34873
25733
33252
32452
23477
17330
24350
26529
41857
25464
18758
25054
16419
31527
30400
17396
10705
35463
48801
51235
59748
26798
25415
19900
19224
24252
35888
14028
29291
17371
23229
37610
12922
21966
34122
17177
22333
25001
42859
24140
21897
30040
34199
24457
20544
29152
21431
18100
21097
18995
34329
31697
21317
23209
26558
22937
34097
18566
29499
30234
26383
20015
15713
20622
37524
35455
55994
78732
24760
35481
18976
28303
23549
34563
32630
14604
30066
26087
14281
21287
28141
19266
32427
10755
45692
22964
24463
29581
21855
35955
27277
27094
44222
32164
15716
11952
16290
35215
12417
25394
26220
30661
27681
32419
14704
21435
18181
25363
10435
20280
23021
30073
26066
24277
40041
21459
17780
27356
30580
22912
31836
27471
28409
24235
18591
32190
33832
22730
25121
13881
21477
36620
48536
31388
23024
22036
18776
22773
20921
35321
12999
17145
23054
26353
58773
27931
26626
12982
25684
26011
23643
20111
27194
34038
47616
16843
20208
32502
51254
11510
31445
25506
32476
24509
61620
24382
79775
29329
22396
19084
41077
22597
46380
28365
35786
17194
22825
16589
25447
27415
31455
36868
30452
66184
20129
24965
18308
21920
14997
18704
26501
21703
23424
13112
25187
22748
20604
33839
18936
25205
19874
30182
31040
25454
22497
29804
12873
15433
24525
17317
13239
18601
19913
27034
28664
19796
21203
35331
20145
27255
19964
24780
19497
26086
23668
21481
19932
29311
32557
14466
35139
20370
33186
20736
14597
30748
21369
24805
34669
29972
16140
25138
19414
18295
13660
33064
15044
17311
24237
17253
20169
19453
16092
22894
36421
23570
31666
27780
14768
23520
18050
41662
21665
45411
28597
46979
22001
22820
24339
21090
21566
20817
16983
32106
30683
16687
22230
14388
28061
31941
19249
70351
20972
14909
22886
26099
29895
34036
24550
31945
18887
23816
19220
30761
24303
20858
16680
18554
18554
27739
39657
12709
43379
36113
18760
48122
46851
25826
15726
17453
17022
20422
21437
16173
44861
30996
22143
19532
20598
44268
32968
17262
28572
28869
25843
31916
22471
34802
25173
42753
17355
32879
13001
32698
23059
23038
16384
18077
17363
20824
45410
29182
21252
29470
23802
21684
11521
23449
24136
28556
23278
21228
24555
22040
19896
25539
27312
43794
28094
23338
14069
39355
21812
24637
29893
10239
16171
23173
32413
18207
27426
16401
17727
21005
29213
19963
22944
21272
21041
26092
24553
32483
16161
20507
35513
24538
29487
24543
32403
28785
40442
22894
28420
17605
33831
44914
19670
35080
23995
26196
38544
40214
37337
25880
25960
33692
13726
27830
43920
46228
22790
22894
29891
14281
30417
22884
38590
60823
24425
29497
21865
20111
17313
25742
22439
29843
56804
19802
25208
23175
35378
15247
18802
16094
32720
19209
51246
28694
26648
18134
19127
17437
20144
23440
43313
27628
22217
24525
15921
24704
18317
24292
14214
19753
32195
23800
37849
25413
40469
32107
18704
15648
24097
18049
23951
38891
24543
21791
24501
31407
24440
31434
14247
24246
22012
23402
16711
15129
21254
21823
20981
21474
33667
24391
21876
37811
15785
23998
22283
24168
15677
31348
15109
45689
25974
33642
35576
25327
24123
28521
25307
17821
19581
22827
23271
29040
19914
12406
16261
22881
23035
23725
20011
13676
33219
34178
52919
15401
26972
20834
37980
49489
55248
78611
50612
37431
60644
43668
15181
28097
28732
38399
26245
15560
21924
22045
22778
29402
29130
21255
18227
30152
40677
20544
13403
12356
24457
22340
19923
14724
12996
20566
60839
13621
31594
29291
26506
23840
28801
25815
32040
61479
29889
26405
19138
22485
18914
33412
42247
24070
26213
45312
40047
19223
20673
44076
18942
24030
11258
21486
21852
16465
18624
16540
27788
25856
39644
47766
17210
26744
20833
22976
32890
25263
36537
35919
60991
72732
17783
63524
18520
27325
17089
28594
18179
41433
23787
28533
22665
19015
27078
20044
29147
28493
20554
19718
51780
37280
16030
22696
25763
21479
27983
37267
34978
51471
20697
26024
26859
17854
22331
65095
37525
41096
46901
22682
16413
29778
40838
15051
18227
23031
21780
23637
18930
18697
26328
17695
30169
53965
27518
28887
30295
41839
26886
20608
23714
23098
21640
22809
20654
28400
25386
40698
43446
20376
18634
30341
21306
20621
25472
22670
24086
20947
19722
18286
22799
28504
20040
27378
17497
10566
21861
24191
22466
20770
47728
14773
16259
33626
24830
21481
21002
20051
19486
25749
32055
20487
21613
18223
22697
18421
32157
31935
24698
16032
17617
24060
20352
32258
20036
10940
22165
34370
30299
44167
41389
33609
20422
38015
25266
56567
29769
19272
23333
34856
23163
42436
50820
23776
29185
22959
29736
14369
25352
31707
15296
27045
21629
18513
41583
24135
34367
15086
24791
22272
26321
32197
21978
23056
28695
23218
22674
21091
40603
14608
40578
23366
22020
17884
28035
13219
14022
27968
40144
26398
48994
38979
25247
23985
22379
31291
34567
23691
23612
54478
15615
22561
29316
13039
7676
18504
34131
12358
14154
30947
45384
25043
20600
32892
68681
25933
37698
25168
19296
27016
25923
35047
26321
25542
22852
18806
22787
10752
16531
42104
45554
64129
43250
48827
37675
20042
15617
21047
17041
23060
14570
18374
24958
40206
24037
16691
30274
12765
24223
28830
42827
50697
17622
21837
30478
31333
32234
45498
32788
12744
10456
16856
22966
25640
22416
18091
16156
20255
22633
22321
18215
19627
20415
50161
32762
31148
19808
12250
16980
27549
18463
28827
16309
24498
25356
21594
20079
15084
26299
24506
13411
18070
27938
23979
25233
24580
19813
18469
17728
26402
25165
34101
17700
43174
45630
22506
28634
16540
15411
35350
23833
44708
21258
51995
33969
25217
32049
17630
15726
12267
18303
17290
19555
24213
25194
22584
41058
20373
20045
38055
17769
23165
18048
37813
21172
21063
25765
16227
21244
20435
19313
53177
14736
20660
11143
21399
25398
18514
19648
19549
22677
19914
20450
23391
39252
26158
21529
23371
17599
24261
36411
34181
25490
25396
36827
24849
19658
21262
16932
21809
15732
22424
17615
14924
32046
18703
13713
28197
17034
40617
23149
20503
39107
26457
19948
20617
30401
24821
39366
33831
20843
13620
17842
21779
15359
17846
24350
44521
21109
13700
27413
23087
27223
20011
13997
19072
18879
22256
25220
24035
52959
62157
20811
54844
19112
13276
28760
39042
22455
18078
22437
22791
35910
17613
25669
39584
14573
29851
23049
22069
16008
18188
19225
14761
17207
28817
17729
18929
19572
12443
30430
24410
24831
23484
20074
20724
32969
27341
16459
16558
31856
22787
22247
13509
28943
16625
26866
23191
46769
28229
19194
20671
28348
20943
35763
21747
28273
17441
13913
44735
21133
18774
14362
18018
25719
24777
23758
17035
17377
23908
34726
23558
19151
28243
26415
28432
20767
31059
19431
19721
30897
23169
17829
32020
44585
24728
25997
34580
24558
15493
34993
22234
32097
31863
20003
16089
13884
32902
30615
20568
17729
19598
15536
18974
27026
20316
22551
26403
21928
18160
15968
28764
40103
21751
19809
28292
23842
18385
23398
20284
24623
18937
25254
30091
35715
21048
46731
25485
24563
18428
27348
26013
18139
28539
13282
17693
12015
17558
20324
20289
24432
32378
25325
26262
27827
18174
17975
18915
18664
28576
23186
24727
22960
23046
20410
16405
20110
25432
31362
16581
23964
17296
10280
12859
20241
15462
15109
13066
21412
27838
40957
56332
28309
17511
42758
46405
28248
45718
19279
10963
21440
22558
52193
16209
24209
21286
19394
23785
12569
27769
21421
21258
17815
29944
45887
24471
18316
31239
20341
13370
44811
19649
18361
30545
40755
25503
36698
13930
20106
13100
20022
28862
30207
27331
8052
27132
25802
51612
48391
24180
29974
17049
28299
21965
29373
26987
21170
21782
20831
19382
23362
24864
29374
19031
34281
53077
62342
31286
52555
24977
21965
33703
31792
16471
25247
19553
24388
18601
17239
25646
12852
14801
14507
25744
25755
33386
17356
28133
22362
26706
28614
23540
22132
24754
18901
22796
23733
39643
26748
46514
22315
18703
31739
33600
48867
30412
44404
19442
21107
30040
33320
18903
22763
39304
22706
21183
24395
25051
24440
21832
33345
28165
31650
26095
45448
15864
18963
31629
27252
28366
16497
17462
24812
31612
29539
6126
31431
29340
22044
18320
25351
26991
31717
9921
22288
21926
22516
30380
15923
23486
25057
31743
25909
19516
28418
26421
21957
29965
24016
15473
21809
17230
13718
26542
23238
22506
18700
13441
26509
11800
25072
21777
21529
26319
28814
38025
71213
60739
18985
38509
23194
17380
28923
20454
25579
38364
18631
31763
30826
37539
26883
21340
32319
37487
28670
32368
26039
37168
13754
13439
27171
22795
19047
21319
17755
28008
20214
23953
18282
23728
20761
19885
19893
30211
33953
17835
18427
19511
15893
14356
13709
19284
25992
20128
16314
18319
15956
25568
21017
17967
20803
17661
21696
20484
19176
23063
22142
22103
25188
15564
19359
16177
18228
30446
25827
12907
23995
26255
20050
23704
16252
30114
17089
38614
23900
43565
30412
16903
41070
40838
35885
37643
24787
39838
17674
17775
27834
21819
48966
47166
46834
20552
21806
23223
21323
19835
15109
26067
17756
15028
23578
14638
23029
13985
22965
31286
13140
17735
19363
17939
21361
16503
19115
29312
14351
12496
18199
23638
12220
19195
17794
24942
20152
25114
19606
26219
48551
30317
14196
40247
47629
39205
22398
17463
18925
24876
19672
19453
29728
27478
33735
22839
21788
42702
53975
60380
24447
29437
21631
19712
29599
24565
14161
15207
19730
21121
23859
19864
19170
20454
21563
28909
17443
26344
18664
26232
36846
57039
41627
21223
39773
25672
22850
16627
15791
26997
22730
28042
24860
24145
32932
29628
14636
27907
32943
23115
43011
24422
15750
21929
18411
16915
18412
16093
25062
36073
24738
17670
18686
30396
30966
20588
24598
28833
33113
17262
26709
39648
25661
56359
34432
25423
21700
18983
28343
17202
22015
17167
20036
37058
19801
19267
29886
38184
20167
20754
19132
32250
49221
69631
23891
43593
23307
18979
21557
13438
18611
36028
35449
27457
23019
46428
23540
15760
31472
17875
17193
53428
23264
25733
32203
26523
53268
23008
28844
25168
40932
26021
17889
32509
25623
26051
25318
23110
27445
41881
20415
59461
74788
21289
24657
45874
15631
22499
25872
44755
62578
22100
16091
24662
38962
50724
33849
36467
47361
26659
48208
54937
17446
15821
19148
25411
21589
10723
18887
23239
28323
44989
30813
47100
42514
24745
25485
28879
26150
41845
24949
49146
56943
20417
19200
21723
32306
43416
20223
17565
28173
14577
29533
45166
28008
21563
17142
21393
23864
13237
25238
22573
30844
22150
26491
30290
26207
18105
19839
22717
20885
22874
12870
18544
35485
19806
22385
33053
22890
20671
17681
32789
19145
22533
14765
19169
18219
24055
15745
20773
11488
20633
29012
25667
18710
17250
30740
22889
20947
44559
25520
12316
21578
37891
20566
34460
19679
21567
17690
30437
15843
31915
26436
33772
19425
40576
26036
31269
44087
17193
19651
33120
24153
17959
22238
21273
14045
14146
24077
38359
29302
39648
30579
36376
33779
21076
30429
32923
52101
28998
35676
24312
19702
22071
17896
25892
26855
32458
46602
22800
21233
21154
44447
20757
34386
20761
47835
42599
65402
32275
12474
30413
22111
22584
26056
37908
14176
23799
31854
65628
21528
22794
24141
42374
23858
40548
30030
13452
14772
27246
17739
26006
22185
22726
28181
17079
13399
16503
34547
20828
37109
25465
34179
24848
19020
21063
16997
35745
20074
41103
22009
43318
23803
28394
13277
31035
21215
19334
17971
22325
22664
25917
19020
25793
19161
23420
21495
19884
22832
25290
23238
28010
51266
36534
52633
29169
22137
24109
20479
18580
26735
18817
17185
12350
22682
19361
25737
22511
24258
16822
27308
27954
23388
15040
12009
21928
16478
17706
15535
30841
19235
21143
16012
17617
18175
16871
19456
24892
27413
19538
18514
16725
23207
15346
11885
14199
19431
19252
19288
20705
25562
23467
20965
26333
18487
23144
16806
26322
12774
25357
25206
15316
18553
26824
31438
35879
16529
21682
15606
30758
25428
32171
37578
16254
29588
21229
13672
9257
19221
16559
44224
14471
41711
13417
24990
24164
16990
27021
32766
34959
31162
24135
19765
22127
22851
30168
15895
15231
20316
11755
22797
25907
31725
16697
27427
24072
18177
15848
10129
27955
45201
29186
26013
17313
20553
44697
17350
25575
27109
24746
24101
34141
24675
12971
19450
24971
44817
18031
24913
20607
25071
26540
34764
29483
53681
17149
38626
15370
26510
14757
22478
43158
23755
40711
27888
19219
25450
23056
21792
20277
32099
35270
17553
32072
22354
20801
27546
25733
22809
26934
21690
31341
22237
21352
45549
28359
20236
21813
30439
36829
17971
15720
29307
8737
32780
15280
31333
20354
18078
29630
25750
15986
10291
21322
25881
24171
12453
26493
23929
25675
20423
18107
29663
15999
21324
21154
29238
24082
16659
13974
18124
23118
13796
22237
37796
30428
34340
21056
16780
21591
26458
19308
17554
34453
19474
19025
29185
20454
31401
17576
25380
29894
16623
24355
49396
22747
19422
34954
38403
13652
31914
27128
34488
18130
29692
19318
22778
34408
42985
27341
38319
23408
30370
22242
17809
25640
19742
24505
16853
23398
16880
20486
18047
23183
19787
18839
23686
18213
27713
60963
22270
23295
28977
35056
16517
14973
21994
19951
17912
32096
21651
15008
16467
36086
26433
18779
24419
47501
29371
18320
24961
23578
35250
19148
10767
39288
20524
21792
19729
20429
24359
22293
23674
24981
23628
16595
17002
30084
28632
11710
30636
23568
18572
27092
34480
23935
18221
32802
59509
24470
33667
36700
23375
20042
17301
37741
9212
25021
20054
45668
48733
18066
30685
26281
41698
23940
33414
19374
21218
29457
39563
30451
34374
36519
27052
18968
42480
39001
19271
22407
19685
16200
12924
18107
23619
40767
19607
32163
22781
15985
28164
23739
14182
20956
21792
43051
28162
33242
38021
17084
22215
22466
17370
14129
23331
37892
25051
21506
33050
54649
19216
22998
16004
23840
24758
16111
12973
20230
26274
11232
26711
20708
18261
19059
18701
36294
29193
21003
18981
27992
18332
26497
23619
26142
22397
31090
23219
22509
15664
21031
21399
19025
28966
23589
24856
18746
22706
13757
20748
16082
38730
16489
20078
18399
22702
19689
24119
25074
16836
23043
18930
28545
30580
17190
14046
20401
19634
30450
18265
20213
16981
28031
18597
22137
23765
11418
18163
20273
17115
32279
48219
14301
35506
64790
16094
21209
17959
25579
54334
12681
23303
56550
28987
25269
20483
21096
24366
27126
40666
6349
21687
16625
17439
37816
23879
23472
19984
38666
26307
38038
14367
14685
15643
33035
17824
15715
20740
23018
46447
12157
22544
12843
18328
32477
15354
20664
21329
21096
24559
23037
23992
29549
27092
17964
27697
34993
18957
20748
32186
17875
16063
19388
15017
16001
18812
22079
18981
21709
29374
54269
20088
18678
14543
27596
26060
34624
19765
16740
23861
12379
24402
24854
16195
19067
17039
10883
23171
26875
25708
26342
26745
16631
22972
26509
18659
25728
33398
25903
14643
23852
22149
16091
22911
26747
37141
21804
31555
20959
14314
25899
26415
50024
32803
21627
15677
24760
24808
14475
19295
22612
30768
39573
21707
20479
30318
18087
15935
31469
45130
19638
37757
23094
24718
25562
35093
57098
25793
21823
25973
27324
23567
22330
48607
20161
17237
20022
44656
11819
24258
21184
23673
22616
31754
23955
20634
29908
20705
39408
55410
64110
25734
25478
14771
21210
22926
26156
20234
24428
23343
19291
18624
23541
35858
29731
25127
25810
27043
25759
28392
20819
21219
33329
23485
23449
44059
44259
55371
22261
17478
16795
10450
25908
18643
33664
19157
17698
22614
23680
21255
35963
21294
56679
15921
17256
32798
57805
44845
22260
12596
27478
23213
20005
30899
24751
29770
15859
15259
23585
15012
24792
21399
22973
20078
21170
32792
34335
16799
41556
19777
24531
19978
20235
18236
20055
24431
28574
18391
21369
28651
24039
24808
20260
23766
19170
38226
65827
22011
20809
18583
21018
22595
18512
15607
22388
22146
13474
19182
31194
29773
29127
18592
16410
19554
21883
19400
21710
32245
26167
51124
19327
17199
34991
30092
11992
20630
23636
28456
18764
28840
18796
16820
21510
22965
21281
31763
20797
24736
34415
34889
21212
14493
22661
29053
29164
28665
15837
20448
17874
25965
19899
20168
10959
16599
20555
22756
25157
25037
36344
23285
23727
18829
22311
17854
9911
20118
21815
22865
29582
28891
20892
27321
27464
15977
17857
20164
16349
24471
13423
21797
25090
50306
19004
10995
14006
33469
45071
47741
17344
20328
22129
18687
31152
17352
22831
38653
15489
15461
19723
24849
32123
21049
18211
18157
21749
33567
19209
19694
27593
23106
17992
26882
13100
22967
15712
32155
27148
23985
51315
15811
25470
14816
32657
18310
19757
18477
18320
28220
20730
20209
31896
19125
32323
22883
20444
16819
19443
15137
26531
29178
28527
26385
28562
49010
30608
17067
21760
34076
35575
20929
20706
20450
21358
19138
17503
22218
19700
37809
27585
20596
20527
24647
14496
23897
19272
19765
40883
20009
14291
43561
32368
14565
23263
31085
18697
20653
28791
27784
15477
37828
23834
22370
18337
21447
30495
21767
15301
31541
20238
29533
23998
16857
30015
36128
12947
33232
26736
22699
20773
16865
16517
18458
26930
23938
19417
43872
33105
45474
27520
17026
18266
11773
38859
59409
18690
34233
36984
33400
38204
18613
57697
16257
20255
16644
22467
29392
22658
39285
23218
24423
23944
19971
28876
20879
23821
34761
21385
22633
11450
15039
26508
19383
16447
18061
26652
29054
16176
24576
39873
34308
30965
22188
21200
16570
34136
36050
28424
31978
21939
26257
36808
21941
22796
26345
18553
21849
23000
19128
22884
26196
14088
12646
19675
23973
24175
12691
25000
25739
25920
19732
28704
24798
12548
38608
26376
34516
22327
22234
27892
21582
37109
23824
22502
29106
22984
20194
17904
28291
19463
19147
19742
21015
18053
27385
18090
15145
18322
24272
19677
20667
16193
35789
22461
19744
20469
22879
30889
11596
22071
18475
27039
24205
15488
23526
24005
20130
30613
23376
24956
24517
19024
37958
26269
45984
31201
24764
38837
53343
37323
27868
24701
31775
33955
22073
11931
45434
35100
19034
21965
21370
21808
23022
26221
38997
16435
20818
26656
36332
20752
22968
40739
27160
17138
26616
12170
38830
27096
23183
20630
24857
20584
21056
32121
45708
24170
31754
18827
19849
19646
19558
34370
26097
20476
20550
18172
16197
15805
27159
16667
26978
25747
22598
19776
27897
21434
8749
21926
43698
23735
34935
12795
46372
36253
32709
22234
16401
13935
32049
31952
54703
20660
25035
35494
20266
18302
25959
26998
35344
26465
19730
19818
10858
12492
21946
26332
15592
16668
38100
21909
18830
26536
46375
28860
14342
28091
23127
17531
22709
20242
26932
21496
26865
23814
27543
11781
25402
21290
22835
15926
20705
21949
15091
19677
13147
21079
38161
15862
25853
44944
26632
18836
27733
19149
18280
13871
26199
26919
29729
32635
16836
30789
15565
39302
22407
30730
39861
20814
12231
30663
13799
24794
17877
27813
35023
23485
17705
27936
26116
19531
41860
44746
15128
22041
22612
43924
23969
43834
27740
18205
23635
19516
24849
8391
24541
32419
23497
40818
62717
50916
20635
18569
16710
33813
14141
23662
25253
48917
28689
34021
28044
21725
14766
22805
18937
29829
12294
20580
31978
21519
15899
20042
26647
25350
13836
19923
26138
36630
23842
34885
57002
23904
28047
14542
22446
28253
18885
19005
30613
10572
21158
25619
30625
30447
25841
31748
19617
32807
20205
44270
22883
18273
30306
23518
29508
27222
30673
25883
26301
25871
22264
17062
22055
25336
26361
19844
23975
19738
22685
30186
42622
19108
38253
36827
50876
22985
24921
35199
42337
25120
29685
20732
11246
20810
19108
40991
8112
17835
25185
35950
25161
27089
21241
21023
30797
11872
27227
46251
19543
24180
24586
17788
32029
18758
18124
19100
23572
32387
28549
15965
27257
17028
20089
32899
23009
44813
18548
37912
30658
24012
20512
19375
20754
15125
20045
27235
37046
23242
21282
40786
23256
18662
11251
23394
26384
20682
28297
36362
23709
26736
34741
58888
17573
20122
42146
28276
13755
15251
12549
32839
27786
21509
23417
27288
26755
20491
20150
37605
18769
21119
14524
23605
19361
23459
19477
20220
18910
15664
34828
14873
17813
16932
27334
22876
21931
14589
21757
23308
19104
27676
25980
16770
21725
10661
14903
19996
23377
27661
36550
20066
24654
24269
21583
17706
23720
19834
43239
72530
86332
26524
39119
16526
17523
16214
11449
19128
12268
20351
22330
13805
22195
24733
38748
33676
23578
18576
26008
28891
15578
26893
31523
18720
17908
21622
17317
22905
25615
31132
23465
21831
53093
19856
29613
10431
13697
26556
21823
23140
20464
38404
24404
24071
16684
19565
24804
20275
13855
13831
11765
16324
20041
56475
22788
26936
34563
25854
28700
16183
31452
30765
36720
18783
15254
23031
27214
45042
19741
20215
15928
18305
20379
19530
33114
19933
36688
24465
28834
29134
42203
43933
34873
31275
16125
21187
34509
22327
28359
27930
30215
36097
12018
28246
21283
34648
48410
22615
22845
32692
19103
22761
10597
15763
24308
22716
26010
19952
34593
18192
28630
24389
19074
27722
21331
32147
28353
19906
27031
19305
19785
24739
25051
19057
18727
40927
24142
18782
18759
34488
14517
20710
35894
21958
20813
20105
26763
11937
25781
29196
28714
23346
27846
24400
43276
32047
44148
56542
23714
23741
23383
61231
18179
33087
18311
42132
22540
23493
26465
16650
17285
19931
27210
19965
20854
28271
32277
17893
26859
21428
31888
16534
33980
20698
27030
20765
21593
19000
32794
15524
21705
20856
17612
15197
25438
24820
19063
35935
15662
15080
21212
28342
20673
22285
16010
25851
22399
29526
15715
18535
37056
20962
18202
30051
16083
19008
26800
37725
15766
24356
25927
26023
27530
37595
39544
11200
20350
41597
32782
13341
18817
18971
19878
24010
19829
15343
23689
39041
42629
23566
18091
15582
24006
28391
34636
20031
17823
31476
17704
15901
30768
11743
29542
16662
26684
16951
24799
25460
17662
31701
51718
49959
20476
24659
30758
20251
24553
17838
16084
23335
20220
15464
15166
27801
21855
39113
22572
22968
19411
20779
28870
31623
28553
28258
22408
27517
26879
19592
18442
40003
35037
20591
22288
21200
13809
18044
24731
27241
21860
22323
20739
14927
34773
66660
23730
27412
19026
18528
19120
22102
27805
21571
16623
18382
19644
17244
14597
18111
42686
17064
18471
35907
59723
19194
32206
30329
18675
17632
21369
13198
12875
16992
19571
20313
22519
13949
22726
17257
29203
25819
25176
28183
17470
22667
18416
24240
19278
22324
14687
20674
27613
18763
27891
32362
23955
20175
17560
26607
16711
17268
24186
16792
24444
16719
34464
29185
26575
20582
26835
31871
20991
19180
24836
23120
25327
20555
12926
20246
18056
36124
18221
25258
22941
21209
19209
18161
38711
32494
16747
41976
14756
21038
20457
36882
37331
30741
13587
24500
28996
30028
24522
27627
39033
57518
17561
31744
15858
17167
27324
28373
31484
15313
17313
21825
19480
26249
36609
25603
17148
55993
33096
26500
31913
19666
20871
24974
7414
21738
14833
22432
22074
17947
24168
26838
24955
22661
36197
24518
19731
26247
20308
27040
20838
10362
24975
23068
30879
38225
46531
70485
20986
24814
31316
21816
34832
19089
33871
28959
21823
31061
31119
20218
18413
18051
24945
22910
40595
13508
21028
32405
22002
17835
18650
32099
17254
19112
20659
20903
37506
15025
18945
26746
25997
15554
38633
26633
18615
24533
25290
20747
24696
33531
33607
29562
19585
21597
23802
21257
25447
29622
32334
21641
19811
21252
24920
26618
13504
24057
17521
38872
13551
28055
23012
24378
25677
19752
18976
26373
15947
17389
22516
15013
33880
25802
21549
21752
16570
21714
17231
31087
46511
42366
15071
19973
29362
25581
23567
13004
15042
21393
16938
30928
15488
24165
17460
18122
26694
26687
26495
13260
22091
11531
24374
26718
32209
18210
20158
42796
21363
22889
26716
30695
20141
19836
25422
26713
10643
16508
26480
16018
11825
30442
46395
36126
13504
18105
23304
25104
17543
17252
33987
25794
29047
20065
21730
20698
19591
23937
23050
13136
22013
42162
22264
18138
21244
19097
22117
23030
24349
34260
16938
22100
20642
21123
55872
37502
10495
21993
19950
29221
21846
23990
25873
46302
32758
13886
23264
14186
16449
20873
16107
19961
15337
17917
22004
20954
26022
45314
15146
11913
24814
26829
29777
22282
15807
16730
17563
19517
17181
23457
20893
27747
31063
21587
17915
23057
21592
28015
21415
16924
19992
15946
24691
23101
27971
20738
18407
25972
23929
26340
32924
42294
45672
21339
12043
30612
27286
16833
31581
28449
10574
21244
20888
39251
23887
21085
25456
26189
12000
24824
23252
10277
28583
19193
31424
25682
21909
13706
20450
14692
27212
24605
32856
39680
19187
25076
18934
20875
16479
23156
28049
14077
24056
20768
21935
19929
42016
10672
23258
35954
17156
11923
25235
14392
35959
21156
17238
17196
30537
20463
27924
32525
40835
25498
62545
40498
25229
16660
30467
20322
17156
22580
17271
22285
22638
24648
22393
23281
20939
23588
13855
17197
22142
18943
11490
24401
21515
44174
31787
40217
32393
39261
23623
26428
22221
19393
16550
29066
21963
38841
22451
31236
26693
17664
39161
24063
14022
19528
18212
20800
16287
18519
17190
11685
37868
26088
22159
17598
22723
41464
13584
25757
16108
24815
22702
23927
13393
23593
21556
25868
17568
11784
30016
23023
54432
51102
17572
19714
23492
24538
26490
46005
10960
40682
16579
28269
19117
37444
44845
17690
25760
25252
21344
12189
27707
19256
24256
30802
24317
25770
21894
14396
27865
47777
17928
23124
28290
18447
19312
46574
37179
30571
19365
25307
37874
26652
6960
17428
11104
27565
18147
28020
27217
15698
25987
25656
26684
38013
22304
25753
26036
19268
29791
21839
22841
24901
28027
20698
21582
27176
20832
36376
43694
24773
32731
23799
30474
25948
17249
25087
20681
33528
26079
44612
22348
24517
19062
44705
19242
27305
24424
22457
16224
21172
14005
27632
28014
22483
49583
22602
19595
21531
16604
24266
31071
40120
27592
11612
22685
19254
27180
39144
13532
14576
25488
15518
26687
23485
19898
15037
20290
41792
25228
34718
20102
27380
21024
15693
23461
23791
27921
24568
24665
23970
19333
21632
10666
25788
46468
21375
28689
16989
45983
20139
19910
37907
13019
18643
29510
20422
27986
13864
26685
14743
14267
17204
31307
29058
24254
12703
16280
25559
19275
37267
22698
15449
21873
18924
27797
20680
16689
18312
29543
44191
17049
18870
43242
23527
16493
23351
34247
32934
22812
20018
30759
18259
23157
15937
16573
17969
20677
13370
23610
20773
29474
24991
42016
26294
13090
30691
34861
20297
20389
30817
33398
34165
32456
41354
19930
37880
18661
30670
17176
19558
24700
26834
34081
27825
16861
24623
18471
27570
20577
14521
24360
40274
25134
27888
16182
34487
17301
31178
44656
15326
26955
27570
15908
32858
26250
45494
26201
12721
28497
30613
29770
15548
24709
17610
21383
53540
26171
21569
20883
24140
19282
22537
22839
21032
46246
27321
11852
18567
24550
18894
37953
35204
43929
20454
18435
25439
17335
33292
18889
34096
36644
26877
18829
25092
23407
36249
19090
18544
23578
27185
12061
23720
21802
17965
21151
12729
19692
18157
15361
22977
29541
25321
19996
16088
32568
18440
21508
20693
30401
30743
20720
25508
20786
13898
25320
31167
32647
27160
37424
20829
18247
28790
19470
24795
24006
19587
16802
38630
24007
21297
40811
26123
29290
45962
42626
16888
17214
20751
19653
19837
38143
17192
25370
24218
31220
30647
14830
25589
19778
22038
19229
14179
14533
24449
28737
18564
33137
16854
28664
26296
19587
30924
41891
14596
42184
52022
29329
36776
45222
47257
20127
27364
35169
13525
22634
19569
21085
16673
18496
23834
22111
38004
32834
16807
19265
21550
15350
30034
25630
26963
14471
38889
24745
25932
20503
31000
32764
30555
22245
31827
16147
23338
18116
22825
55891
12896
23730
29389
39655
47303
15284
20485
22741
20514
18793
39516
17873
18993
30287
26589
33262
26796
21070
32023
23591
22216
20720
35084
16516
25368
23435
32056
39881
17726
16962
25957
17232
17179
25592
28381
25556
11162
23094
18463
21131
21485
14882
25142
17811
17479
25044
25039
40251
33998
22221
37323
28802
40168
15831
55002
74674
15942
20311
19706
12881
21188
16213
16696
21907
27712
18466
17611
18373
23467
21012
22355
16339
25376
36772
21992
22873
18186
56043
16886
29047
23208
32316
47644
58810
21739
38976
10706
27600
22060
23996
30699
18909
28529
18284
12261
23624
20238
19870
25209
16892
17223
18615
22522
38133
14805
15935
23500
24640
33919
22622
31557
17446
16561
19228
14595
22276
20151
22605
16888
17832
33620
54821
22932
22060
16918
23435
14131
27198
13752
37619
59996
23860
22564
23015
21630
27000
16909
22347
26971
14721
31428
22891
31626
38097
22751
25988
15730
32620
28318
13525
32968
25948
31123
20906
17360
20052
21199
13707
19183
41279
64654
35514
23020
23200
41209
19577
27173
29615
16063
18044
9635
11967
19192
33006
26194
45079
14446
24834
32126
15793
30429
24846
21654
26891
22175
15556
18462
24525
28619
18815
17232
21775
16105
32760
23393
14818
8419
22570
21388
26921
31878
32035
16428
11348
38769
23413
27610
23540
43767
52850
25120
13858
22385
20401
37701
20331
21057
19410
26380
18272
21881
17733
13064
26419
23415
18152
26158
31831
22617
43990
24696
22509
21905
15901
18593
40579
23622
25568
22907
26112
32470
39420
23431
31140
49333
16316
15809
19675
12630
22870
19829
34941
29767
22163
22977
24269
52628
21517
26540
22762
19599
19840
19057
36711
27244
24777
14067
16207
20538
20735
22302
25692
34332
35093
9827
19183
19226
38171
57643
22221
26184
32583
24364
45714
41406
38403
18564
27934
27610
16017
19715
10183
36794
36240
15097
36560
26125
42271
26555
33350
23674
18294
23917
23689
16756
26052
16454
16644
27507
18312
37675
20422
30748
19635
28574
50803
36037
32865
23453
19936
13662
19653
25860
25924
37777
20990
28187
16676
22903
9472
21616
33169
42466
26753
30103
18050
15257
16875
21025
18621
25984
22124
23390
17845
40342
27165
35727
19479
22267
15532
22369
25337
34878
22729
27661
25251
29165
21128
20564
16808
18859
16316
21570
22494
26718
22050
25265
19892
25112
28240
19493
22563
17464
22061
18141
17961
29827
19407
23211
12707
18344
21284
20624
21126
22301
16761
39690
17474
22734
34307
20043
19952
9501
19035
24269
19373
16213
26789
15783
21419
20599
22472
18141
29624
48070
36025
14964
21210
22147
10252
17541
33673
30530
17743
20180
23492
25232
36141
23061
23187
53349
24207
15740
18378
25306
39241
38386
17483
9602
12405
14246
36186
22258
28955
25922
18495
16969
16890
47974
34300
18646
13943
40117
20752
19842
24107
33021
25191
31013
17488
20841
18796
25729
40028
23374
34219
27241
19894
25152
16243
22384
27399
19373
17895
31354
25428
19741
25254
19190
28488
22269
27362
20325
27141
25341
35148
15775
19643
16233
18478
18789
20562
16396
29333
20225
19309
25270
33147
27737
39650
22366
17048
12508
26390
21004
32070
27683
19066
22177
14502
31983
23469
18619
17166
21511
21738
16345
23553
20295
22164
22195
12977
34310
13767
20338
16398
14843
19423
26247
11454
18756
35779
28785
18240
53310
24897
15315
16120
31738
18914
19251
36892
15132
14870
22672
19410
24153
17796
24650
26225
26104
22822
17623
42673
20067
24217
23183
21981
35784
13789
23625
13783
27970
29732
25680
30810
27526
31042
31776
30241
25675
17804
35625
18219
23872
21253
37172
25700
24819
21322
17056
20977
35154
18365
33360
22779
33770
25970
17542
19739
21517
49746
41284
19409
43551
50920
48365
82820
16969
18226
21803
28745
10765
25896
8765
24438
28158
25121
46365
88720
113167
85303
21146
45480
23451
17902
29877
17758
18921
20865
34654
20044
22202
17183
27031
20053
15784
21920
23482
17765
18188
14178
17939
19130
30702
21093
32167
19002
22751
26126
23044
31741
15037
17176
20771
29384
22025
58010
83664
51092
19036
20046
16392
16637
26329
10161
30606
18697
14089
20580
35151
16259
34933
21909
20403
36948
10986
20782
28447
23947
22551
25889
42337
34214
50672
49852
61620
29408
23446
17875
33250
27064
39266
28814
22977
36210
31053
28208
54480
20326
26779
22301
101661
123278
37707
43352
26174
57307
20680
20906
14853
26063
16036
27041
20683
28850
24138
19285
24592
23029
23324
20257
44402
26415
20670
24601
19146
37964
14896
22879
31117
25427
42978
24655
23198
30816
19753
27961
26854
23179
16573
16030
30221
21765
24053
20719
23805
41307
40341
18340
11635
21160
30398
27714
25004
18070
30893
20441
20104
26648
26082
24310
20700
17563
20638
32229
22887
26340
20319
33609
31959
24597
29483
20292
17066
38999
41795
20621
30626
30071
17170
24480
32020
22635
29737
19634
23108
26721
23952
19163
42986
33774
24606
27640
44835
19867
20105
15391
18242
19780
33589
24385
16989
19744
23217
24761
13205
12575
19475
37514
24934
33425
8133
17302
26164
17095
33971
29492
21514
27191
23443
17890
28949
31206
13956
23693
28964
14725
29217
17337
16842
27241
18864
22756
22223
23794
17108
38783
19762
25732
19516
23974
12643
18860
16270
28988
38531
24709
33075
24451
37534
15681
22663
40344
19186
17451
11905
22045
20766
18315
21286
29357
22489
25917
32285
17606
10193
10483
18786
18916
22294
19769
20029
38210
28411
27579
28338
19148
22403
14663
17418
39056
33753
18430
25940
27225
18484
16325
23319
23748
14638
19515
23167
15326
18297
13118
17212
17661
31459
19573
19553
16882
27682
16400
26242
16007
17864
37033
23061
33735
51092
45708
26642
21121
20781
17767
29591
20016
27004
44107
34671
38049
14324
25885
29814
15973
40002
13607
15658
20182
22022
27692
18323
19356
28557
21819
37604
10109
30884
20405
21990
18220
23115
24767
46747
31617
18833
16078
32801
23885
15203
22022
15397
28030
38193
22026
21504
24935
17712
14487
27038
15674
17208
23948
16942
13975
18283
21585
22028
19454
16890
21795
22063
40460
20796
37096
27234
25306
29719
23873
16325
22776
21118
20480
26958
27204
24996
55904
31801
24878
22164
21593
20415
19398
20284
11611
17369
16876
17424
21472
21432
26895
21531
25018
10243
38862
21661
24631
26259
19676
24747
25839
25025
48261
40252
20121
22871
13477
19361
23930
20485
22429
32244
19794
25201
21560
22311
35543
34291
31720
23480
24856
33369
18747
25783
23649
33266
23026
47801
33132
21894
18588
29092
20609
16512
13972
20646
19694
33804
64322
50898
43670
22925
32588
24507
27899
20671
20995
32071
11496
31484
30373
15183
12106
35336
19701
34240
24191
16505
36716
17961
22376
25811
19844
24064
16410
21201
13518
24565
22612
24910
41569
16463
19276
21110
34394
41088
27435
22510
21618
14237
26834
14910
20472
38761
16537
15893
19822
56671
27961
34063
16570
17162
22562
27806
18614
34560
22721
17909
17100
27757
23994
24725
19419
33307
29681
19186
17315
27066
17140
21207
17599
23228
19661
34078
22163
31622
14545
12389
25015
15213
17056
10573
12461
24256
21832
23224
15632
36103
26934
33224
27358
31530
16670
16364
12304
21039
22157
22426
14679
19362
26360
13069
12057
11282
12632
23977
17277
19151
17807
14176
15237
26255
28206
29791
16668
16580
17900
27543
24991
31306
17731
25751
31363
29853
25408
20874
10263
18362
22522
23327
23691
42412
25089
15921
24743
19750
15443
36647
30115
47786
42886
15388
24029
17085
21185
24306
16473
22474
23889
29955
15551
15332
18426
24610
32142
10504
13525
22167
35959
21307
23782
12966
29819
21443
19055
18090
39248
33910
27871
33608
15969
31541
43226
28144
20043
37606
11982
14799
22569
18660
31941
28973
24816
20057
18331
21700
41208
34282
26079
29188
23507
15055
16288
21916
20421
33880
22114
55830
38489
40404
18472
20832
14925
30576
19110
20961
10428
24106
16143
31760
49863
47124
18806
37423
31437
15745
19187
34503
23767
28137
20038
12429
30670
27014
24027
32446
39576
19506
23159
22014
36157
26378
27118
36748
18139
26420
26527
23178
12912
13773
57556
23040
21796
15385
25262
21721
19125
29428
12828
31177
19753
16333
19033
23054
25779
31172
29094
21072
14532
15097
27394
22205
19772
12048
20337
37585
56901
16422
18763
14851
17926
19434
16833
28003
16610
26911
30815
25124
40766
26068
26726
23655
32120
41614
55394
20597
14927
22491
22659
22865
28399
31813
13708
25055
20614
27273
18940
21544
18321
34151
40371
50421
16064
18919
25908
21949
26118
28280
16398
30477
21942
28767
12289
13721
17542
14095
21351
21835
25647
19830
24890
29517
32952
13550
15367
18058
38068
18325
23353
29444
28270
34761
17295
16103
23089
19466
13620
15777
48850
15646
30593
20806
23801
33909
18047
33049
52291
42525
19875
19770
12983
21444
25329
26560
16068
22178
17456
21830
17853
19973
15664
31587
17461
16259
22699
39078
34830
25402
24396
14730
15815
34735
18005
30514
24707
20434
13174
16848
26682
27964
13276
22586
16456
34215
29322
39732
42108
34402
34029
14635
11991
16537
15726
30439
33739
17026
34118
52423
30917
26253
16731
23372
26781
48934
29493
29525
23812
27859
20552
24345
24515
36811
21870
27059
16477
30226
19911
39726
25757
20697
19131
37556
27815
22120
24518
25139
36608
23047
19029
33528
23441
24755
20240
13954
25320
38109
23118
27593
15473
26794
18004
39756
10634
30316
15568
37635
15270
11368
25584
17547
20073
22689
21632
20692
28048
37619
13033
25711
35065
17708
15833
20629
47137
24387
23001
25214
50975
19547
30323
24068
39095
24858
21961
18697
7562
19436
13478
19421
15137
19726
28317
38832
13538
20837
17255
18664
24952
21666
17260
19188
29432
17539
19758
18731
22373
27630
20869
31952
17702
22335
17557
30332
35262
29960
29021
42744
9538
23099
16424
32840
26304
15104
26708
19023
23225
24897
14360
23924
17136
35573
28532
59067
23426
20420
31306
26108
12795
18451
21369
19925
34033
26404
26219
22741
21541
19285
22492
36137
29830
21036
18203
23161
25049
29096
10013
26399
29629
33065
23631
33149
17724
31261
26816
32514
25355
20201
21679
24918
27017
29084
44757
12619
21200
21870
32069
16988
16761
45844
22664
54042
22528
25430
46020
60591
71746
23632
33139
21430
20146
17788
21123
27301
34131
23754
25040
18972
20342
22077
18406
22351
16469
18062
17586
30775
21426
27195
15933
25589
43126
22563
17988
23591
33066
20144
20531
17849
20493
28366
29947
31495
20133
24640
19975
28524
11196
25658
27434
26515
23369
14143
16313
26056
21000
14770
28204
25134
19549
23568
42914
14389
21637
29175
23714
21790
18270
22609
28185
17618
15371
40115
14037
14493
26691
31922
23219
24436
29275
14318
28813
18932
13592
22502
25244
35402
25748
16243
7299
26000
15678
26381
21614
31563
27096
18276
13125
22306
16376
15489
48210
19030
23603
13053
9462
30970
17738
18740
17499
60442
93356
20547
18520
50230
19951
21133
17456
16459
38051
8448
24030
22557
15342
45329
56687
21472
21095
31697
25390
20921
24653
15717
16792
21067
23093
34361
34676
20160
42774
18522
21911
16357
24374
22740
21374
28756
18695
46163
14411
28923
22684
16089
36500
18384
22177
25966
50432
15990
21998
15422
25764
22502
32964
19289
21168
24141
13772
20187
36347
15789
16911
27488
24553
13415
26254
34592
29014
18092
15009
21769
31932
18539
15173
27139
22373
22362
27918
10414
37728
16137
18405
17628
14588
22593
23176
28627
27149
33619
52467
76184
25818
15955
16029
30116
41925
29107
16834
22591
33232
21889
27612
27380
12900
24586
34727
21915
30145
17225
15539
21769
18011
17083
37635
30558
23338
17166
23539
33158
19529
20215
32685
15878
19479
42986
32643
49237
18738
43345
15657
24099
20214
22107
21212
14634
17510
16901
18745
11490
15931
35416
17255
11309
16785
22257
24907
60867
24639
35527
23528
15256
21775
34689
48648
27768
29492
22312
26436
18450
19847
15283
46591
44662
21556
16655
23310
21122
22521
14645
26707
17465
27713
27111
28704
17791
20715
20471
28053
31838
13890
21815
39739
31258
43168
23358
25480
35740
41175
26834
32334
16146
21153
36978
20755
30065
44302
31408
17571
14415
25869
50449
56876
24441
27492
16770
22941
28823
15464
21092
21767
19894
23981
19910
25565
22962
12445
10469
26665
19486
30421
19438
19838
28336
23464
29881
25175
32087
28802
13879
19688
23985
20535
50084
48864
26429
16928
19165
16180
20018
18742
56334
17969
22127
19793
18520
18599
25533
39268
25454
24780
21366
26040
38657
19777
22001
16294
23886
35977
24833
31024
20191
20947
26395
32224
9734
18667
17164
30922
17068
18582
15426
20565
19665
23772
19887
42272
17203
17587
26486
16425
11098
25151
25416
14267
25766
18758
27047
16940
25236
22197
50217
64290
70828
20119
20079
17837
28664
30562
35121
20554
31783
29657
16289
29552
25515
19147
37582
35411
27179
11797
23696
27566
27199
28633
22650
19340
36551
15635
20762
21468
31187
15202
18954
26689
20277
24053
21959
19634
16528
15484
12635
16248
10021
65097
23931
13175
21318
31824
24589
17980
27655
21519
33815
24313
12378
32620
13179
21542
23428
26606
11449
22691
25894
24009
31762
14879
26795
26057
26541
18845
22604
29055
19293
30812
30248
25440
33299
35624
18156
41801
15327
19996
23178
14373
32001
22774
22902
20226
33433
24026
30516
19505
24134
21951
19156
38385
29669
24929
19928
28013
17126
39183
22915
22673
18610
22321
24952
22364
35099
48047
17148
24580
33490
16321
36850
27484
28278
30156
19070
25398
31409
31851
23725
23634
25876
16347
18460
30167
33794
25293
30504
11256
28973
16294
31483
19276
14726
9749
23255
18778
15358
18881
16145
23394
22095
25563
14562
40284
9961
19904
18233
23137
16389
23612
13260
30716
22291
48391
47489
20093
34041
32578
18073
14362
18888
28765
43199
31148
55944
18264
22733
24789
35043
25371
33478
34164
14222
17046
38128
23955
19212
20190
17167
29313
17892
31847
11620
24850
16389
24952
27121
24698
24375
17642
24126
34111
13675
19616
24059
17224
35146
22087
23336
46257
18835
15211
20761
19087
15204
18792
16112
10394
18131
23126
20315
37356
20249
18986
23987
28164
18876
20735
22143
35730
29624
34109
25583
30153
46294
27294
10964
14680
12424
16352
13742
17043
23473
42941
13816
20403
15167
14878
26529
35150
15722
22530
33294
19225
31428
51004
16350
16458
23143
12757
24774
37499
26187
20053
18302
29894
21356
27585
22803
13339
23386
20133
19053
32539
14152
19149
18096
22500
21378
16244
11172
21647
16491
20363
21219
25414
18955
17002
31580
12616
34021
52376
10734
58729
33249
15917
45616
13623
22928
23948
30949
16435
19697
29712
23868
27039
54376
21518
28009
30133
26007
33537
18939
20906
28618
41449
35345
22833
10445
11312
40953
17966
22928
22338
32690
19461
19590
18641
13773
43875
22406
14883
29300
16930
40773
25915
19812
18739
25767
20905
16677
19847
21641
26581
35440
28311
27197
10995
41526
21203
19220
19941
21896
25561
19396
16721
19139
15864
15822
27207
42600
21722
31450
34564
17529
28186
19948
15276
15109
21044
28552
22851
19011
19323
38129
20172
17547
13402
14675
25772
15353
39812
18294
36394
18563
22317
19881
22283
22838
16771
15934
26165
57548
31353
26305
53725
21924
25036
18006
23187
15128
23290
19147
17843
35320
23719
19001
25656
41238
33882
31301
15931
15743
16404
19565
21356
35159
22035
24815
14130
28409
15280
19374
24624
24042
17184
19078
16369
19858
21720
28617
28512
45551
27096
22494
21551
22804
16282
17074
15791
16765
17924
25178
39049
23845
21709
32378
17631
27101
43311
23216
21069
43680
30904
35881
19207
20238
24473
19291
29891
38753
22382
32891
25596
19115
11672
34299
15119
20296
10322
25854
24886
19209
18806
13086
24408
10959
20559
28290
29116
54577
24955
28467
18013
19546
19323
35494
25436
33294
16296
26486
21421
18297
25264
23712
24518
20449
9464
25566
28204
29174
20520
14432
23246
35169
28087
51318
22052
26079
13747
33058
22988
13506
28450
18267
23327
29049
22791
21549
13343
21240
23091
17533
27410
31556
19693
21296
19309
13065
16432
11765
22828
10552
28734
20645
22129
26440
27479
30457
50667
18098
30334
15874
28850
21551
20200
39622
36259
20805
29941
21128
13408
48599
34394
19383
13768
17490
19861
30598
28735
27595
45915
25199
13030
26099
15837
26669
26873
17432
21442
33680
22405
17294
18854
47767
44543
24593
30609
61293
25429
17388
24074
26185
16830
12297
16496
22401
25315
27918
33541
32898
24869
21325
25026
25453
16539
27442
18378
12932
24055
16654
29013
20782
18105
15152
26163
31189
29015
47688
12139
43079
32870
53373
20851
20257
16756
14543
32886
30061
21253
24700
24921
25272
29599
15663
13518
42706
47753
17260
27175
22062
22403
19310
22909
20767
29059
22669
31537
15641
23314
26386
23637
29091
21802
15506
22424
11655
18282
24570
34593
13427
18017
28044
21188
16735
23143
15523
19262
17775
28305
21846
28183
29024
18945
33433
25362
30892
38171
14731
26561
23031
16919
38470
25640
24007
38222
22707
15420
11331
21050
13456
35201
13223
24436
37752
30016
26525
19296
29920
53081
26485
37056
28463
43343
14357
17094
20716
35221
22363
19945
17664
21531
16303
28587
19682
18742
22466
34300
19240
17956
18296
22926
25465
31803
26571
45524
21904
16479
25935
22099
18342
19984
13862
14596
21399
17341
19818
32253
25373
28512
32585
18044
47866
22551
23363
12038
17401
10442
21810
22412
32962
16733
36995
12314
21253
17164
25758
23921
15377
34464
21151
30143
32384
21965
12769
18049
11415
26048
22819
36840
37339
22039
60368
16819
23054
19728
21344
19663
18429
22095
35500
19832
15559
16232
12001
17895
19162
15100
27199
12877
20333
16147
18224
24805
16800
32379
45922
65178
28400
17797
24977
20871
23212
19220
16830
20794
30809
15926
16526
17476
37142
35701
27092
21709
27297
26554
23412
32331
22040
22039
12866
19409
32351
28660
23822
22963
16130
44564
26543
15041
37334
31022
21273
21961
26901
16175
12537
22637
22909
17471
28565
19970
24171
20185
24935
27924
17760
20654
21159
28267
19234
20103
15453
28583
19601
28523
25934
32131
25812
20194
18139
29864
19610
15710
25666
19346
20791
13158
25200
13596
23638
18442
20611
19542
23709
30231
48576
31980
25805
20522
31585
27317
29591
45986
17951
19706
25893
37658
30061
20573
30037
37703
28061
21536
20277
22521
36018
52612
16105
24561
43302
16002
17103
15326
14012
33970
18457
19780
26775
22569
17570
25554
34146
21830
13117
18891
29994
30640
22998
24436
20350
38083
44624
39534
29750
17632
16644
18276
16713
29962
43691
17957
23790
34235
22496
31322
20321
20554
18890
12357
17294
32861
36757
35832
21033
19614
18706
30948
13051
16535
21495
21981
21886
30948
22983
13126
12923
23464
19185
23622
37078
51415
21942
17770
20257
41051
18640
27959
30487
24965
36036
22145
23593
11816
26759
23263
15642
32087
13664
14700
19773
20712
17019
21544
22919
20461
38629
16883
30769
33964
18090
18314
14387
13987
26234
35219
37144
37867
21147
21519
21568
23732
21131
16808
12677
18635
18379
26743
15962
24912
17709
37478
33275
56883
59859
71389
18384
14139
31572
21464
28546
18569
18264
20430
31332
20697
25030
27090
14693
20578
19193
16183
19587
32544
28569
26366
27242
49702
22482
23308
17939
19202
22736
30543
18787
48328
15474
20519
23752
27682
23176
25552
18743
11256
18143
21244
22906
18945
36641
20831
23814
23786
22931
22584
16819
21060
21074
14031
14321
24749
19108
17414
26868
19960
18089
24111
20876
41483
38977
69256
22800
38547
14108
20027
16040
36068
16305
20503
34880
12980
23429
21470
31243
50535
23359
15804
13985
32645
20036
12212
20188
14042
27319
24449
41532
30162
18107
18455
19122
22897
41041
13840
20072
23003
35264
16923
30271
19589
24183
21986
19097
14240
14876
23814
9920
25931
27988
23901
47473
25928
19499
21530
28831
30060
17558
10963
21305
13706
17543
18696
12819
20276
15602
18114
30179
47003
54575
17498
23141
17147
25638
30501
19474
17278
40441
14453
22559
15164
21669
22642
42324
46887
15696
27965
33471
32612
19350
18869
20269
23946
20551
25813
31951
17765
13989
24624
36193
62200
12417
19577
28621
24226
15407
31713
28068
30196
28641
18782
24488
24073
39562
41853
14735
28262
48867
30539
29980
10016
26176
18985
24273
24330
17498
43342
14308
18224
30784
25216
25560
22969
20065
16701
25031
37262
49196
65745
18565
19427
35039
12608
30307
24107
30134
20697
55695
31486
28342
29851
27659
16256
22926
40999
19095
24345
20261
22072
15505
15980
40579
45620
41628
54696
70913
15088
19734
17645
23591
20961
26393
22779
36095
15749
17950
26492
16808
35826
23794
48378
57866
19744
25997
21749
22426
28691
17025
12802
26160
21783
35643
29587
13940
32843
29112
28176
17397
19818
23550
18732
23866
23244
18920
16280
28842
43006
31514
20119
13686
23176
22228
24033
21710
21368
16519
20361
35643
20718
21128
21744
30225
28209
19860
28867
32814
26652
48899
21724
33114
30070
8680
17228
14938
18433
22193
19137
34311
25796
15267
22649
21723
34847
24302
21889
17485
24565
22153
38377
21106
14115
19938
13714
16321
23897
20166
19355
11097
30929
22982
30709
14767
14379
21146
18109
22828
20312
36126
24206
25896
15273
16084
18212
34843
18450
22304
19921
27862
32338
18010
20618
36250
21110
21357
17626
15470
32908
23334
46835
18487
14185
18885
45524
21702
46233
35248
28624
13995
19738
28199
15377
11763
28104
34553
17835
25860
14122
40220
27949
35056
33118
45585
28780
39825
50843
39371
10850
19518
31736
16676
37007
26259
22488
23642
30689
12416
12217
16334
23309
15808
20650
24706
23086
29435
21323
31784
60075
99646
22119
21604
27193
23342
20368
19766
27300
25933
27888
16668
20247
28447
31401
17591
19706
27035
20743
27863
20730
22531
20882
15387
18655
17528
26666
45022
33500
20558
21630
20888
23391
47176
16337
31058
38909
29899
17589
26519
20743
24265
28192
23440
46218
23763
20616
26943
25343
22677
37320
24880
17452
23360
16482
13760
22450
38576
16757
26800
31206
22306
21882
31152
15309
19119
46020
17315
30310
22618
18556
18079
23679
42823
31230
18075
32518
20685
29654
20658
33693
31446
20004
22526
17203
18833
21215
20006
42919
62656
26503
23255
18380
14549
23798
28572
25457
24008
16923
27155
41984
23587
18219
14785
31692
28300
25714
21338
25510
45362
23704
19885
23605
21234
29548
24888
21416
20735
42790
43605
24069
23973
13493
31962
18727
46155
22007
39432
16477
22444
18715
20774
19977
16635
24138
23017
12865
29348
24943
41993
14168
23898
29837
25275
29896
23467
17519
31678
20134
13208
16960
23004
20693
14425
40491
23473
22488
18464
13918
17778
26272
12536
25592
13909
34761
31012
15710
20930
21330
26060
29767
29227
32241
20085
21416
37669
35126
26232
27328
22939
21121
32041
23663
29233
29462
27760
23438
21853
15635
29421
78604
24299
12213
17957
22659
18798
18339
12078
20117
36990
13638
25481
35233
26592
33049
39041
61934
10903
28878
44166
41448
81216
30371
98742
78749
26848
46861
26253
12794
16457
25273
49892
25850
48220
18383
13246
17336
19212
33504
32519
57022
27787
33149
14205
21426
18965
17153
17832
20141
18939
10459
29038
33537
17325
24635
22952
27164
25885
35543
51386
13428
25669
23948
19676
23385
34374
18381
19656
39448
18073
23405
42645
57720
25919
20954
18357
35878
18483
26062
22990
21965
22892
31717
17950
17231
23783
22909
27211
28251
10944
23087
23672
20953
19717
22716
20215
13911
12273
25562
19438
27542
13590
16887
31576
25768
18542
17140
11463
29285
18602
14829
41725
30108
28249
17933
21535
16854
16719
17916
35037
34292
30684
17229
15553
16126
13401
37649
45810
17113
30713
19041
22382
15637
18036
42610
17028
50849
28573
42967
15289
16032
13560
27203
16657
29676
23267
38623
25187
12434
18581
32757
22498
24530
33748
22013
23204
13509
25002
20051
22630
24568
14984
19494
32035
31522
15946
27349
29528
22300
22040
43313
25820
35703
17904
28064
26874
28003
27693
14656
27166
20310
20021
15726
19344
28764
24983
24227
20886
16237
17027
20884
12170
30160
14969
26514
20053
32427
38754
33362
24127
17491
32192
20369
16873
25745
21076
20537
25251
26887
63817
14951
28575
32697
48524
28520
24437
21225
39224
39619
59253
29278
27964
14783
16683
16662
18223
19169
20845
22337
29856
23515
26334
35519
23731
19261
17975
22494
23659
20071
11927
18213
15601
18402
19067
23954
39036
38659
30838
24022
16024
26393
24888
37079
16645
28262
20350
26099
16275
17112
21742
18386
18419
17270
35890
50061
23755
14675
22340
17149
31767
45289
19730
25293
25991
19132
15273
23027
25371
18192
20965
31209
22544
20897
30158
18191
23183
18344
27385
19988
24377
21046
23887
27505
18200
27843
24024
30683
36109
22142
29549
50660
19155
42949
24292
35105
34349
21503
20817
24918
21134
23816
25598
20226
18866
20176
17299
17213
15058
19318
22297
13374
29019
36871
21814
25370
17501
22153
14826
22248
16819
20320
19197
17476
27263
35055
23280
31086
24219
20185
33565
20706
15816
18768
20330
22300
13230
48947
54306
23331
31624
22237
12819
16824
27362
23412
38681
52280
20354
14814
20022
14714
20470
20147
44287
64593
37898
19864
13699
20011
17499
20921
14388
31133
19531
18445
29409
19327
36299
16525
25618
26642
19618
19876
18656
23251
39138
20338
29182
21818
27084
16831
13822
12659
22205
20286
22406
26398
15693
21287
13299
30896
26111
19980
19479
29846
15500
14601
23175
15721
24217
15720
20836
45723
41480
27592
19897
21629
23220
21386
34654
21236
24946
25915
18551
19335
26321
20594
17250
18804
17971
14073
32728
26230
12279
13601
18835
24625
12225
16314
24309
25975
17539
11823
18520
28483
43181
25053
40848
21439
21004
20648
51081
19972
11194
18546
35874
16835
35034
18898
18310
19442
15942
23109
18192
25686
14188
21162
19568
15874
18113
24266
28945
22523
30357
29391
22814
15998
19209
17260
32106
52421
22699
33593
20589
27210
26218
30131
18110
32023
13289
25285
28997
31359
22681
25965
26858
58145
13876
13330
29847
25826
24810
27232
17504
13047
27540
20849
19494
25180
15174
15730
25223
32326
38302
50036
19569
38838
23924
39138
17621
24369
18835
29151
16378
48884
18644
21333
16990
36320
22631
12158
15169
14399
23412
12919
19569
20163
20790
22830
20560
17422
23338
14755
16251
28454
27992
27795
22688
15004
25934
16616
23375
21687
21792
27093
21342
33040
19072
32670
22821
21074
31440
40602
28041
24480
23669
26934
28921
18496
30649
27773
17004
14079
20796
26217
19708
21124
28960
18854
12581
16161
28777
16629
24430
32171
32420
41565
32837
44155
23195
28207
11921
20333
19920
34001
29597
14378
19940
28352
19830
48976
21736
19260
27175
38916
20065
19315
28668
23020
19743
23217
18966
21147
21612
27510
15763
14267
26694
14967
25970
19381
34710
15156
15822
22659
22201
22888
16352
30079
26139
22334
38645
15437
27699
24532
14260
18889
13348
15899
23942
23450
25591
48881
49134
13841
14146
18030
12916
16076
32559
30998
30985
21088
28159
18845
23437
19422
18377
25069
21843
26273
20467
36064
34385
19645
19171
27517
24668
15439
24675
37394
8603
23428
15085
21069
35101
16014
21448
28263
29954
20001
26645
17030
20535
20517
19163
20513
19393
21045
18569
43460
53966
40571
26644
40607
14862
26037
36314
54114
19927
16614
17584
14736
45344
17532
21644
26461
50908
49237
17881
12854
20159
25165
51164
24540
32521
22651
33005
24542
20936
16401
26945
19739
23405
28739
15399
15087
14680
19271
35363
13804
27423
15949
27038
24337
25407
18700
26136
29310
16452
17560
20483
25151
23530
32545
14797
19925
25805
16683
23136
17967
28929
19660
28883
15797
19436
28720
15443
23060
9240
21544
24299
22013
16274
18969
22774
20731
50997
39703
38933
24315
25509
17464
14094
32671
24301
43500
37635
56483
29213
18914
25778
27482
14130
15754
11398
26696
40660
45612
31247
22489
22365
33767
13905
12537
17725
48311
24336
21563
21625
28466
18607
13663
12535
30598
24484
11321
16638
20977
33112
15070
22807
12907
31345
19081
16923
16134
16498
30121
27591
42419
19056
29910
29323
26598
18028
23629
17702
23295
15720
15124
17030
17099
36812
35254
14660
21524
13642
17154
18706
22226
21880
24197
30969
22235
26465
17863
26182
25418
18100
10410
19355
20836
21933
14658
30324
19763
26511
21188
33310
21228
29852
18024
21204
32855
29631
32490
25216
22096
25681
29938
19319
19535
31369
15709
22226
15726
26283
14451
29354
14978
28193
27369
18426
21447
20133
18549
28933
11960
21602
12728
21518
20846
17605
24273
21241
43398
19618
27182
36703
55201
24483
14425
13888
15333
17728
20195
35250
22799
53503
17080
14003
18341
25451
40565
33114
46096
17317
22808
10134
37746
26522
36026
19067
27985
11603
28360
19720
18480
18339
20215
24452
37946
21073
22659
43195
40569
13926
17216
22113
14814
35336
30743
26787
21144
28347
49776
25815
46436
21470
21871
23607
18522
18505
19682
34990
25945
33684
30666
22145
24806
14852
21481
29962
25188
19393
33731
20751
25420
18656
22438
21776
21301
38119
53081
25485
22928
25680
24381
24884
28580
16307
20034
17032
29766
20752
24282
25941
25491
36753
23250
20232
26095
21274
14279
22137
11131
25981
22318
34478
40232
54703
29994
38563
16668
25577
19876
17677
19279
33072
21811
32261
35946
37313
20273
28204
16303
25995
13262
28272
28347
22938
22398
19780
17262
12260
26720
20904
18489
31512
20193
19778
30893
28735
20926
27132
24849
39999
18320
33776
21572
21241
19482
33298
18491
25865
23344
22782
30444
52024
25780
20615
15087
28353
20278
19007
14910
21451
32707
46380
21055
24455
32122
49513
20143
18128
25232
18725
20991
26920
50947
16156
24742
22186
38588
49949
20216
15015
15413
22618
27368
20358
25645
25362
26729
28990
22472
24476
26786
38742
22762
33508
22813
21580
21237
28421
35315
30757
23818
20851
24909
25390
16343
26703
34259
25044
24643
34495
18749
18687
19240
21744
18073
18993
17616
22809
28658
28485
23471
24626
20263
22709
21860
16143
32864
23650
28081
46982
23912
28668
19217
16579
20357
18919
39518
12645
18384
29932
36618
33654
22476
14621
39147
66910
20323
21566
22021
22703
17982
16362
17219
22556
15839
16209
24815
22120
29858
15171
29648
30402
50206
20838
17480
17900
12384
26407
13811
20352
19726
23882
25378
17906
16109
14094
21151
33415
43462
39310
23158
20795
19250
22294
17529
44498
64457
80316
14975
20205
18838
15495
20795
38524
20917
19323
22306
18561
28023
18943
22446
19445
15144
25134
36018
18129
31524
15204
24732
11275
21262
24586
17020
16050
19105
20992
14915
13211
25675
11304
13691
47057
27790
44007
19227
30454
25090
14585
12645
18686
23772
10979
21503
19733
15682
29172
23656
15097
22846
12080
16751
21306
15718
26241
33932
22021
20486
26793
20778
12945
19509
27573
38693
15170
11035
33367
24639
22623
18659
19578
24560
21284
32386
17808
18533
24582
11388
23342
13015
17538
21111
34615
27851
41420
18792
21588
36785
36311
17213
11894
21049
24011
40883
16420
27647
29309
17734
29462
20044
18291
18075
25923
35559
23587
13579
23157
20780
25718
16968
25475
17543
17663
15664
20137
32442
18562
18377
40171
20380
22869
41431
27834
21098
41090
36045
20663
27837
12916
19913
29965
17835
19854
28058
22236
28875
29813
20360
19889
17778
21965
29922
24365
28963
24560
17280
19849
24317
26385
23485
14902
17952
19772
35498
37821
14101
21485
30877
17305
25559
16488
18694
16705
21644
24132
31173
29975
24779
19544
16872
23662
18489
20985
13986
29221
19960
21372
20195
17427
19084
9145
14406
19024
20434
15314
32553
18906
63348
81064
31588
22876
39537
24206
27750
10690
19890
7731
33412
21669
20826
20003
43859
22783
28031
28975
18530
19246
40236
30418
25572
31541
22929
11444
30435
20018
33789
22934
19318
26772
27460
18294
13867
13995
14707
22740
26982
28556
39756
47652
59593
34655
18564
20497
15103
15817
21644
27361
22067
23286
18551
22050
24336
40009
24885
18519
15336
27417
22227
18499
25665
34397
43040
19400
20738
22805
23807
21498
30636
19782
29028
17868
36745
22099
20396
20769
20003
24447
41342
19407
35379
30053
21095
46052
15247
14685
17289
24928
28155
26252
19300
28029
19515
22257
19578
12406
13318
14179
15809
28987
32464
19407
11606
15177
18945
14802
14356
26998
24874
20459
18390
28722
45925
19892
20005
19008
21319
16429
18488
18415
20608
27587
24161
15538
32985
27305
20104
16839
18614
29601
30449
24216
42999
23889
27302
20415
13050
16969
19329
22692
12118
31873
23694
26586
35301
25218
27929
22087
12456
16520
25340
35719
19134
25275
39955
61992
71106
22087
17730
15695
9468
20295
22920
21573
28836
25944
17736
26300
34504
19307
26758
14521
24945
23391
15784
21633
14415
22944
12296
22303
26800
23814
24269
23015
39970
21914
14997
13948
27160
16629
28000
25058
23814
14937
24151
39474
27790
35744
12411
18497
12474
18159
10768
18239
11048
26913
15849
16304
30374
12522
25254
18065
23939
28251
10936
25384
19392
21729
21134
37505
18721
17617
31008
43095
14692
35927
24219
13543
12581
19078
23313
19678
28925
21330
17554
13932
24382
47538
20313
16663
37118
31394
14926
24843
17431
26979
25316
36950
21280
18924
16650
21712
35236
24354
21432
34428
14515
13835
30954
36062
20157
38270
25846
18394
22266
36567
19699
17995
27703
29064
19838
16967
22518
23445
17745
27909
10092
23511
32380
10792
24919
46703
37294
49066
19190
20286
27858
19110
21484
24762
27434
22367
22885
22699
17896
26043
29830
17428
16545
16653
31300
18950
14871
27341
23077
24226
36927
23908
28974
25972
23243
20132
16729
19235
19280
18666
28965
33002
23835
18748
38145
28713
23135
21582
13877
14348
15999
27366
17510
18914
23228
18082
20462
32657
20830
25379
19912
22947
23431
26624
18756
16105
16436
22907
28124
15938
28156
60914
18303
15969
20908
51856
19217
19710
14238
18655
14430
21683
17347
33588
16736
16868
16106
25136
28131
20402
31277
32633
18873
14523
24170
26212
18928
28056
34847
24920
31013
23498
17126
29463
23736
36954
58862
21120
41210
12871
18657
31323
11972
25998
34606
36475
58401
79171
25672
19314
13301
49168
57610
25624
15372
28790
19383
42860
54552
24759
21078
31197
14941
31644
12743
17468
20564
32422
22620
32265
34584
33434
18825
22533
25298
19038
15085
22065
22958
41301
15695
24612
21690
20131
19104
20638
29549
27826
41315
19230
18677
17328
19445
22465
35693
24488
15102
20506
36862
26972
23694
18569
24968
39019
36316
15785
26895
26086
20194
23395
23056
32628
20811
21197
36580
28359
41522
21615
21916
18662
28761
27456
15971
18759
20608
14242
25061
19056
35330
21089
33683
39270
49155
72962
27264
21075
22943
18873
21638
18265
25375
18597
21668
19132
9968
21255
28641
24073
22726
15902
20897
31814
23253
22747
21264
17660
19461
22219
18402
13396
20926
16370
32836
15756
12731
21908
14329
20493
28467
26215
27784
18062
19605
21540
15357
25557
19663
21083
24217
37806
18923
27965
26063
15455
16050
24914
20283
13604
15592
23923
18046
11391
31018
16173
30411
28837
24518
20285
32742
35079
24266
24814
43646
21772
16720
23822
16372
40436
14655
18929
18106
20674
15732
18671
14753
22103
36752
17349
28536
23865
44383
22939
38633
42196
14854
40114
41335
19130
16621
14892
16992
29979
19668
19856
15649
26617
19296
26743
26101
25872
29832
21042
19334
17367
23474
26738
14472
20800
15622
27242
26865
23910
22315
27558
15096
27971
43645
20397
32125
27229
17639
36883
30961
18093
18765
19498
20948
33972
30084
19113
32395
27245
26798
19248
15297
29401
27019
36773
44414
33050
52715
43840
61134
54660
26359
17779
24509
12422
20111
28465
40690
28702
24378
23247
19306
19740
15620
11899
25591
25357
32237
24320
28183
22053
21978
17193
19292
30394
21901
17158
18701
28848
32822
23466
37886
18753
24021
25940
29361
16053
14782
15553
22135
18311
23976
30090
25715
22750
20554
25197
35518
28353
16461
20583
12886
32581
25557
25322
27322
16778
28742
32383
24519
39905
43452
25581
26493
19950
23636
15614
17336
35422
16650
17251
14273
17459
24253
25941
67063
25334
11966
27266
19310
18040
11400
13004
36434
52243
26117
30274
29173
18908
24535
22096
31477
43219
20641
21164
34395
18667
57628
42702
31161
17616
14894
16156
16243
60639
15002
21682
24474
23482
24162
27372
39987
16381
20904
18118
25943
24997
21561
16304
21000
12471
17203
29223
18461
27163
18986
22305
21081
21728
27078
24484
18131
34575
22858
25020
26832
28465
17836
12386
22791
54324
41624
48749
33238
22384
20031
31584
29535
24717
25717
55583
14880
16078
14859
16762
22264
38463
22575
21251
25477
17429
21444
15386
13887
20365
20130
25973
19322
19794
23692
32573
20779
27126
41189
18864
18445
17416
24894
32428
9483
22864
22138
36959
21885
21827
14615
12719
30664
34335
31690
22560
26284
17296
15682
15074
22263
27035
20267
14311
19206
23183
23689
18805
15512
20643
25434
30059
24056
26474
23456
25657
20535
21842
18012
28346
14215
27366
29753
32913
18271
16209
17068
15706
30156
28301
18214
23933
26520
19406
18973
33350
23029
36289
29073
32170
24344
41840
19943
15392
26097
24903
16270
23483
28344
14093
30428
19394
17769
16792
30418
18299
28692
27781
17550
27151
18993
10159
43350
27238
13490
23994
25054
23139
31959
30519
27293
23502
39630
23025
13837
12771
23054
25148
36013
41047
16235
15024
16226
22118
17408
28284
36279
39777
14466
38494
17554
26831
19696
22250
38584
31851
25265
20522
18981
38428
22149
17783
19338
16795
17417
19784
36383
29036
30937
25549
19416
19932
23893
19737
49322
28432
21568
24889
7602
28705
22498
33749
17770
26694
49461
31931
46069
22860
33013
53278
17732
33871
34631
15881
13391
17679
18611
15526
19327
14381
20147
21592
30806
48535
23088
18991
20122
21278
17296
21167
18496
23805
19553
17114
25802
20679
21522
20157
30047
27384
22991
16546
35794
15212
30746
20827
22107
21883
19540
32875
16733
32579
22126
13798
19097
23927
25148
21781
18078
30026
55873
66076
28534
17017
32680
51535
38490
45347
59463
14295
33947
25078
34547
24654
27831
22087
14969
20659
31330
26168
23225
13980
25822
27219
24705
16901
27161
20837
15687
23469
16800
18446
11685
18050
13622
15211
30434
29986
30364
29983
18601
25831
12850
16418
17661
23840
16259
11632
23445
22469
26735
29109
21417
26707
22254
14711
20411
17562
24468
26004
14556
32649
23584
21040
18783
23518
31872
21132
17146
15146
25763
16884
33788
23110
19744
37953
42601
21267
26075
18704
18083
23377
21926
22979
31058
32027
24749
26620
16458
18328
14233
18066
17862
26111
21345
24380
30226
25551
42132
35466
38297
25806
28298
20073
24414
19247
24619
16839
21816
30564
18929
15040
21341
14874
19130
23224
21041
28010
20352
32932
30501
28527
22974
21034
22934
20050
18477
24147
20865
11436
18709
21834
33952
37407
27672
15262
17305
27087
26365
26315
37757
16333
29525
29443
16160
33211
16014
26661
22984
15658
20721
12684
18084
12440
21262
27063
23040
19621
19126
13340
22840
20139
23634
15414
19221
13147
35541
21544
24624
29674
25834
22846
24811
29946
19250
27489
25918
21130
19048
18428
18210
16811
24330
24846
17823
36900
34121
18363
28828
19263
19590
25741
16942
19453
20752
30407
18712
30040
34603
16761
30745
50265
24344
22637
30834
22330
22746
28375
25946
20547
21713
14936
26446
24619
18657
28531
13630
13530
25254
24943
37250
19833
22321
20192
21613
29991
21244
29754
23744
18020
22337
12752
15099
12911
20474
27955
29493
29377
20277
24998
15051
30591
47931
27797
22319
25745
24862
17557
22382
19177
33855
46165
20367
72040
96219
23024
23118
26002
17551
18911
16027
27007
11836
22599
26399
30779
30288
18009
33905
19266
16907
19246
17105
13972
25712
26888
26075
11819
15514
28761
17363
22369
29169
21518
16863
24411
19773
18072
19317
17645
15275
29025
28735
26792
23292
23510
16064
16578
10955
29221
25798
14050
15670
21222
27527
37662
15375
38091
15093
20841
28839
27857
54090
13445
19477
27197
26973
45200
18236
15138
23921
33964
19960
18874
35031
19280
24670
28247
30521
23681
11260
23954
19579
18181
14391
22411
61610
70240
16098
44291
14427
24389
26471
22719
21311
25704
29518
19027
17501
20254
16271
44610
18295
22937
18539
15792
33374
33069
14381
40659
41421
15239
17314
21760
28928
18718
23343
23352
18432
23203
25281
24637
24528
28735
29150
24256
25127
15251
20024
28237
26604
34162
17847
18404
35053
26439
30695
13302
24418
30123
39742
25187
37522
22008
44849
49667
18930
41852
26803
13799
35269
27268
18908
18400
18013
18046
15632
22179
27850
17282
22530
25552
26448
21200
26385
19674
24763
17873
19453
31836
19636
23828
26452
43275
36483
18063
14504
22490
22082
21064
24587
19963
17033
46435
12986
20900
28510
19244
30463
48935
26362
62065
76848
21369
24017
25481
22404
13568
20518
32281
21238
20925
20994
36048
37307
26286
23292
22446
27603
49452
22341
28824
26500
19370
29997
15362
16147
15342
28438
25963
13765
20607
22987
18761
29633
22535
32185
28930
25644
19064
12313
19535
19354
28301
15202
16851
19698
18183
25485
25533
24735
17658
16328
36485
50354
61710
28669
21646
29146
22188
41401
18960
28047
36816
23734
63390
19279
31702
40500
21374
16449
14410
36110
20321
24778
18397
10005
22065
20708
34258
16848
24912
14577
22113
16228
19429
18886
21291
38577
20794
24234
13380
25422
14409
17707
20931
15653
12375
14260
23586
27095
19623
21701
20640
22003
10705
31335
19751
18162
31506
35558
24504
19906
16361
36905
27750
41281
24003
16305
27581
21284
16902
12703
27939
17530
17620
12826
31237
16092
16952
25737
20139
18528
16443
22433
21802
9948
21399
22005
25247
16748
27139
19482
26679
22153
39236
24711
25433
22793
39991
27884
32105
14179
16562
18413
25490
15578
22710
22316
22165
29257
19485
16363
14184
24673
38536
32869
17022
13154
13839
30812
22543
20615
24466
25518
33003
21841
19259
35384
20661
35984
20423
16796
22454
18347
26468
33954
17780
23300
22631
39681
21846
18850
16761
21937
24801
25663
20264
19183
36991
46975
22551
24808
22664
20165
24922
26600
23870
35243
43948
25679
25916
21491
24873
21774
18152
10581
23026
23329
22480
24018
45565
41033
11051
27486
25235
21636
16545
23657
23478
21094
33038
25820
32183
24002
18496
27077
19135
20197
21863
15533
24003
19516
19108
19305
22270
37244
20582
10336
24964
12919
13787
18106
28622
21075
29918
48256
37200
35155
20766
40672
17378
26977
21719
27127
47297
36709
19969
23529
28408
47436
9315
9297
25924
26574
14434
19566
13182
22429
21796
32686
57102
25538
31368
31086
10438
27716
12215
17100
28554
26901
12588
22103
30595
28508
27456
22428
20848
33743
35132
22021
15611
24663
19236
24119
23173
29638
27501
44584
18397
23753
20869
43621
22891
21729
25050
24134
27692
12804
21830
17132
21011
17608
24973
18364
24002
17512
17889
20273
37982
37846
22827
20272
24653
37214
12289
22998
18412
18480
15301
22455
24662
20421
21242
14083
15703
21719
17692
26270
19652
17997
16380
15993
26046
15780
27940
27077
20371
12932
23097
29157
22726
22139
29558
22850
25608
29275
23177
18426
15575
12781
24509
13674
28296
14787
24090
25034
23839
14431
40117
24304
21361
13240
17240
24126
34879
24346
15221
25638
15577
27751
40389
24234
59766
27575
19530
25966
22057
20448
27893
34917
26138
26836
21298
31852
14285
25387
23149
18908
20232
24827
19861
26282
32620
14059
17376
20125
13205
19377
22187
22249
21595
27215
19556
21859
20805
25060
18817
14857
40302
22328
32841
33614
41371
31789
15364
24880
25429
14205
14672
17271
15690
50824
22674
15459
18946
23614
24757
26588
21118
18895
19110
30612
19087
17381
22361
43634
23261
22627
26932
17712
33858
25683
24939
22343
15480
21848
13677
31828
17039
33988
26587
14663
20703
22632
22522
20483
22416
19203
34757
26854
15417
38400
69692
29550
9965
25791
21292
19281
22914
24238
20746
20117
13706
23532
18827
16284
25924
51215
8067
18389
18851
18183
28629
21177
20333
22118
15272
20984
21326
21277
25428
39657
33549
24492
24909
18710
23410
12013
18327
16331
28578
12290
25505
23411
19352
25687
19892
22542
17822
20902
27219
25628
17147
14772
22916
19567
19877
21551
17682
26796
21966
28731
14949
32710
22093
31669
44926
20038
22267
30037
35940
26054
26576
17187
21296
24319
40049
22399
29326
23500
25676
21095
15981
30931
37915
27140
25643
16669
22494
20164
32297
20796
20445
23388
15132
20877
36219
22220
14154
20275
9316
14978
39607
10876
27070
22280
80783
35009
26201
11823
24771
40443
12802
29419
30372
45885
25230
18327
25293
23664
32533
20889
21983
41448
21512
23720
21977
25691
24662
20149
14026
22422
21775
23372
23703
16378
18217
20875
21074
23331
14363
19320
18371
15033
24093
24043
28949
13377
37002
23609
29277
23170
16388
24667
11696
20606
28907
16237
15801
13911
30837
30297
18565
24933
20457
30046
21560
14136
31477
24806
21585
42226
19993
41583
24356
22426
23368
28808
37528
20454
28667
30099
19366
40175
28345
40326
15873
14650
32669
19970
24969
26574
24979
17453
21146
12914
22056
33861
19006
26390
21272
26149
18892
19746
25493
29203
15280
33617
35493
39981
20778
13798
21263
22568
28515
32035
25363
21575
22329
25788
28725
66330
24675
29094
22871
19312
31143
17169
18860
27208
36588
23061
19900
20598
22137
