13893
16192
15189
16460
14818
22537
14580
15800
23292
16058
22044
13966
18479
16330
15094
15400
13851
14892
13508
14307
14206
17503
12928
21109
24072
12956
13877
16904
17167
19841
13749
15756
17123
37067
16274
14737
21956
17504
17030
15887
16053
18098
16730
13663
15087
13351
13081
25102
14338
14230
14393
23312
14926
15695
19778
21475
17122
21052
17455
16191
16512
23713
19538
18693
18931
17663
19929
13798
20889
17290
19880
18422
15855
29896
18145
16434
17186
21537
18722
19141
14325
17574
18102
16384
20809
36047
15991
19029
16751
16462
19417
14644
18260
14835
16324
13139
16925
17926
12223
14322
12683
15492
20080
17427
27103
18565
30640
13757
13426
20698
17937
19458
14281
17532
18728
13082
20365
20778
15762
15133
17944
18496
18232
13288
14167
14643
16320
34133
15764
21795
21763
15899
13730
22147
21344
34277
51432
19211
19882
16645
15127
16254
16744
14312
12595
20231
13869
13055
16281
21354
26221
16694
13382
13875
14577
19820
19619
16446
22225
15165
17802
30414
14458
14590
18124
19803
15992
16301
18268
23282
19569
12975
14903
50807
15404
19575
22046
16853
14352
12973
13218
20530
14560
22656
27598
16654
16840
13842
14279
14310
16220
14025
14409
15754
15378
13347
13018
14583
14505
20832
23366
18669
15018
16912
16945
14788
13617
16275
14249
23766
13882
17180
22920
16646
14555
16035
18024
16609
17802
19219
14979
16016
15546
14689
13355
18713
16090
14356
17261
13450
14350
15327
14607
17251
15387
16309
13571
15344
14961
15134
14511
23305
40459
17731
17215
16150
22404
18525
19638
18133
19879
22753
17244
17759
13681
15555
14447
14933
15800
15186
15665
15773
13430
17167
13933
14136
15371
20351
15147
26438
17415
17414
13752
15772
18822
17237
21257
17057
24887
23850
14467
14506
16617
15522
16729
14518
30000
20158
19802
14573
23468
18153
29552
16658
14862
23526
34346
15325
15010
19903
13234
15153
17050
14270
19104
14179
15832
17834
19439
16871
15914
15252
15150
21896
14054
20652
16952
17726
16207
17567
23355
16846
18037
15298
18341
14617
13920
16219
27677
16451
14080
14726
15660
16779
12517
14007
19265
16958
14666
14885
20954
23659
14442
26257
18092
16146
23186
18082
14911
14036
14986
15707
19467
18618
23905
15321
14420
15312
16770
18705
21912
18551
14777
17982
15648
26528
16181
28483
18439
15636
31435
15495
16261
18800
20252
13577
24391
14537
13519
16638
15253
14960
15314
16299
13108
13344
27270
17121
15869
29959
28068
18273
17401
15095
22415
14371
15626
14556
18451
15504
16265
15618
16507
35436
19770
26472
35565
24165
16894
14322
14575
15294
15900
22088
21111
13723
14551
19717
23052
19049
15353
14389
16499
20428
13459
15465
16047
13870
14211
13660
14918
15373
19595
31065
14553
19227
16834
14565
13908
13999
15048
17565
17158
19866
21391
14064
21645
20225
20019
15329
17064
20743
26131
20415
13152
16619
19960
16656
18978
13723
19866
19544
14375
14013
22029
16545
15146
13885
24233
20094
16994
28538
13799
25898
13408
14702
13708
14155
16565
16873
17596
15736
13832
14234
18887
21946
15667
19884
14851
14558
16061
22542
17069
15969
13629
30298
16788
21023
14432
28933
16177
24566
17795
21985
20146
13228
15605
15283
20034
19072
14540
31367
17762
14427
14027
27597
19391
18889
15039
14250
17366
15633
16503
16219
20031
24007
13780
13021
18820
20833
17727
21430
14731
17984
18282
25600
14356
14499
20693
17398
18243
14171
28941
17989
18043
18431
21568
13417
15479
14014
22368
14999
16484
15311
16809
16055
19319
19095
14352
17171
37578
17708
12603
12857
15245
24742
29255
13988
30046
19477
16657
20329
20624
14597
15585
19396
19887
17293
14622
14871
25093
14456
34461
15626
15484
21235
22132
18568
16283
15911
28156
15416
14911
34691
226533
29171
17264
1025879
1038203
865286
503957
444575
134486
16997
14664
14745
16308
15666
14395
14728
24504
14556
17220
14411
16362
18352
14988
16445
16534
16071
14204
18997
17048
20367
30316
39665
16688
22235
15880
15160
14439
15052
15677
16249
18025
20784
22217
15578
14684
19441
13598
14608
14768
17605
17207
28055
15223
16246
27924
14497
17568
15601
18713
37960
20607
26365
27007
14948
14178
14559
27298
20690
14475
15599
18480
18519
17344
15307
14377
14901
15946
17287
17939
24967
15113
26345
16765
13960
20179
16214
16722
22816
14413
18421
20161
13996
16789
18557
17440
21196
26969
17446
19720
17130
19101
15820
17582
15084
16723
17367
17739
16715
15316
15445
16533
29115
17111
31629
18350
13429
15280
22728
37114
16051
16196
19841
22381
19317
16168
14413
14954
17790
16505
24483
18493
19963
34885
23666
14936
14442
15282
14798
20710
15368
15133
19150
21796
18476
16965
15729
14399
17106
20843
17950
21623
28826
50283
27369
34160
15175
17504
14981
15785
16650
37963
28759
23208
14640
30801
19316
19549
21357
14599
23706
14132
14214
15710
13744
13739
13293
17372
23422
19925
20671
29889
30450
14551
16862
18072
16077
22413
14191
14087
17989
17384
15765
14569
18632
16138
22392
16697
18527
14555
23755
28590
17492
14505
13442
20489
16395
18983
18013
30978
16416
21011
15214
28957
15585
16213
14616
14577
17667
20892
16450
14790
15443
16493
22788
35489
13674
18468
14841
13965
14784
14961
23900
14676
28527
54390
15208
16309
14982
15307
14383
22379
14402
16710
14872
19224
16887
16209
18438
18382
16594
16275
23115
14979
23674
25236
14655
17262
14361
14526
17569
20678
15479
19241
34034
14758
34833
16341
20930
16551
17896
15830
17408
24125
16270
16181
13983
18030
16632
18458
17129
24822
18358
18435
14602
14390
19163
18055
18196
15044
16713
15191
15580
18706
15185
16351
17894
17916
14687
17448
30024
17864
18080
14327
25388
14473
18101
17684
15870
17067
14170
14427
16854
19087
20681
22386
31297
14131
16475
13611
16021
15463
19380
26599
20645
19675
19719
15584
14211
14892
14642
12800
23040
17915
23982
28544
44236
21429
15210
17633
40552
17075
13118
17859
13723
53471
25714
19684
15169
24793
16053
16307
44169
20081
18749
15815
15880
19612
27351
18708
15858
19422
30705
20662
30039
14991
26053
14244
20901
17516
19844
18229
14546
28851
17809
16162
37986
13298
14475
16054
17966
14235
20767
20905
41526
31503
18092
14424
23827
19024
15396
16700
20290
15810
16104
15423
15873
18415
16567
14262
14115
22873
15094
16834
16226
16539
21075
15878
34415
33359
21882
20798
15256
16745
15623
22131
16400
23787
17228
13991
21031
20007
37926
20843
21263
14930
13922
18639
18253
16234
17624
17604
15142
18049
14342
15847
14328
17876
22754
18610
28178
14171
27624
17971
19764
35278
17470
17653
14038
20032
16606
22189
27701
13455
16999
13601
21603
16867
14716
19384
16190
18357
17471
24278
32754
23356
17736
15718
15915
16817
17776
18909
14124
16141
12937
13726
14615
18751
16474
14475
19055
23498
16131
30905
27036
14228
21276
17350
24215
14920
17635
16732
25662
14761
33727
29306
18969
17082
13878
12674
14157
16109
15531
15720
22955
16867
16585
18179
21980
15270
14040
16749
16632
24365
15177
14895
14985
23474
32380
21780
17336
17548
20971
21192
19358
15311
15326
22384
14606
15536
13958
16458
16277
29867
17216
21365
17303
22528
17725
17035
22119
23899
16115
27444
14782
17554
14766
17890
14957
14262
17140
16946
14137
18852
22285
13245
23392
18145
16089
18334
13043
16636
17614
18403
17176
15766
20779
27361
14245
16164
14905
17515
20595
14663
13973
14603
15270
29444
18996
13180
24956
14345
16074
18431
16108
24644
14197
13459
15855
15100
15747
23767
36913
13284
14242
14651
16277
14002
15928
20454
15726
15432
16001
15056
16048
18082
18564
15404
20360
13721
14564
20037
21040
21283
17029
18093
16404
19996
14448
15114
20886
16705
14513
20544
21121
34255
19110
14473
15462
13857
30410
22455
12888
18430
19708
19807
13913
15946
18869
15154
16500
16335
15894
20981
17624
14684
17852
17268
17759
13135
16799
23443
15050
15364
14806
21169
16642
15869
14447
13187
23963
24816
22340
24954
15172
14254
19914
15992
21173
14940
27875
21385
19565
13846
14630
25886
40058
20002
14709
14099
15217
15909
19131
21962
15987
18971
33237
17767
15210
27890
27943
15610
17115
17511
22468
20092
15738
15111
15024
19193
14408
43188
16066
13188
20842
21631
16702
18638
19339
15311
23561
17272
17732
44984
13513
16023
20595
15729
15686
18466
17463
17440
16614
14397
14108
15855
15874
15815
29383
19485
15871
20961
24631
21760
15912
24785
13987
18177
17810
16538
18433
14820
15465
17684
20897
24799
19552
14333
17170
12935
14775
13825
14286
15209
18081
20862
16079
15279
15333
14890
26666
13631
14002
17783
12328
18334
16416
19854
13514
19166
18853
16568
14876
25375
15222
14753
17128
15918
18791
16839
32527
19155
18942
19395
18575
14416
22178
21823
17770
32280
18843
13483
13788
16924
16939
17168
15281
20186
14788
19969
15355
17013
14557
16326
31843
13949
14372
13892
15427
23338
14498
23791
25014
17213
16305
14590
14771
13607
14835
15805
22941
13721
12438
25911
17445
13343
19306
13396
54641
13110
13764
17442
23545
19284
14314
19289
16318
14624
17042
16789
18109
16314
28481
25579
14016
15001
19357
15240
19027
14452
17443
48258
23699
20620
15771
13607
14098
25806
17983
20675
17990
16525
23583
18951
25472
15808
25463
16880
22704
16096
14192
15548
15732
15795
16729
18968
21816
19611
15714
26750
30699
17926
22085
13910
14643
27275
16126
15775
16345
13917
15074
16986
14430
21512
16102
19276
22883
14190
18018
13671
14367
15574
14596
26186
20655
16197
24756
18988
18097
14609
17061
14076
33459
15077
19347
18948
30287
13743
16803
28671
15465
23127
15274
16552
14804
22218
14975
19387
16135
18898
26237
15406
15951
21587
20969
33668
17560
19556
20859
13252
15345
15114
19430
13866
15877
13785
22515
16203
14682
17247
29098
15418
18463
18795
16383
16273
19682
15816
14367
14491
15390
16741
25197
16232
17627
19879
15922
19856
24396
21123
15054
20763
21681
21180
15173
16353
30741
21688
35736
20587
18607
13808
15719
17694
13698
13318
15612
33413
14507
34595
18039
16906
16752
15713
18335
14390
13904
23497
14371
21504
14728
19940
15050
14521
19893
18668
14233
17278
18796
15890
15304
17039
20934
16058
21302
15569
15471
30551
24303
18416
15780
14770
14177
11944
13928
14894
16441
15673
15009
14676
15355
17497
17867
14554
20389
14434
16514
19051
17163
20502
14900
15927
23616
25727
16269
19825
13845
14872
14007
16005
16259
15090
14743
21606
14211
14714
17951
16417
14037
15925
24212
26495
14749
14708
14432
16935
16042
14554
14543
14372
14015
15996
19905
15795
14084
15325
15174
17300
23278
26346
23038
27544
14641
22455
24184
22047
17272
17587
15864
20654
19057
17608
14953
16069
29030
15623
13061
17167
17467
22858
13819
13936
18387
14288
14026
21713
24188
14916
23780
19057
16356
14920
21633
18090
15153
15609
16765
16126
24032
17827
20400
16309
16104
16379
16836
21587
19508
17637
14168
17120
17316
25345
13893
20478
22420
15253
19661
26447
26200
16622
19849
25195
18038
13819
15938
28897
16188
18329
36395
15334
15138
14887
14118
17877
26440
17153
15966
12875
13789
13622
15370
13689
24148
17455
17194
19498
13150
15654
16574
30494
14713
15646
13467
13558
15295
23697
16789
19018
16356
19781
15666
22266
29295
16893
20399
23324
16982
21127
16136
16083
13012
16416
23230
15391
13652
23501
25389
14488
19174
18022
17147
24352
14824
15329
23013
14829
16769
16574
18643
27410
28206
16107
16207
15074
15333
18604
18282
16170
36547
19908
15758
17105
17201
17653
13599
16501
14183
29735
40445
14639
27826
16728
23091
16890
15729
15988
13304
21492
15097
18064
20296
16813
21952
20264
17629
15206
14663
16598
15291
15962
14530
25287
15824
28479
15817
31226
42703
17813
19580
15887
15994
14505
15301
14120
19762
19114
16225
16826
20629
14625
16858
18790
34119
19840
14549
14692
13896
26141
23081
14688
14536
19152
15163
14364
14905
21850
18219
23164
18035
19843
15322
14052
24228
25238
17746
18049
21964
31285
16257
24934
23809
15792
17053
15736
13269
18402
21552
16387
13748
15332
15811
16647
18768
15262
15279
16964
19777
13867
22075
14945
26373
15898
15149
15278
25166
14986
18144
15880
18675
17717
27083
25092
14558
15907
18464
18245
25031
24831
27421
27395
17716
14893
16875
14791
18488
21370
24010
15571
27659
14569
39652
15145
15198
19325
15266
18160
23108
14171
14630
14997
15150
14751
19537
13626
16644
16379
18052
17343
15184
23611
24316
22068
15033
17499
15405
16444
21208
14534
17471
24676
14402
15237
13999
14958
16940
14944
25944
18889
15940
16354
17245
21787
17694
21492
17493
19004
18313
19089
16824
21054
29144
26536
14600
15972
22389
13858
18605
16073
14533
17170
21307
14808
20926
22803
23690
22569
26760
18138
14262
16585
18669
16136
13119
15301
15890
14008
14260
13535
21622
20904
16149
21070
26046
33834
13974
14714
13919
21240
14169
14945
20800
16404
17600
14560
18050
26491
15953
14693
15492
15399
15347
15736
14932
16327
19304
20395
24217
18043
14741
23193
22401
15468
14709
15419
18146
22480
22284
15944
14533
18858
16606
16434
16027
15096
14072
13682
14544
13558
24376
14736
15862
12969
17091
13417
16849
15239
14061
17086
20789
17403
17534
14617
15139
15306
15969
17050
16041
14657
16819
15580
15260
13865
13717
22424
18977
20144
15582
14812
13541
16560
22349
34009
16256
24080
16399
21939
20493
17551
15330
14359
22198
12648
19993
14574
23085
15913
15332
15500
16699
25955
15624
13305
16313
28326
16664
17655
17626
16078
30431
22108
16663
15461
17898
14273
16127
23538
15686
17141
23410
16663
15747
28410
19606
16727
14823
18360
16940
15378
22064
17180
15343
30209
51683
34836
13903
20348
16173
17246
37707
16363
16896
18795
16512
15781
20761
17649
17215
18376
16171
22905
14894
40375
26723
15412
28885
22539
15960
18338
15440
14907
14541
28574
16083
27934
15719
21917
16764
18914
24325
13440
17929
22968
15300
15775
27566
14139
13904
21673
17103
18506
14724
15952
24837
16356
17643
22229
15568
25610
13522
19182
22755
17890
13714
17598
14757
27638
16406
14307
33655
15789
17534
15101
15385
14436
18101
16002
28678
33927
25834
16916
30259
25516
13748
27623
13529
17271
15262
15697
14833
16342
24514
14609
18296
14845
21822
17734
27800
13884
13295
19372
23012
14236
16122
14422
14330
15525
17110
13322
16399
23271
15619
17935
19554
15805
15124
21123
15673
15800
20197
15158
18369
19325
19437
22331
16766
16591
17907
19598
21737
18734
22740
13696
15683
19701
16130
19160
16634
15879
20361
18188
17801
13959
15984
23257
33634
15073
15134
13959
41089
22118
22813
17076
25669
21089
20173
15299
19377
17143
15499
14014
18623
21682
14329
13174
24894
15657
18247
15787
15831
16182
21213
15280
15758
15811
20490
19265
21232
14523
17415
15194
18030
13579
28267
16048
28578
15586
14739
15149
13181
17567
33317
14802
21550
19865
15781
19595
13027
14777
16045
22455
16011
20885
15534
16493
17438
19338
18399
17814
14500
15419
14638
15493
16563
17003
17854
15462
13140
22120
42708
19724
29288
16296
21543
16162
13094
15907
15022
18823
17448
23273
15350
17364
16348
16944
16734
16412
20834
14356
20763
16889
23193
15070
20847
17709
27176
17814
20681
22048
15713
22921
27421
18374
16522
25776
23049
21201
24032
18047
16480
25405
15630
17382
26992
29742
32984
16273
28452
22066
27138
18451
16928
14973
13230
14700
14394
14393
15355
14020
20684
18815
21686
16049
25423
15829
12378
28337
14022
14660
17056
14239
17359
32392
22989
16440
16972
21321
13136
19989
18528
31843
15656
15467
14480
16660
19936
15869
16314
14298
15524
18185
16719
15052
16316
17228
16777
21237
16840
16927
15968
14598
22011
19125
25569
14254
19172
16897
15193
21261
16261
14802
13864
21352
45228
18869
16589
15661
15192
24956
16239
15875
35045
18063
13806
15047
14029
13609
19899
14875
15834
15878
15591
15951
14237
15739
17875
21506
16927
15539
16450
15973
19784
17005
25094
16084
27461
16349
21311
20019
28148
18887
15276
18443
13885
22588
16341
14408
23044
15073
24742
15244
17282
17151
17237
15698
14113
35475
18450
31436
23389
25197
16901
23304
22443
17573
15246
14719
15735
14852
27091
20199
21615
16776
14646
15228
14816
20770
14208
15197
17232
17882
27634
14991
14092
21586
16146
18675
17525
13996
14854
15577
16798
15107
22010
16983
17927
14717
13263
21652
18963
22777
14908
31659
19349
12246
14777
25310
14500
18984
12907
15292
14950
15805
19794
16600
24233
16074
15381
17651
20908
24401
14278
21279
14933
16900
18000
25029
23483
26200
19287
15030
20374
19643
20195
16279
22082
35429
23174
23588
15355
15740
25382
17648
13369
14537
15230
17549
14625
18039
15066
25547
15016
14925
15983
15178
16100
20365
18282
17028
17539
16700
23751
16645
14212
22528
13825
16755
13766
14147
13807
18068
19240
18771
19384
35378
14352
15088
13192
13286
17837
19822
17328
13726
17797
27943
16125
17573
18224
14360
14051
14778
17169
22612
14743
19396
21543
33778
15880
18856
21675
15472
17133
27252
42733
15789
22599
15828
15834
15874
16123
17286
17857
27524
16561
21013
16447
13139
17968
28405
26053
13836
17993
18174
15207
20101
27515
31805
55851
44719
21327
17877
21976
22418
15951
16852
15162
16345
40855
17766
15823
16142
19346
22874
15207
25431
15132
16012
28211
15845
17766
15669
14375
18502
17537
21505
15685
18611
17974
16427
19684
13938
23147
22111
21595
14043
20991
14946
22126
16229
15973
16687
16131
14234
15311
15388
26523
17867
18692
19236
19850
15563
24006
28139
15593
19208
25387
17216
15145
20976
16808
21747
15763
13568
15802
26037
31566
14071
19580
15009
17391
14692
19341
18001
14143
18361
21447
22944
15332
13611
21243
18268
18166
16405
18900
23052
20360
14625
18688
14949
15630
13586
28166
15676
15038
15415
16217
20010
15138
16748
28340
20456
16641
14201
18019
27495
17087
16415
16874
15687
14062
17783
14088
16660
15751
22928
14894
28503
15593
16342
16009
14705
26409
22108
29299
15414
16746
16749
16455
18329
15623
21487
21117
18985
16084
27405
15967
20652
18692
15190
28764
26818
16455
19104
22010
30816
21449
14694
17991
35851
14857
19592
15744
18349
14373
14548
18249
14546
18104
46009
13703
14081
24641
17573
18929
15557
17553
21053
25409
14274
14499
17143
15924
17895
14302
25627
16183
25703
27424
14458
34205
18350
13758
15608
17882
15211
16732
16799
23690
16507
14768
16157
14678
18383
23381
20538
15668
15421
14568
14971
17049
19388
21075
19566
18083
14109
15496
16765
17313
17821
20242
14599
20725
16201
31850
15116
23475
16692
20281
15945
14796
16564
19734
14222
22865
15812
14442
31712
21551
17057
21266
16922
23589
17551
13594
22893
14606
14980
18552
17771
14783
17378
20164
17023
15450
36259
17654
15203
19981
17038
15874
13310
15748
28210
16147
31930
17273
15290
14702
15231
18834
16951
15743
19235
17338
12662
14370
18900
28526
20589
24177
14488
16417
18111
15231
13623
16715
14975
24119
18587
15586
15944
14518
17880
14883
16004
13900
16831
19200
14743
25491
22203
17122
14931
25625
16042
15499
19097
24957
18238
15353
15534
22619
18588
17712
28109
50795
18221
22330
15552
20029
17913
26949
66930
15744
16103
15246
16444
22131
15376
24032
25105
17657
20192
16160
22574
13278
13713
16407
15708
15813
18214
24748
16147
15593
25885
16123
29822
23101
16213
14523
15341
18157
13832
25555
17646
15624
23387
26445
24103
15401
17314
19736
19771
14255
14776
14146
14610
15438
22473
14305
18370
29113
18443
14848
16345
18383
27573
20587
16000
19488
30639
14123
24625
14513
21553
20254
15300
15773
22457
26798
13295
19836
12501
14990
14851
20714
13850
17993
14131
15419
14034
14162
15555
21404
15015
18204
14863
19591
21377
19654
19081
21423
18715
18823
15594
15223
16555
17984
26444
13930
16149
21650
16730
15856
13924
19471
35999
15664
21558
23148
15311
14912
25868
32489
18386
19064
14287
18051
14793
15430
17981
15861
17881
18902
15139
18907
19003
19250
19261
19549
15875
19938
13737
15456
17281
14624
14355
15015
22445
19814
16231
19097
14618
14736
14003
15219
19235
18703
16454
16686
28410
20833
18170
15924
19630
18655
15814
17429
21318
20015
21859
13760
14762
14481
16238
17238
19984
15829
15613
14579
15488
17815
13088
15611
14502
16553
16207
25447
16169
22465
14851
14356
15168
13856
15622
20662
23178
18293
14326
21277
15387
13314
35095
16525
15185
18342
13355
17659
20625
24799
14491
15951
20468
19356
26350
18386
15568
21448
15553
15260
19153
21738
15466
15043
16778
16609
21790
19784
40168
15154
15202
21973
17285
14899
24372
18128
22182
15378
12142
16605
12740
17726
19417
15568
15511
16455
13607
16097
31322
20790
15457
17215
22150
14918
15451
14665
16720
15528
14781
23004
13370
24815
23268
15572
20319
22409
33925
19735
33397
13993
25468
15802
16200
14027
13701
15809
14190
20574
17617
19335
16408
17446
18995
16608
16119
18160
18552
16995
14550
15516
18249
20660
19935
15262
17905
15018
16313
22415
18937
16108
16228
15762
19886
15061
23059
13761
15754
15276
14997
15159
20593
15095
14251
16068
17023
16515
15248
19213
24584
14785
18266
14606
13821
15490
13616
13463
13492
13616
14255
15319
15197
16452
21920
14950
16549
29139
15042
18625
17996
13654
14367
15936
21816
19507
17308
16565
22472
13427
20787
25320
15079
14710
28906
19479
15293
21582
21614
40381
19561
24058
14025
14611
13943
20751
19373
21871
16232
14660
15976
18346
14039
19475
14411
23106
16122
15902
26118
16524
14805
18994
17389
19922
28530
18365
17385
16176
17113
15923
17570
30638
26432
25345
15014
19172
17467
14399
13541
17165
15026
15971
13271
24125
15131
20311
17030
16960
26204
34804
14676
13354
24837
18766
13917
15315
17909
15318
17630
15519
16384
15417
19401
17604
19381
27741
14477
18325
29112
16318
18380
22915
13639
21703
19109
17677
15960
15699
20655
15836
17028
16247
17565
17262
14202
14716
15812
15957
14651
15752
16002
20836
17600
15477
17579
15483
15124
15472
23132
14122
18062
18741
17590
18037
18547
14547
22256
19122
19351
14184
16676
18194
17679
12965
14253
18006
15798
21711
21088
26121
16872
17792
24359
16278
16604
43672
15698
17150
26501
13249
15967
17482
17966
19029
13665
12973
21658
18389
15714
17143
17254
22408
19227
21327
15845
17708
15876
14651
15920
20397
14758
15576
15129
15956
19638
19131
14166
13863
14072
17831
14774
16742
15866
16013
18047
15219
16991
19222
15243
14918
14662
15892
18088
18107
19849
16869
17212
17425
21416
29162
14845
15048
18814
14733
20786
16079
15323
15772
17556
14359
15744
16638
16581
23072
16450
14718
17448
14210
22072
20350
19435
22566
15032
14640
14597
20264
15000
17355
18366
14304
15275
23809
16005
15386
16242
14493
28153
17195
24727
21314
18480
15719
16347
13794
14866
11546
15215
15139
19730
14780
17794
17953
21953
21794
32489
21989
41341
17140
15656
15932
19466
15552
16826
16270
18347
17786
20823
19330
15903
16998
16795
29527
16476
16480
23531
15924
28769
15981
16645
15281
27585
15574
14478
17616
19374
14888
14996
16881
14642
21477
14196
15271
15416
16492
14333
15894
14208
18588
20319
15547
14995
15665
26769
16496
13557
13887
15432
15432
21711
19600
23663
19215
26537
14568
21029
15547
16335
15263
15365
18794
15713
22046
15911
17412
19258
19543
16856
16957
12937
20478
16044
16866
14561
18604
22712
19687
14989
26908
15443
26549
15412
16130
16535
15549
13497
23408
16397
18826
18630
16000
24471
22321
14176
17142
18162
19053
17462
15776
21486
22797
17757
34019
24813
15679
17117
19705
14853
23433
15652
17104
20612
17057
18140
16343
17768
13721
22479
19008
26707
19911
18443
23208
20351
15314
16355
15149
16514
15753
15845
15701
19387
19956
22097
38132
19681
14741
26767
38888
14911
14310
14264
15641
19937
15123
18656
14917
16577
24620
19288
18314
15801
20382
16032
17945
15832
20482
18200
15427
16655
16096
27605
15386
20584
17776
15897
35490
20021
16960
24957
32537
16348
16500
16934
14622
14994
15066
14918
19100
15507
14096
17554
18879
24485
23776
16609
15215
19857
27866
17983
35377
13962
19701
17818
15274
16272
25101
17102
16122
27988
15833
19433
14372
17814
15569
15982
14917
16199
15075
15701
13984
16765
17943
25255
17750
21065
44608
47735
15609
15877
42783
14543
14946
18021
14819
16847
22114
41633
62106
18021
18562
16830
21877
15689
13518
16619
15753
23668
20256
23380
13748
16471
17513
18593
15719
16990
13502
15156
14456
16230
13239
14350
14933
14220
14436
15166
14819
14989
21202
16713
17597
20379
18425
14087
15591
17313
16277
15252
20229
13510
20295
32331
15568
17391
18617
44234
16154
28963
15688
19013
17022
14998
15725
16072
14871
19008
17023
20030
18525
15020
15697
15327
14976
22613
15310
16999
17067
13507
16192
20979
19466
25899
19444
17790
14401
15871
18837
16776
19289
18149
15736
15904
14692
15034
14467
15088
14367
24805
26108
16103
15586
13570
25696
16230
13860
23508
19515
18974
16476
16299
18039
16872
15591
15700
23561
21882
18222
19846
22184
19682
33076
14938
18076
19845
20700
15390
17291
17815
18496
16952
16587
19602
14121
16146
17620
23597
14927
13412
16238
17973
26642
15310
14955
227522
46748
18974
18917
16254
18377
23719
15961
17624
29680
18668
15813
26339
20545
16558
18949
17133
14249
20082
23831
15581
15049
17383
26602
16311
16167
18962
13958
19988
17495
25003
19866
32416
19773
14741
23897
16681
18479
31106
16681
14720
19966
22762
18869
14946
14450
19416
22673
15628
17504
14791
17311
14821
12986
19442
23782
16898
14844
15375
18988
16283
14337
13808
16722
21378
17624
16033
22133
14412
17576
17577
18707
15286
14801
18040
16243
44262
17171
16528
15111
19852
18822
24765
15781
15538
29107
15582
15390
16763
13827
19505
15885
14650
21406
16383
15765
18484
16427
13893
18104
15890
18622
13613
16342
21126
23783
19977
33190
24889
16477
13801
23516
17190
20185
14575
14065
20179
15796
16806
15590
14898
27538
23600
18489
19312
14774
13514
14002
13226
14168
14451
14560
16105
18651
16398
20701
16111
13923
24721
15865
19531
16268
14269
21544
35702
27038
14655
17245
15146
24470
21258
17823
23075
24738
17788
15248
16201
16238
14454
17207
17433
15120
15109
18659
24114
14131
16076
15506
14493
20218
16126
17799
16805
13364
18200
17187
17159
18289
29603
17058
16155
17838
14938
14741
26241
17664
17053
29734
18747
19286
19108
20826
18586
23668
21097
20224
24401
15037
18915
31365
15745
19784
15137
15129
15571
18655
20105
15646
16062
14577
20301
17842
20286
15477
15989
14220
14373
27059
14949
14734
16739
17593
14929
15054
15192
21782
20677
24001
16301
22879
28613
15107
17828
13110
19074
17922
15408
14420
29195
14226
15530
18121
16500
17420
46839
32102
41542
14474
15854
15455
19570
17061
17982
19067
14034
14097
15007
16521
33467
21829
14869
13932
17719
17559
20385
27510
18637
18150
14611
16624
14148
15510
15807
14668
16725
26455
21499
15641
18490
18550
19228
11899
21188
15609
15187
15127
14858
13708
12292
14190
15233
15744
16955
18292
13813
16370
13000
12765
14083
16619
12712
19604
24764
17638
27452
13055
13806
13297
14633
16318
22154
17958
12331
18189
15034
15883
13729
13386
14676
23615
14767
16416
13290
17871
19142
13537
17212
30210
20131
16648
25515
17684
17871
41132
16849
15479
30460
20379
14657
18603
14191
17065
13986
15847
14359
19765
17028
17302
17556
26658
19495
15178
18848
18633
14283
15121
16153
16612
21064
20054
17248
19462
15056
14020
16050
16596
16253
20626
24740
15183
15505
15302
18150
24461
15916
16795
17512
14445
20078
22443
27664
17685
26445
14996
19054
18890
14754
29042
15409
16299
19635
17807
18728
16074
18445
16187
16248
17594
28665
16693
19466
14484
15338
16524
21100
21916
16703
20401
19802
18127
28426
17209
19009
22588
19506
17244
22939
19938
31509
19022
17447
18384
14876
14900
19035
20655
18427
34888
14287
16406
16866
21498
29499
17346
21447
14459
15622
15090
16079
16591
14647
15391
30961
16107
15910
16996
14841
18841
40317
21572
17722
14781
22355
27311
13661
15995
16144
15581
15124
16012
19613
16543
14918
14943
18170
37198
13658
15479
23141
13782
24224
20218
18318
13881
15654
35386
43598
23711
25583
15726
17261
16960
21153
16644
18503
20045
15250
14509
16494
13691
21675
15178
15124
22958
16784
16469
19327
12751
15972
22140
15372
16691
29355
16021
14831
18763
17286
15908
18745
15631
19619
42211
17822
14301
18242
15662
22732
15870
19819
14884
14651
13412
21503
13706
14488
13578
17010
16844
13434
15109
27552
15806
19810
16619
21898
14687
14950
20688
17169
24451
20017
14556
16970
23244
17827
17492
15082
14914
18022
15858
13099
15996
15209
17172
23842
20685
15124
17755
14464
15195
16751
26738
24442
16584
29165
20219
16094
14935
27397
29928
14881
15774
13882
25611
16929
17423
18171
20267
18468
16534
33758
21697
21663
15374
13948
18109
16494
18388
21145
16281
16425
13953
19786
22024
19838
15344
31000
17677
14282
19072
19339
16912
15915
20578
14321
25364
54683
17688
24584
15370
16816
17533
15358
14485
18351
20897
29077
14176
14843
16869
21376
16026
16546
14249
16837
14340
14519
15730
17643
17330
15671
22521
13189
17703
19524
14326
18036
15590
13618
19530
13511
17524
23483
24987
18987
19186
14907
17537
16284
14848
14880
17232
20155
23104
13961
15841
18726
15041
16579
14895
21463
33923
14586
15246
18239
17493
21283
13308
18674
14365
17434
16197
20305
15937
24491
18234
20807
49339
22128
16395
16034
18254
24022
13773
17008
30884
18398
15246
20733
14962
17967
19869
15074
15011
15113
16816
19710
18618
16700
18888
16770
14005
17371
14169
16147
23193
16184
17275
16600
26346
15600
15543
14819
19495
18654
20378
21967
22160
21592
19912
15008
15882
15697
15518
15466
16981
19603
19859
18946
23416
12487
23511
14970
21850
13856
14336
15794
17742
14400
17224
16563
15375
22333
15501
17154
20801
14957
16768
21011
17297
30791
18269
24347
20838
31720
19201
30089
14553
15785
22780
15250
18878
22769
15989
24056
12755
15214
14504
26944
19771
17306
18709
19255
18851
14299
15361
18500
17791
26755
