36776
35010
25464
19008
25055
18859
25745
21327
18748
21790
18491
27894
25219
48279
30716
18153
29137
18207
14767
47893
22734
18416
31507
31122
26361
23668
18426
14116
14683
39138
18113
21219
32519
33622
23728
24853
28093
35354
32308
27302
21831
23134
23053
38750
23048
30524
41514
23224
33366
25295
22435
19094
17211
12045
27074
23460
15445
19362
25680
15200
13342
19316
15290
23440
14514
21870
20907
20373
22395
19447
25360
21265
19808
29320
17357
19952
39164
22163
23223
11965
17312
20887
31267
25104
33384
13135
20779
20596
33615
15639
29489
24080
35368
12477
33846
19111
22804
46706
26417
18671
21458
23636
29295
24642
22179
15835
19720
22352
17266
33378
36153
21243
25371
22154
14175
20979
23633
19173
28896
18494
18461
17655
22778
28371
15702
25369
24645
21728
19398
39965
21070
29944
29311
17928
38509
35265
27943
26456
17884
25453
22735
28040
31820
51097
22984
12226
20817
26156
35141
31240
27612
20434
19735
16592
27358
22658
27987
34023
55669
23196
12477
21924
41155
31771
30790
16973
20793
27180
22907
13919
16975
15810
20422
20742
21927
19941
36451
22075
26029
25360
24446
17557
21691
8963
22667
21817
24858
60538
79652
17094
19934
15702
19500
25191
24061
24189
33765
20691
43135
8501
15146
17885
21736
37654
57824
20552
21586
43630
32536
35539
28248
33081
34408
16329
24253
36810
21184
14759
16389
23945
18139
23990
15619
23246
17993
17688
15519
22859
23197
18688
23954
25318
28259
17939
27892
24659
10558
21488
20961
37039
34193
38567
27000
29607
32937
21483
24053
23304
27523
23299
18318
15540
12777
37797
28575
9411
19931
20639
33145
34336
32059
23474
19916
32658
22012
57572
52336
25684
25725
28492
27047
22789
39375
21799
20679
33964
17227
19473
27543
18841
14225
16268
36115
13309
21870
16532
33577
24088
37200
18034
23630
24190
27986
27624
17243
14108
20134
32574
19005
18912
27727
23852
30776
26246
17903
21069
18841
26743
17304
29766
13209
16561
22781
26142
23627
57385
48733
27737
19691
20664
24557
39740
22372
13882
38917
24826
56910
59630
23190
19810
19734
11321
30405
52808
14631
20895
20041
20972
30782
19300
14703
24746
24816
21546
9664
21494
19453
16096
25739
26716
22191
22641
16321
10878
20832
18277
32598
17132
29345
15461
19270
21532
17102
26514
18983
34264
26262
22661
22504
17983
27114
28453
22077
27385
35430
24073
22236
20391
15293
16997
22919
21234
21533
17332
40193
60331
27186
33972
45170
28558
19590
38838
19203
94613
95079
23723
17114
18403
17096
22469
23829
16685
27465
37925
24801
18915
5096
21115
25254
33058
26897
22889
29839
16738
15792
21713
26882
26874
51650
25994
21203
25292
21445
19549
19344
29968
19091
22763
42675
16423
22157
22207
20609
22007
29742
24795
31638
25436
28590
21809
46845
39207
25086
24439
19879
21220
23825
21313
22549
20701
15705
21297
15837
30053
53216
20655
15236
30592
21644
21597
36762
22753
33135
21069
23124
17087
26259
16320
44820
24055
26909
16573
36644
38809
49180
16453
16539
24750
12424
27009
19042
27398
28288
27441
29046
27217
21567
28104
23620
34334
19100
21431
18264
17301
24115
16240
18222
42304
19800
20169
11527
29623
34467
25750
13668
15483
18665
19041
27009
20296
20525
21174
16820
37584
30403
39160
19127
21938
21809
16750
31740
30641
28334
22852
18024
19353
34682
17438
20428
51160
40179
18321
47612
14759
13711
21811
48646
14428
23847
38453
19608
14586
21053
24032
21286
29915
27997
39078
63809
26557
14541
45352
20115
23112
23415
25397
20688
17203
30708
23180
18884
16562
19580
28733
14271
18198
17939
29933
20674
23958
49717
46392
19416
37007
11523
24459
13650
20647
17853
18842
17048
19840
13326
23640
27093
21250
32062
28249
22385
23864
29784
17985
22692
29184
24080
32548
49216
22067
23732
16281
19306
17300
21847
13084
29511
22530
29172
24092
16735
24504
40452
40315
22838
23769
16585
23395
16896
23062
16089
19106
28275
24942
13419
31272
26960
38100
18786
20052
24289
25635
35828
19976
23432
31608
22533
25801
17253
23857
15119
21509
18902
8776
9313
14782
37352
51861
28078
21514
31432
23087
31899
21368
22412
16873
29483
23227
23086
26290
36631
29321
20588
30429
17620
21890
24247
25012
16646
19315
16072
24231
26548
24282
21997
23478
14454
19042
17807
14357
14147
41041
53515
37882
27491
24234
15124
21272
17832
23654
20186
42295
50138
22030
9358
20534
22826
12932
17459
22703
13809
19445
22846
16325
21165
22433
22853
13274
16306
26492
60032
16352
31713
39990
56307
32051
26313
34310
36792
47567
43374
85560
33992
36638
32080
25291
20814
19209
16726
20004
33480
21256
48795
37104
40636
75107
22922
28326
26036
28391
34586
21526
34194
25777
18979
22183
28416
21796
22764
30914
42239
26364
20128
20233
17536
21661
18789
17549
20680
22820
20948
32375
40888
34061
23382
28857
24123
24929
18811
51107
11241
19788
17854
36701
30986
22643
18312
20857
16619
24357
18815
31868
24890
24290
19617
16771
16922
23586
18460
21059
24904
25686
26000
44930
18309
24261
27107
31597
19260
19863
45513
27379
10191
15198
18352
25180
24326
28998
23863
29886
19370
20702
21357
29279
22767
24924
29854
15456
25189
25753
29270
26660
23698
40964
27786
35833
21898
38115
45156
19565
20769
19379
22750
37935
20412
27489
17353
26380
21320
23551
20972
24276
25945
23562
32604
15761
21969
20953
55573
25629
29572
28738
20370
21158
29306
30891
22090
27093
11752
43376
17262
50023
26954
27918
32361
51388
19370
34815
20468
25573
27283
32469
18226
21977
16603
16629
15084
18833
40716
52953
22636
82767
22227
20771
28606
23273
23365
26599
23922
16886
22452
18557
19706
19871
30204
18452
29272
29341
50891
33308
43543
27621
11455
19981
30178
17040
22476
17840
11183
20820
20876
21017
14566
15131
16413
17544
22753
23037
26419
32423
29408
24331
14865
22395
19520
20567
20512
13219
20116
28558
13526
24863
25583
17011
17647
22237
37328
30052
18214
21994
18630
17434
19762
21979
17613
21370
24191
27960
23280
22698
41089
22477
48887
23713
23771
28404
19621
19051
24101
15923
20181
28751
24701
42047
20807
18554
26892
29328
18190
23160
23432
16304
9260
19373
16903
23218
31178
23777
19200
13007
27266
13112
24512
20687
35424
45297
16522
31810
26568
26164
43431
16152
18685
15988
25668
17957
27712
22346
30970
41266
23009
20354
24206
9682
30800
28539
19743
23058
15315
20283
25272
15832
14869
30214
26507
23117
10744
23099
24090
19858
25972
31754
34649
17073
40696
39663
20970
10616
20336
16207
14897
31471
33790
40176
24090
21518
17488
16225
20227
20875
24582
24121
26418
18825
22901
15008
23204
20440
20045
21600
34582
24147
40869
21568
38582
56413
26556
22963
31991
14942
23356
23069
25983
16094
20215
27147
24699
33713
21280
21408
21549
15580
18689
44742
17282
19152
22477
25049
17948
26716
26028
30339
29622
64448
71642
95464
47073
16509
29785
19753
27330
35250
16395
22813
39221
59843
49968
24770
23821
19586
21070
23605
22416
22465
20051
26853
28533
22498
25561
32616
44917
32368
23246
23793
20390
19169
29547
24020
22043
19905
26952
17580
33305
44214
16633
13941
19436
15334
18706
24320
44402
21822
28595
16463
16645
14849
26570
28021
33867
46273
21320
20800
25167
23405
20360
22062
32129
24005
21323
19682
24908
21038
17155
22051
23811
35500
28095
14881
17050
22976
24667
67135
16804
20382
20351
22106
19394
22889
15470
24468
43597
38573
13121
20277
37564
11206
16067
28845
39195
13763
17932
38226
40429
19567
15309
20634
13741
44969
38885
15535
16009
22920
12614
23924
23761
16836
30915
27423
19722
19921
27980
31136
22846
20735
14379
10387
24083
12688
23429
28653
24532
22222
17583
21717
36714
26161
29797
17156
23941
21349
19265
24406
20416
20613
36693
28414
17160
26718
24771
27398
29808
21363
14448
18614
16459
20536
17527
12870
25961
34995
45841
25057
27952
20663
26665
22972
23603
35288
29867
83078
80827
24940
24706
16414
18937
19116
23423
21636
20551
28293
50615
27597
18921
16932
16009
15608
15426
27178
22827
19093
21883
11262
27052
34749
17794
18827
12651
27858
16223
16986
21838
19230
20539
20979
19407
13754
23117
24330
40335
27598
12068
25701
15338
21369
26813
13734
13500
14265
31880
24764
16560
43275
66295
21539
29016
12507
25533
37089
20942
49239
20593
13951
28868
61997
31915
14529
14281
20830
23080
29970
24276
30302
22610
16411
42233
16250
30187
24755
27494
37843
32505
23282
24564
29283
19684
22062
20821
21991
10948
27265
21896
43398
29159
18050
23741
10183
26529
20541
26964
13246
23047
29019
24651
23665
34444
28397
22646
32671
8849
19649
25950
27443
40217
39945
59968
19653
22995
53925
27303
17438
19644
31304
50619
32458
26316
27051
19249
13267
23316
33485
22930
27030
47871
23089
14686
22570
52417
50487
19190
17460
58708
15705
28102
21324
19518
15916
21129
17260
13603
21603
20907
19505
21178
16026
18436
24048
27478
14717
25062
30594
18093
19519
32861
30053
50117
27957
22083
23539
17498
24782
28982
22086
19833
18827
15164
38488
59885
69511
33074
28512
19255
22939
20750
17620
38695
18342
21412
23465
13017
24174
26565
18895
13426
24491
22204
16433
18405
22523
27484
30041
22269
24299
23887
52797
20429
9583
22382
21718
18391
38532
15462
23404
50915
19942
19281
18977
35608
21284
19932
5460
25090
17713
20156
44607
14837
21076
13806
26376
27092
27120
26800
29615
33586
31763
24136
27342
20901
15515
13383
47214
26865
26510
25263
29759
23716
33975
43256
21392
20970
10620
27354
16014
25693
37796
12576
11172
32500
14734
21930
32530
24873
21573
19717
25588
48376
26733
22565
25062
27491
27919
19745
14648
23823
12230
28821
49049
30453
16094
22118
16349
20430
22232
22909
27481
27768
33546
22848
17957
32791
23927
28164
18401
46717
45924
67111
26674
37436
25386
21037
27466
35086
36900
26055
27818
26316
17421
15235
22497
17684
32242
20019
19070
19538
21301
26807
16365
11971
23530
48159
20930
23430
22482
26957
23997
30429
26784
18786
18186
19464
25578
25320
28394
21528
11645
26862
16648
17189
43184
16420
22600
29959
24928
18459
22095
24927
21194
19952
26873
19797
29503
19556
9257
24456
14873
19214
17086
19811
17450
18048
26089
24186
23091
21012
44207
15885
21154
22377
20748
24263
27278
16066
17062
23447
34481
22589
10725
27484
37869
24081
18368
21769
18358
21917
23093
16915
24274
26293
24597
19283
20210
22636
22235
21821
31625
42828
21707
36125
32553
21011
15683
21125
22489
24176
12907
29809
21480
43604
13912
23302
19657
31209
21702
25301
15783
22032
22397
16508
19281
31877
42615
41519
41775
39077
9965
24102
11738
18692
14066
16048
21286
17899
40712
13540
16946
19316
40296
24070
20627
25990
9778
16457
30046
23285
18065
27428
31174
24567
24580
21140
40548
24830
27865
23686
18220
11435
20893
8852
22093
17060
23964
24947
19083
57506
15398
19220
26429
28312
20567
26629
19188
32215
33147
32156
27079
31204
17240
10448
21153
16783
18351
24040
13876
19529
22698
31784
19121
25254
44215
45368
72069
20395
25055
19981
12272
38827
19954
11482
21655
27124
27119
17753
42138
17085
20035
27915
24992
35384
30879
22390
22165
19824
10416
14930
29974
15878
47597
15326
37487
23202
17754
13388
34870
63409
32723
19040
19530
29525
29296
42930
45387
23068
43593
35037
47593
35061
18057
15899
18478
22466
18232
15162
18284
25471
16690
30221
16878
34343
17935
18831
33685
16878
21295
16823
16759
22121
14354
26577
46452
25393
35256
39914
22741
21365
20082
26946
28329
24585
14838
19021
18941
20868
17788
27792
25339
29153
13645
19576
26297
36537
28534
73944
22611
30817
20946
23531
15789
27791
50958
25149
13317
26967
30578
25082
28734
26552
55378
18908
10024
16703
35005
24686
12597
11955
16007
17899
17519
18735
29462
22124
16666
30880
24251
21760
16368
17672
17959
24941
24760
23415
24152
39050
24557
33481
55196
21038
26432
35451
21225
19455
23852
14489
20280
41502
38044
26750
27703
24324
46389
47195
18015
22475
14004
18282
20138
36828
41342
19317
14672
22056
16737
25822
30626
40607
23306
66815
33769
24458
47965
17176
19058
33753
21217
22882
18243
25622
40801
23994
39147
24141
16719
23248
41011
22891
18140
29376
16710
28638
34032
23701
34706
28299
28535
20537
22245
22847
15695
22316
25027
26107
22934
14852
24074
30092
21160
33844
46748
17309
26794
10183
25038
25857
36000
29803
31457
42668
14771
37117
22130
21188
13161
19306
23999
17860
33185
26227
21930
16196
16500
15167
14456
21664
25903
17754
24849
14848
32191
19102
18560
20199
24200
22390
48649
39593
18437
24475
17838
14667
21413
35539
24224
27429
21176
23513
24067
34208
16058
23156
19732
17192
28042
14077
22426
25359
19436
17262
26784
39130
23579
23964
20973
33320
28982
23064
23537
17051
22664
24356
23087
22970
35815
42750
19643
13871
26396
26351
19947
37795
13376
11534
37658
14481
20463
24771
17012
20073
21362
14489
26681
30642
20975
41266
29324
23616
28845
17969
23314
24546
19983
40780
39058
15691
27466
20150
19102
34562
36857
27182
29555
23823
30012
35808
16902
17969
35504
42769
26285
42208
21808
27411
28367
17751
20860
24882
23319
23510
22725
23087
45191
19746
14627
12989
22504
14245
25646
23198
17156
16826
49540
23390
41196
32368
58164
68145
22057
21629
15152
25180
20532
23968
22036
13630
21203
17596
17594
22893
18529
18025
17965
21501
52517
41780
26917
28840
31452
20189
28006
19886
21680
21202
20131
19308
19758
21622
16159
16850
22196
37825
29281
20457
29890
13455
23476
15238
28866
17356
32853
34332
17616
23797
20748
19817
17493
11538
13682
21239
19902
25526
25574
40825
29669
21177
16430
20508
8940
33308
22029
34743
55395
23740
23480
18389
19103
16925
26653
35329
36884
24817
19828
28449
19059
12174
29257
21537
19156
43154
38954
9970
21406
27830
27720
15663
15460
35761
22070
31729
25739
16846
16345
21058
32469
47923
24027
25833
15117
56658
68435
23455
22166
23018
20294
20719
14961
20335
31587
30307
20215
32518
25250
14957
40940
22985
24426
41338
16565
17189
19578
36773
45324
25272
21749
19467
22426
31894
24706
21876
21775
17736
28572
15675
23955
40197
50625
43719
19339
22945
19609
18478
26975
28079
23387
28336
24959
35301
17271
27252
14826
22116
13781
20486
22580
16823
14164
19715
11881
15354
21632
18919
23033
19640
26679
24585
27967
23085
18571
20838
21258
17611
33482
18382
36492
21482
21309
34508
16455
30453
35213
29056
28007
23630
29688
22885
29833
57012
29765
16115
22304
32890
54638
56859
24138
39549
23987
41945
33139
17426
23754
25173
21864
45981
46148
31257
39629
42038
12782
17257
23113
35662
20292
19934
19844
19348
25637
13864
23354
17916
16011
22615
18057
20261
23250
16025
21844
18417
26563
19129
21800
17784
16710
14414
23805
23893
25862
20711
40286
15281
20715
21208
26692
25991
26034
26709
31921
21229
11794
13360
25546
21166
38750
15270
30692
15581
36876
22021
24828
27625
44459
38189
33059
25584
21735
30024
13393
24840
47712
67680
18884
18273
27009
28259
31258
26391
12819
23492
19192
20018
29221
20914
24749
31085
17790
26297
22200
27899
20401
29375
13994
25462
19473
18784
38344
22543
20311
24241
25981
54835
38782
20899
21916
26811
16094
27029
31166
22167
28763
16175
21975
25143
27460
22221
16493
22935
16003
32573
24031
23374
27559
41569
19499
26240
25667
22539
21950
23934
14985
27217
46918
13910
24075
28988
25699
32794
21245
35324
17899
18516
22926
21721
19749
27497
16957
32733
24696
19832
33680
27438
12401
22022
15094
28285
31269
28494
17483
23677
28331
15075
25354
28562
28320
28716
21236
42347
18919
13295
21174
24836
21898
10707
31081
30723
18306
16476
13352
19264
25575
22517
24099
51652
10826
30440
27029
17589
21837
19994
19128
34980
60862
31966
16231
32161
20635
18537
21778
19062
63070
19451
22167
19251
25850
18505
21775
28927
33082
43075
15666
20380
45918
32073
30221
55735
23979
23101
23833
26074
22912
39200
33824
23168
17278
25515
32655
18336
23134
18939
35400
15522
25100
30043
28117
15229
24132
11351
23357
48920
19545
23891
19891
20102
30239
31612
29938
25320
55867
21171
22924
23243
29034
25622
20255
32089
33314
24878
26834
14420
17971
19235
17502
15271
22576
15941
26366
17435
15944
22641
23967
20886
24558
19532
45559
16057
17933
17883
18727
35305
23535
21666
34921
16213
23301
43110
22604
39719
23088
23188
18243
24658
25654
32484
22981
28912
20631
17060
13030
39595
19156
19965
16028
22890
49162
37203
28980
33612
16867
13953
36648
19025
30143
32650
29380
20321
41930
14635
17793
28503
29476
22047
25919
36231
22626
36921
27939
22582
11583
21386
16639
21445
20834
19929
17294
34681
71456
12905
26754
35186
18005
28552
25087
19601
19576
32916
24159
14327
21830
17010
25325
26819
27763
20615
14599
15871
17471
34538
24483
18792
14993
40080
32625
9735
25036
21609
22059
22483
23014
25796
29713
23194
19233
25635
20606
14150
56021
38108
26184
18679
9722
19033
23885
32740
14390
21131
16146
26982
20116
18289
15478
20745
22321
17752
18351
20292
17205
26549
22605
22911
28882
34700
21502
17047
39083
21444
22804
28580
23189
24205
17764
24101
14351
20295
16401
24597
15291
19455
23344
10971
21665
19550
25802
29726
30297
23783
26025
46103
29122
20016
34645
17932
41807
13550
24317
26550
23333
23745
12261
24683
16430
11294
35604
32910
20834
39565
15097
14601
19401
26525
22349
23910
9603
20270
15882
26629
37389
25818
22301
25372
28287
22769
15054
13093
14174
22311
20802
10918
18789
20168
18542
11983
46414
18969
26490
12524
19831
21045
24934
24304
26456
23695
27959
18086
16594
28788
33530
23831
27788
25383
22216
20622
15599
27975
15765
21511
23801
22130
23058
22910
27141
13618
20474
23620
22483
20512
24612
18847
24725
25836
18798
26958
21743
20971
17262
40072
54845
27343
37148
25432
25617
25306
24577
27561
20639
24581
18308
19155
17085
16660
31540
26449
16512
32961
24528
18414
27429
20211
22753
38405
15811
25329
25682
43665
32262
16275
17581
20945
22954
15011
22914
23850
31312
32027
46035
26650
12338
21583
17149
16385
14327
12260
20669
26248
23748
27997
17194
21841
28380
62283
44685
28293
26868
28365
23570
46512
23184
27136
20423
20737
14434
25323
15847
19637
21261
36033
16021
19584
19209
41431
20833
17284
14602
24465
28926
34059
10773
29716
36951
29717
21772
16970
46125
27310
15544
26541
31404
20139
20912
36588
21366
22704
39212
27134
19136
22938
19897
25890
17703
25891
32623
35645
38351
15253
19793
18711
21609
13243
10553
13762
31680
18702
23913
25286
21012
24522
26210
23816
25721
31558
20139
25813
29132
25042
26473
22513
29230
25361
25680
47908
25108
17544
12572
25145
17999
21542
21969
24118
25411
61337
18772
32680
19404
21518
32943
26389
24907
26879
21074
18446
27907
19381
24759
17025
31707
23318
25816
14843
11991
25203
40350
25609
22890
14125
31674
28875
25544
19294
19955
17090
33707
26478
28570
22883
12359
26334
35402
25978
12388
20453
13067
11529
31429
28501
21683
36530
16542
16453
15709
16046
22438
20017
54910
45904
65250
21454
18149
17275
15632
32616
20405
18673
17089
18275
17921
24849
16185
25178
36781
41135
21423
21623
21833
16587
19087
24869
20303
20005
18877
30319
24448
25310
23678
16375
21367
32149
34861
22312
37450
10414
18007
15659
22668
12709
16569
28340
27183
20989
26641
28056
33994
13213
17830
28715
30538
25809
22437
28865
32096
25008
54147
31701
33502
32438
15335
20595
23109
33606
17539
30493
19211
13931
23143
19352
33625
17098
20102
24272
10735
25285
37807
19448
29378
44114
22553
20182
13984
16966
20263
16861
19245
18431
40772
22173
28034
25354
22629
14847
16683
37755
34630
25354
15985
23242
40748
31756
25714
28378
17441
32340
21562
24445
18145
58450
26139
19797
39018
29018
22731
25667
18400
22569
22786
22071
24985
18897
29080
22576
16416
22232
24693
28975
20132
30599
30440
25259
30768
17999
18809
22271
66416
78091
19706
27023
15262
40883
15421
19773
16720
28419
35150
32073
43282
29435
32779
17922
18449
25347
24705
29098
24513
49552
17854
29092
20530
38161
42569
25297
31778
17942
28350
24623
12848
17142
11879
22349
11069
8416
20324
22486
17088
19712
30000
14544
26500
28946
15577
25830
45622
53107
16931
23416
20338
16591
19857
28808
16141
19058
24282
24861
31900
23218
16998
34435
24134
19716
34604
21878
34532
24981
26178
11884
25695
28453
32380
24172
22903
23257
29100
23254
22151
21938
36039
24043
21385
18554
23886
22831
36638
19782
25236
29607
33805
36568
24061
42706
18520
17098
32997
24801
29279
27915
19982
20573
26969
23003
20688
22208
21005
33056
21673
34053
38490
22115
22375
18781
18193
30347
15429
22618
28762
14803
22375
21287
19222
34643
45289
38482
31530
18203
19250
22024
26110
44987
19612
24061
11946
25743
22056
17443
22103
33623
22305
21991
18676
23223
25303
27069
15438
17781
29528
20623
16059
26522
24195
24556
20570
19793
11224
21016
20780
25639
24693
21455
20066
21899
16544
20869
15743
27382
22063
18650
21196
17554
46534
39478
45983
67554
85964
17410
28644
20624
29759
26655
29244
10363
19470
13954
24340
20372
19211
23909
18104
15500
15596
24116
20203
34704
25453
29802
31478
44402
46187
28235
18257
18482
17286
20561
15935
18605
21278
16309
16202
20922
18629
19625
20171
18277
25555
30134
28272
14347
26670
27175
30971
43974
20895
9982
15804
15947
21917
21510
23879
20592
30734
22411
29946
23773
30875
27705
29058
24953
24302
26498
21020
21191
19940
32241
22193
19226
32969
41181
47358
22133
14046
30932
25023
22548
36832
18722
20134
24397
22310
22207
23133
12317
13918
30469
35431
21193
40107
13333
25909
22905
15065
29511
16080
26240
37468
31511
26249
41601
30445
18098
20910
20166
17005
32133
15388
18645
22438
21781
24589
15971
16085
20540
24501
17299
25053
26028
16406
20473
25002
18323
19590
11670
32485
27802
23281
23831
19347
27694
20137
24257
17879
29783
16225
14983
29110
16969
20775
11806
21616
11611
25280
14631
26234
27088
22441
20014
29018
25745
15697
17268
19644
23964
25506
18234
14029
26107
19612
24151
39718
24504
20570
11229
14345
18374
16962
37156
19517
20258
26010
19279
15412
35430
21889
22670
29613
22968
28248
16086
23721
22533
16644
18383
13519
12238
41793
63418
24116
24977
33071
16749
32847
6222
12446
19629
14089
20394
20206
20252
25413
25542
38427
24989
23924
19400
14398
20371
25249
18028
47159
26272
21157
19252
18120
31380
34108
18860
39450
29199
22309
17353
22107
29763
29097
34172
26516
23930
19063
19720
36141
28172
19371
23966
18194
18603
29493
28300
18477
23109
21489
17660
20451
30638
31411
24103
39501
33738
18939
28630
23337
19526
36115
36531
21728
18560
17672
14617
26679
26529
11590
24649
37401
10158
16366
20858
14635
19656
27110
20933
29871
11845
26795
18629
27109
25470
28189
28020
20620
22080
12377
21516
31623
16488
27064
44810
18616
17545
24968
24147
21082
28593
26551
12093
27974
37312
20666
28495
18153
24537
38662
20393
19471
17024
24629
28886
20106
13043
43711
30884
44047
17611
19130
17382
25568
23621
19848
24487
20496
13225
19705
19701
16748
24255
20769
15450
27223
23641
18844
24005
25008
23008
26138
19552
14594
20603
25046
17437
21591
18696
19618
9998
12790
11155
33725
28596
13313
17724
18156
38605
18897
21467
15138
11488
47689
19917
32482
27889
19726
18636
23834
20256
20444
16345
15361
22564
31136
18972
23411
15133
26905
26737
25249
26386
15719
34148
18731
16444
20210
25312
17761
25822
15276
23557
18316
16932
18765
20473
16753
31727
17138
22500
26590
16076
33233
20718
17694
13419
31332
31618
12316
33505
14885
34884
24978
36488
17170
43492
27099
24753
44069
23164
22957
46740
45428
24491
28553
33052
26043
17628
26303
15656
22599
22948
24549
28254
28960
13079
21341
28946
21101
22137
15093
18718
18722
26429
20344
24152
52492
27491
24003
28247
24698
15110
24208
19623
37022
21728
22128
21207
46345
38943
17138
18279
38791
14372
21677
13972
19295
25508
19704
25050
18236
37771
24999
18480
34883
25393
26574
16208
20127
34874
26287
19328
11888
20237
24541
16506
14173
25545
18817
21991
18458
30249
33496
13831
17867
29187
15714
24468
25805
15440
22267
15895
26271
19986
21157
16824
11524
34428
23177
36357
21250
40114
23454
28324
17285
19745
9760
12342
27559
12167
20746
21535
21349
11783
42414
23049
15104
15329
27924
13356
14476
23730
18608
45712
20860
26624
27354
35636
33089
44899
17543
34256
49733
32585
49666
17024
21968
24649
14217
9055
20600
12417
17563
17899
16612
31526
17052
28177
24732
20914
41961
32723
24580
32327
24302
21431
20393
23344
32998
46164
52674
20588
23908
20482
24737
22792
36363
63282
22564
24855
32483
19669
36091
23783
29840
24723
19429
38780
19896
24172
21521
17556
10925
37382
17359
28705
22315
39372
18941
22003
31832
18695
28338
14496
31198
18580
25572
23513
23049
28501
22999
16007
20963
19306
23332
17581
19061
26974
20055
23340
25379
20441
21746
14250
19871
31487
41929
42983
33669
39400
25368
22848
15497
26390
15758
30190
21083
21931
19611
23813
22114
15230
6282
27970
17845
27743
24412
10756
13526
15123
12820
28993
26644
22993
15295
55952
26152
13120
13804
17897
31598
31420
41936
20067
27724
17837
27789
24084
19366
20032
15809
19195
13051
20430
21805
16068
27890
22534
30305
52872
26599
15735
28105
24597
13756
22833
40828
30598
11177
32851
50641
18669
15384
25347
19005
25996
18967
42392
25419
25934
26194
21640
16410
12850
25316
17987
27903
18233
14189
64231
20714
27658
26696
9897
47355
15304
27748
16581
26579
23942
16779
20513
23267
21164
19307
13699
30825
38941
38673
20212
25574
23055
15108
20011
32563
20725
23217
18469
22905
26408
22122
15780
27279
30129
31438
24430
21352
23324
25674
15985
23186
23079
27643
20076
19759
37401
38526
19300
19961
25611
16304
23079
17790
21009
22420
15582
34374
33239
28621
24841
13277
20222
28571
40424
20662
23524
20969
34794
19513
18982
31228
30295
19175
19605
16361
16401
27235
12128
25460
16931
26031
20665
36758
16775
18744
22671
16281
35507
19798
21382
18509
19385
16889
16008
25074
16777
23112
23259
16875
13329
21414
30693
21093
17884
17600
30494
17004
36158
16469
25943
24434
23902
14831
31746
20101
19474
26028
18143
23618
37449
20928
22617
23891
20378
13076
16335
23149
37953
46870
21797
34906
35424
21326
20621
23102
27946
12034
17719
22944
19286
35616
44752
28229
60875
59000
23829
22688
15427
20552
14950
16084
22953
27084
18049
18259
22828
29142
28405
26073
15081
26831
37799
28249
33565
22707
26567
10145
17661
27681
29043
19640
25883
21584
17443
39340
28807
13980
23643
17163
21421
18081
10739
17092
23278
19380
21592
20230
25592
16356
37890
14729
20354
42443
26807
26205
18981
25254
14978
40786
27258
42894
71276
25327
16203
22133
16612
25779
32946
27952
19001
23680
9131
25108
19908
26194
17345
27982
14625
28227
45338
23444
17910
22452
14754
21049
23594
19569
21445
27993
42921
20710
25035
20254
22579
31320
21798
26493
35119
21015
21919
21911
25159
42566
25219
31609
18359
18533
21089
15546
25363
16192
20248
32038
21832
13939
24921
43925
28418
24346
29241
25513
22874
19572
31303
21155
25378
21542
31499
22563
24046
20185
20835
17391
24569
21951
27644
22604
33520
56976
32350
22981
20127
18692
25636
25794
14554
16707
13800
13911
21765
30868
25942
31477
20072
26999
20650
20682
33426
56798
33032
44348
49597
32110
11435
40629
21487
15832
17028
28372
34007
22928
25908
20600
21836
14108
13812
20796
20546
30502
23825
28280
40659
40914
16717
34504
26988
21380
17954
19240
22269
19646
28503
20220
30311
62895
18137
14825
15814
10976
18672
26268
9496
13184
16788
14430
20342
47723
21411
23750
28388
19242
21530
22596
23708
19325
23556
33799
34141
16380
37821
15196
24703
19984
25529
20604
33443
18265
29236
39835
27861
31131
13152
16894
29749
29632
14810
25566
16561
17238
32864
40170
37049
23013
25844
24651
22868
10527
25347
21027
36137
49588
16197
21170
52957
25375
41308
23712
12706
23267
19920
21920
20804
18001
22640
14695
32577
25718
20306
33779
27182
29882
19503
40518
11375
18729
33621
45186
21692
23505
11396
22010
17503
14261
32867
34926
62662
15793
23597
12754
20010
19573
28642
23313
14033
26435
21319
24734
12257
42344
17711
20985
37836
18467
77978
62746
18618
13802
21746
12214
20998
13223
22703
22313
16606
22786
14316
36412
16653
27907
26884
19907
22029
20488
18168
25847
26088
25593
19055
13989
34233
26590
25451
10243
21573
15312
19773
11795
14721
23067
25897
23466
17424
27923
24747
21544
18295
28267
27958
43178
49428
21891
45404
27126
22900
35272
22449
27663
25985
26098
11978
41350
12782
25625
18203
28916
23431
21750
12099
29169
15203
12213
13602
17820
22811
18696
21624
15848
9169
18053
32222
35139
24936
50005
31549
49471
25587
21176
17379
15946
19110
18156
42790
32471
32804
26633
20499
18822
29612
12821
12709
12105
18540
11196
17270
25432
44314
53354
18773
68450
16356
44260
29375
22054
30988
19508
41421
45405
26481
18677
42461
39218
19962
11840
10197
15163
22372
25162
13619
15787
26407
33419
22096
18724
25280
15564
32761
17874
22744
27008
23490
20097
21012
30080
24138
19193
18808
21299
19694
28453
22499
26813
13955
14061
31446
39010
20277
21148
18283
21565
26394
65401
17444
12422
31785
16534
20332
19849
15932
19263
18228
25489
21494
22771
17063
22752
37979
62031
15931
12103
27666
21322
29368
26712
20203
33842
25996
17656
26738
33302
27459
17183
48260
23679
23333
24701
15887
21256
10023
22545
13805
14619
22285
41184
47257
34505
15395
32676
18058
31800
18015
18998
19752
26414
21469
21950
22618
22430
39968
11326
18757
22922
31026
17674
38882
18985
17531
20584
29706
16695
22089
42370
21124
10067
19469
28897
15787
25763
21154
16495
23991
22637
30439
12273
18806
23902
30041
22206
17767
19730
13799
37471
32302
34189
22999
10545
28891
17880
23146
18506
29562
24220
37662
16616
29606
26415
28655
25247
20798
18826
18322
17884
28297
27937
24444
29222
14534
20715
17572
17928
32824
32225
20662
16350
32041
28917
28854
16681
19446
23013
28419
26221
14427
25019
21090
38979
44956
21316
29027
23157
35371
21342
26269
25539
14791
28691
50460
51530
25378
16474
17879
25111
18431
23671
13419
23003
21463
28789
30262
42641
44486
22085
17098
23677
18229
25603
29171
33648
18449
21227
13279
10398
31365
25605
21380
21066
45573
22550
41919
31398
16468
19634
14992
19535
26379
17113
19601
32448
33315
37784
18560
26411
19931
19625
29939
20056
20542
17897
26526
32447
28961
19737
13867
21445
30590
19833
22751
18905
18641
19684
22242
21069
31580
17961
43007
17347
19209
26814
41847
33793
22867
23703
21756
24425
22118
15357
20282
22700
28338
25313
36724
33491
27836
17284
26636
45096
24160
13632
25129
22800
24627
25307
26774
24754
37757
18494
53256
25753
30924
52017
32493
46450
26695
16319
26455
16853
35954
28922
53556
23858
26373
26995
20444
41997
52546
38406
23213
26719
27966
32357
30151
29751
34197
22225
46889
59031
32165
16875
16298
22298
32201
25962
31181
23130
24414
31770
52295
20061
31314
26401
25341
17209
38164
46065
40225
60037
33403
24527
12809
48040
48973
21052
17782
23418
21104
30660
25765
25650
19837
22340
39868
17724
20126
31088
27088
15455
21197
19214
18506
25648
16733
20513
30590
22772
24227
25715
23200
18747
17859
37948
81247
26386
17741
32368
33145
17502
20916
25564
14923
16441
14490
15405
20490
19679
17879
31346
17108
35968
20180
17409
45993
35996
18408
22455
29034
28945
19597
20382
19379
21803
19927
23449
13371
16143
23054
16896
28159
20769
32751
32359
31208
23049
29115
19323
25987
24314
40150
86260
24378
19363
17092
25572
25798
25316
33645
25063
16828
15447
20581
35184
18031
16763
22050
18678
22344
32894
25573
21569
18765
29609
34093
15640
30711
17287
23601
19805
29896
29509
20212
40238
14622
14201
21681
34375
32144
18233
23494
25672
20204
23989
28770
41418
19308
24827
21347
27329
20594
22118
19843
23164
15455
14201
37775
21148
17299
17922
15753
16450
21866
18786
22801
18867
16308
43641
21724
32452
32507
27227
22478
27073
26863
26851
31841
17152
15757
35754
25595
26476
32588
17847
19708
28895
28572
34442
22138
14216
29721
16285
22494
31902
16706
16057
19150
18848
19560
19253
19303
23685
20973
18450
23536
16623
24483
25077
28995
26894
14664
11721
24994
17730
16000
24718
13755
9947
17654
39152
20822
27423
15390
22278
21746
33944
14879
17427
28463
15934
26207
24567
18966
23109
19535
19448
30726
12383
33082
15508
15752
51331
23854
35943
17979
27477
32365
17479
22528
16629
25271
18033
15317
30640
39577
46605
12875
44760
29257
43861
58683
61062
30330
24630
30175
18289
18392
23663
24861
23180
24645
28593
31124
37778
31047
46476
43169
28890
43123
32762
13748
19134
31748
24748
28179
16832
24540
24255
27170
23704
26903
32037
23833
21321
21770
16941
35791
20325
20287
21994
38864
20427
15348
27414
17333
23021
30653
26002
27030
17196
15018
28047
29606
20908
9714
32330
41534
33230
23337
22783
18376
23696
29914
11022
21557
29179
23644
18242
36795
19957
19218
19579
27274
39796
19149
12467
18586
31765
21427
21146
24810
13551
30936
50933
19089
23877
22416
25298
44295
26486
54358
19783
28245
34974
19962
26002
27960
18157
26030
27988
19082
23896
25858
21058
20583
14470
28068
17236
29272
16130
29024
38610
21820
18186
15590
31649
24715
21357
20906
13843
36391
27456
26539
41750
11465
24798
22729
38926
27840
21356
26272
21721
26901
17384
21425
22063
49167
17975
18194
23947
21142
36483
17315
29364
20521
23255
23803
15307
20889
23596
12013
27114
22001
10252
32999
33630
21363
21897
11799
27040
11901
16503
22082
31777
28893
25282
31725
24902
13081
33199
15895
16975
18275
15979
24403
17404
17253
22141
25337
10102
29001
32779
31444
18851
42138
62232
27817
13080
20206
20100
19915
23776
22334
19658
19810
17563
15558
29985
27096
20607
22996
23924
20487
19748
26299
23580
28478
25845
24174
22627
17684
18139
24263
34499
37025
12763
21632
13949
33059
33016
35306
18979
20989
14153
13238
19228
15767
18703
16377
15805
15770
28660
13820
24969
28345
36559
15563
50949
22926
14862
20803
21494
36176
47844
46688
14910
17856
16358
24992
33209
21817
30116
20207
24524
24627
10647
22285
39439
37075
20510
27687
26608
33049
52990
14080
12123
15966
22486
25725
15059
35613
24771
28315
40670
21413
9908
23775
23541
15334
29029
12948
19279
22741
18054
18119
22028
28150
17480
16141
39040
49149
38472
23114
18449
23935
18602
34646
32093
18322
14994
19982
24325
22310
16150
31305
13941
17760
31558
42042
27320
18769
34912
22401
26810
23349
46422
28308
20657
15753
22679
21480
21378
20472
18489
15655
21592
18417
23337
37121
18494
14077
23831
13645
25785
28175
19504
39715
33042
21656
24720
33287
33754
18053
33713
15786
29939
31094
29429
45579
31388
32874
20923
56124
23918
25694
17108
20991
10128
19825
32691
48361
22328
29790
21909
33697
19023
25773
32647
19719
22840
15477
19298
21911
16806
36446
24232
20624
20606
32568
15213
21134
16356
22968
19092
13324
30001
35892
56689
20819
34025
36397
31611
21096
49246
16335
30969
14082
18402
18134
52783
17301
20014
32062
15050
15715
25286
26769
13566
27125
20459
20651
26473
17296
21200
22814
26554
17048
22991
28779
19613
18794
13368
13201
27415
18482
23669
25129
15891
19499
20069
14738
32411
45339
21286
28486
39735
26891
35759
46795
51428
30364
19722
14940
31592
18144
23321
27875
44649
16356
20178
21371
31678
22939
27632
14754
18533
20405
27142
16106
24845
23298
12067
27903
27497
18754
21250
12282
16741
12855
24950
30977
53755
64275
73314
30408
27994
25474
33853
24615
20494
18235
38831
16848
30153
25387
20930
28415
21104
23177
19999
20982
31395
20055
33143
17490
28400
37626
17362
22939
30523
22121
25466
16966
25999
27108
21989
18025
37197
26124
25323
15393
26696
19151
35042
21265
15231
38439
19118
19339
22393
25931
20900
23653
18888
15635
36946
22673
18199
22043
26751
37375
47843
64328
29680
18096
32836
25560
19382
22280
44899
26404
24029
38397
18306
25383
21336
28147
28741
13990
29900
29825
20925
21110
24943
16630
19687
6850
20015
27107
15579
13049
18591
34187
49299
25029
46818
25058
29733
29264
10576
38268
22347
20159
18961
17506
15811
12652
32529
25405
16891
39761
54056
82352
24514
18639
23349
19679
40180
24479
21503
9585
30330
19079
39423
14190
30708
9656
31668
16560
24420
21789
43899
41867
26274
32758
61941
34157
25453
39660
11786
34013
18190
26878
20212
20388
23506
21824
16067
21249
27994
17567
23746
35038
20209
21217
24131
22232
15438
20934
24559
19988
27442
31960
39631
25181
34558
20232
12007
28405
20000
28278
18978
74721
24332
37222
28443
35194
18146
27601
13793
29698
18504
16331
25092
22898
23851
14164
15146
19486
18306
32557
20583
19878
17478
18300
27861
52426
24046
31745
45430
32921
32345
28856
33767
21477
15115
21058
21859
25855
47720
21555
26499
14376
20710
31907
19933
18045
20192
29830
24340
20773
24022
20970
24040
26116
26071
10919
13059
19342
18943
21257
21922
27631
32178
33932
30730
24554
35588
43059
29951
27707
24178
45167
26351
16773
26937
20474
16375
23144
20029
16449
38884
23450
7867
27536
15523
24545
32560
23949
25958
41316
26324
15128
24529
21279
17579
15985
20427
7264
21225
42207
18550
24327
16193
25414
21507
16104
16530
19430
36897
25385
15194
20751
38779
26977
24361
23063
14465
30983
22729
36927
15135
18981
23322
41451
28294
21969
22586
19514
27088
31191
19802
25511
21392
24341
29500
18235
20718
22597
18651
42028
23440
22057
23382
28032
31421
19709
44676
72426
77613
22376
35931
38759
19369
20445
28089
19624
28858
20794
24066
29783
20457
35541
24371
53140
16940
18116
36596
14194
38408
24960
29742
24787
43176
22494
29298
29076
35498
18064
24010
25178
15854
13574
21796
12784
24630
20301
17000
25405
24270
21482
16379
20739
25495
26268
21119
20863
20063
23800
15690
14283
10780
16517
33158
17121
26724
27259
20291
18339
28706
32130
13530
18056
23264
34835
19644
27216
21338
26335
9973
25493
36353
21925
25680
38848
10971
33654
15331
17668
30882
17662
25483
38443
25884
15944
25152
19307
22167
29948
46145
30170
29299
46683
24957
26291
18743
42141
29730
23805
29684
18509
25316
16166
42362
22762
22291
15231
32875
22262
29835
29011
18712
23782
21608
14082
14547
32283
39340
17158
14987
21247
20556
18350
24941
19210
20834
22771
17822
25597
25789
16643
38348
19200
21651
23080
19943
19732
29543
24771
20235
15725
17673
13838
19301
15265
35676
41254
22929
21137
16146
26112
21662
30254
51544
24498
13606
23084
26245
18943
18721
20667
17781
20377
24916
33714
21043
25581
39108
48205
23213
23673
36301
13879
15572
30095
26336
22524
18883
29597
8993
21294
29966
24552
27849
16785
21418
19744
12396
25236
17072
20662
38267
23742
30485
33629
21394
31933
19814
61974
18359
16297
22809
34987
43277
19696
16640
21186
26957
18599
31394
31417
16565
21535
30272
24076
19634
26395
18746
25162
31206
17409
21043
26090
15514
22677
50802
21697
27935
19355
34567
32941
19060
14182
13988
17048
18757
15380
31519
21173
24827
27594
15508
24722
49989
47251
42474
33902
16191
25907
22943
20991
24637
42091
44621
24973
20291
29568
33255
53029
20820
18702
21222
20842
20394
13536
39609
28880
37712
31084
30838
28357
37253
22406
36462
16656
14799
41025
22713
24149
23689
34668
30088
21279
24595
17512
20970
15335
23557
24439
19801
13110
13237
30021
21263
19712
33680
26653
24676
30992
22453
34419
46873
13282
12142
17959
24462
17630
14844
26754
12109
29768
40705
36621
13674
20832
31295
22239
25119
25907
36086
19269
19345
43776
24357
19811
11955
17466
18805
28206
17011
18515
21092
24939
23435
24468
38678
31473
34502
45407
17645
28226
16700
50662
21148
16005
27044
18327
18802
13511
17859
27604
17081
34869
18278
24512
12863
53172
28291
52129
31776
20283
32072
25767
35559
16954
20228
41064
22996
24630
29242
16272
19387
18805
22857
28655
44950
24106
38274
19864
19794
29726
16981
30232
13819
20265
21950
6010
25040
12641
22235
17833
14535
33555
21928
28489
19634
26430
12396
29576
26797
18407
25479
14336
15720
14472
21639
33630
12185
25554
30467
15739
41951
13625
26793
27215
19712
34177
44552
25008
46402
15838
26476
27001
16285
22990
19854
24777
24341
13007
14467
30368
28394
25893
25928
25982
31179
50117
16692
32552
31597
18087
21747
22838
14629
31374
18652
14463
20768
21287
21382
35124
31240
20213
42595
34138
33120
87450
124503
106093
133964
66678
27577
17298
22375
26696
10251
34690
12599
24881
28462
41062
30619
32176
23234
17592
23660
22166
15120
22092
29010
18768
14804
19660
24438
34158
18358
36411
17619
30562
19157
23330
35372
42158
46779
19293
23886
18101
28506
20859
21844
18968
22320
24838
18846
18987
10605
18136
22349
22733
19534
13119
26849
33508
28710
10761
19016
23278
22902
50618
15328
16911
20113
18945
40884
25871
22943
27945
25677
19037
23570
24244
15115
34725
33047
14204
20954
24090
26301
22664
29205
23521
20738
13072
14566
30097
20190
21104
14188
10552
23867
25283
31667
14891
29120
19177
17840
18773
12769
21938
11782
13039
25470
48157
28037
18926
24060
22144
23595
32944
16386
15469
32101
21060
29064
35309
24502
20087
55607
52785
25504
13387
17732
23818
16681
38577
20414
19660
21523
29969
27515
14472
23008
48197
18407
39955
14378
24768
35241
29405
43445
27551
41362
20634
19369
29344
27058
19200
6784
13764
10896
13301
35879
18742
17664
25504
21731
21451
24069
41231
18611
28890
18531
18915
18480
21687
14350
38657
14916
17940
22698
18492
25475
20254
16430
24197
21960
34195
19434
19236
14542
18971
11731
18005
21117
19682
29617
24362
19405
17656
20228
16316
18898
19112
15134
18791
16674
18849
25702
10712
23024
16205
17622
21782
21342
21195
25501
25768
29868
23970
41204
18967
19854
30894
18462
19010
16653
21719
18131
18838
24067
28310
18107
14885
21955
23551
28783
23953
44649
27908
37148
24870
22242
28466
28888
24082
21632
25464
27965
21065
29477
25303
28205
19277
19052
14981
23171
14742
16946
14037
22846
50781
41763
34057
20234
27349
16321
11660
24821
33529
14304
22555
39223
18370
25384
19515
20462
26105
27709
27326
17757
12452
22405
23924
35097
23618
21055
23685
16048
21618
25430
17451
16173
24833
24649
18262
23747
17892
21614
34190
25162
32657
25168
22155
12662
18910
23441
26335
24769
18853
18493
25594
19295
22288
21902
23756
14907
20080
21014
22556
20250
22989
38936
22176
17061
29118
28041
18201
13507
15811
13115
12078
22461
23585
12334
15770
25077
17934
16637
20910
21793
28367
24511
26701
26348
20086
12612
20452
17075
42668
17853
26792
28977
12271
28099
31357
45427
44388
21268
18058
25421
19914
21963
26163
18436
24182
28489
31461
59096
21020
17764
27077
21005
37521
33272
35281
39941
26255
21120
44131
20049
55266
50618
36369
15375
14316
32906
15186
13217
19529
17510
17216
23836
45797
23162
20376
37417
18634
12390
15121
22655
20386
45218
21560
19608
23774
25003
27476
22568
13688
16061
20776
27323
17074
19511
26493
37242
17737
15145
24139
16485
26207
11339
30826
14618
45250
21881
26012
15450
17712
48343
21460
18969
13288
28620
11589
19604
26322
13629
34303
62825
25229
29646
20656
14997
20581
24886
15490
17757
30404
40149
40966
17892
13854
26146
23898
23479
28829
24838
30216
26564
25837
35579
54753
38410
17491
24022
26245
26723
26481
39066
19264
21640
33967
27394
24210
18768
33438
17317
22670
36833
38599
17744
32050
16689
24504
28352
17937
18087
25190
18532
28074
22600
13859
21416
11672
20071
23486
20074
19100
30203
35632
31310
21798
21791
32021
18788
20267
19378
18838
14045
23275
23125
18333
23829
20142
30275
17566
22395
24751
25932
31388
22680
18366
53471
52414
24492
29242
18228
23268
18391
27003
28711
24754
19051
10536
34851
18366
18416
20921
19269
33177
26022
13017
15473
17108
33388
42262
22803
25267
23066
29044
22542
27989
17737
18801
10504
17862
18777
17043
17799
25126
21073
20849
30273
21063
22215
32440
35438
31911
25208
25797
29821
23199
21622
20904
28166
22913
20394
17581
17608
17314
18079
13425
18110
25887
15101
20113
21609
26508
23824
15040
23966
16794
22521
23434
31220
24133
24071
22333
18926
13114
8754
25909
18068
17649
26835
30491
21869
21531
31226
18483
12926
17256
20430
11929
24297
22517
20709
17465
16318
14925
23196
35364
23488
36281
19863
26784
16212
15975
23151
59992
58241
77695
98761
35577
19342
32264
25661
22859
20838
16059
10212
23159
23274
33076
28379
19972
10001
11356
15489
47666
22850
27149
23742
23613
16281
23738
13793
25095
33077
18177
20403
21726
19985
20219
38334
16153
23305
28084
23359
21558
19469
23327
33479
18331
35398
22585
30159
13512
27572
24555
29553
25491
40277
34080
20226
22660
15734
19122
20027
15661
18916
14559
17444
23388
12540
16376
19662
13381
16533
18598
15384
24732
32895
36710
23940
20536
22057
23255
21310
20879
23305
23567
33102
43899
19221
35249
20118
24890
52021
66935
27918
29630
23978
25728
28108
20288
31143
31579
44933
23572
17765
28432
23813
21024
26305
49683
15212
12951
13940
18675
19879
19983
22147
16450
18553
22282
18470
20717
22054
26923
17216
21355
12322
20548
39779
15198
19683
12475
14049
31698
19628
16310
24361
22986
39329
27522
23685
25738
26876
19371
19122
20935
30044
30144
41692
20679
21058
22029
26656
31546
24016
18158
19068
21099
23872
43021
18736
27003
15103
26773
11874
16840
18121
19439
33654
24922
23127
17641
26752
18956
24103
26831
13534
14154
25485
35823
20950
36818
22094
15928
53820
28300
14407
14106
15311
16980
22236
31790
38365
22370
22504
33349
30992
25090
13634
32207
31362
28418
22431
19780
18261
21561
14370
23482
37317
19113
27206
22700
25621
13858
18519
24529
27354
86081
91187
31864
22295
18472
18877
19665
34725
21548
17578
34948
19139
15239
41381
48145
17249
26273
36885
21614
33213
39572
42750
6917
34558
19058
29142
26284
27086
23029
30409
31326
16716
43657
62504
34873
21075
28731
29911
20676
28968
35061
20157
23921
26399
22281
41537
24963
21937
26776
15458
20213
22147
11426
19489
27562
24327
20282
15827
26268
27308
19605
28574
15269
27133
14490
16433
19988
30037
21805
20773
23876
22679
7328
15704
35566
36611
14938
20233
21894
24641
24790
18746
72104
24409
84394
16912
27565
39143
17410
23102
14787
24994
17789
15131
13027
21020
24012
23097
19828
23657
20232
21743
44889
29382
26738
41139
23501
19795
24433
18644
21392
22783
24298
26697
17734
22590
26498
28356
32676
15252
13713
24915
26842
27975
20248
17827
17452
10474
19265
30548
23568
25265
30256
47337
44142
26251
19673
26489
40070
13279
10541
18045
21322
30764
17201
27346
15529
30421
12936
61457
48966
40946
28036
17958
17967
18910
44791
17508
23242
13658
18325
15352
24180
45302
27583
32435
29280
37296
42908
16034
8262
20851
18322
17834
26293
29580
24020
19118
21107
50765
39449
19676
16809
48834
24837
16000
20884
13012
31297
25168
23240
11361
19268
13290
20232
26289
35404
16124
22005
23618
22944
20968
13800
22569
18920
37982
38657
24074
15996
19844
31352
17612
16578
19856
20678
33790
21163
26411
59656
29570
15589
27289
34601
22182
17962
15611
22193
13895
25264
17416
39577
31787
20672
21863
34250
25356
27522
20937
34535
36945
17152
35367
31264
50387
19187
24920
44686
19222
32710
17997
13380
18919
25375
13626
22755
14142
15208
27534
20871
28640
15183
23630
22525
21306
23667
32574
22197
38820
30727
21190
22123
23483
29429
13909
22057
17712
16770
19400
21112
17396
21156
16300
22820
21560
20331
18094
19981
23338
33328
13083
26333
39039
35210
23354
23444
29346
17747
18774
19813
18923
21724
30820
31357
22195
24703
15997
38500
36767
30267
21073
16808
20060
22538
30534
25502
13608
16094
22257
34981
21226
19937
21188
15387
23129
29268
14269
18152
21479
20414
23966
21301
13692
26609
16184
52708
23003
22182
32729
22724
28301
18626
19639
20917
31565
51879
45927
20031
31145
23850
36815
19188
16251
20105
24254
30730
18398
17285
36418
18695
27635
24122
20397
33937
11158
26380
19180
28403
35190
19360
21851
22279
28849
21685
14925
16204
19729
20552
22803
16573
24632
19878
14685
17833
33554
17728
21863
35605
18351
19070
23055
39040
38696
26121
28089
18094
30033
15130
13815
23182
24120
44546
26514
42148
10663
38221
19679
21958
23814
30986
17091
24438
20337
31155
27663
37025
17411
32838
17196
22660
9574
30450
20467
15769
19296
17777
43094
16663
24748
17691
20749
17188
20993
15228
32016
31209
20267
11940
17310
25839
15054
28233
15342
46201
12641
21314
41014
24077
24068
13915
25040
21582
22062
20747
21560
12791
25971
45946
16829
19897
19101
25447
14935
31357
39140
20417
22525
32589
33041
14050
35076
18495
23776
28660
32977
22218
25592
16052
18952
19955
18473
20660
19750
14602
20744
36092
20296
50961
61533
26199
24565
14181
19446
24333
24742
23870
22309
20933
15005
38157
40362
19244
36433
16546
26138
19311
10909
17780
19638
15818
18818
18456
24563
17581
44509
25571
33841
34949
20233
24392
34030
17862
16828
43901
23848
17175
23166
25667
38709
19008
37302
15036
39583
38630
74777
28598
22869
24590
17486
34180
12616
29765
26190
28484
24970
26764
33944
23228
22709
29144
12459
18329
29671
25602
32048
15379
37595
33349
27754
16922
19169
29723
24980
23175
25325
22058
35720
31467
24091
15799
20315
36207
19101
13830
18502
12364
28596
30199
41254
20472
40244
17759
22863
33533
12258
27651
21121
14278
26266
32664
22753
32159
20874
21026
34535
25298
18920
38609
30248
35238
23767
33004
21984
23156
23193
38128
24175
19476
21778
28981
27039
20266
40546
16097
24189
31246
19456
18977
29081
15044
29170
22984
16405
27659
19890
32549
13995
34801
27333
22190
42411
16316
27531
41353
44081
33981
20527
16163
24973
21026
43954
48904
25491
26248
19901
21712
25689
18143
26650
22815
51632
20898
49029
24844
23082
14696
24450
19010
23491
41067
20620
23296
11264
28725
22233
31896
45346
32861
25564
21482
22474
28320
22132
16620
35576
23799
21107
10991
23077
20003
15180
32256
36576
25023
17731
48007
46607
20174
23522
20730
25218
24880
53971
21796
21303
23579
29003
35709
23208
25356
33475
45917
44944
13049
20834
26212
19882
18330
23391
23399
22332
21237
25304
17881
13468
25223
36312
48418
15741
44024
37251
38728
57882
20154
23144
20628
20206
23350
33018
11663
20653
22948
24517
20075
20105
31337
27649
19145
21597
22869
22581
18471
25812
23626
13842
46274
12383
39588
34117
39018
19396
23839
8676
17044
20007
24630
11289
28312
19972
17998
27691
21046
25208
26480
18790
17617
19568
15889
28146
23019
40625
33285
28972
20436
31764
15844
19390
34153
23599
9640
13219
22836
27996
12681
21006
33061
42325
19602
10660
28292
19855
21704
17904
22452
25814
32404
25449
21458
15605
21512
32304
23490
26959
18443
21832
25495
14147
24923
18375
23635
20325
29003
29281
31956
21969
18158
20022
39758
35913
23160
11132
12900
27635
26864
22193
30795
43411
50846
48358
13906
29703
27689
18511
19329
25746
33328
25347
24542
13566
22278
25968
14103
23250
16561
23682
16152
25759
19225
29251
42462
22093
21677
14466
13664
17252
10740
31627
26650
15523
12833
41677
13060
32840
23077
20937
25420
22961
21549
19673
26868
21325
52655
34682
51080
19397
32698
43843
64826
21769
19425
12283
17560
17736
30360
21713
31468
18634
41196
21345
16439
32101
29915
18130
41854
54601
30387
24668
21377
20196
32734
23256
16460
18450
35559
17924
15204
25653
15305
19410
25621
40021
20926
14690
32334
51195
51777
22298
69227
46253
59374
29359
29787
20121
39077
19734
18845
27078
9867
23050
32010
19418
20907
24389
9313
37740
19853
22289
9067
22164
33798
18668
19010
32598
21336
16036
25387
33104
22187
17949
29902
18954
19748
17602
22466
30567
27901
24005
43414
45712
16338
28207
21203
18621
43680
33378
24380
24997
23181
15769
30732
15118
29167
55053
16053
22440
10500
19590
34720
27525
15340
20829
31268
30095
24180
17435
15586
29153
14512
26381
19317
11079
20051
31228
17724
26286
20788
34191
22362
27082
34092
16926
15847
19464
12362
21467
21287
25478
20540
23139
32978
63645
55627
21146
25909
18517
23776
23085
22458
23696
14974
41133
16510
22760
42002
17516
16557
20220
19706
21338
21886
33480
41853
40133
46582
30856
25430
14701
25150
35210
46091
20601
24819
19384
23090
21588
37239
19011
16320
23225
24250
33154
40488
28439
15313
20572
22039
22307
20417
19790
21754
17691
17809
19148
34216
17079
35303
33098
16528
19753
19214
30506
25618
14865
29502
29627
26007
28095
33095
16942
19488
31727
22392
20333
29967
22342
45752
17141
13251
16546
30850
86430
76326
70972
27898
15892
22328
26178
23432
15462
31617
24196
35353
11343
20988
25152
28481
26650
27747
28799
12342
25368
19657
37865
29083
24937
23078
26471
12909
12086
26777
22748
19360
32013
21900
25959
18829
16366
19334
23171
26624
17818
20346
15945
37148
65949
77019
22513
38762
25613
17987
13484
16075
14390
20369
19952
25598
15497
12914
19651
22209
17836
16029
18039
19077
18362
22415
29820
22717
20601
21572
23989
22418
16347
21951
43979
17121
15555
16542
17815
29722
27887
40849
30690
13091
22385
25802
22111
30255
43239
31361
22104
21040
15143
28426
25206
33595
24587
35230
11733
14976
39507
23622
37617
21281
20298
41292
41588
54215
34686
27826
16051
21851
31959
38033
23611
23043
22182
27071
18541
18786
22842
24443
19665
26926
23047
20165
16938
42699
24126
15580
18593
28659
14952
17342
32762
22673
12995
25471
27035
21961
22750
23904
18262
19163
13399
19566
16809
20287
11565
16410
25966
19723
16969
27605
16258
26004
16904
16807
31167
17606
21173
28034
17049
17987
22173
32235
26893
26286
29901
26191
19627
40989
31983
20125
15901
16355
39966
42318
49555
29693
26987
29665
27580
20459
23361
23130
42710
18910
21991
32184
23455
22594
20067
19846
18057
37076
41676
30293
34164
40827
25945
44780
24831
32219
19773
25904
23598
70376
15508
15066
40854
28187
24288
29145
24752
20986
17953
13499
22092
21005
26053
47904
34145
16767
27120
16787
14853
31743
48613
57694
18856
20727
30268
51944
16727
30341
40354
46759
14934
14691
23524
31636
12952
23033
16695
51326
24461
26828
32871
42661
54602
44432
26725
13498
27188
25958
31849
24461
11003
30505
18352
34185
21854
22962
17333
20824
20109
13077
37250
20067
19704
22871
33732
30244
17298
23962
18959
22838
47843
23928
22080
19510
24888
25337
25547
17805
24387
31608
15411
18649
27283
18841
22740
26662
25520
27687
40506
39554
20352
16445
33668
20130
12333
22615
17082
18033
27158
33856
25477
13905
18821
22194
6009
21872
15629
27587
47549
46422
24672
24437
27405
18625
32245
31236
58213
33545
22536
25273
24549
40485
22639
16329
22189
13757
12781
15921
23407
10907
19944
16767
17347
26184
32729
26896
37001
54096
17215
23082
18943
28197
37476
18112
45106
51952
22425
28957
26072
24038
29447
23317
12537
22623
20563
14269
35496
31600
37118
14658
15450
18668
29213
18548
25567
11153
11362
17611
34691
17894
24604
15720
16953
17958
33775
24963
33419
31341
45318
38090
22462
22757
26108
51023
30807
25777
20880
28544
27106
42652
23267
28811
27077
22967
31202
31872
11152
20750
30387
58999
14026
15513
22841
21311
27944
24369
28151
39258
27284
16698
20111
20747
22305
26625
30334
15536
24060
20534
14658
23990
49450
18876
21822
16804
21493
25460
36298
19243
11178
21312
33634
59086
56062
27365
27968
21846
20278
33882
50777
16894
30520
29747
19306
15121
22453
15878
20781
26872
28435
17875
27429
27021
21956
36727
22804
20718
28611
11580
19394
28223
28320
35024
43165
20034
13106
21202
20884
35834
11989
19987
17258
30700
13546
24405
29757
14617
19939
14892
18778
26808
34317
46520
13674
13975
20635
12633
24038
10709
24032
17418
15783
21289
15592
14914
23843
19433
26302
24078
17097
17653
33174
19889
15757
25809
30672
36557
45769
20474
14430
28896
23525
25993
25890
31473
29089
56005
12346
25853
26281
28383
22514
21823
14498
21114
14815
28221
26410
23805
21878
27820
21848
37457
29850
59785
21189
21917
15022
26353
23365
40704
56496
21030
21968
17832
24453
24813
14540
24961
39504
13347
18766
16656
26968
25436
28256
21627
26484
13455
23486
19056
18513
20349
42507
16680
24477
27850
18613
22935
15857
20992
25747
17550
14428
27280
20098
20742
16481
19560
20098
16082
22701
23401
16377
44976
28603
47471
23458
27047
33106
26286
11050
14417
19722
13004
49661
62516
19311
25902
29458
49891
21910
20241
22471
18802
20717
66177
24885
41387
26050
39586
21382
14436
17360
16246
20248
35765
24764
25492
20687
23488
24802
19355
32280
21676
25203
24637
16191
23995
42815
22796
22139
20810
22238
14849
22796
18502
17114
19008
24146
28105
19233
28248
28901
16452
28150
17159
21891
20171
19150
21694
48676
31621
21119
17632
14902
13103
21012
23849
22759
25208
27409
16563
16095
20711
11508
12610
21933
28251
23945
29492
41341
10639
36353
17108
27055
17212
23739
31896
18527
27388
23988
13357
21945
20959
31059
23132
46314
41036
28408
29512
13187
16733
32739
21239
35596
26642
25414
21473
44792
20399
17336
30710
24429
26473
23043
14941
25820
20469
19698
16371
21931
18690
17713
21613
25826
14396
15244
16336
15714
15714
33346
33690
29324
48682
21994
21822
27351
48994
24808
36336
38191
19629
22434
28776
12888
21663
24530
17037
14059
12095
17130
26731
42436
15079
36259
30115
26439
25538
15863
16870
19223
15554
22482
24471
44326
16022
27636
16815
17181
34725
19217
25778
25167
21591
17945
38800
69634
17231
73953
69518
18644
14964
21362
18056
25117
16421
28314
19647
26587
16870
16863
43986
19446
37316
36986
8996
22288
23757
26312
28210
37229
22906
19778
46431
63233
57954
31707
39993
37498
21352
27531
27595
37787
43856
18090
17868
28168
53242
32875
25853
24402
21310
29112
19222
25847
39135
22172
42556
34710
31064
40618
26569
14381
25322
20821
21706
27616
20001
19757
16813
19694
14518
40675
27971
53139
27889
31038
30289
25782
17390
38207
22375
19599
19216
20923
23916
30423
21705
20132
30584
24838
18810
15043
27862
23363
12692
25245
24300
16015
15048
25095
26356
19619
37091
21289
22277
23974
29989
21583
29771
23229
21137
10610
21082
35187
23662
16181
28881
15830
28330
18215
17521
33075
39019
24925
12574
17252
15179
32404
21482
33990
37365
19580
17581
22580
18912
18539
23662
18365
32666
20833
25114
15065
21825
28515
23629
48957
28318
24135
46890
65382
26989
19925
16435
22117
15065
23295
20291
24556
17427
20699
32632
22775
28546
13130
19537
20656
19408
19015
18062
12832
85434
26144
13718
57817
17257
16948
26548
19234
17051
20961
20620
32589
22223
20610
25707
19011
23441
20183
18513
19543
25599
25815
55315
46058
16641
25515
9891
19331
15589
19623
17204
24448
15424
31653
49290
30772
23638
27671
23223
16809
28578
32627
20985
29553
22906
12260
26272
28803
16187
38260
17935
20121
20005
37943
24310
16314
33042
34779
27436
12250
21693
16380
29798
54223
23504
17686
39464
24149
34483
21545
27232
16258
25354
22333
34840
24286
21686
19568
12517
31617
29424
27792
20671
24829
29536
16837
13476
19494
20200
28699
33871
30377
18721
21854
39060
21947
28762
26539
37248
18979
13182
21875
33752
24446
21953
16804
29805
41485
17209
12457
14836
14627
16545
26222
9992
21841
26764
40374
25579
18066
16065
30750
35439
17869
16237
31553
40132
52352
24316
28206
27588
21917
24331
16243
26657
28401
29826
24599
32662
20597
13913
19359
18176
27154
20395
33357
21274
15659
31850
39707
14273
20625
14120
22626
40538
15185
10599
6160
22158
31073
28099
34696
18296
22724
37843
29683
18058
22925
30944
25498
22037
19230
14118
21974
14423
13765
28816
48756
18193
22833
43437
41757
17554
9589
14635
23644
15222
21417
21028
17191
27226
21990
21686
20467
23273
21349
26306
18030
19844
23139
21503
23285
29202
11653
26540
37209
29343
44578
19747
25314
23927
24795
24913
16739
21226
28411
41713
63617
19582
22872
16362
26772
24587
19789
14252
18229
22473
20180
31475
30620
42675
51323
51927
19649
31371
18802
22481
30122
16900
24460
11524
27359
37899
27534
24741
39675
27521
27941
15185
14453
20955
34141
20044
20446
18774
17252
26883
17687
20464
26285
11547
27839
24412
18556
25632
23732
22379
19851
28172
38726
60974
14885
19325
31842
15841
34852
20062
20843
15505
19390
15582
17554
17224
10857
23566
50356
16909
29692
19500
20698
30333
16900
11648
31085
18334
20938
17642
32666
63462
67967
14155
17352
16524
18143
20105
17971
18605
53366
17625
29429
22887
26944
38964
24296
22228
22238
23685
20410
16446
27198
30166
18236
22269
29646
32200
12525
13691
16967
17355
22923
33334
24475
16898
30269
21709
22668
22970
19845
23266
29568
21377
23738
15727
45867
42954
20676
23889
11484
19380
15032
24497
16456
31663
20512
22951
20353
12425
14136
22148
23485
27668
32816
21966
29213
11895
14398
28009
20874
43037
27752
15702
15209
19774
19975
19624
19767
18147
10903
18602
23642
20981
11485
20410
10677
24713
20682
18174
20321
15670
18798
22176
19468
21341
12668
26762
28528
36398
37228
50874
19853
13752
20940
20716
28451
21083
19125
23928
14959
18665
18280
23139
29681
27112
28578
32515
16368
25355
33966
31793
15776
19851
21446
23526
19047
23700
18545
18150
29085
31315
21110
15441
20501
40012
17073
16828
29850
15648
32778
22704
45600
12977
23623
28606
61342
58802
29320
59920
18515
17413
34045
27740
24622
17048
35158
31433
14102
30219
16987
29125
21602
32450
22714
14594
28798
21310
43201
26051
13276
23120
27150
17302
20522
23871
34124
11853
24547
19291
11839
12615
12458
11543
21434
32012
23423
27918
27411
17335
11416
22008
21526
19929
25369
31829
21754
12158
26314
21602
31916
22221
30909
17264
32180
23349
29817
24353
20411
14433
12753
22091
13956
19659
15133
14971
23151
24763
43546
26664
22340
35531
31372
51976
17491
18214
18964
15956
31587
14947
23108
31098
20393
33843
20845
16772
20244
16337
39179
19723
40046
29139
25394
30246
24149
19618
17414
40141
34496
29034
32288
26579
9501
16560
24055
40288
30214
20582
16646
27588
23990
40051
19461
23483
23330
29416
23785
17323
25875
11347
16929
19503
21127
26056
28782
22205
21922
25081
14118
27658
17680
22134
23967
16501
30820
15034
25451
18723
21942
23689
30986
55251
23703
17930
42143
13151
15779
16805
26034
15268
20275
14107
24327
25549
23788
22883
55413
46221
39649
34785
23555
21089
21581
20550
24406
19099
40198
24889
21984
22189
25185
27889
46620
22178
58820
62702
22691
32782
40572
25766
34253
29097
18798
17767
16061
15138
16991
27134
37947
25957
22463
19131
17889
20845
28851
26211
24828
25987
33125
20474
34069
34573
18075
23612
32448
16381
20831
15501
23896
23509
18830
34999
18100
18812
25312
27419
22019
28922
17634
25208
25774
27434
20793
27240
25850
21572
25304
30189
34292
21762
17369
33508
24601
20653
21958
19018
22607
20770
15697
16780
16813
19972
10508
17846
15869
22962
21239
14473
16801
20782
21084
29847
42095
23133
36042
16657
21590
12294
24219
46419
46756
24546
36707
28236
19228
10599
20941
43414
37782
45155
42607
64710
20277
22794
52608
46703
26478
17271
18555
43107
27115
33101
27838
24119
28313
42116
40405
23127
21827
24784
22783
24308
35939
21296
26644
19724
23984
19982
32162
39246
24747
21223
17645
36517
20966
22800
22183
41467
15662
19534
16132
20220
21385
14717
26964
49435
38067
26520
30002
23876
15308
26381
24036
13791
29749
16825
26759
22908
20607
21922
16182
8998
27358
16547
27097
18030
19098
33415
37808
45478
34080
26991
25155
44043
17339
16373
22785
20662
27250
18748
34937
54519
47566
57275
21717
15182
17923
21318
16485
27963
15931
18437
16939
15657
19082
40608
31826
27743
19444
16616
14496
27944
17106
21932
22625
25161
19524
23828
23673
17724
29173
20022
44320
14844
15099
23480
27246
20174
23563
38855
25355
19989
28502
36777
19673
40026
23613
23704
20326
18923
20503
13647
30542
25312
25767
20588
25337
17393
16990
16077
25083
19389
19370
17759
24126
27092
28508
26844
22361
13280
29865
34085
23653
30747
20408
14663
23075
26402
19570
43350
42212
27751
20046
12355
19751
23616
18542
40850
23447
24618
23880
28928
11396
33126
17242
53976
37041
44945
17340
43707
26467
15022
30415
22896
25008
16319
17695
21080
20143
42066
28677
23617
35923
32096
32269
42170
41123
46237
15840
66531
12470
16750
20586
30668
24601
18795
19448
24711
22902
21824
29824
21371
28874
29439
22014
27540
17667
30664
23923
25580
33916
19066
22857
24890
34084
20873
37776
24456
30597
14621
20812
15471
48087
19111
19291
22115
22148
20945
17465
29442
21070
25622
19691
18772
15058
22935
17707
20731
16951
36602
22489
19341
29512
14919
22726
17076
20185
34488
30065
44119
18187
10662
25980
30841
39821
15599
25353
19122
15538
29769
29078
26999
10405
29362
42035
19049
16402
9073
26224
15095
17737
11327
15050
19314
23364
28454
16179
42969
34068
21134
23556
42259
16674
13052
23825
26807
25369
20475
14998
43857
20572
18617
15177
34211
12628
26685
17775
24014
24003
29846
25597
32712
45303
15651
24839
14025
27514
21481
24948
27479
14106
21985
11696
18045
20610
33803
17905
28419
18740
20858
17498
13445
17385
21624
14911
25074
39431
14021
17323
14149
15552
16185
27899
29439
18611
29409
26885
19655
19383
26271
17874
16881
19890
30503
23199
26527
20210
34401
21442
20838
28509
23816
15457
23812
18467
10689
20524
24406
31723
20584
25089
13364
23005
19136
25112
19019
32499
31897
24596
29609
15609
32245
25286
27579
30922
17419
29645
23633
37630
18683
24708
16921
11112
22349
19662
10677
37480
21045
31827
31883
24260
17429
19942
24960
18250
31472
25452
33654
23373
17644
26547
18099
21542
20713
34004
19608
14361
19977
14823
18326
20539
38329
25059
18393
19781
23511
17678
23278
17786
23249
18845
40562
46123
75909
16202
20215
26102
16529
17935
16921
16063
21688
19860
29663
23244
47191
69527
24771
40691
22765
20231
22142
29002
36479
18682
20557
20441
12186
19713
22964
35656
24987
10966
17042
17921
28165
20916
23074
24358
23926
21384
19938
18561
23101
25348
31947
32407
15761
20148
27889
26614
31095
38556
32062
13117
18604
38337
21245
18773
22634
14789
9584
18745
18744
20595
23913
16308
14758
18683
22643
26205
34246
25336
17548
25026
35474
58877
30414
61067
46510
15240
18201
17087
20494
22318
23116
20771
23471
15974
14836
22809
21469
31926
24559
22062
17814
27136
22012
31482
26586
23255
24498
27075
23143
26317
11771
18709
24923
25863
21450
15341
14764
13512
25390
24311
35690
21100
18074
29181
26327
27695
19640
26804
30115
33362
20765
14810
47619
18908
21869
41583
26745
20838
16401
23028
31650
27931
23454
29826
25853
28630
22892
22596
19366
19300
26433
29383
19569
20292
14991
13209
27297
20469
18206
24915
25094
39510
13356
26495
19219
17640
22835
20499
15910
17866
20837
27516
42110
56478
30266
18381
19621
16467
21194
28013
20401
28257
27447
32587
16714
27262
26421
23314
15094
17847
21082
20519
16821
13597
17377
32477
24040
15924
24139
23081
17031
19503
21014
40075
20652
21865
14160
23811
13206
25125
25672
44193
15828
18179
31327
19143
25574
17997
21916
10674
18148
20339
18350
17434
17410
15851
11500
19498
19475
23427
20745
29437
18712
25104
19322
30100
24049
23696
21402
18160
17409
26473
35883
14316
30896
22551
21709
17077
23277
22042
28026
23867
21184
27363
13215
40236
9637
33390
39030
25144
26006
22168
26110
17599
18045
7355
13307
25456
17459
45073
22075
32828
24920
18638
17437
26456
15818
26675
34546
33238
15344
8800
19580
14869
17528
23643
37279
19143
24508
28103
27326
27580
23635
27976
20675
15109
24984
19598
32826
34668
21614
27380
20565
10426
34510
23297
33561
21750
25369
15457
31089
21955
20695
24263
26169
49788
21875
33559
22028
16036
21781
12474
15874
20631
23908
19612
28962
48638
25129
34332
19540
17904
22211
29677
14222
55855
23103
24785
23517
24512
16321
17639
19438
23979
22982
15660
18609
20727
17114
27115
22403
23407
18520
21220
16432
25036
14298
20382
30999
24329
14613
19388
25566
26712
17480
10665
12159
25379
34530
20348
15850
23403
17650
18019
19236
15886
17582
15084
15403
14955
27526
17438
20379
31861
22468
17088
12588
25767
13391
32976
13144
25153
13246
19022
29475
21648
17174
15595
21263
26309
28538
20210
14345
25379
22853
24066
36926
35284
23393
24286
30198
19138
14210
16641
27257
44927
32923
19517
34752
16811
27905
22331
40204
16268
22680
14455
18044
31967
23880
23494
27361
12344
26398
19858
14517
16756
14319
28844
46758
30239
52784
21250
18815
14089
15352
20556
13770
41771
24931
43724
35213
27898
15567
18677
11237
18008
24642
16267
25643
18842
20837
29729
12212
22164
29453
23718
27082
21176
23241
20146
17116
32083
16690
17384
21957
23661
30477
21650
17678
27143
21883
16435
25899
22562
12603
23481
18233
22497
14375
27795
36858
17470
34868
22227
49008
22000
27465
17218
22725
11749
17335
25654
31774
17924
13872
16888
21021
17835
22699
17285
15130
26606
28098
22939
23725
13088
21861
22055
18397
19051
13291
23353
25269
18915
15061
29823
20354
20622
20027
20594
8584
24798
17562
20231
36076
18501
18786
17432
17239
12459
20196
14111
21278
23990
35754
18079
21538
19639
16049
19054
11389
27570
21119
31704
14746
18228
13223
22114
33619
35696
28315
17131
19501
9563
22621
35675
16277
16535
17298
15412
24645
21677
24449
29577
24029
43054
22391
14914
15077
17353
20587
23731
26410
9595
15631
20866
18608
18874
21431
11902
28276
13358
19719
24124
30504
26961
24193
18156
29893
17928
31637
17633
34397
15214
24077
21436
19113
27032
21108
23701
21925
46992
16020
42999
12895
19788
32024
13373
19227
22600
21799
24592
20616
32279
17972
18437
13374
21623
22314
39521
16801
19621
21519
23318
23518
23040
22749
16079
26207
22836
14522
16214
26380
25427
16563
28302
31379
17044
21754
34879
24822
13593
42200
29349
22278
20983
35317
51124
20779
18005
18735
18735
33714
43426
20619
25246
16929
19292
28407
19620
12232
19449
20086
27817
24239
30181
27902
22675
35669
39645
36677
41720
17484
37475
19373
39497
58191
54902
24720
26287
48090
13758
36128
19961
28669
31601
37695
24169
15672
22472
29048
20943
18189
14079
17791
42962
21977
12454
29188
29041
18551
26612
35510
33352
28764
53285
15007
18279
29994
29811
20404
14720
14630
17936
19561
23687
19340
28010
26235
11074
28851
24444
16384
20731
14128
19040
34964
37650
18880
19451
25319
26257
27288
18094
23366
32335
20895
24593
26658
12743
31119
18482
12426
25785
25938
16883
22442
8478
16508
14780
17875
20808
22385
40218
20600
24104
29203
22819
43976
31157
22828
20361
27101
24674
20900
25262
15485
15835
26678
21457
43474
13957
18890
14140
15081
23555
35878
20076
26690
16213
14198
20245
16874
21655
19032
22564
18722
18036
17921
21157
35732
23478
11611
21527
13268
17484
24994
29552
16577
21927
21857
30763
25562
42615
11596
21967
17987
18839
21767
35640
51490
17473
26713
16126
19224
40982
18792
34940
29590
26858
19580
21181
27172
37219
20476
12725
50837
64771
31786
15877
23302
25281
21134
29898
40310
11836
15763
25108
21426
22212
22723
16961
17607
13148
14800
20510
29727
23518
31659
20683
29494
30825
27043
20467
18788
14012
21831
38518
44394
19596
15484
39386
14722
26627
16694
25226
15083
11787
17977
19377
39926
30425
19871
21180
19486
27646
39808
54331
16581
19783
18573
17536
39772
31202
9436
20157
22577
19125
24118
21065
20395
34148
21322
25432
22155
23860
25366
20419
18921
43719
54873
22412
23983
37692
17202
25282
26281
20226
24497
33570
28348
37476
20750
11901
9766
22578
27881
13267
24087
16143
20000
16100
19052
20929
25710
24850
38894
16611
11412
27419
18478
17228
19380
17601
17018
19079
21819
27543
14925
27927
14634
17411
13082
44575
11201
31078
28352
34435
18693
22658
21612
31820
28083
21227
15591
20183
29882
22601
31849
17970
23510
14642
24501
23971
27832
42259
24665
29427
16736
11010
27318
20741
22154
14064
35591
19996
12599
18226
19031
27786
19387
19043
34415
19827
14955
20797
24600
27769
23831
17072
16685
26481
30409
27333
23037
14903
22736
26106
22620
29657
21691
40738
14047
23921
30036
21902
29248
21687
16450
24712
29373
20488
13308
22920
12806
28930
19672
47359
30873
27733
23011
23523
21246
22544
21318
29815
14101
28904
26747
17571
18396
49494
18338
19298
31615
21047
18599
16296
23962
17836
40868
18821
21418
28419
20032
21481
15755
16924
32002
24849
12812
24758
27615
34329
26423
20996
20590
36045
14375
31721
22581
22174
26313
15977
11891
16729
19399
19981
15528
21074
27337
20079
21432
28813
11918
18680
9595
32411
16688
25750
29218
45360
21395
25112
45293
31200
25926
20137
20184
16645
13442
22278
14875
18192
20809
24141
32565
36111
23953
23121
21063
23229
23777
20413
28787
17435
18770
18000
29668
41784
17488
21806
13825
14385
15657
16937
23428
16202
22523
24435
26620
13697
25823
30761
19278
32892
31076
18209
11310
16554
21451
30384
12689
13860
17689
21119
19981
19992
30751
26201
22407
22403
18773
24841
12627
23655
33920
39214
15015
19370
21332
11612
19823
16231
15984
20788
24718
15994
11553
13718
19496
21803
16053
15991
25824
24237
17767
18185
20640
25223
13348
23933
18252
15598
18217
31721
46556
20225
10206
19341
28713
33417
26953
34166
14621
18349
19469
25573
22022
16034
27827
15997
21655
26674
28930
27926
24102
24990
53216
24792
25481
15129
16051
11195
18343
10722
19498
30157
38793
21940
18152
20117
13037
26104
18032
23648
25115
18265
34391
27683
29428
19959
30672
37315
55396
18799
24881
44148
22292
48896
21891
19110
17894
18583
24159
18577
18822
14284
23034
29982
26222
17996
23903
10889
18725
18106
12656
21454
15406
33383
16597
25398
12361
11911
20796
20265
22495
29162
33322
15072
20981
16383
17412
22572
43011
18707
27429
18437
17231
22331
16803
24878
14957
46976
16549
34139
24126
31563
22030
20825
13032
38524
19845
28992
44155
52736
48921
25879
22724
34787
10376
25691
21345
20913
17763
22843
26830
24606
10199
27765
21736
17166
24789
21422
19803
19896
20166
28494
18673
20030
29286
16159
27060
20175
24910
26233
18777
18886
18170
18917
28240
32228
18067
22949
13461
16333
21946
36554
21593
22072
15294
38588
12278
21578
20150
27114
29431
18552
35724
26811
24930
29951
22471
23375
12406
22617
23072
17640
23912
26459
25843
18158
44960
40990
13252
10556
24072
34610
23875
25522
27661
11715
18512
20064
18242
18268
17851
17112
14787
24910
37648
38411
27841
26992
34235
24154
23109
37811
16304
21416
20693
16830
29273
18428
38887
21310
25241
24185
24934
24932
17715
16688
25043
14251
38012
11261
16786
26584
15647
12885
31154
26096
41317
17838
31163
24714
44176
39594
15675
27642
24325
22491
25621
25438
35307
25602
25625
29562
10730
23099
13952
17382
18983
23168
23490
18373
26879
43377
19696
19623
28892
35597
44384
48362
19787
35855
47176
12722
23997
30303
27811
40050
19972
27473
24644
22411
22059
21015
23213
26458
40022
34828
22175
18820
24980
13615
18505
24763
19250
22980
24875
25060
26538
21287
22783
23762
40377
52877
37239
59636
16476
28058
40745
35338
34116
16777
18534
19197
24110
23462
22627
13119
34506
17736
21749
18945
21758
20249
25594
39040
31805
23982
29776
17466
23165
16601
22320
27766
19297
16967
21096
13212
25694
46433
38836
70445
73433
99502
88970
18494
22166
22991
31967
25144
17090
36231
50467
38118
32016
55501
20564
20283
26772
14228
21883
22044
13827
23261
33094
22973
22349
17129
21716
15482
20787
25434
35833
27742
20437
31812
27488
20313
19819
23777
24275
29620
18600
22863
27373
11890
22148
18408
12275
17337
30125
13582
18094
32601
22231
19076
13299
22044
13106
26126
14282
34880
20724
23946
15456
15036
50891
33950
17299
23585
38318
18248
23303
23998
19686
13786
20688
15626
12209
13265
32933
21289
16019
28461
34064
16856
27323
17178
25397
21357
39031
17385
18213
27139
30267
22022
33447
19472
20778
20223
23353
19724
51795
17627
19643
26556
35123
42316
57871
15381
30068
26456
22241
15232
19659
23484
29938
16009
24396
12320
35928
17553
58274
20649
24421
12729
13991
20022
19803
30983
19348
15024
17729
23687
22113
26641
24736
16517
21597
28874
22298
23584
41791
17591
16359
31044
16087
19308
10344
21829
25957
19057
25682
18639
23528
37649
15687
19982
18503
22978
32774
26226
15626
21543
22497
23151
35915
45079
23724
10869
24401
35014
23544
24864
19579
27045
25123
20075
25393
24150
31192
47322
47033
23556
10703
17895
14030
16381
19837
28499
33662
26871
33490
18232
19431
25636
17632
42098
20909
29533
43323
47904
46394
18358
24276
30593
22901
24553
14697
23041
30896
22720
23671
12800
18875
26405
25375
22896
31556
45517
16557
30520
28413
16642
21249
19345
17426
20036
24097
30184
23316
14195
20336
15022
33002
22362
19514
22008
11790
21740
28305
18739
16041
21381
18962
23737
27621
30304
18213
21354
28730
21563
13083
20672
26287
21417
25576
35888
54528
18227
23071
19271
32528
31251
13269
22892
20526
32387
20314
19396
13600
22355
20497
19650
22052
30759
22416
29181
21477
20258
16027
16719
18890
19257
22780
15872
21282
17119
32078
24213
14812
34272
32661
48672
63108
43618
29212
28352
18130
17676
22869
21329
20207
32111
36512
36434
45023
34465
24638
27415
26470
20133
34966
18563
24698
13495
31034
54318
21378
21903
41138
11577
50656
28397
25499
24274
24290
16708
19062
14490
19849
36616
30288
41181
18409
20525
29583
41362
51406
25456
16506
16632
15115
21835
10196
17885
10459
19233
15997
25584
19817
30749
25396
24924
17010
22592
36548
20299
20169
30812
48679
32637
27065
29306
25110
18957
16217
27443
26263
19327
27172
24681
21718
16587
26293
26712
24965
38092
28304
30183
31154
18045
18584
43177
23291
46354
49442
25657
14370
15171
20890
15692
25564
23599
23869
25039
22767
17765
23862
16055
21271
15397
23207
44399
73751
26999
24321
10800
16235
26107
22276
30278
16032
25455
17475
33496
34639
22186
28130
30044
29778
22656
18961
20536
26253
18742
19595
21894
31776
16822
18078
26305
29928
32202
17894
18822
22705
23213
21005
19369
30233
23750
28684
14981
18839
18128
17546
14663
23770
20688
23639
15929
17014
27545
16747
22940
23754
40686
29239
24870
16238
17043
18027
42086
25750
7316
25710
25335
21235
17817
28140
20337
30832
16642
9798
16789
21215
20882
14646
20690
14986
23421
40031
12228
22802
34727
22680
27246
18311
17623
18604
14364
18378
28889
29472
19575
17937
24344
26608
31868
39033
14853
33539
19251
11206
17253
17220
30768
33789
17824
24863
47557
35980
16620
20818
18580
18874
18617
18917
24917
12262
28114
19820
18538
18862
28551
26668
11335
15700
19496
16456
36587
23274
22238
31862
23353
40587
15170
29512
16130
18342
36254
45590
21219
28254
18939
20037
28986
31361
39900
30602
52564
19615
28297
20576
11348
19429
32026
19942
10855
23677
15542
28277
20255
35450
29996
23425
18390
21097
29363
30983
22248
10755
24025
23938
20582
18206
23910
24488
21223
23383
18542
34645
11428
15638
10454
18044
16309
30331
20381
22237
27400
25820
19282
37702
28168
19932
22518
11286
26766
24389
17888
20085
26400
37393
28682
25926
20393
21920
25127
27096
22616
23432
15915
16841
33196
22693
27627
20145
24443
18539
36706
17690
16134
24651
16629
22288
16107
18316
23050
14342
18635
21926
22481
30947
19359
21627
23630
38005
33441
73707
57208
45405
42846
17756
20816
26441
28563
34934
24281
50648
9633
25232
20789
48017
20717
18919
19924
14748
21927
16646
24988
17660
40937
31738
13923
20290
21466
25245
33525
50912
68748
26561
32379
30895
21970
26628
18196
50625
29935
21010
18176
29751
20319
23422
24366
28285
24580
24876
14961
20667
28951
45205
22045
20545
17080
22525
26543
17177
16906
21527
44187
34439
24818
22387
37714
49064
22229
22491
17224
17299
28082
32289
14449
20315
35120
23068
31800
24080
27818
23548
20883
22631
18984
41116
28991
32793
35445
46267
18626
18947
22079
16988
27675
14640
21163
31871
25508
30480
15369
18111
18176
25312
30186
21725
35298
18572
22892
14266
25704
19786
22558
35440
22870
22456
45870
13284
20164
25945
24301
19987
43085
27159
40563
85835
62948
58111
14162
19115
23714
21504
13560
19725
16757
23532
19441
17108
12107
35093
13125
13368
16343
32243
47798
17298
12841
33097
46639
21366
20292
14137
18176
23270
35207
28400
19796
9386
21202
14953
25026
24253
17365
35759
30278
28760
19495
14242
17150
14965
23451
19151
22536
25106
33093
30449
9546
15453
22149
24888
21434
32287
19057
21456
23671
21113
33565
34429
30790
15477
21887
28240
24061
17281
22745
24311
14776
16769
19392
29968
39487
25636
29065
27874
28357
15993
22068
20476
19356
28950
20489
15580
16219
14043
22315
30217
24290
23882
22724
16321
50666
29534
19253
27253
21109
18911
24970
26668
28417
26717
16628
26325
35386
16227
35042
39712
33742
49141
39714
42229
34496
20642
28378
35125
45629
55541
39763
69502
72961
69245
19038
27984
48927
28414
17669
18244
8745
19919
15493
28957
25332
12655
19230
40605
34138
29378
43066
41692
37572
21663
21970
11692
16778
20297
14172
9492
16832
29778
25649
15716
26913
21864
35362
60199
24413
19574
16281
34559
22932
27929
18161
22296
44860
10376
23246
28745
47687
17055
22730
23956
25165
16889
20574
24989
16389
20487
25274
23026
13171
15989
21551
31261
30505
31814
51127
72887
25631
21092
18525
16787
33514
20507
20219
27150
27531
19450
16708
25948
22114
22974
16635
18531
21455
22106
27609
29951
17918
22010
11443
17429
23767
30509
56934
22655
24993
32615
18998
47918
34533
27642
16000
40719
21174
25949
18103
17920
25373
22738
21586
18306
16185
24994
20500
22184
45933
17238
16252
33930
14287
19384
28617
15099
17431
14520
28165
53802
34783
18180
34036
27976
32546
18532
17136
29138
21512
19738
20494
19048
23674
35902
19695
51622
14199
23435
25793
25304
51531
33310
14415
23495
22734
11876
35309
23012
12577
14643
25809
19654
13691
18562
15063
14906
15974
26207
14637
32700
16587
15626
15175
14337
10501
44569
18455
19128
10565
14590
30897
10364
13855
21157
22156
21644
19612
20503
22321
16223
15434
27145
14646
22725
16280
29556
18776
49560
33661
16643
21555
39935
30917
38968
28864
33755
41294
24036
16158
18121
28357
19190
21810
22002
25377
31658
18737
29532
15567
29267
20418
19301
22714
18807
25047
19257
25067
19258
27307
20032
9804
17134
26957
12599
26256
33439
17717
24609
19457
19995
25699
28689
14720
21785
21317
20360
16724
19733
27219
21592
18342
31707
39283
25653
18253
15167
17260
26646
21030
20450
19069
20523
29967
11910
25637
20950
21382
13054
22070
21961
18421
32686
22041
14404
13617
15783
15639
42048
38502
49669
18089
15111
27921
14818
20023
21849
47814
45303
26630
30740
45058
53849
63673
21471
21363
47069
25516
29891
18605
15624
24404
20937
33080
29186
20628
30611
28018
12848
17820
21775
32505
23819
26869
36216
19563
24564
15932
30341
57543
19659
20653
26621
20450
43074
30403
16709
25301
22255
19195
21775
19826
16600
16061
15956
17506
15056
35768
24591
14412
20220
24366
17375
10015
29614
19622
24173
20282
29331
39682
24040
44683
31319
73620
84227
92564
14706
19200
13967
15021
28711
18240
18975
16646
17438
31063
15126
29849
19656
32901
22608
20153
9540
19893
18112
49100
23830
20805
17321
13342
17494
13237
29747
38635
42446
61851
43856
37464
17954
15548
25771
17203
19314
29309
44405
19803
31396
42795
28936
17631
17161
18468
36061
33560
21237
13294
32932
25865
31686
20618
14846
17674
16208
25003
30090
14980
19802
18671
25381
39849
31030
27570
14140
15586
19658
33975
44730
71343
18203
13368
22851
27828
17362
21480
22456
13947
18763
17043
33536
44619
21727
20698
19887
18335
30884
25420
34577
17689
12864
19790
26000
14880
25752
25214
17531
21016
32659
16428
24315
25288
15187
14079
25593
23686
23689
53244
19645
33113
24721
28862
14878
28542
25818
44245
29498
16679
13795
17287
16936
22393
37936
31593
21475
25289
23023
29952
53806
29740
37290
26257
15628
27145
20345
23396
10111
23378
32582
24787
25276
53829
22702
36782
14277
15594
20749
32711
21378
21587
19269
21704
29354
27008
18244
20945
31510
35349
14942
17651
15160
22299
46103
15784
30262
29125
19592
18399
26792
19256
23756
28902
27547
22985
14501
29304
25772
18108
18859
25173
26094
17377
38733
20191
31275
21356
19220
16085
18532
16440
36497
56855
13858
20850
28909
15177
14758
18117
19447
20495
17657
17133
27545
25402
27018
22223
18277
24183
25514
18786
32006
13703
21116
14153
19887
22593
18295
24473
15157
17430
17273
17309
26716
40175
24462
14267
25686
46312
22668
15391
18693
26057
14902
23398
26074
39594
22135
15951
16846
22365
19583
24890
19257
19583
25275
28276
28205
14213
13830
18530
30662
34362
15497
27192
37378
21783
16001
19751
36251
11850
18356
17345
19651
13601
12038
28332
26764
32536
15978
24364
26769
41282
36059
47350
36163
16682
28369
13076
18686
32910
23006
27787
26189
33122
24668
23402
17599
25132
25139
36768
25378
18712
27022
21088
15358
32931
18073
19033
15532
23285
21688
32902
15404
37279
59292
20211
25785
40057
17875
20385
43387
53479
18862
11249
24497
31980
27262
16786
18563
28311
15731
16994
26148
18101
32844
18429
15081
20678
22722
17944
41619
28625
37618
24632
35108
15464
9806
18423
24792
14927
20889
38358
33676
21223
17630
23881
24050
17259
15573
14226
19309
17054
21396
20366
19370
23576
29701
16043
30235
31446
23688
12516
27130
20018
17087
23332
25116
19166
14430
15683
14911
15091
39944
53096
24520
32750
27407
17810
30611
19110
17074
28177
13747
28303
26781
20578
17022
25339
21281
16771
19211
19281
11492
28939
15825
25353
21142
19663
19296
21513
17838
29706
27196
50677
16986
20616
14626
17411
20222
29831
9888
9043
23846
26307
26924
49180
28489
13466
24890
38492
34060
25410
25339
20652
36807
15868
35951
30504
9199
19745
23146
23949
24331
16955
23713
21346
22454
49424
22272
20100
21047
19193
16750
20687
18808
18600
31325
48244
30330
19481
20960
20890
16277
18095
20066
17852
24781
21882
20181
50738
26660
21676
13755
22634
37016
22762
23430
21961
42402
44556
24714
26870
23705
20849
24927
14943
21137
25896
20383
18172
9257
28477
15787
44166
33190
16238
25082
42049
23974
63654
52731
12307
29906
33246
30126
21625
19598
41743
22456
41043
27205
18987
32411
22340
16036
14546
31972
12293
18080
31443
15143
23679
12867
19193
17234
21369
15816
9948
38050
17904
17387
21580
18191
19996
19922
21577
14826
22608
27436
31052
22181
20258
34427
22588
13124
16275
18697
13823
30151
12195
21312
26129
39142
48258
24283
30517
30400
29681
16066
26854
23121
20013
18981
11323
19871
25796
35942
32324
41352
18849
23722
19336
26787
24081
20799
24535
20337
24754
21229
17193
12000
28141
20985
21683
19015
19977
25171
19560
17964
21248
34998
11701
19768
20044
18145
22039
22600
18614
23271
30414
20322
21036
18971
18857
17941
21910
25594
23346
14251
17733
28226
28337
17313
20360
25922
38694
15258
25247
10324
23507
13768
24073
24888
26911
30883
39157
16423
30342
55791
83892
22218
11392
29163
16233
12617
18446
17815
27014
20255
34413
53040
22404
17945
13796
13765
29850
43015
11044
20061
11004
20513
25334
17412
12491
38300
25266
20842
17762
15111
20755
20764
18859
22402
29908
36440
18100
20291
19038
27520
24141
20298
20350
16827
19244
14107
26072
16322
20329
26160
31011
28131
23814
28288
42154
10554
17962
22760
15544
25703
19243
20885
18333
17819
22626
14170
22486
18779
15360
24322
18657
18711
18360
22388
23668
18718
15911
17119
11642
21291
26864
33507
42367
19937
14349
19721
24113
12175
16900
23544
18632
20091
27170
29591
31645
16343
21474
27487
13434
22751
28969
12685
18637
19004
18591
18884
14728
21656
20691
26098
14823
27436
32296
21724
20987
22505
19598
17133
19024
27708
25807
36984
33317
24602
18504
28924
52139
13602
17925
18105
9835
16683
27672
17871
23608
17303
13784
27054
16613
21186
31300
22686
27265
17523
18288
18697
29303
26092
24510
31129
15014
7706
22390
35605
39859
72542
76070
17721
20042
16625
21268
19694
17524
15893
25391
18012
19612
19093
31092
21459
19239
10996
16985
32705
23792
12251
21610
20109
22265
15468
24471
38925
20635
24052
58718
26295
15665
20465
12781
16681
21308
20157
18420
25267
23918
20919
24971
26302
39368
43459
18595
15035
20144
36208
30320
20502
13384
18350
34226
15620
14618
35114
28673
22461
37953
12063
19203
27661
18531
24745
25032
18712
22499
40050
16614
18172
27542
25212
17154
40876
22067
24172
28484
28557
20819
24400
24793
45177
20591
17779
24500
13683
13953
20597
17984
30555
16133
22957
14144
28315
26158
33828
28931
18947
26349
21957
22173
16395
17490
16861
33597
30862
30804
30267
13076
25273
39587
22715
38017
25064
27488
44842
30660
20480
37403
53870
18540
17531
17361
24644
22091
29859
14124
12956
20427
19692
18569
19589
15044
24002
28614
46864
55869
39367
49079
19965
16059
24801
25113
17912
15455
17779
10065
24009
22553
18167
15062
27892
26587
18761
18572
22412
16617
18526
15010
12901
29002
16371
15898
24610
16137
17617
23891
23270
14862
9454
16008
10012
33157
15457
21984
11199
32351
15648
19571
25073
18125
27215
25162
26531
15591
15713
24202
12523
31552
20152
19583
17145
28693
41579
29102
28250
20079
25222
16905
22421
24543
39012
37053
18293
45749
42933
22961
35872
19359
10555
41806
59711
30541
48879
21920
20903
32677
26118
17685
24383
34841
25203
13915
22106
26220
14804
29911
26577
53776
23630
26128
16565
19539
21715
21514
15504
21450
17214
14648
34234
20105
13306
28048
40381
31000
34657
11168
20889
23354
19165
16694
27451
15353
20316
34366
19544
18047
16342
29972
28819
18776
24246
28152
30408
18554
17901
17993
8885
20831
16564
19526
35162
27108
22384
30832
20654
19956
29002
16914
17732
12044
17565
21043
19821
16112
16282
13382
14332
29194
19901
20841
16443
13180
22989
20241
23297
26648
16541
14869
11281
23887
21646
10033
14010
28708
23665
19443
26264
20902
18522
25792
18520
18878
22696
19160
32624
18366
24185
13356
19751
15697
18955
17844
24997
20845
19359
23750
19555
20045
28118
18627
18891
39658
21818
26697
13395
20935
10500
19729
14034
18778
28017
38308
20217
24601
14685
28459
17945
15902
24427
16830
17033
19209
14747
19830
23875
15809
17447
12747
12720
35029
31124
23730
11535
15393
28749
29401
11300
23241
19139
23513
30239
16435
17960
21007
23774
25061
18208
28174
18522
16269
15033
23416
21372
22721
11041
28984
27162
37398
47744
15737
21017
32900
28010
20010
23707
28685
31650
35175
73537
12863
17110
13973
22181
14529
25023
15257
11280
18780
24099
17714
12483
16667
17184
27046
22871
19615
17336
24046
17382
14464
23641
28670
33422
25982
18184
12447
30282
17497
12007
15926
17399
32880
20268
10163
23918
16397
18669
25079
17881
19121
22802
26632
34680
64496
34442
31401
29083
44564
24365
29420
16543
22603
11671
18665
25261
25025
24934
19999
16115
39289
38555
15641
34747
17372
9807
27523
21422
27182
19837
13033
22170
14773
24891
22128
26481
27300
12079
24994
15652
19082
22639
38054
32954
31592
38550
14683
24327
15719
22035
18081
27097
17632
25101
30299
10941
22292
23499
21145
30363
22101
35309
13714
13899
34147
25273
18685
23441
37692
52444
28366
17410
15544
30856
21894
22742
15442
27527
24587
23287
21024
15962
11221
17389
16208
17976
20806
28805
32505
17123
16970
16763
27710
14586
11474
13073
32286
24282
25088
44129
11097
24626
17676
25260
14789
15359
21076
24795
19562
23617
19814
24495
18577
29833
49499
19351
31249
10622
20360
27797
13001
23811
17098
21766
25527
27392
16219
16499
20368
11596
32897
15311
18071
13240
25527
23815
16494
8665
16515
15161
22286
10975
20604
18663
23668
15038
28699
18365
21173
23495
13943
17617
24304
25111
36459
19887
30411
17049
22968
21600
23096
13865
21652
22629
28937
25122
17936
15535
21680
27903
24455
19156
12021
15820
19292
15331
24949
18623
24187
12807
21669
18500
29806
20562
15971
25612
41242
25853
21915
26625
17986
17358
10810
21119
21043
13377
29503
24416
25356
20633
17494
24194
14734
33159
17308
19449
22409
17514
25076
25381
16138
21675
19096
24889
18409
18636
19110
24551
23286
18526
16582
38194
20665
19105
16663
40319
18269
21809
16133
9885
24248
20947
24980
18870
28251
24834
38854
19910
26839
20922
16940
17215
18656
47441
43120
36783
18185
22907
18705
20154
19943
14065
15129
35870
22026
13609
18270
13910
20460
17666
24026
19120
13793
15778
12846
25088
21361
25408
15654
21192
14736
18680
17609
23588
24498
28981
23311
20559
26251
23419
49147
19637
13780
25153
11669
26942
14708
24103
16192
38442
19820
17470
13891
21549
26539
48453
21311
18249
31008
20498
21361
26303
26183
18747
25566
22452
15327
22889
20980
27229
28252
33423
36889
28071
22497
25006
19616
22988
18366
14963
35411
36226
24232
26767
32588
22096
23983
19991
20974
37126
55094
18598
19175
15279
21008
20250
22570
24675
15688
26358
25703
32710
17730
26612
11474
17309
23268
24212
37406
25390
13818
35388
16344
16759
52304
33830
17158
25985
17612
18719
16614
21029
20388
22152
20674
22739
11405
10116
20453
13979
24351
15865
23328
16578
15937
19395
24274
15220
14074
27370
28006
22127
19108
31243
19190
26268
29807
37234
26472
18584
31760
17484
57635
27256
21868
37206
50816
26746
13751
11401
17972
24961
18320
20428
23182
21550
28810
43715
23236
17589
27797
20894
19559
18315
16151
24122
23111
16055
25718
29141
22445
19361
11582
49983
16903
29429
20644
23997
19752
16504
14387
16377
30195
42310
38266
22043
15702
21733
13648
17974
25231
26417
46919
19973
21494
25569
55627
54827
18752
28452
49961
11109
27281
16937
17716
14962
18681
19738
21869
23329
13914
35228
18462
13274
14086
37013
56847
25446
26308
26773
39777
29588
20367
34124
18208
32204
16838
18114
21558
32293
27399
24439
36827
18129
14028
13202
23614
20084
22305
20268
32621
40046
24565
17305
24629
22241
23754
24143
16161
23876
31387
29984
19735
23938
16216
36011
13902
19967
20041
18192
25376
20227
31355
24494
21766
24971
19959
27059
34555
25623
22322
34055
18891
18874
14149
20269
12071
31526
15686
12719
15158
20139
21091
17204
23575
38571
28305
31081
34527
23709
21258
20545
18802
16261
27046
27480
49019
19006
18286
22743
20294
15432
17565
20750
23615
42297
21690
15930
21635
20831
25143
17141
31394
19236
20777
20586
26339
21050
20021
33504
17441
23127
11948
16956
21862
24995
17476
22624
39175
44932
20736
22276
51121
24460
20046
20996
25814
22632
14444
16176
16894
28569
14301
24366
40576
18803
12827
37089
27236
22968
19311
22089
19896
26339
19755
22131
25604
47575
33788
26926
36430
24420
19638
22263
31985
22905
17896
19567
13899
23050
20731
23670
10685
18630
12210
20494
22319
20997
27572
22946
25438
11243
25624
34392
40537
21212
40932
16870
15543
30279
18328
25054
31085
39013
32306
19802
15586
37205
16522
22317
20274
19077
16608
14630
20646
18690
22264
23342
18451
20648
26435
29754
23919
19948
19856
24112
14412
21614
19764
19336
15886
8893
15627
20588
16411
13477
22355
21238
24292
20884
30606
14540
22061
21709
13359
9596
28291
24402
19010
18519
18340
33311
27873
31781
15038
20439
34667
10443
20749
25266
27496
14894
25198
10751
15663
39504
14114
29071
20071
23351
33147
45859
26424
18680
16314
21258
20870
15818
20086
15934
13630
20354
37672
22402
29763
17717
27470
36056
17823
19634
18603
21317
37830
22042
15019
18051
19262
23613
12554
16774
21299
21336
16260
24429
11040
22419
24224
28538
15937
12875
23103
23868
15271
29516
25212
27517
19700
25307
25917
30156
16909
23657
36442
24568
34013
29999
25426
18123
18674
19883
15753
30469
36287
32829
14380
16901
20559
25307
18664
26830
25298
18597
35114
11501
18930
20905
8784
16553
22892
27544
15958
26301
35034
19981
18972
21721
17983
16003
13668
21831
18581
18341
32738
20202
30551
22204
22805
21038
21662
13855
42511
45150
22044
24298
31152
20193
25929
19859
18693
24538
25255
28201
17189
28636
15713
15210
15664
21457
16476
12941
16175
16710
28994
16846
13845
39261
19596
20628
34806
27873
29584
21769
32326
21638
18064
29809
18435
15305
17586
16745
26082
20352
25997
22293
22775
15748
32837
26220
21123
23068
18966
23188
20219
17086
17876
32770
17401
21479
15413
18441
24314
22828
21030
16745
13665
15258
19565
20139
27076
27763
33664
12751
25506
15472
19351
18358
22615
24347
26000
47740
20316
40215
60216
19192
18512
16744
18729
19009
15029
18715
21169
26134
33638
48841
23753
38596
26493
17516
54825
13424
19819
16147
27792
15642
21161
25988
24233
22632
22697
34821
10600
18965
25890
23085
18950
30361
18135
29372
25615
24777
21049
24346
20272
20028
35961
42370
40567
51021
46010
16456
21975
15546
20508
14290
30528
9175
17711
22737
14943
26276
24659
11670
34538
21743
20717
41581
12570
17618
18339
23599
15413
35745
22118
34416
32016
24668
30301
22094
23929
21317
31539
29453
19648
45013
26839
17030
21226
14675
17190
36620
14532
50771
20850
18940
29961
15541
13920
18561
26480
15331
17277
30879
13797
14561
14600
21315
26281
19584
24333
29948
20083
28982
27732
17609
15242
20194
17621
18206
24523
22825
20380
26012
50617
27281
17398
17842
20968
25961
26677
23775
15315
16444
21136
21124
12598
20429
20605
24124
22915
15430
27102
19297
29921
29104
24734
22897
43523
62337
74005
57571
51710
21032
20447
17541
29865
61987
17102
12330
16386
19000
23387
21037
14446
18760
29874
52112
24387
20740
24935
13548
24397
18613
13671
19300
18079
28548
15139
17106
32063
25446
16776
25997
31463
43265
23234
22292
12232
21490
16969
28510
21264
22721
26231
35950
15910
16712
25346
26957
14123
24172
16711
18972
17713
18994
14306
29954
36543
18529
22869
29226
21772
26098
26804
12076
20856
33800
37188
49569
15879
47072
56576
52517
21951
18782
20926
16046
17947
18608
20828
22772
12305
16053
19752
23805
25021
22350
16066
18806
17507
36253
16039
19379
18846
45616
58830
61977
25225
31885
13428
23950
20526
17840
22222
13445
26030
29810
19718
17719
40189
19872
13077
31083
19318
19129
19149
25197
18204
22796
44610
19394
32654
14983
50037
14548
22444
16985
26122
13050
19026
11349
33345
22403
16502
20609
11318
24932
55259
75428
16166
20580
35622
50373
15515
26989
13906
28424
19405
19729
18513
20197
17956
28129
13046
19197
22054
19735
26686
22867
52415
20194
24690
28171
26761
21341
13994
10075
9839
12364
28057
40239
21855
21541
37281
26194
25250
17776
16925
24766
16064
21800
15785
45396
16005
21376
24453
15355
29437
23883
37891
19942
46803
24038
31428
13903
21375
15910
25020
44884
19924
