23712
27476
14976
14401
13459
18335
15672
14488
23401
23115
15332
15076
22420
15944
15917
21916
31432
14537
15141
15034
16067
16870
14288
18548
14158
16481
21651
23861
14348
14972
22437
16797
15691
19875
15681
14625
12708
14153
17763
20379
16340
15478
21724
13236
16473
17981
12152
14078
16379
15547
15508
14528
14767
14374
12939
12996
19460
18663
22748
15065
15594
15488
19762
14559
14430
14496
12482
14164
14356
14724
17278
14508
13802
18495
14771
15759
14879
23042
14026
12024
14176
24515
14210
15266
13833
26395
14879
15441
13556
18984
14745
15549
14307
13369
20773
17201
15013
15182
12025
12537
15768
16094
23487
13644
13511
13455
15126
13923
13274
15764
27808
15474
18189
14846
14816
14059
19606
19278
20808
16016
14905
14301
14579
15567
17361
16640
19393
14997
18555
20601
14630
14835
16060
23366
14727
17059
18229
15139
14624
17884
17193
36012
20933
14655
14900
14128
19161
31338
14926
14163
16449
13394
13755
13814
14228
20438
17516
14036
20956
14338
15850
12713
15679
15622
14635
16692
13346
17147
14738
26630
13952
22275
19454
38021
16983
15508
18758
14249
15441
15144
21609
15311
17318
12883
17362
17154
14845
14344
13604
14317
20642
13487
20805
15177
14716
14114
14263
19718
13671
21280
45712
32147
26273
18592
16935
17617
15436
25105
22621
14355
13394
15087
16807
30346
14432
13533
12974
20302
12923
13204
16466
13857
14708
13554
15118
17438
14520
32783
15887
14222
15643
16270
16457
16557
12773
17118
22324
16065
17496
15740
21556
15161
13946
14110
23018
14903
17960
14300
13933
14596
17185
19007
15339
14452
14699
13686
17433
14988
15286
16966
18304
15629
14843
16837
19582
17903
15897
14165
14773
14199
15130
15558
16699
15337
16604
13000
15346
13776
14233
14097
19696
14640
16030
16888
14799
15624
14958
14066
16324
31457
16261
14832
15831
16208
13030
14966
17179
13773
14376
18048
15785
12919
16295
14377
16900
20731
14892
18329
17497
14516
15730
15369
15917
18432
14659
13888
21810
14270
14088
17580
12918
13760
29498
17015
20400
15639
14895
16800
22261
15766
19152
16144
17283
17864
16712
24602
15130
16799
14146
32061
18292
16919
13730
14889
14503
14241
17945
25161
16324
14039
18213
22892
15817
17749
15912
15751
21587
17002
24586
17001
16036
14627
17851
20329
15326
18051
19720
18935
15159
16044
14364
14675
14363
15907
18197
15310
24221
15370
18879
17569
18033
14716
15471
15207
14803
16275
15885
16437
13382
16529
13890
14701
18393
14780
22796
14845
16015
47341
16038
15268
18063
14010
17267
15330
15226
16186
27188
15202
18969
17226
14529
20001
21877
18131
15659
19713
28041
19357
15427
15439
16761
16025
16578
17419
19103
14783
17999
14918
14124
18152
16526
14827
25843
13946
18678
14833
25829
14335
14215
15092
14936
13536
17402
19871
17415
18659
14767
13326
19785
16891
15688
14390
15226
15723
14470
17482
14284
16443
15897
13324
18313
15381
15816
14768
15263
15923
14282
13977
18487
14208
20612
21472
20279
14081
18654
14804
16119
14258
26762
40654
18172
14340
14411
14563
14038
16959
16883
14515
14719
18513
14094
18141
13297
14394
16287
15517
13726
16258
15859
16014
15567
13562
15257
15379
13567
15630
27785
15808
15828
14785
13044
19312
13294
12575
17564
23643
13816
16095
14928
14215
16419
14009
14254
17745
16717
13762
15266
15201
16179
17800
17313
20185
13146
19386
21515
13457
15121
14188
16591
18020
18364
14548
15646
16252
17467
15918
16187
13996
14739
13834
15930
15335
16455
13766
13900
15184
17936
26955
17903
16028
18534
18670
14531
16515
15286
13837
14374
13608
15883
14873
14772
15042
15086
15063
15850
14904
16228
22520
15829
18862
14907
17582
14297
14045
15338
36704
15468
15713
17120
18189
12870
16155
17683
17393
28852
15222
16262
16557
15440
18863
16316
14677
13542
13312
29796
23754
16729
23865
27860
24188
14852
16610
25601
15103
16031
14964
13490
23932
16770
23582
14829
25920
26761
13333
15135
30609
17925
18690
18329
15296
16288
15789
14685
14542
17255
15365
14817
14185
24629
15319
14754
15337
15718
17237
23448
15991
15622
21968
14755
13957
14966
15653
15171
19276
18414
23274
15256
16008
13608
14925
17512
15096
13871
14427
17362
15356
18277
16397
13763
14834
14495
13283
13680
17429
28417
18511
16238
17344
18011
26621
14919
13643
15847
17974
23318
16333
20743
15029
14445
18939
15485
14241
15172
15751
13117
27802
13568
16640
12857
17085
20192
24264
14171
15346
20122
20265
14282
13042
12852
14753
16729
19995
16738
14900
16201
16334
13745
23201
14599
17112
24946
16373
22338
32339
23199
15839
12858
18859
14012
14800
17527
15298
13827
15942
17816
16200
14601
14574
14062
15264
18460
14047
17552
27059
17454
13064
16555
13202
19566
15832
17768
15011
15503
15670
33098
18366
23759
15478
22229
14988
16575
15415
15199
14155
14818
14441
16213
13607
17726
15084
16404
16346
16216
14155
16032
18450
18280
26601
27992
13396
14111
14943
14595
17755
14169
14008
18088
17386
14795
15972
18148
23618
18685
14516
15107
16158
17994
14712
14825
13384
15319
14341
23725
16955
13975
16736
28164
14444
18148
14126
17331
17172
14575
15560
15108
18957
16055
19559
12878
16885
16534
14841
15370
28126
18876
13821
19052
19831
14577
17401
14895
17135
14586
14593
14154
16953
19346
19011
14754
14301
14916
16748
14915
14232
16629
14653
13777
14060
15503
14055
15237
14992
13406
14350
13674
18151
16276
21379
22293
13699
16256
14901
13020
14467
13455
27623
13684
14368
14624
19158
25826
15206
20576
16050
18767
15403
15474
13597
13031
19040
19261
13889
18743
20893
18377
19268
15621
16513
15122
14581
18715
17550
13457
14343
13942
19802
15221
14096
15073
17475
15165
18221
14448
17098
16252
17600
31418
14339
16098
13547
14900
21848
13294
18246
17585
20694
13946
15422
15170
16634
14153
15746
18658
23060
25547
13079
15085
15393
16731
17138
15146
15628
18535
14730
14724
13707
13502
18206
16244
14297
14271
15924
17130
13811
14265
13294
15003
17630
14535
18685
17414
15193
16594
15679
13894
14067
19422
17629
15145
14263
16777
14883
17807
14811
15082
15863
17003
14242
36317
14311
17060
15735
14314
13915
14511
13301
22127
15457
15015
19849
15988
18707
15666
14169
16920
17288
15811
22224
16793
17152
15432
13560
31473
15230
14747
16835
14528
16359
16608
15507
15154
13483
15741
13823
17943
16454
18915
15697
15194
15596
15380
14424
15020
16580
14836
32147
15920
17389
14824
12923
16601
14850
17782
17824
17729
15168
13532
14058
18619
19734
14001
14423
25180
17365
14854
15734
15130
13231
20559
15182
16741
17432
17198
14834
22127
15888
18252
20629
16969
14738
15613
14071
15028
15365
21496
25207
16605
14810
13362
19837
17442
21156
15132
17017
17040
18626
15303
17717
15324
19579
28793
13162
16355
19943
20296
19969
28482
17817
14764
15849
15331
22378
15293
19604
16649
20925
15257
19950
14696
18067
16424
15159
13424
20162
15154
14592
15292
14659
20428
17231
15388
12221
13622
14004
14000
15719
16883
14193
15996
17535
17844
15939
14103
12397
17964
13813
16654
18351
28091
14776
16440
14536
20528
14235
16912
14555
16737
15967
14755
27178
15994
22075
14526
14763
16959
14482
14500
14043
17786
16930
16155
14424
19158
26950
15043
14412
22650
14426
18195
20878
26914
16979
18072
19263
17784
15415
16233
14381
22726
17809
13726
18963
15925
16553
14448
14305
20656
26371
14827
17892
14621
29275
14122
19904
17813
17278
15378
16685
13577
17607
14464
18824
15415
16110
14690
16116
15715
15424
18888
16651
18152
14319
16187
15637
17084
19365
14951
15591
14434
14416
35667
20343
16148
17172
18133
15736
15976
15231
14811
14725
16232
16313
15198
13558
19636
16028
16017
15105
18899
19882
20697
14673
21545
16618
16100
15767
14535
15268
26307
13879
16588
13845
14684
15776
15012
17053
14890
15279
19847
24590
17126
14432
17764
15498
15812
15013
17861
15569
14404
15852
22695
15807
14927
17349
16071
17423
13445
28190
15561
16254
17077
24994
13916
14546
18412
14068
15811
25896
14330
16542
21442
15732
22880
14829
14866
22926
17112
15418
20874
12064
20189
20515
16412
14589
15639
18157
15042
14289
14492
15822
20564
17328
26722
15491
16556
17106
14132
16862
23114
16139
29325
18930
14289
14380
16614
19333
22105
15966
23258
19767
18082
15585
20664
23740
14086
16625
16015
15442
15280
17536
15985
14015
15917
16407
14262
16549
19641
22105
15481
15895
14812
17012
15730
20040
16859
13901
14462
13173
14146
17887
15148
21444
26213
14604
14284
15209
20709
16724
15352
20374
20031
17471
13894
15263
15843
16537
18780
16705
14772
15621
16292
19502
18730
23536
18200
16333
18484
17468
15647
14636
24873
14787
18239
14460
20691
14615
16416
32850
15865
19838
17693
14728
19824
14900
14656
18938
27819
19413
16595
13592
21316
15733
15046
16266
30909
16511
15092
15052
13673
14397
13860
14460
14180
12220
15177
14738
15150
15687
17171
17426
21275
14038
17645
16390
20891
16347
18378
14229
14890
18967
15320
17967
13550
15062
15621
13064
14428
15264
14996
15566
14814
16660
12265
14386
13676
15042
15665
18218
19545
17154
29612
16202
16896
15452
17462
16948
21777
15993
16839
20117
16365
15258
15022
16889
29972
13825
13334
12452
15824
13828
14068
12742
28184
16354
18092
14249
18623
15325
16615
15886
14433
14952
28678
17288
14289
20112
15691
16439
16193
16094
16073
15345
13387
15845
19087
15389
16860
18852
19026
16357
14713
12951
17291
15865
14480
20303
16770
16731
14630
14608
15040
15658
15105
24461
14521
19035
21811
27569
14213
18281
15881
14694
19529
26708
15813
17295
14972
21333
14074
14811
13417
19388
13145
15125
21965
15362
19778
16316
16379
15449
17644
21054
17174
14488
19375
16857
15247
17136
14584
15900
15064
15222
16179
17232
14616
15716
20008
14720
23554
13393
16120
14050
16665
17711
15765
14975
15988
15062
15008
22808
14006
13725
16822
20669
14582
16982
17986
16103
15574
15506
19815
17929
15438
14745
18142
15207
15004
17961
15565
19112
17692
17273
15652
15565
17750
16523
16107
15549
23486
15937
17207
19358
15707
14272
16842
15915
13729
14294
15085
39373
18195
15912
15839
20383
25313
15151
15652
16688
19632
20100
16942
15409
15695
15911
17247
20079
16989
14531
17449
19249
19220
15409
14277
17182
13940
19744
13234
17824
15987
16246
14663
17721
15297
25182
20966
17550
17097
32125
37654
16409
23698
13828
14059
14954
16709
17677
16364
23152
17879
13996
13908
17049
13163
16884
17991
26090
14068
15982
14458
15092
14888
16302
14631
13679
13199
19308
14723
15142
13043
18287
14542
14198
16935
30142
16630
21307
14836
19092
17937
15289
15509
14949
14640
20038
22331
16362
15462
13579
22631
16795
17283
18270
32953
14353
19973
13569
15413
15663
17917
25989
26492
14384
16100
16913
21583
16194
15257
15848
17558
16741
21916
15637
15513
17192
21792
29159
17342
18389
15122
15524
15988
15127
15013
16972
15168
16542
17595
15464
24821
16023
15314
14881
19857
14625
15641
16579
14604
15038
13928
16894
16638
17992
20834
13584
15942
16834
15796
15133
15927
16027
16684
13932
15383
17979
17539
13657
15704
17135
17328
19062
16566
14769
23463
15187
14135
17019
16131
15489
16178
18229
14443
15145
16556
15792
25499
15069
21389
39450
14702
21880
16108
14660
14456
18539
13104
15365
14307
15184
18720
15630
13066
16753
15866
15315
14441
18513
12852
15606
15079
19187
14771
14647
16230
12923
14494
16848
15496
52168
14635
16057
17218
14551
16333
17518
17086
14167
13727
13402
14479
20799
14251
15375
14376
14177
19402
14730
19287
13079
19135
18732
15563
14950
18219
17225
14971
16107
15173
15301
14058
16308
15104
15075
16392
15494
15625
15345
14363
19015
15369
21730
17071
16095
16532
14679
15917
15828
14987
16312
13859
14226
15601
14941
14891
18225
14388
14258
16577
13229
16288
17181
15336
19323
17556
13834
15038
22442
19715
18617
22698
17252
14852
17995
17296
14168
15550
15014
17093
15752
16315
17242
20668
15897
21781
13878
24471
15613
14969
15789
13736
22789
30223
12840
16131
13680
13200
13940
17930
18021
14910
14572
16697
15703
16325
21129
30427
15224
18240
18297
16197
15542
15109
15663
18092
18029
15180
15078
18654
20042
15735
16265
15477
19457
16037
15884
15182
24612
19180
14328
16650
15179
14651
17239
15652
21819
15558
16299
18840
14505
16243
13546
16948
17310
14897
17288
17536
18876
14160
16993
16567
15706
13675
14951
18144
33194
14251
13707
16817
15116
20452
15715
14091
15163
16050
14882
15405
14730
14262
16438
13948
17061
13924
26212
16048
17765
14362
15284
14330
16478
14838
15469
19348
14102
14604
16018
17086
23502
24633
15555
14345
15036
16497
21781
14025
15862
43491
14912
16586
17937
16124
29901
20088
14777
15019
16225
14632
18034
16535
23992
16690
19417
16041
15300
15850
16968
13147
17019
17040
14525
16026
15745
25007
15003
13941
26433
14781
19255
14107
14704
15143
17263
15587
16197
15266
16355
14910
17795
13313
18422
18694
18593
15535
14478
14765
25122
24676
22282
30809
16370
16099
14116
18466
25566
15625
16326
15177
15661
18530
15062
14517
14404
25036
15636
15334
19700
13704
15838
14956
13670
26057
16845
19106
16868
17550
16043
16162
21112
19307
15446
16909
18694
16604
15850
16052
21014
17502
15125
15966
16473
17853
15131
14316
16029
18658
20583
13086
18319
15911
15740
14610
18557
14202
14851
15951
16944
15088
17000
16694
15717
14285
13623
18155
18059
13886
13423
15776
13788
14398
22076
15632
24292
15446
14362
13497
18710
20174
15793
17435
14590
17465
13876
19620
18446
12941
16346
16509
16097
15370
13707
16753
15223
15404
21674
16592
16079
20385
15380
14689
28665
15944
15075
15401
22451
15420
23549
19893
15064
14686
16594
15858
19152
14640
21857
16886
17359
21171
15030
24804
20849
24602
16390
15114
15795
36439
13770
15412
22087
15588
16358
14251
14708
15089
15818
15869
15705
14431
19480
15316
15285
15195
17906
14901
34316
15041
20799
15392
16564
17127
18163
18990
14774
22685
14596
15915
13832
19045
17560
19888
15068
20035
14859
14612
15485
16095
24474
20173
18823
17957
19089
15930
14571
20998
15770
16880
14639
15689
18511
15992
19210
15600
15512
14440
16996
13999
15157
14356
14234
16231
18546
9716
17521
14987
18253
16698
20353
17878
14654
14498
16283
13347
16194
20794
16834
17735
13548
14938
14895
13346
13546
23838
13451
13544
14656
17097
15102
14236
16218
15037
13612
16296
14883
17066
19214
25045
17122
15797
21971
16557
14771
14966
21337
15051
16852
14870
14313
29271
20389
22928
16809
14921
23305
18425
15073
14252
14977
13162
14086
13848
17193
13865
14910
14179
15289
18945
14599
19438
15589
14923
25927
33629
14606
19060
14138
16598
15469
14021
14834
14642
19094
23093
19724
31951
20331
17743
14866
14826
25560
27694
20625
15047
15281
17140
18434
16202
15707
32063
14076
20268
20542
15280
17892
21201
14239
14644
15242
20867
16492
16181
14637
25448
13942
21108
20531
19360
15108
14376
14047
20426
27579
18355
14960
14305
18381
15398
14605
16486
16467
16015
14775
14630
13484
14474
13452
13105
20563
17028
14475
20372
17373
16231
19349
20445
15756
15459
15945
21384
15167
16958
13621
15212
20061
18774
16556
18408
16311
15133
16828
24122
17527
16090
20432
17531
18161
25252
15440
14734
15820
14258
14009
15385
14632
14557
16762
16196
28829
17404
18108
16041
16233
20039
20147
15231
14892
14611
17292
16095
17860
18602
13114
21295
15372
13380
13756
15290
25747
15871
15119
19947
19527
14185
14855
14713
14701
15438
17782
16089
15698
16354
12920
20063
14623
18047
17986
14847
19198
14656
14940
17857
15163
17911
15175
14524
14804
16454
17662
15379
14250
31155
14382
18487
16990
16753
16906
15475
17543
14419
19597
15775
30336
17000
18862
14563
19182
22282
20401
12932
41733
23134
15173
15851
15681
46330
15656
15427
15578
22155
13952
14284
15226
15006
15292
24050
14624
18493
14078
16142
15245
13838
14179
14609
17644
15033
18913
33010
19085
15914
13913
13343
15929
31206
17350
16022
20352
14272
15269
25669
16181
17234
16537
14985
15265
14125
20801
15980
14112
24924
31700
25721
18384
17338
18725
15765
15614
17068
22475
15045
19334
14542
16935
16388
18172
15522
15894
14698
15699
14402
16294
29484
17442
21812
13135
45096
28224
31593
14737
19752
13744
18342
16412
17984
14525
19739
17405
13834
26908
13763
15231
15902
15879
17062
14602
13923
16562
13944
20013
15630
16409
17200
15924
25668
14217
17014
16051
19060
16870
14949
15638
16411
14850
13945
19421
15061
14187
14818
21332
33215
18310
14660
16962
20600
14915
26401
17530
16960
16127
16774
14303
15094
15261
15021
15479
16566
16069
18071
26114
16320
17604
14990
17883
15805
14816
14248
16487
17676
18067
15706
45437
16347
15070
15916
25201
14113
16253
17318
20806
17332
14234
17114
14493
17327
23290
14389
14611
15313
14278
19398
15630
22649
18186
16762
17826
18120
12612
21260
18608
27031
17223
16522
15230
14015
14418
13944
14139
13135
14193
18985
15366
15083
16918
14437
20186
16902
17423
16767
18698
18830
17830
16119
18826
14832
14912
14766
16034
28907
15771
13788
27435
16595
21182
16702
15737
12820
16835
25254
15938
15812
14751
15886
13922
15285
16785
14617
14239
15452
15403
14174
15142
12849
14394
14282
17264
15897
15366
15293
15407
15656
14977
13828
15154
16917
16153
14239
14052
19711
12978
14685
16785
21539
15621
16667
23746
20088
16842
15693
16207
21753
19944
16751
15311
16360
24942
19985
17637
18055
15655
16796
15458
21445
14682
14526
14251
16445
19016
14274
17481
14236
15397
14768
21818
21795
14067
14927
16073
16240
14536
14772
14706
19670
15567
13664
14580
22145
13735
18510
16194
17548
16451
19010
15646
23451
17467
15947
14768
23951
16094
20971
15569
14520
19970
15201
14245
17397
14115
14278
14639
16474
17576
14295
16504
16210
15073
15260
15739
14482
14496
16353
14319
16859
14094
16929
15044
15939
26671
35779
17190
20285
15198
16456
20579
14515
21477
14989
14139
15505
13804
14656
16196
20406
14151
14020
14118
15261
15745
20128
17075
16070
16329
15487
14917
15685
16525
12725
14850
15851
24514
15627
16431
19870
14009
13855
15191
14944
15646
16798
23478
16492
17560
15739
15592
15272
18474
21858
14726
18071
13855
15884
29211
15182
19930
19210
14770
18242
16768
14316
14557
14583
13003
15509
14678
16485
15756
14563
14453
15602
14789
15797
17096
14646
16755
14325
15671
17220
12982
17139
13812
15760
17807
20863
15421
15491
15688
13636
16360
15126
16020
20261
16724
16038
18303
24914
37568
17787
16088
14981
14980
15254
14714
15639
17166
15316
17138
15499
16544
20529
13176
18031
14394
14626
16859
14652
16633
23964
15614
18574
14838
16462
18530
15235
14663
13765
18345
15580
18070
14460
24535
15973
20007
24692
17129
14363
16756
13904
15221
17955
16041
14246
14996
15578
13706
13669
14078
15090
20486
13860
18369
16971
29301
20264
12175
17115
14301
16867
27429
15468
15431
14983
14633
26016
14484
14190
18476
15646
27055
15397
16656
19891
17593
20008
17033
13743
17335
19863
16736
17491
15834
13704
20324
15012
23470
17722
14665
17526
14040
14988
15105
18584
13786
18537
14231
16099
13853
14963
18285
20047
14613
15637
18915
15266
15711
16000
14675
16630
17326
15921
16836
17373
15956
18839
13541
14244
15607
16771
13659
19630
17430
16601
15939
14514
18294
18538
30356
16663
16331
18407
15110
20733
15147
16012
19214
18388
15524
14030
22082
16253
18227
14147
14541
13312
15071
23578
15559
19257
23382
16709
16069
14971
15456
16165
16995
21180
17013
15857
13515
34974
20822
18780
14204
19560
20233
25949
14688
14871
18017
15384
14306
14762
16220
18599
15686
15024
16968
15272
16046
18120
13867
16693
25225
21571
15201
20466
18750
15284
14709
16747
17858
17127
13432
14351
22302
13665
15636
13491
15593
27198
16917
23455
21477
29438
15263
18733
26148
16992
19597
43949
14442
16732
14934
31294
17208
17576
16183
17405
14492
14420
14405
13004
13928
18516
16033
13763
22839
17429
14931
13127
18685
16315
22441
15052
14627
27642
15108
17048
17555
14362
15127
15266
15266
15350
18093
16223
15070
16789
14849
16730
14710
14181
16146
14616
21669
15176
13288
15207
15391
16104
12513
14093
18887
15229
14263
14884
17528
13221
16145
27916
16757
18536
21222
24275
16797
14962
17469
15809
18115
19704
22728
15081
16562
14256
13510
16844
16614
14820
15174
17662
14612
16061
18995
16850
21515
16705
20232
17341
15380
16690
16724
42040
16993
15849
15518
15543
15950
15843
16782
15140
14618
13979
14587
14596
29143
16018
17691
17159
15500
15001
14534
21432
13982
16889
24814
15097
15976
17813
16308
14776
15683
18687
14845
15453
19592
15415
20706
15359
17402
14311
15024
14428
17373
15559
14478
27203
14171
17319
16849
16235
17800
15630
34094
16071
14282
14943
17766
17464
16453
17928
14255
30966
28693
14821
15615
20677
15261
19216
19013
15405
15052
18470
16026
15788
14511
16190
18732
14628
14969
14708
26665
14463
17533
15083
17166
14717
14601
17331
13886
18260
14940
16518
15284
16479
14157
15669
13874
19727
14888
14959
13672
14232
15481
14827
21889
20527
22868
14677
17430
16832
17183
26647
16142
16855
16861
15867
13868
14693
35512
14294
15615
13825
16464
16125
15891
15502
16330
19391
14635
16553
14649
20531
18684
17326
14105
16384
17985
14255
18193
16931
14195
13882
15963
16192
18353
14447
14216
15177
16262
16207
14867
16625
14700
16340
18635
20535
16428
20773
15658
17917
17412
17656
15060
18790
17714
14987
15935
15280
15687
16159
28085
15030
13778
15300
16295
19918
16203
26986
14707
20211
32755
43756
16212
15972
14468
14512
13163
16181
19821
14841
19443
14312
17045
15562
14725
15022
15232
17211
16188
16953
15509
27822
16615
15569
18073
16366
46880
15152
16433
17542
14176
15663
14794
18092
14499
16069
15127
13287
16955
21229
15390
16396
18565
15269
13717
15420
14002
14674
16753
13559
16434
14574
14293
14518
22462
16733
18401
29495
13901
14086
15191
18555
14636
17922
16877
15278
13812
14993
14904
35809
17663
14042
14917
16432
16345
17585
14624
28100
19577
15679
15458
15942
15071
13642
15907
15010
17238
14385
17311
17410
22188
14701
14374
17701
14725
15648
29242
24010
17051
15974
15124
17814
19334
17048
13071
16331
17126
15763
12314
16753
15739
14093
14675
16105
23909
13450
14755
18733
15914
13931
16317
13595
14666
14570
19554
16834
20223
16413
14196
13475
14095
22063
36271
15637
17738
16311
15955
17060
14907
16939
15562
13618
13712
16619
16401
23763
15144
18781
16473
13931
17843
15589
20342
14376
15855
16328
17481
16053
14850
16944
15727
14398
14614
18456
17163
15282
15205
15473
15960
16110
14641
17625
20427
26152
29000
15068
20278
14385
16472
14751
16505
15115
15361
20597
15446
14686
21421
12683
14199
16577
15549
14643
14197
13675
15592
15598
18514
16668
18724
20153
14714
17101
15504
16813
14232
15774
14474
18017
19306
18417
17764
15666
18488
17414
15804
14343
15384
14397
15341
15767
14029
14779
15774
33708
15498
15448
14046
16124
14342
15245
16593
16635
16846
17090
15353
21739
25347
16485
23567
14497
20840
18047
16792
15550
14345
18318
15749
15954
15738
26390
19738
20699
14559
19012
17634
15853
18154
16366
17291
14376
14709
18837
17131
19358
14604
15770
16051
16518
20682
20447
15416
18181
17168
18585
23279
15044
16153
20545
16202
16821
16163
16871
15933
17035
15601
14899
17231
18123
17708
14323
19408
14326
18297
21615
15337
15322
15146
18466
16712
14121
16840
15474
15488
15591
18743
16774
17482
23655
19530
17394
16541
14692
17801
15091
16130
19514
20745
16971
21261
16328
24057
17012
17429
19347
17915
20406
27444
15740
21170
14307
14468
16723
14000
31366
19159
23944
21503
21056
17659
26635
17220
19286
14373
14842
18815
17759
13389
15215
15247
13729
16001
17168
15084
14795
17326
14430
16659
14692
15036
22591
24288
14009
17631
16684
19348
14684
16356
23889
21440
14455
17237
14640
17362
18675
12527
21528
29104
15858
16960
15655
15858
14850
18301
16980
16604
15090
22799
16256
15437
18026
16122
17375
14517
17467
18237
14424
17301
14336
14438
13850
15315
15254
14957
17198
15822
15334
14951
17404
15091
18160
15676
14088
17082
14261
14007
15787
16554
17707
14459
16314
17101
17672
17737
17437
15006
13178
13919
15900
16408
19196
13547
16185
21488
15849
14244
19802
15415
14676
15013
13582
13641
14409
17505
14095
14615
13868
15678
13928
13061
19495
16197
15372
17517
13667
17774
16350
16737
25347
16728
15162
17820
16093
23305
14557
13730
16109
17231
17500
15993
21777
13679
15394
24674
16500
19686
15480
23320
21285
15548
16841
18851
14154
15033
25579
14419
14519
13798
19618
20260
17343
13430
27720
14228
16168
16237
14115
15806
22793
14678
15214
15021
18415
19687
16172
14476
14587
16523
16648
14934
20396
13190
15953
15982
24296
16338
18039
26176
29275
19622
33542
17457
53688
15847
28394
15487
16657
18788
14448
15201
14292
31076
14945
15705
15444
15515
19834
18220
18015
15639
21857
15826
18611
24380
15548
14517
15625
17494
16206
16421
14490
15804
15041
14007
14960
14679
17559
15981
14966
15683
14844
14688
13706
23020
18397
19404
17534
22437
15203
15253
17053
14737
18585
18358
15753
16483
14114
18888
16182
18403
15795
17034
22526
15005
13888
17698
17983
19637
26986
16459
23924
14863
19754
16246
13625
22758
16219
16633
13808
15563
17709
16027
17054
17743
17184
15910
21814
18816
13473
14209
13728
14618
14330
16283
23865
14478
16145
16096
15122
14960
20196
15274
22552
15792
15280
16552
20549
13783
15347
14075
14580
15759
21697
16583
21448
16034
13945
15070
28803
14740
20276
14852
15965
19607
15292
16372
14951
15170
17084
15913
14596
14422
16324
20446
16735
16364
15953
29995
14626
18763
17469
14402
16261
14235
19678
16847
12537
16103
18300
24505
16884
17631
20928
14382
15789
20790
16450
17541
13805
14390
17315
17201
15739
17505
13649
23805
14842
28208
18894
17089
15427
15380
14954
19375
17131
24742
18951
16676
14572
17348
16266
19370
13612
22947
17396
18761
21855
26610
15703
16540
14803
15162
19779
15622
16870
14816
16763
16035
15080
23069
16223
15430
30929
17149
17136
15942
15467
16195
17145
16893
22442
17236
13651
16450
15104
14030
14622
16161
14718
14977
17439
16322
14747
18579
31298
17187
14079
17269
24873
13519
18707
13659
19266
13054
14060
14546
21300
18300
14187
14196
14380
17136
14896
15538
16426
22445
15600
14544
14461
15146
17923
13739
16362
18228
16031
18061
15516
19610
15379
23123
13514
16643
14073
17383
14486
13534
16468
16847
14397
13821
16050
15527
14774
14651
12520
14477
15088
17823
14116
22356
18119
17606
14063
22019
24668
18252
17433
14090
14880
15503
19323
32262
14982
18452
15268
28216
14259
15333
20660
15162
16365
29824
13965
29073
20277
16790
14870
14454
15555
15366
17783
18313
23962
17360
15890
16362
21607
15054
19893
14831
14406
15886
18434
19743
17703
16625
26408
19198
21770
14100
16237
14784
16407
32569
14055
51901
14216
15212
16727
15834
13958
16003
16008
21280
14300
15297
16344
21272
14374
17067
15717
25675
15260
13711
13959
15490
17361
15371
18276
16021
17137
18631
18321
17043
15050
14209
13637
17723
15432
15241
22724
14824
16447
16532
17407
17959
19234
17483
20370
15455
14757
16772
18657
20058
15796
16119
15919
22975
15011
15230
19840
14673
16969
14453
17633
15176
20324
17294
19482
14336
17204
21115
15039
14596
16207
15557
15724
15211
18682
15867
22549
17332
15131
19177
18381
14927
15708
24437
29798
15069
16721
18432
18946
14032
21556
15787
16259
14271
15606
14152
15307
16242
13913
14972
15330
15417
19389
19796
15707
17817
15014
20176
15555
23863
16864
22582
18130
15012
13525
14872
13305
18152
15967
19286
13708
13077
14636
15200
15761
14800
15916
13373
15836
13754
14620
15822
13438
18312
15817
16861
33603
15155
13903
21815
13934
15602
17967
21120
15011
14721
15684
29460
18593
15379
15787
15753
14077
15262
14408
24022
15702
14635
15950
14320
13202
15947
15082
18247
16718
24061
14596
19909
16564
14067
15327
12070
18261
14684
14884
14876
15405
13470
15060
14649
18997
13760
16344
15800
13471
20923
16038
15863
15542
15747
25531
16323
24578
28644
15569
16077
14980
31884
23310
17987
13758
20683
14036
24667
20993
20254
33998
29406
18675
15794
15648
21364
17270
27606
17469
17422
13557
13336
50990
51827
20656
15738
15049
18543
23949
16547
15473
21445
17809
16342
16261
15686
19202
21825
14580
15205
17555
15920
37570
16787
16502
15488
18746
15073
16303
15019
15544
23461
18429
16233
19292
16441
22112
15321
14707
23442
18012
16032
19663
16040
20810
16619
14712
14117
17780
16333
21115
39393
16850
18481
18671
21757
18965
45818
19376
16052
17790
29877
16117
15301
27654
19127
13992
19515
17567
14388
14831
34428
16140
16355
16120
18240
14013
15620
16055
14327
17073
18704
18438
15685
19741
19020
18070
20437
17112
15144
18146
21622
24916
13537
15370
15208
15421
17386
14994
20213
16342
20878
14865
19315
22911
21478
18839
16982
15327
16104
14830
23917
13820
20053
20520
15081
17742
14149
15315
16559
17839
14139
19303
20269
15194
15688
20984
17886
15897
18483
16502
18217
16052
14732
14309
15626
13954
15400
14216
14083
14888
18998
15020
15455
17597
15662
14427
13240
14845
14438
15095
13326
16853
21325
15574
13864
14814
17035
14408
16454
14049
18048
15286
13097
20546
19461
14098
14142
19573
15798
22998
20414
14491
17512
13809
20575
14581
15898
17976
21279
20496
14275
18779
14075
15361
14959
20633
14823
15257
24923
16446
25525
14682
20246
15439
16776
18639
13291
18606
15166
15437
14096
17273
15119
17678
16541
16877
16595
15830
20054
15313
16404
14920
13271
15079
13978
14834
15411
17394
14040
20130
14829
13360
14354
15499
40821
15674
17805
15401
16468
19935
15390
15719
19022
13410
17180
16293
23380
33413
15225
17676
13959
16004
22578
30138
13524
19449
14481
15321
14408
14868
18262
14761
16356
20436
14545
14843
13673
15005
17120
17483
15865
13817
20400
13810
15646
16985
15603
15829
19918
15350
19960
17391
15451
19256
20778
16963
14686
19525
23215
15262
15588
15048
17810
16720
15619
16760
19525
15538
17114
17761
14136
23537
16353
18084
21080
14364
14896
16760
15428
17679
17819
22874
18510
28432
18624
17943
14224
25659
15605
15909
14356
