26642
22354
28677
20905
23810
39540
22763
23503
24172
14381
23926
18901
21789
31473
19701
21468
18320
21603
31856
33162
38832
27397
74614
72543
22744
35161
23847
24684
25309
32174
24985
20225
6866
28435
24635
14793
12463
33573
18776
34106
19931
22843
18962
19571
22992
31691
15588
19010
23346
13064
18207
23520
21557
21967
23472
30590
23284
5968
14733
32121
29973
14109
16682
23769
31552
42445
51463
39307
19461
22296
45069
41330
21275
27502
18828
24011
24772
18086
22168
19911
41337
54908
23454
49469
44225
17448
43611
21544
21824
23323
16769
17744
29785
32307
23044
20416
22175
24758
32712
31753
21436
17570
14331
24724
39772
39751
40178
21352
22974
29381
26227
22099
18458
20876
13312
18597
18232
31565
22340
17676
41104
62463
19633
24728
19988
14278
21883
32928
29897
25216
29906
20768
25383
22944
23288
48601
19013
24280
37580
33485
13346
16390
6732
11210
8658
28059
21721
29902
43472
23158
20015
40511
13584
60901
29703
19821
25608
19082
20376
20889
20518
21422
19563
19522
27362
19970
28177
17044
20086
18235
15955
21140
19430
20049
17355
25729
25370
14753
16939
24995
18418
25513
30804
27880
18284
42136
24852
34995
19851
26578
17183
23179
16971
40146
19698
29427
15487
20721
46435
21885
16829
22337
22629
18816
20942
24885
17609
46499
29819
13425
31580
14551
21695
17288
16132
18201
18740
22994
27956
26751
21045
18675
20165
22420
29549
37657
27663
7320
24074
18798
19273
20604
27173
28099
18314
39210
21793
16133
19718
20682
26120
26753
30636
17694
17562
23860
16955
21015
34707
19637
22413
34153
26259
43615
23570
41712
21969
31026
25778
29269
17552
19497
27572
12475
18876
25266
24137
25221
24652
20135
25343
26636
11822
25091
20264
20783
23342
38886
29416
28458
16582
21521
24884
17169
22478
20705
32320
29322
26305
26533
35699
11258
21990
22786
16478
8172
31487
32865
34150
46879
30372
19163
21591
18587
38841
12597
16366
23279
31625
32766
33397
19788
33180
20311
20025
21176
21132
25650
21593
20530
40945
18504
42989
60413
25650
24489
21782
17934
22140
18842
13901
24299
30854
25387
39971
36124
18490
19133
23063
25808
21632
39143
24765
15322
26650
21209
17282
20745
26612
26904
27132
32926
27066
20365
18535
24900
25001
39209
46590
21896
24533
30696
21470
38274
18851
19588
21233
22695
23244
17732
23435
26003
27652
22472
18872
24887
24990
23991
27443
16629
17736
22722
9881
16965
18961
10881
16951
28266
38476
23492
41684
38434
21325
23600
35788
20815
29565
24277
25344
28512
25710
19655
19376
25594
20986
22818
30380
19811
22851
30804
23993
22406
16565
39288
15125
22089
26826
20665
17834
24260
20125
36248
30459
23576
24235
36972
27787
39149
25628
22636
27889
18877
20452
19910
19082
17725
22058
19629
20709
16206
20496
14675
16149
22116
27983
27647
26372
28443
22716
11457
28232
20606
15588
13757
24194
26602
6857
18422
44431
25682
21699
21428
31601
57389
25532
23001
20372
16759
19793
14627
17965
15893
20320
24219
49184
24878
18087
35897
20204
26944
22768
31367
18883
29593
21473
28256
34339
27209
20920
23355
31615
20231
29297
26505
19000
29795
17524
19442
15558
20403
22509
22382
25314
23780
28163
18025
19463
20074
21967
12905
12749
19024
20781
26393
27019
25325
14125
22775
17244
19478
24415
29097
19587
16358
27384
32034
9538
26487
26894
24864
28415
23013
24758
16679
33227
18539
19759
26983
26580
24939
40031
46389
20636
19643
23027
22539
13604
20839
5395
15376
26353
19272
19363
20425
22377
33828
19130
41809
43861
46343
33495
22331
12751
25897
20014
25420
27642
28486
21710
28661
14638
22253
19360
35278
18857
24278
56570
46506
23116
23926
23383
16057
36131
15235
15778
26963
19395
34238
23522
22412
21870
42025
16505
26642
30737
23136
14374
14668
20457
8154
22306
20620
32241
19627
30214
41143
20132
45134
17749
45730
28634
18081
21211
21972
19804
31955
22010
32290
14290
15697
20578
14607
18560
24574
18081
24105
23874
18278
17129
23377
19303
24809
20558
28208
44051
84784
22104
17922
20655
21595
17021
39105
62354
34187
30366
33134
14256
36864
23711
20870
45876
19424
25580
26668
18404
29570
17091
28056
16620
26569
32310
21477
29297
15510
21278
25201
21202
26985
26593
15302
34667
23707
30159
38610
35270
20923
27477
64810
45071
16906
16060
21141
30168
22894
23918
16215
22008
26636
18337
29556
30267
19330
16412
21896
22747
48784
26770
29176
20737
28162
16638
25724
18601
26510
18888
23877
19280
15648
22095
13820
24821
25441
18490
43484
32637
20698
30454
39628
58323
57135
24299
41793
28587
22639
22915
21399
16042
23390
20794
27790
22254
36094
16261
13916
13145
20214
19599
17487
34946
24238
19064
22477
27134
14233
14284
26980
16376
21236
16586
41439
15081
28878
50430
56582
13730
19588
22528
18816
42563
17459
33093
13700
39117
49331
26783
20367
16839
18033
22912
18126
17928
18143
17953
26726
23202
31277
28290
22375
53223
16470
37918
23393
10570
30402
38613
45097
22741
20280
21065
25179
26982
25728
23557
41916
66596
73501
32874
20487
17081
26980
15042
29974
26207
30368
22153
18607
27944
30643
17778
26806
21002
13867
26603
35050
28026
26881
22379
18736
25325
27930
54654
55883
16316
20802
21947
21139
38182
15125
19450
34870
17292
28771
26409
22094
16372
31238
21660
25283
16292
24911
23888
24277
24292
23708
24940
16505
26148
24515
30907
25798
15483
19627
17960
26661
20691
21690
29205
19100
21406
21420
25205
22376
23478
24451
46224
20538
19627
27255
21718
16353
27831
16743
24579
18258
19012
20767
28421
20254
20571
45415
23305
23960
20908
14534
32299
36668
21597
17021
21741
17349
23869
15954
17761
35260
27091
22479
34423
30008
16576
14209
23506
25623
18858
19161
23212
17794
18031
26653
11063
15461
20530
20532
22581
15372
29687
17339
22817
24425
22008
14059
25238
23770
28400
19983
28015
27342
25397
14668
22740
24360
36399
21568
24076
19954
16673
34937
13720
28125
17257
19455
26407
20706
24262
20507
23341
21629
27081
21309
17367
15972
22649
34001
42184
26699
21272
23072
20273
24873
33962
24197
23512
34777
22174
32454
36120
35589
18289
36307
17188
24880
40836
19632
24834
16745
22061
27049
16860
16334
19571
24762
37725
27795
29998
19862
19863
11249
18837
17075
26526
14354
12090
24129
30462
31466
26828
16732
21954
18731
27855
20248
34640
56670
34273
38303
27905
18624
16378
24903
17696
34843
22856
16015
19055
22664
37417
17692
11778
20755
26403
36724
36429
12213
26149
20609
19691
36731
22097
29963
23109
20946
27233
38925
12594
32531
15391
26220
34217
25269
32245
47297
62955
18467
33894
18176
20765
10961
18401
18839
14096
19523
38160
19542
16412
25345
38568
33328
28200
45859
37330
19305
18092
25104
19583
32594
22276
15810
23329
17424
14789
22293
21557
20802
30858
14584
20291
18275
25166
17082
20887
18617
29966
15028
36264
25090
14353
36282
26144
31431
20707
18408
32054
31039
33872
15644
17388
22276
33028
28110
46519
20003
10783
16309
23348
16618
20510
34284
19152
15561
17498
19821
16775
13151
20211
23952
21340
26308
18711
49585
21292
19266
5769
15533
39057
18178
19404
31446
27242
22345
20961
23762
33358
21446
19776
37591
20583
22878
48647
53368
35295
26048
21188
32840
41778
31828
19598
23210
21754
21118
29397
32028
17912
12717
19617
19836
26425
19690
38036
23018
16571
28809
14534
27100
43158
18284
28372
14606
21236
29883
18712
17718
29560
19099
28000
46189
30014
14485
24168
29357
28161
39831
21484
22879
26778
15684
26614
18128
16564
20101
18563
20216
21071
31404
21050
16450
15843
19582
25748
24894
14799
24373
21188
17159
40150
19320
19546
23480
14990
25054
19501
31822
20912
14236
19779
19621
19422
25888
10225
19520
15674
25697
16440
31955
28102
15515
19687
17975
24312
24830
16331
20667
20993
16561
17369
24247
26003
30020
18632
18071
18623
46660
23033
12899
36667
17738
18545
20194
19245
23736
14316
36880
19282
23067
15122
27799
20892
18505
25805
18792
19364
30728
17113
31134
32927
32313
53968
56029
35735
16194
15019
20089
16016
21256
11361
11173
27921
19790
21035
22514
14979
12796
22320
19055
41948
32082
15626
21310
21615
23895
15146
20748
13643
10323
20228
15688
28744
21097
14641
16816
21431
18111
28779
14792
25128
17468
15805
46631
14860
79926
29032
36237
67891
63762
37160
22031
15808
14776
19556
38288
31593
24618
19203
24620
20186
18987
16269
28487
24477
24380
33954
37828
57737
26385
24134
38915
26986
18100
35867
17905
22967
21576
32741
19708
38156
25782
16950
32836
19371
28773
21114
18961
27707
24046
15337
21479
29733
26660
21949
39658
21847
44650
18876
29733
14765
14140
28000
48440
21702
27485
22798
18616
20370
15214
39689
25087
24783
21406
11837
22336
23087
17975
19819
20667
41049
52154
72476
83886
23701
34109
21240
46996
84108
48846
55870
36944
25082
31071
23593
31348
22570
20944
25249
15759
27502
23752
14637
63221
17594
28476
14385
23523
19958
26294
40018
17524
26916
16493
17575
20571
18936
18614
26003
18313
19026
21274
20042
10634
23865
19794
19311
21643
22223
22054
21930
19758
26250
28163
23193
28803
21227
39253
21458
20069
34398
40177
13443
42934
11762
15718
20737
23183
19595
24968
25125
24760
17055
13623
25131
42190
46231
20987
63836
53827
20494
25031
21150
24220
17009
17490
21466
12425
25487
20324
27252
19790
40204
39302
21197
23652
23691
22500
17004
21045
24084
18444
16879
23387
19735
21179
25854
21078
20225
17101
15241
22858
16144
23528
19456
22265
47543
25632
12952
29559
29334
18899
19231
29546
23924
12064
15445
23286
17190
17337
18367
20253
25591
27023
17660
16433
18271
19107
12874
19357
33962
47485
22512
32959
19368
20744
14115
20671
21718
13525
19623
31220
20135
27951
27511
24965
26186
22293
15864
20611
10735
25222
19180
29050
30410
42544
45783
29875
25419
21774
17783
38175
19648
17358
20015
21078
21880
18710
23585
22961
19920
14693
14714
31633
16989
16189
21398
22577
32827
25298
24504
23411
22136
24525
28896
23346
26714
26789
26491
20140
29263
21079
32307
24061
20379
22978
22336
48490
13784
18573
14915
16454
25084
21229
26825
27472
20791
22497
21748
22429
19192
18743
20655
18382
25387
32436
15184
13433
23792
19501
23317
42673
24725
20404
16091
29351
13499
35866
19417
26003
22536
17000
15176
23715
26739
34631
34146
23216
35332
17208
19984
40087
20475
21504
29225
24264
28026
27348
19096
18033
29309
27455
28808
18671
20339
18596
19647
17761
12554
21467
21079
21021
19852
34757
19908
25854
20439
23042
18171
18909
24646
20841
23387
27593
20017
22579
36413
17570
17486
23330
17642
28261
17331
21974
22092
15293
20820
28047
18592
14949
18436
22342
16357
32568
27817
24155
36988
25357
38642
44861
24140
22606
13451
28459
25632
28273
27724
25858
24210
27957
29615
19051
11139
21193
13145
17581
20146
14510
6576
20845
22970
11799
15940
25511
23693
20481
19136
19291
30845
19910
24646
26391
22875
17601
19420
26920
18683
21532
30882
15336
17321
32468
46455
32746
15657
28334
21112
21024
15634
20394
20151
31737
10887
29807
28371
20102
30351
19874
38113
17765
27118
19648
18782
11094
18531
15714
9769
21316
17958
31422
23196
19364
29279
15847
13557
13727
24476
13870
17149
15631
29955
21914
19486
21534
25501
35051
50634
33004
26900
37511
24207
28838
22007
43205
27020
15266
12100
30175
16866
37411
25149
24999
28405
12980
21590
25117
30154
11472
20978
18621
29827
20225
16682
16497
14155
21677
30065
23562
19777
21632
35108
24845
18918
23304
30118
38181
30346
21980
26902
17380
26138
20151
22763
28484
15636
36112
25483
16918
15512
24721
29482
25664
22223
18690
16123
17231
31375
33461
31279
14367
18956
27551
28174
25629
13724
29684
19855
23987
21773
34700
36159
22043
25570
24513
30795
23718
50765
46960
36292
40494
14822
40222
21635
23443
20803
28744
20510
19917
22197
15605
6908
20264
17447
24657
20635
13082
19008
17691
24315
22969
33731
23638
21443
18293
24902
17101
34312
27446
23115
31339
17766
23870
17915
21892
29258
21841
22137
11360
23295
27816
36225
18318
26179
48853
11534
18901
23891
17014
21719
33854
29480
47491
29105
21014
19997
15754
16965
18445
15421
24695
33506
26583
22283
26451
20527
30494
17284
24412
20335
35105
14302
22755
23633
43576
19469
24292
13861
24117
17087
25619
14512
21167
25756
44451
19523
24128
18253
35990
27858
19460
26521
25459
23995
20148
22240
21697
23158
24272
19786
43670
16319
12374
10686
30475
50443
31848
22226
10075
26361
25163
15086
20015
23740
22825
13132
41130
19529
24870
22998
18894
35955
25804
24375
25862
26648
23930
18213
13080
17893
21571
24421
47287
21941
19400
23835
27820
37978
19726
22819
20036
25620
17230
21454
35316
30900
17888
29111
19970
15005
14846
18029
11619
24714
45032
43519
37076
52901
13245
19052
13212
27767
18577
18819
9464
12819
14753
32680
30295
28960
21083
34044
18870
23930
13493
28011
24702
53196
12058
27158
27920
35740
24618
20089
29282
19691
24319
27921
17687
17711
23123
33518
20428
26075
24571
32881
15630
23790
17557
33066
27438
17952
15214
21596
24383
15728
30868
20712
20296
25578
25782
27473
20633
29986
24047
20929
43273
25230
26659
17358
63080
80138
15254
27969
22387
16465
27282
18066
17602
25532
19904
25444
16817
25573
20046
37755
20040
23562
16111
20936
26960
32631
29383
40631
15714
15214
21862
11773
31182
26162
16311
19847
16297
15231
27561
46324
18063
27239
44310
37324
21385
22751
20659
30261
18413
15692
14213
23541
18293
31630
54689
28753
20636
34192
29527
19668
44699
23376
16421
28725
23080
20097
23053
20665
19820
22844
21592
22927
42115
7045
15861
25311
40335
20051
20797
21894
20046
16172
29913
15562
18638
29975
22287
15814
36533
29446
16932
24935
23039
37107
54244
25243
15240
14011
23260
19326
19711
24516
20482
16341
20636
16991
19305
16489
20410
35513
22245
27354
27024
12513
16239
28943
23244
19917
22690
17269
16480
26502
39284
18035
22461
10058
33428
27146
31229
24338
18291
18870
21601
24854
18474
23299
15787
23203
19699
10042
16263
20180
23963
28835
34682
19862
29056
21669
22482
16192
27876
23079
47215
28229
23098
26027
15249
17807
24199
23569
24889
20672
25951
24746
18251
21113
24983
18010
25046
27134
31765
17631
27831
21173
20214
27883
22526
14298
11046
23189
22411
18479
20740
33981
19308
12216
17193
31001
15947
13367
24683
24375
25478
33807
25512
13931
14766
23857
16914
15136
32611
35090
20773
18135
17132
23642
30156
52929
31394
12426
33062
15564
16213
38118
21508
16465
14258
12812
27162
52346
22823
9671
29547
33279
57619
50398
25747
33420
24412
21362
22169
17878
14969
18716
24111
22498
18268
17840
20927
23119
22906
19817
12516
21380
36529
23253
16958
14382
15362
19029
22023
20612
11858
26221
24974
27092
21163
15770
45177
26722
11064
26953
24204
15596
24495
19176
28887
41743
19188
21982
16425
22078
31425
21116
18298
26420
22035
22272
23923
19638
20225
19913
23552
20566
19121
21596
21398
24880
32720
11076
27519
39724
23660
16132
26475
17200
23064
11345
16258
17905
26298
27977
14850
19260
27092
19490
19119
22096
14396
28466
23798
18316
24184
45235
21127
18965
16462
21310
16020
20022
14789
28080
14813
22671
30908
24528
21452
29382
28306
17892
31607
7088
16091
21021
20345
14293
27032
17034
23060
23512
27390
13737
23247
23537
18774
24173
33552
23827
26304
23301
24479
43934
25164
22059
51678
17594
17753
21961
25530
22248
24548
33865
31722
32907
34665
19524
19535
27805
20671
25674
50332
13679
25089
33167
18541
16629
20131
20324
24675
22236
18379
29198
17540
45146
19218
17431
25003
17426
22286
28801
25500
14249
20121
19930
18978
18614
16108
21599
26307
19826
19554
24462
24711
20000
18536
15316
30769
39715
37705
16543
11508
36086
47960
57441
35603
31867
26451
13896
13488
17967
33505
17888
21430
26857
20048
43792
16319
42455
19046
30728
23091
17726
35045
39464
26340
17022
12133
30006
33483
21771
23776
41277
28022
16937
23514
34680
34421
22138
20613
36539
14503
34509
24483
43260
24480
26762
28866
103966
23013
15056
32424
18831
18942
14104
28523
35077
27056
25462
20369
21779
20652
14666
48816
13468
18473
16404
17196
31237
47090
26278
32905
23196
28813
23763
36370
17127
23812
18953
26608
19271
21485
20682
27667
22921
18628
28169
16125
25313
28519
21263
20549
22216
40823
32953
54297
21331
19479
15060
27125
21776
33209
12175
22621
19104
13548
31163
16360
24573
21401
27500
14386
18768
18366
23137
25381
18601
19403
25990
33682
22209
31970
29528
34396
24984
22714
32234
29464
20222
32604
27962
23081
11257
10501
19016
13347
17579
22656
23683
20138
19892
18843
11066
16513
19666
19684
40557
49836
16181
17773
28969
19781
18253
22911
19152
25508
21612
19189
42215
20991
50888
41547
22681
36396
25194
15467
28713
26152
27125
20529
18439
27002
15545
19430
20964
26021
15072
18543
18179
26015
29898
17524
9668
17514
17203
18043
15184
21983
15790
22497
16246
19266
24261
18960
22009
15761
15653
24239
16661
26547
19355
48980
27739
29792
30100
18068
23296
16404
19813
22063
28340
20634
40723
22297
21117
16956
8488
34325
58634
21649
16478
19040
28429
11385
14945
17521
12991
30853
13385
23008
18835
18886
20056
19887
19205
28516
24403
23301
17359
25459
11384
31210
21452
38860
19570
20739
15947
39017
40575
16506
26308
57068
47756
23896
34754
22296
18611
20011
20246
12301
26835
20071
42805
39360
27072
17943
19060
15840
30289
17989
23587
35240
19832
28912
21181
16517
25669
16367
31859
19810
20590
25462
43086
21140
16891
19796
34511
24914
27781
17618
32503
24510
31434
15720
22641
24166
24121
23385
15770
25225
21913
13284
18169
17762
19797
18183
22549
14701
37156
14611
18512
16794
20390
13074
48702
20191
16173
21452
19858
25739
31600
16507
15693
25671
31726
44521
28573
13412
19743
37394
49526
53740
14251
18894
14564
24611
27504
23953
35127
21541
23277
19055
19551
21393
34704
18185
15940
21565
18815
27166
14596
17387
18606
19609
16366
22911
20758
22443
15227
15836
25742
22879
22522
15492
21357
20520
18216
40894
15948
20645
22735
20154
23643
42719
14284
21657
33211
16847
20300
29759
6024
22581
22287
34386
22274
23868
22038
19254
19051
20180
19892
15925
22899
31690
18841
18160
25699
21157
13146
13202
15804
20300
17566
17771
23189
13709
37461
32566
17906
22533
21447
23951
16829
20067
19917
28399
19910
18185
22714
29460
34602
14669
25004
8246
31779
48629
64133
18670
25101
21863
19477
15381
15527
29368
23249
29918
31480
25454
20559
21854
28047
21491
25027
20684
22714
19414
37801
13635
14163
27296
19374
17728
15680
21528
15904
20165
18274
23113
23113
21201
25651
21588
18440
19614
24492
27530
37023
33602
57931
43991
30834
20857
30611
22245
33449
15956
22695
20626
13498
22566
16796
23659
27916
22300
18086
28978
22567
25230
22053
24040
23254
39528
48804
16246
21758
39414
21542
16630
17000
15689
18489
16031
24302
14475
28177
37076
27661
25734
11971
48610
20534
21822
27515
17617
14984
16607
25032
48969
20205
22434
37159
37695
25038
20350
20018
12106
17761
17267
26506
16958
13579
30155
22777
40885
16911
20374
20070
28035
27462
21121
24129
20032
19872
43380
57431
20230
22310
30686
16330
24909
30124
24624
25974
17830
22544
23055
20823
26033
27965
29413
10814
18993
28521
22102
24086
19614
27617
24735
39011
14230
16293
20366
24155
22456
30327
26262
27169
23184
17532
21286
22582
24682
27108
20254
34506
31017
22675
19926
19869
31147
10276
30229
23250
20950
18609
13541
17844
18608
26054
15796
21584
15522
11226
24512
15690
38084
14932
15213
18642
23904
23760
26371
7904
14845
19708
23017
17172
18849
28241
30016
50644
22616
33074
21257
21555
20094
21183
20344
14910
17531
23055
50704
16136
58427
21043
31945
45059
18002
30864
14662
26656
31086
22977
23934
22271
23443
28454
25885
40528
18385
30795
11124
23975
17560
16552
20318
23016
22744
31184
25290
28856
30146
26352
36328
19643
18568
28264
20153
15898
16793
20894
18037
30058
19405
28002
14376
20861
29475
36684
22660
10241
31747
22210
19980
22520
16898
16008
24749
15372
26247
24000
31593
20716
36289
22635
30957
28258
33319
40070
21679
22050
12748
26141
30184
14985
32109
13734
20452
25786
18570
33497
16287
18029
21469
29047
33860
15155
30883
17875
26397
22007
23448
28558
26675
22405
23935
23277
17228
18812
30951
34340
63371
17012
23504
19738
32010
17610
24697
37027
20570
19459
17539
23403
19177
32142
30293
62316
30148
15866
17052
21322
16330
22743
18848
18437
12819
33336
24004
26410
45304
36497
22467
29786
26890
32388
17299
30158
22092
18847
29000
14955
22289
24024
16276
24169
17172
23700
20992
11525
11479
24372
24343
22384
15540
22670
30954
23171
24732
51651
22489
22801
31407
14720
28020
21115
22063
27132
30512
12288
28528
16754
15329
27862
16134
17865
27903
23339
21055
27761
26856
26426
22958
31235
56361
73869
15335
37263
50359
15043
14357
11273
22233
27389
21325
25273
16703
20421
33644
23589
28332
28119
16189
19832
27641
19773
23957
25245
17958
17654
23598
16247
23243
14628
37905
26301
22624
25329
32341
23601
15940
16461
27841
23629
23918
15411
22023
17506
19754
17764
27536
23505
26157
14786
31145
29021
31303
19735
18580
21304
22017
31330
29748
17968
27244
20284
25794
26624
21110
15307
16341
22908
41308
19545
30383
47348
26488
16385
27131
21462
31788
19563
20581
25107
29354
21413
13645
21798
33761
26690
19614
11660
31911
18851
35172
18367
30542
19949
25091
20950
20855
37168
32927
19116
30556
19807
28165
24070
32364
6820
35418
45904
20391
16069
21529
19260
33613
23001
36848
38379
40563
17099
32657
24101
23231
32450
62119
31211
17378
18361
17786
27878
15726
17940
28398
16779
22853
12383
15590
9330
27553
40072
17620
22151
19094
25069
31485
23038
23580
27626
29048
18848
27349
23094
23340
22734
23202
22935
18773
17301
23095
26989
29251
16909
16183
20104
24945
33034
24156
17485
23748
32543
33782
35170
27582
27652
33950
40787
28851
31811
25512
39085
23911
23842
22555
17791
16018
18253
17898
19991
31371
18117
17175
25094
27493
19361
17585
39483
23034
27912
14355
52742
29529
26429
19991
20764
22345
24161
50925
18686
17705
17604
20244
31484
22390
28640
24648
28140
24765
15957
20495
17443
10018
27175
20774
21577
28717
12299
19054
20345
33931
23349
21034
31071
37467
29174
11798
17759
30088
20476
28365
22794
31430
14454
30672
19677
30564
31012
23880
21468
26549
43877
20693
19634
24125
24327
19566
11771
27269
8768
19485
18098
26163
43475
31390
21623
14888
31725
12315
25954
18296
17334
24783
21459
18557
19473
14666
23992
17885
26801
20247
19957
39871
16684
15700
21851
21635
16712
20466
20898
29959
17916
24914
23008
10787
16851
20667
14508
28925
17931
24949
23347
30620
18564
32665
12833
24225
18935
15034
18410
21001
16164
21485
21699
26190
17504
21476
16147
18871
19960
19832
25917
18670
32136
22736
23898
34104
18342
16648
19744
18366
24575
35102
24267
20498
26020
36393
33435
22239
30381
13038
16249
22397
18934
21482
33546
36998
21535
29046
43379
42497
24661
34231
17832
29061
36504
18047
25873
23774
20165
19287
15756
18374
19845
15261
17533
21218
18021
22713
43084
21209
15365
27895
26480
28118
41357
17483
18556
15769
22264
21079
28491
18754
20611
31450
27868
40761
46779
18214
18773
19575
21503
48414
43537
18911
37843
16908
45157
18091
15198
21159
19426
26505
23259
14962
23942
23337
15357
28640
19974
32907
25374
21426
28071
35971
26897
21032
29723
21706
26707
22397
15933
15809
21804
23687
16837
23081
26211
34630
20248
25818
36803
22881
22813
21174
24219
27939
41164
25970
19675
21531
20306
36108
20544
16674
16811
30880
16481
25695
26961
15018
17474
22468
27610
31309
19877
21022
20979
18045
18563
30231
47319
19140
24168
12995
23168
21955
17987
14064
18595
24193
15023
19265
13985
18543
18414
24006
35566
25314
39862
17160
28186
16642
25311
25968
29100
45748
46586
23775
25013
16741
17107
73406
18332
20673
24355
24364
22782
50474
14708
27024
30117
45222
20315
19359
31056
22444
27648
26156
19595
32885
23870
13148
17001
16732
31117
15512
28174
30158
16621
17867
33125
29470
44348
30781
52530
70097
21236
27320
31436
13782
21844
26752
21874
17021
20451
15561
25097
26650
28368
34445
26911
23390
37566
13396
22288
20128
17818
23797
22818
21475
19433
24932
31490
26043
18048
27582
29064
47060
45567
28988
35089
24881
23279
23212
27834
19457
20467
31713
23067
27724
16973
20487
21624
21726
21740
18087
22625
20389
25025
20832
14284
37723
52210
26066
28554
28274
17455
17899
13613
20445
21252
44005
19972
16516
17668
31987
19035
32710
22323
22045
17552
21022
20790
17273
11883
16649
33929
30307
22692
14631
19185
22298
17649
31642
20860
17907
40299
55958
25591
22081
19320
19018
17741
19196
18234
19004
24037
28589
20422
41753
23789
18541
10754
27101
18499
15408
17266
26458
46511
22252
12627
18927
19416
23139
21163
23479
55983
21665
29050
18835
21012
30280
23526
19779
32047
20499
17591
19952
44833
26866
17625
28467
23262
19045
26621
23029
19026
17374
27008
10991
17169
19668
16161
21199
20293
33316
22866
21447
23755
23794
16168
15985
24289
29659
17756
23280
29832
37644
24921
47739
20206
68124
17421
18689
41987
24135
31668
44909
20253
20886
6106
20271
49184
21505
25747
33150
49051
22088
25352
20258
24999
15833
16060
20091
32286
25293
22239
16319
12050
23985
25085
24722
34606
24487
37594
12829
20537
17591
21315
21979
26438
38010
20210
21824
30196
49223
18769
14663
19505
20849
22747
23593
44105
20141
26149
20569
20380
17284
86786
89387
57432
20212
30610
37131
17203
26620
21473
17053
23898
20483
23390
18472
23119
20997
27482
23555
14901
22447
17574
35973
17660
20212
28398
24687
40472
23542
26077
21026
20715
19976
28730
19773
14425
15048
18315
20975
19541
15162
26173
27714
39524
62639
33810
40946
21166
21783
19394
21255
20777
21395
23596
13084
11395
14246
13774
20393
17413
34560
28509
39083
44477
44578
27925
23134
15917
20893
17855
14598
21694
16569
11186
23541
23057
35718
25927
34922
19877
7820
19643
47715
25986
18398
14890
20521
23193
16499
23322
16432
19343
25140
22089
28425
19281
35518
29962
19649
37953
18094
16457
37838
21821
25599
26141
20803
21247
20586
18970
18718
15136
21633
36971
20937
41672
13576
21718
18676
25963
19065
15410
28487
18644
39592
17619
21856
16448
20923
22609
21166
19094
22930
23444
26213
41636
11011
44223
27880
15933
24552
34260
24039
21407
36758
33348
28168
38493
13751
16884
25663
15344
21301
33618
17939
19199
18883
25542
26034
27391
16096
22699
20490
16133
19688
16583
21232
25365
20096
18618
13205
14807
32692
20013
18592
29808
26374
15115
16189
21867
45759
16602
20274
33605
17339
18788
16916
25745
18048
12827
45071
16553
32200
14382
27418
29607
15352
19567
28624
13666
18205
21817
16398
23161
22734
23749
25811
12298
16393
17738
31188
24083
6227
33530
40331
25373
40196
22467
19618
31355
25031
33458
29005
15635
20012
23501
11089
18909
19898
21455
20440
27746
31289
23237
39258
56493
81302
98518
46192
38283
21075
23136
16325
25847
23068
27937
18657
20972
14338
23393
29572
38260
26433
27086
13265
14328
32553
40568
21803
11916
31280
34971
21480
22865
14928
17700
19159
19357
30776
14253
16929
27887
18489
14604
12693
22369
32243
26553
18971
34707
44047
68022
23648
24715
31704
18368
23719
39786
24495
17337
22392
22083
17902
27114
20519
23792
24761
20323
15282
20821
12772
18841
12825
21556
9987
28341
21521
14102
13027
17672
10452
28009
11243
20439
18097
20415
10938
22206
28387
29361
28427
15066
34661
60751
64143
78637
21863
31128
11607
24372
26867
71869
57638
48707
25445
21146
20690
20179
11089
16389
30936
19852
16912
25604
29031
20606
15452
16868
18416
22419
18707
25454
30433
25580
39573
24787
18779
23871
30709
49736
27831
38680
40900
24522
18055
29866
20484
21288
20662
34158
24165
19767
18153
26569
17752
13865
13597
17328
24631
22464
35768
18998
32060
37570
18153
22873
11990
20235
37322
31296
19722
18605
37767
17567
38396
21879
32038
17568
14696
32351
13186
29823
26733
42755
23995
19835
22938
19365
18194
24545
14493
20145
18573
21723
29062
21080
18502
32838
47884
30605
18364
27985
23585
32500
41845
21758
22794
21033
25005
18713
17849
19602
21465
17441
34342
23499
20563
66626
27803
27091
33637
19284
42598
37929
18758
19018
25566
20931
29052
46935
20954
29474
26327
24249
38309
24534
37094
16409
21839
22381
54721
23969
16962
13496
13614
21275
16857
32017
44331
24458
19521
21722
19323
14836
34589
25982
34403
23519
38919
27410
18498
21932
27191
19625
13430
22066
30890
12462
26448
35327
15340
18337
38223
36122
15487
22692
21488
22333
18001
19975
19744
16093
27966
18795
40062
25079
23121
23993
22800
17740
15149
37921
18758
21766
23190
13005
21008
12402
22486
17684
19366
24105
20831
31314
40397
20593
17598
28257
22405
16873
27881
16041
24122
46463
10690
16432
22940
16089
12810
21694
23743
18838
27272
13721
29792
15210
26309
22529
22178
24703
41119
19850
15290
18487
16474
17910
20449
23939
27024
19146
21575
30378
18206
16187
22085
23814
15911
14177
30860
10211
22038
17644
25347
25764
24421
31478
25345
18793
19462
13905
39197
24865
25565
17849
35241
23414
47870
24099
15515
39550
17978
19552
14195
35464
20329
15940
23799
57249
30085
13850
17105
42192
29435
18038
20964
36273
25407
17937
25986
15243
26682
20361
23331
12247
21609
23297
16405
34441
40410
23192
21450
31918
23851
15132
13667
16274
22336
27748
25736
22316
20011
24666
23887
18082
19600
19389
19465
28391
39448
24425
26662
23496
21697
28720
40504
15933
19741
24289
14671
20384
19572
28008
30827
18693
22323
15498
23475
23448
16512
16921
28622
24419
27496
17244
17224
18743
19304
25998
16627
29378
30412
35424
52310
71706
16255
26053
21527
31287
17861
31318
18382
36558
30266
19005
27918
13546
31527
21919
21413
18003
24273
24522
13013
20842
33755
36327
40675
20286
15417
23867
29112
27461
48528
39202
29669
16144
41849
14885
23084
29527
21215
24525
15148
18107
51394
63794
24003
17437
22957
19241
23373
16903
24758
15170
38320
35816
27211
30719
23137
21758
29232
21911
41295
62824
30232
22802
19681
12229
36509
48332
12734
35875
19899
35917
47471
50448
72324
31609
23818
17825
17996
16824
21750
25866
16061
29534
12559
24607
19294
19564
28814
31318
16743
24527
16372
19406
24632
25361
35716
18056
33858
50958
24812
23757
38853
16760
16728
35088
40932
10821
22419
18931
38415
30629
22535
21753
14823
13790
18487
24965
18553
30229
21442
18993
35292
24005
13549
14202
32046
18985
17720
36337
23907
26566
33309
14303
17321
22859
18025
23023
43113
20855
23504
23825
15484
18279
21566
20611
15583
31984
18078
17078
23259
20129
18526
25842
31372
22763
28522
50146
29689
21690
28248
30655
19978
23497
24776
31359
46693
22966
27845
19233
17002
23140
14211
17052
19588
33662
33107
42281
17349
23616
19517
30045
21086
19175
23223
22840
24871
17584
21341
15748
30068
26648
49414
24387
37541
20651
19692
14169
21270
21298
20251
32411
22938
14245
16987
13372
20211
27105
22046
25978
17423
33665
15732
14778
14419
24183
47325
29137
22131
20334
10196
26606
23950
21764
28832
26261
41761
26305
15652
20592
20042
18648
35277
20955
28197
28369
19426
36092
29202
16469
20715
15770
35570
40737
22042
29872
18788
31231
32151
39023
13761
17643
24568
20013
17447
17667
27840
13067
15051
20713
35549
18680
39228
22179
18852
21870
29230
19245
25289
21280
37878
53618
8644
28631
21200
13196
18854
20491
17166
24692
23684
25642
23675
18788
23572
25449
19367
17959
25074
17407
18343
19749
16074
26811
28051
13976
25204
43113
23061
21734
13727
38573
20589
33679
24235
30196
31279
26568
16929
29158
37594
17282
21354
18014
21731
25876
25196
18567
28973
14336
24323
10800
14620
27929
21079
19596
30083
24047
30925
24004
21155
50927
32753
16280
18852
18206
26421
30749
20507
22237
22574
16310
21723
13651
30610
19747
57594
20819
21031
19528
19750
25323
17893
22463
30216
29681
19747
20247
21102
18179
18876
26966
23858
17117
47969
21084
29896
20681
34269
28946
19196
18338
23446
18618
20342
15128
21516
14015
23201
40212
28525
16390
24817
21409
20906
36042
19705
28502
26721
11414
15240
25625
15417
16127
27023
21242
21597
29821
19979
17666
19148
10325
33993
14853
22154
22495
21836
13799
31088
26516
16313
17531
34420
28504
20961
14294
20744
14493
16157
18816
23514
19949
21092
44555
24821
42664
27795
18162
19145
26245
24426
31107
21618
10344
15647
13314
29435
15842
25895
11861
29698
17839
22611
27703
32502
20523
26040
15408
22063
12572
29649
17483
20585
21836
15852
44217
29373
42005
29521
22644
26444
10787
31974
25205
25703
21225
23563
29919
22240
18875
23549
25851
17959
28746
13525
17721
28760
19238
38274
27468
18907
38828
31373
19499
33539
25078
24635
28502
14169
20058
28460
27969
24328
23091
21438
14879
21462
21371
18567
28036
17964
27138
23129
21228
18538
23400
29525
21875
14321
22850
23915
36107
27346
13471
23460
18771
38368
23054
20519
17567
14720
9298
19973
22838
15387
23385
27302
18367
20885
31958
26074
31021
17568
20152
27352
23700
23281
12270
25882
31539
17810
15016
20036
17497
20334
14786
16790
25461
19958
33552
46941
60800
43412
17291
24869
26031
20938
27758
37224
19313
25790
52926
22659
29903
20581
43219
17139
37230
21192
22049
18268
35960
17420
52115
38838
53433
22677
20793
25129
33696
24583
20682
19140
32766
33604
19681
23306
22523
9839
22974
50855
16790
16331
23620
19798
25231
30975
34289
21698
24684
22948
15185
19634
29438
20031
23826
48992
19317
17352
23354
21631
13937
19364
24400
15579
25858
21336
17928
22144
18674
8270
28686
25745
31755
33050
22263
21005
31731
25449
32695
33157
28623
46505
18601
22353
19242
25819
23586
28762
13547
24623
20700
32514
23226
24049
20562
16146
17257
27075
25979
24979
12770
17802
16840
13371
17054
29689
20515
15210
16479
23053
21345
23501
17589
22305
23983
14623
23099
13166
22309
22624
22698
23965
31979
28614
19907
24370
21072
25647
22242
17938
20454
23251
27423
26606
14853
35589
54039
20509
23996
17076
32466
17882
24863
23091
16286
18439
27846
20309
18712
25531
21194
23083
32283
36485
22203
24300
30323
19042
15756
22057
25802
39383
37770
70330
51256
86487
26758
37156
26766
54777
35140
20849
47949
15922
13708
22175
19305
22908
23633
21770
25274
20552
16170
34090
50831
20712
36366
63392
26894
13393
25498
14686
24103
22579
12443
17867
19137
25320
38929
13859
20242
18733
14256
20452
21257
19517
31903
34364
27205
22761
24444
13036
26541
16605
14958
27047
33507
46094
16862
27146
20192
18980
24317
29865
29610
50487
63965
35089
18282
20795
26162
30540
20460
23116
22802
19272
18867
23787
26667
25414
13911
27729
17596
22965
17237
27651
21669
17953
13040
29745
22831
22084
42332
41557
16008
32642
18643
15766
24022
16117
14021
29701
20035
12322
18423
19409
11708
25006
19551
20697
24482
37549
15659
24523
24029
21418
18588
21926
14504
32879
23947
17419
20741
15567
33125
22809
18315
24657
26510
18475
24649
20547
22387
21656
20141
28468
16777
17581
30556
29318
44524
19304
15119
24216
21855
10514
20814
37807
24100
29142
23592
34819
21698
31965
31082
30988
48078
79633
75735
72104
18050
27886
19459
22722
50841
47591
34177
20479
16857
14379
28747
19921
15861
22727
35105
20644
14101
26277
17274
27743
20555
26120
31340
10839
22196
25365
15819
16984
26579
16441
19894
20254
15716
26884
21932
22738
15650
32662
18069
48741
17240
30346
45455
21713
45023
15095
22280
24916
26823
15923
30819
25804
22744
18875
19017
15976
23614
22082
18388
28925
21058
28269
35557
22686
30562
61009
16382
32159
17640
13917
16502
36095
16033
22300
39723
16210
18505
15167
25214
19446
22047
32039
16670
23807
19317
33464
27699
15810
25428
18324
17658
22433
44624
16674
15648
22854
23897
23000
13460
20553
26854
25293
21381
34197
16708
21927
21597
30197
28356
20485
16999
33545
29308
19808
23205
19698
16480
17146
18099
35699
31235
15918
26945
29855
54161
13646
16081
23633
43079
25301
17177
18575
10114
19609
22702
28493
42450
19238
17794
19443
22270
21760
15557
17196
14858
27911
43187
20471
6542
23107
13803
23426
21284
20281
14586
17649
24495
22741
37503
29675
27981
18015
19938
20826
15791
31839
34925
29475
22952
19220
18012
23129
15563
18733
24499
16700
17989
13691
17577
14193
20467
20963
21175
17857
18373
23684
16618
19760
24083
18906
19332
56972
24042
13139
30374
26661
31402
15779
24188
29726
21654
34799
45707
21421
32604
28335
19785
26710
32035
20819
29202
19124
22504
18584
13460
19974
22718
16601
11789
12509
32026
14184
24237
22242
30215
13905
22199
19992
20117
14342
31147
26008
23369
35158
21948
22474
28677
19966
21292
32138
26855
7965
24705
40114
48678
23268
18224
18897
15723
23281
22890
19895
21528
22990
30083
28899
13373
32660
18303
22604
18140
10662
18828
18821
31546
20368
19081
23652
17343
27067
19306
39004
22349
13495
17411
28732
44914
25337
30664
26321
24391
18916
14419
20595
18505
16135
32505
27824
21253
30107
22723
33661
32465
27748
27179
24190
17323
14840
25551
21014
14491
27025
23792
18925
21576
43862
21144
24309
10720
16111
18988
22385
27129
31170
15102
18990
14712
20456
31954
22250
18652
17231
41932
17362
22747
12469
12729
12156
17662
26711
18478
27170
18061
21660
30717
22865
27638
20459
23847
24454
49170
23598
9946
17514
24600
19219
31364
11503
17727
17047
14290
33871
19339
18319
23892
21036
18512
37434
13396
20994
15796
24410
17012
33970
21175
18927
26060
19782
22900
25070
20297
22565
36691
31128
20751
45760
26234
18474
35981
21296
13418
24294
15957
18064
19549
27476
38964
21118
29644
11493
28337
12742
25063
27050
25440
34049
23265
16091
17228
18520
24175
15753
14625
26914
33811
24304
30279
18883
14051
12627
14116
28995
25060
24111
14364
26989
28350
21797
18823
25060
23627
23338
19194
12085
14656
20457
14928
23732
28307
21558
20659
22088
23447
13219
25779
30889
32465
57401
26636
18607
18285
30734
34970
31932
16963
35495
33384
31735
31703
21743
48110
30407
14415
40193
20937
39926
18390
21617
22695
14774
14433
30556
19440
23172
29855
23050
12834
16649
17611
25482
19809
13035
49163
51154
41475
31563
26471
15285
19702
13534
17757
16805
22317
13418
27190
16662
16361
20468
15499
15468
11636
32923
25679
21603
19244
20109
26162
19891
18428
29877
27717
50188
22579
21843
25069
10327
19011
23511
25881
18821
14145
28659
50446
63900
18765
31393
18207
21865
17517
23880
17446
23543
21595
20944
39406
20499
18226
22766
33264
19033
25911
29912
17959
21732
29075
34827
21848
23749
25911
26886
23658
25684
16889
28436
42590
18478
26171
22218
44902
28200
29479
33011
45650
13523
16008
19857
28304
20482
17580
20599
18940
18743
25129
25475
43043
56277
24316
25320
17012
23623
20313
18346
26171
21219
22448
29422
10916
27381
23225
21544
21681
24072
20008
15749
25028
42191
15098
20614
14066
13124
23091
20576
26759
20663
19514
29359
13081
36992
36718
28172
32785
12006
18634
26140
22415
19782
14807
26582
20448
18367
22421
18840
17965
20947
22873
17183
27877
31354
26930
17144
34642
29838
16391
18424
20263
15690
43250
22845
18310
16618
23060
25595
26641
22961
14067
40507
11343
26735
44790
20469
19318
21990
20218
24373
18400
15131
24732
29670
26411
13333
30142
16334
27173
22986
25798
19801
17771
37400
43715
34534
25868
24279
35345
28283
20443
15908
18219
14471
22492
18288
27357
36365
19125
25403
24111
20234
19576
23996
41537
52273
25394
16873
19360
22183
16803
16879
15202
19936
16864
20874
27957
27442
28869
31549
23276
11331
21001
22507
20513
16156
17704
32624
26366
20010
56669
61474
56766
27359
19317
11799
16599
27145
28343
17889
17979
15915
24180
17063
23283
14162
19133
25665
32452
25282
19516
20608
20392
14497
25230
21894
31765
16051
31134
19793
34343
30858
24335
26675
43951
47182
48858
26585
48972
29390
34718
23018
21495
49580
19456
25160
19858
25815
15497
20887
45749
31858
23571
26804
17696
17431
16077
26843
27252
16660
15541
19199
35152
36354
35911
18772
21462
14074
13336
20259
19686
19833
20071
13746
22011
25318
16197
26157
22760
27502
20268
21146
17524
17543
18412
24890
26059
26067
22108
18419
19609
38181
21156
23072
42409
22504
19357
32308
38741
13158
13198
13941
16810
11691
22608
44441
30198
34752
27257
19576
20780
27732
21573
24560
12751
24951
18930
27525
22521
27376
37603
31022
18115
51029
19014
68529
41559
23978
19258
21663
15894
21854
25179
27090
33249
62585
19512
34554
19830
25955
16207
41037
15885
20832
16972
15078
20150
20764
21458
36592
30681
17520
20917
32875
29226
39546
25851
31213
36173
30916
41236
24405
16358
16359
40933
30122
37305
19828
42679
17370
22913
23735
22920
22666
17738
22069
19977
18783
22288
34306
26873
16608
23936
18849
21515
20307
25250
21573
24068
17821
14737
14026
24262
23340
21147
22902
20265
27761
60520
18054
17114
22260
37588
24525
22583
35401
25415
29637
28497
20913
15116
7624
23886
38662
23885
37734
28236
22026
17801
27015
28427
24438
43194
39065
18712
25865
18384
17670
34942
26456
26017
20338
29202
22080
21129
21205
20457
23269
40866
48435
69759
15795
32044
21634
25264
18437
15984
24686
51111
17203
21008
24790
23059
15786
19913
23179
35010
42195
17069
14836
19592
15629
20894
21896
25441
20106
20010
16794
23052
23378
15336
19919
21828
23257
20874
23987
19219
24925
18874
22368
17525
23382
12807
25208
18911
28073
22298
18819
13744
36176
25605
41066
24078
21661
20193
30748
27491
23383
40454
22066
20277
26243
12796
26218
17641
18791
26106
32836
37598
14228
21845
10157
19458
33435
23053
24176
25448
24613
19118
45125
30976
21164
13960
22000
16637
23235
24563
21518
28322
38210
40540
23394
24871
21819
20435
19198
26088
17863
34186
19924
18263
18612
23179
35548
23676
21779
12172
20081
18780
17412
25442
18968
13493
21787
21004
21041
36876
55362
19384
45135
31359
19673
15728
33331
20005
12337
22504
19532
8648
17261
22229
21235
28478
16140
19521
22846
13379
20829
20163
18350
13242
24556
25271
21091
29427
21695
15534
22845
20509
19582
13256
26453
26990
23194
16123
18220
18015
14417
21407
32607
21762
24431
17494
27162
36701
40821
15900
24057
22247
22776
26616
17600
23269
16934
14880
18888
23862
25452
29872
21616
17678
22139
34690
26501
23959
18608
22698
15590
23288
12512
21981
22468
26711
29304
24388
19176
24230
24176
24615
21183
29265
18670
18622
29338
18452
23157
17989
25874
25702
29602
27652
19768
17805
9658
25193
22008
20553
27126
13626
21762
29461
19669
32205
19756
23402
26978
24388
31080
38026
18860
35916
26308
22994
22296
20588
22225
30187
15060
25944
16666
22933
17455
12410
13857
14108
16763
23508
21754
29315
17176
16596
20687
32643
26180
32917
24595
28670
56610
27758
22092
32239
20411
33585
21334
14304
13980
15735
21831
15883
22561
26295
10701
24584
67251
43574
48392
60683
31397
21044
21701
25475
30365
59428
21215
24660
12511
17486
18465
26249
20129
20430
20168
38146
18585
14000
20458
14044
19380
27950
24438
21651
18915
59336
14116
91532
15975
21409
25976
16884
19056
21417
22148
39961
23428
19602
25201
27833
25934
15496
21066
14818
22054
24000
19041
19399
49275
21618
25104
24270
25526
22534
28191
28327
44730
23672
15384
15871
33881
23841
13200
17517
20786
27857
24277
29223
24795
11138
15839
27542
26616
29500
12203
17919
27293
16681
25830
15887
11186
24572
10866
18031
28998
10174
16005
23276
16702
22821
18429
19134
36029
26969
25080
24829
26707
25945
14827
22209
22494
38615
18240
21234
30558
21034
9743
14233
23366
20539
27048
28820
15566
20728
20498
40342
20103
24306
27421
35004
22756
21728
20881
25758
31477
19952
23918
15553
20432
19994
49053
23347
18305
26291
23340
24817
35553
30822
37306
25420
23879
18150
26647
41788
25368
21814
19736
31807
15147
17417
29602
15962
23993
21134
29506
31329
19694
16375
18266
14329
20889
21386
19582
13736
22355
21801
19063
27368
16817
14515
16952
23020
23897
19544
20614
22418
23327
18025
30105
46877
15616
16697
21064
23626
15937
25125
39401
30339
21382
12677
18482
20683
25703
21847
19070
22718
46631
24238
17580
24345
22053
25011
17315
21159
17117
36098
26865
19255
37007
24430
29305
29792
22139
25337
27286
13824
33672
31813
19094
13277
21015
21287
19010
19120
13442
22824
21563
41213
30123
24298
14297
23797
17665
18619
27076
17679
30184
21978
27902
31324
22910
20502
20199
21604
17412
30255
33865
16338
49898
21279
18480
34458
24830
23161
35708
37594
30843
46919
13317
30764
10078
24494
24861
21643
26639
20478
15708
20470
19264
24000
14340
11278
38117
25533
29363
24917
36148
18957
28414
44053
12634
18862
13731
19876
18985
18048
20188
23745
18302
21823
21898
22803
23224
23023
21962
21580
9503
19878
18975
16190
22869
15292
17881
31327
27069
28239
24128
16420
27395
30092
39672
22431
56727
21079
34797
48707
60966
28746
26090
21906
18802
19723
13527
18890
32813
22367
37372
23429
26963
25632
19636
33988
35216
23545
25385
21949
21797
42993
20146
22181
15969
26862
20029
39955
52389
16645
34945
12743
28619
36252
14739
13588
18912
30211
34650
34556
26352
18936
28768
27500
20011
25771
17109
35012
19594
14898
27757
22201
26282
12487
21430
11320
16747
15727
24888
25408
19862
23500
19248
24138
14858
13703
12917
22521
17783
14495
18693
25362
7931
20522
21493
23353
19016
17416
15513
24615
26375
25458
24236
25335
24654
39053
18485
32051
30189
27970
23129
14016
18135
27880
37702
59291
71747
24359
18276
10879
20312
32685
18703
20006
29324
15273
23408
15299
21825
14247
24344
27453
29423
31804
25361
33124
20862
57187
25114
21672
31067
37936
25392
32483
23914
15586
23587
16769
24051
34149
26019
19245
23346
26786
22120
13411
20397
21752
27054
18284
26530
19177
16985
26699
22905
22167
20776
15944
24523
21642
20901
29276
27306
28971
12388
18797
51802
36196
44522
56491
34996
23499
16354
39070
25344
21721
17650
18410
13178
20316
20740
30881
16580
19796
24334
22189
24899
20006
25688
36741
14945
11988
24216
17581
26080
19190
11285
13407
21187
32708
23486
20681
29966
28713
23364
22156
20149
23851
29895
20568
21661
22750
11649
19445
23997
25330
34920
16976
22141
21200
26375
23355
22302
19602
22709
21269
29585
22645
19198
17120
20149
21318
30534
27304
33689
45663
27789
17970
18897
29129
43991
19255
27911
26116
32938
47290
19386
29939
12156
14279
6908
26436
23833
35142
18358
24053
23772
41610
21969
24932
18152
23485
36638
15008
18813
23764
40930
27693
23076
27573
21651
23123
27220
23620
39916
58717
18933
28559
25638
18742
19622
23753
27869
22172
21682
18690
15540
11823
22259
18849
25869
28655
35381
38542
49968
18615
23034
30286
15932
17261
24522
28451
19243
23468
12527
24914
26996
20342
20239
23892
21323
21857
16606
23231
33540
44495
18739
10025
17985
24445
23618
21917
20980
10122
22781
63656
50903
32059
37728
23348
24588
11256
19763
22028
39110
12112
23639
27715
17920
18498
26773
46914
18960
21109
35043
22046
36799
22173
21391
20060
14803
13388
25131
14474
15594
29694
28805
40299
27713
21018
18903
36712
16179
13959
23490
21415
17183
16783
23765
24085
21030
30381
30281
25178
26926
23881
17728
24676
20966
21600
26126
17778
27403
26056
28691
24383
38893
28761
12195
16186
12667
24687
19419
23894
25858
30806
20661
21732
50277
56833
53821
22492
21991
20395
16232
26062
21929
17652
25053
13182
25803
12320
16703
18240
19063
22192
33196
22750
28283
37780
22513
17560
30614
16571
19305
52459
28385
25936
19433
16174
36058
54956
35077
67828
24176
18443
19602
16196
23205
35645
26497
26773
8807
24240
22699
47753
49869
19362
27854
29970
22692
18158
18412
19393
43381
22532
15887
18474
19956
28727
27287
17472
17344
23242
21706
24997
37177
30612
33328
30792
18010
35777
28325
27654
14773
15886
30477
47546
43962
36945
48290
19163
21672
41081
24486
24379
16099
24101
19138
24786
22105
13739
33080
33744
13501
27465
25893
24188
20935
21122
21870
43440
17072
19832
24895
19846
35675
35013
17528
19097
15352
34202
23404
25233
37214
16604
20716
37083
35402
25651
21291
21821
20036
28633
25618
30061
23139
23349
17193
15989
22032
18661
21062
20299
31311
17393
25294
27359
21089
29739
49618
22178
11975
26321
16239
29319
31654
43569
17349
11801
27628
15742
20655
23121
20811
14640
27155
22722
31418
13397
28598
19537
32166
24076
19493
16326
19036
15446
19923
51066
28967
23030
27328
18726
30753
19854
23581
23852
27087
27538
23392
27401
25218
19692
30085
17906
34882
17034
23613
20583
13649
21156
21247
24892
13841
20828
29826
21444
35315
21692
18336
14639
26233
31790
25574
28859
23288
15533
23049
20092
33737
13009
21994
16588
17959
19812
21635
30450
23090
34514
19666
20583
42501
28486
17602
15572
28105
20665
23603
14693
20016
31139
30710
15372
17542
67758
20393
20090
19692
16197
30670
21653
21347
19361
24377
29839
30352
23321
21785
18825
19576
21118
13622
28285
23501
29012
13712
28764
25344
21840
32199
14186
20434
28198
19497
42229
42616
21928
36817
28403
23911
33785
30881
48017
23221
17984
19467
15082
34922
34451
8640
24700
25413
26214
20788
35750
22659
26353
20243
34513
19816
26651
24653
20174
13484
22879
29282
46367
17758
24773
20511
27648
29068
24635
19777
25485
31309
17332
37744
18663
29984
26139
28332
27842
22050
25580
24782
17826
21294
23730
24763
12816
22160
19880
20754
7815
22066
26573
38623
52779
16207
34668
16468
25969
17980
27641
32041
39983
15638
29468
19175
23405
47534
14180
20952
25808
14392
28782
50498
19390
18960
23759
27165
26676
13346
17516
22839
24533
21004
27375
25798
20459
29340
17409
21070
22309
42542
41771
46409
22560
29403
22536
22872
30314
36726
28721
15562
20266
14036
19080
19845
29140
26509
29742
50928
16341
14972
24182
16335
25413
27356
45099
15207
33551
32579
24162
24824
17693
21557
37111
18283
37820
17878
16552
26004
24770
20055
22256
20220
19784
21985
13500
18567
22881
57682
55261
16069
19849
35553
22329
28876
16170
20945
30008
31510
18737
15162
29516
32937
32298
11214
18806
31151
20151
19088
22497
13918
35138
36895
27848
46039
34095
17058
21119
35094
16726
28520
36139
49093
21178
24371
22581
38208
28564
27871
46705
63406
18625
15152
33618
69695
76730
23891
23436
30557
25737
23596
15711
18527
21518
60923
67067
26925
28963
15331
19415
20430
16726
13448
22366
24166
24350
31629
24267
22447
26630
33979
25424
37010
36016
16482
27853
46987
76941
19058
24350
22784
19579
19235
21605
25091
13558
26520
29895
21590
21455
15526
32488
21349
23235
27811
16751
26191
20407
42101
22749
15822
35441
32555
23287
27525
33698
51459
30350
16848
34392
16788
15990
27222
21874
21553
17224
18292
24229
38020
43330
11002
47077
54252
15082
18127
17237
27035
19081
19356
13460
12289
15195
17076
18966
12294
22368
24034
23716
18983
14434
14412
29625
30481
39420
17613
18731
23997
24432
29790
23656
35072
21611
42498
47304
21107
19511
34015
23313
16073
18422
18553
45091
25809
27580
19086
20345
24003
29035
25443
25437
39576
11777
12424
19312
16468
42517
31043
16136
18081
18769
11933
28119
22468
14117
17161
22420
25516
25643
26815
21187
19959
18593
20189
21000
12224
29972
24488
36276
17916
8770
19101
20624
46883
19783
32454
23283
33638
31552
37904
29005
36573
20391
25069
34066
36483
22293
21611
21687
22753
17163
25036
36252
20231
20349
17724
25321
22347
16965
43702
13030
19731
19149
12879
25927
38300
13281
28789
37197
17573
38809
16450
23087
32574
51199
61692
28393
20862
21280
19343
30842
33729
46443
20093
21117
39321
18478
33952
26164
10421
28763
31445
19885
16551
21796
19942
19672
27281
26950
18236
24153
13533
31142
23339
49148
13062
18414
20758
22885
21810
29537
16578
19337
19444
16194
21350
21284
22000
24972
31682
17332
14566
20393
42866
67117
14327
18557
20894
18293
26690
12627
24261
17259
16159
16546
21140
15237
18966
19470
21719
17371
21065
17176
38766
62667
20857
26194
21995
33437
15657
19413
24114
22686
25128
14701
12863
14263
34455
17526
17972
23579
17609
26510
26245
19468
21798
22786
39216
36342
21332
31366
34355
32466
17525
31217
33474
13937
48455
32429
31596
10022
10890
20195
37324
15765
21070
18169
7183
41683
30147
16710
20683
38523
30934
14532
22043
24325
32950
21732
18776
20504
23083
33857
20146
21523
20671
14737
15972
16219
16195
20211
24094
38835
36851
24977
16280
26316
29615
23491
27986
29299
12290
26916
43439
11299
38011
18216
32473
28761
43187
54844
19128
33144
21759
42899
10680
18934
27022
12559
28630
27406
28334
20760
24506
22353
15983
22414
14866
10253
17413
20580
18970
23996
25010
16375
27464
33333
66176
34633
25777
45902
15312
11577
17568
20003
22719
22655
31104
22719
25179
25840
22409
30280
21062
15861
13060
26127
17512
16199
21155
18819
20181
36787
25426
25812
22168
36164
21134
39421
21903
45726
12507
17859
21410
19780
32843
24579
25437
29459
20356
20294
27385
23640
21681
39798
26827
14508
12942
20796
29735
29480
20892
40699
46157
43995
27504
40458
20359
25582
16200
20693
25665
25013
25527
15533
38658
36388
19409
20908
18172
25134
47824
61327
21453
35713
50995
19355
21106
23669
15797
24633
18726
15034
29965
21023
16778
20102
32143
28116
38673
31519
39828
18842
27157
25783
20556
20951
31650
15720
34538
19097
15730
27342
25201
28762
21935
23861
17907
26210
25871
10483
24583
39704
30548
25471
17956
17004
27905
25226
22588
20496
17688
13851
16958
31252
22754
16177
38104
75238
28877
22251
22010
28328
29968
54574
47850
57975
22092
30486
20101
24100
22069
22140
18366
15920
35525
12088
22024
35232
28022
16929
20507
22154
31950
13063
10861
16476
22759
30252
28001
27278
17512
20451
18640
20581
23618
20951
20504
25351
16927
26739
26045
28375
26803
23139
18606
27364
19686
30117
23383
15422
17638
25859
21126
34967
19787
13300
19269
38047
14234
20251
13293
23746
20894
61801
17154
18979
6624
22173
14961
20744
28861
18009
32068
15351
20903
19287
23539
23191
13783
19475
30686
30135
23891
25473
25470
22412
21236
21505
32063
21072
16494
20863
13321
16330
19415
21378
37926
14954
19749
20139
25443
13380
14781
25137
17328
20175
15519
19984
19816
28611
32202
19459
24677
23221
19651
26064
13078
21820
13764
30428
24797
18354
23953
22687
15375
15499
25282
24621
32257
17027
39456
31078
35895
17070
20479
22913
39831
23045
21644
23648
33708
27525
20522
27412
30343
27428
25031
44588
13707
26761
31249
16759
17063
22309
16613
17935
28039
18583
13325
29291
27373
29632
26149
44026
21039
16952
39270
41003
44882
62237
25896
21037
20898
23266
22975
41337
64846
35091
35152
56089
21686
12432
18375
22237
21165
16511
18386
20694
19393
24058
20745
21163
18405
22916
48568
38796
34763
44612
26327
27139
20053
16027
22131
26893
17048
19189
14100
20155
13298
35487
24785
56419
22229
85933
27414
13409
25418
24180
27121
16604
23031
14600
15288
20102
26197
12083
22100
20972
22990
25179
24561
22412
19442
41954
22812
37365
12512
13786
30896
30705
17068
18217
12082
26138
34543
35964
20552
26881
15935
27355
35447
19759
21137
17940
28183
17756
13948
34885
33149
13581
22207
19415
33791
26112
18050
35412
27992
20305
15728
21359
22755
15783
20814
35794
12460
16376
17020
24096
22281
17869
12175
25353
45836
14120
33408
41766
20072
18499
13355
20871
22248
14420
15601
13747
25733
23490
17346
38353
15846
16089
20948
32509
12803
32030
23114
32821
15921
39199
21706
20315
19643
21999
38996
22010
12754
22302
22924
8646
32896
18186
14885
33595
19112
23745
41913
36353
21453
18244
31085
17590
20768
21903
26104
20714
12721
25705
34240
21617
19683
21664
14461
15783
15523
12979
32073
20251
38406
17180
23231
24235
28655
11532
13538
24601
17869
19326
21270
16023
28281
24496
17652
20928
25535
21513
32801
27716
23169
19082
20710
22231
35477
20297
20544
29833
17313
20366
13592
20966
13662
34910
27359
17640
20043
26052
17683
20156
28550
23428
13401
14224
18529
22742
19946
18253
19611
21411
19079
20136
27409
12570
20607
20564
23356
31049
31207
18639
24467
16507
23578
31377
18874
17569
26702
18860
13064
28974
21674
14557
19438
20504
14164
17656
16399
21313
13363
17088
26142
17159
24393
16790
18108
20388
19657
23851
44595
45845
24820
20778
14449
27971
26272
15187
20456
18076
23174
19790
20017
25466
17396
29913
17401
11069
28902
13261
27205
42975
12265
15407
17549
28299
22385
24243
13525
27295
43248
16865
23907
15931
17747
18557
28749
18770
20077
15234
26712
16270
22960
41718
20357
66321
24236
17188
16674
14100
18357
17133
21059
18173
21195
42102
24023
18973
24370
19043
34514
30366
34784
19230
17631
28785
47567
14330
21200
17002
12948
17399
16845
32183
20054
17351
13966
16533
11891
29278
29029
42498
34563
22858
16113
21315
11965
20643
21893
19544
33390
22143
32598
22026
14459
16825
13511
20670
30106
19586
20990
20595
20661
20077
21259
20765
24572
20048
22375
18869
31184
18461
30264
14914
29082
21165
12322
26596
32813
20715
28683
18130
24054
15739
37037
21932
17815
24701
21565
31769
25178
21756
12188
16545
18002
23081
15019
10757
28506
23956
14826
26296
20179
21385
21999
13560
21614
21787
34393
15407
18005
20884
24974
21046
21277
21293
24759
18115
33053
31571
13970
15485
28417
31073
44049
24311
56090
41144
18012
22492
23643
28040
16023
38231
53161
14537
25608
45448
49415
15537
19453
20572
19314
31597
11574
9817
14412
20957
18863
18854
21252
19622
22911
14799
10245
20422
11667
18755
26677
18666
21742
24190
17119
22443
21178
37570
22998
22756
17738
15596
24473
19008
19413
7596
40577
48886
30667
12076
20062
23986
21447
17658
40067
49020
34808
12107
22161
14850
21474
17364
11267
35272
28836
20203
24285
19643
20177
16146
30863
25207
21803
19201
17546
19855
23533
16847
21198
18938
15273
23244
23833
21052
26555
17605
23151
29991
26041
24654
17090
23866
22221
18712
40691
35269
24686
21293
16785
30774
13180
20999
20851
23979
22115
33413
16859
18740
19192
32877
31213
34240
21580
10347
30856
22326
23216
18665
20420
13069
15744
26512
17492
20855
14251
16371
27357
36158
33517
14803
15893
17606
12209
24066
36213
20478
16464
26091
23032
37980
60185
29667
55010
38523
50567
25734
25178
17083
18820
19677
20652
19017
8583
10935
21247
30603
19166
24590
44836
26171
17332
20416
14161
26883
51323
15987
15797
16686
19941
17247
15542
27314
40275
23479
23070
19320
24934
9426
27856
17627
21227
22407
12558
20475
26084
20032
15924
25633
17326
22995
23274
27668
25202
20131
17846
16253
14742
23695
20945
38776
24430
11127
34660
18477
19421
21924
22266
42139
29742
16222
18385
20511
17721
17715
26567
19170
25086
20709
21363
22477
28222
23306
20186
33831
24254
25962
12961
18882
23753
26308
16537
14825
26468
20021
12971
15352
17571
14680
15750
18762
18609
20420
23991
16317
28690
22273
32010
10429
37087
32422
38686
69262
18555
15163
29537
21645
20535
18094
16306
44500
43081
27490
35541
30980
17594
22130
17883
18126
21311
16957
22532
33267
21082
22442
15920
27557
17289
31303
27953
25970
19771
14070
22162
12280
6585
12488
25980
16857
23516
32495
20907
26431
29354
20539
49279
28892
16981
17576
23777
19742
25939
30316
16827
39643
34807
46070
22243
21543
18751
21618
18645
25250
15276
18219
19062
20880
16052
13276
27982
27002
19517
18938
16878
18598
14800
17369
17784
27478
14798
33473
26116
38831
16044
18669
19184
45444
19012
26696
25702
20801
17172
25255
22341
27639
20670
21879
18330
30665
14084
13735
21870
31010
23679
32437
26668
28712
26817
17074
24299
26565
42214
30166
20200
27201
37288
28204
20532
28494
17801
20930
16861
19241
23463
25109
56017
30036
30890
16807
15472
18512
20129
19061
13844
18714
19893
21419
12147
23419
18789
13645
20011
23679
29449
20546
21473
20664
27333
25061
27194
22619
19040
21707
30689
15052
20352
24925
21369
26469
24242
15833
20219
24418
19301
13618
16318
19950
26980
17238
15664
24847
23054
29386
37392
43524
54675
26077
27675
12085
26590
19895
17671
37220
18697
19704
41280
9938
19876
32124
18501
17536
23744
28950
26461
20761
15438
21851
19731
15213
25101
17547
18245
15256
16637
13305
27696
19877
17441
22306
11661
20417
14681
17013
31247
13211
21288
22854
26326
19108
31031
45596
61573
25532
34995
38117
18924
18837
38851
25105
20562
19193
36237
18905
19261
23820
16911
15773
22371
9737
14819
12665
14024
37486
58847
19931
12576
20085
25226
20031
24686
19230
16636
22670
19565
15940
21715
33074
17544
15365
23303
23000
20647
18776
19751
14327
18547
20376
21314
23704
10145
41441
35003
16937
21148
20541
26037
22195
24509
27457
18645
25724
37002
18154
29548
24947
26486
27747
25914
23416
21861
35020
16760
17439
15855
16629
23462
18972
14097
16023
18254
17838
22690
52181
17566
37745
17595
13988
29858
21297
12927
16309
15653
19364
21143
26689
33205
16063
21888
19813
26558
17187
26215
15092
23875
31652
20201
15401
11217
13469
20782
37882
50722
13065
56558
53157
39115
20685
18592
16502
24760
26160
21021
22034
20526
21327
19014
19688
38585
29263
33638
21635
37392
23016
14973
35920
12273
21608
20553
21386
22496
19110
20991
18627
17290
19011
26738
27253
37388
26131
38229
21247
26757
22782
27471
33629
36932
17480
24893
25231
32990
30842
40004
14613
22790
16556
13966
33017
27004
14485
21430
27743
21220
20475
21019
16618
24649
16152
15357
18341
27545
16129
17588
19568
17179
26622
26670
20221
26021
22557
19943
19186
13324
14473
25241
20177
20863
14225
17406
20326
20703
23875
21545
26150
14304
20496
13061
18710
20443
18671
18307
17237
14997
23566
27363
29148
16965
25142
23935
8808
21416
20431
22196
17778
33732
21554
28284
12583
24635
24916
15768
18408
21275
14152
17656
18858
32482
20342
20318
18256
20274
25630
23251
22063
24172
20294
38802
18612
15169
13136
51522
17713
23866
22761
11840
12176
26232
38740
52896
52712
31042
39950
23397
47617
18146
21522
22581
17502
25293
11234
25652
19970
10694
21120
33502
29255
23674
19280
26034
23500
24904
20046
21049
14974
14045
15136
17863
26764
18952
29748
16542
20118
15973
25211
18445
15935
25225
16613
27619
34069
19581
16862
22104
23095
20698
17930
16955
28946
18700
19833
16750
20346
14833
14954
31334
16627
16238
23416
19366
23192
20285
15788
18623
28458
23264
18922
22386
31162
16414
21541
21573
22234
16114
40622
20088
15106
25643
26747
29839
12990
24560
21623
25922
28340
51152
32555
28809
43478
18881
32501
24748
26026
27527
19485
16834
25772
20880
24238
10169
17598
16817
26407
29466
14950
18872
15378
24639
21311
27189
16119
12402
15956
23431
24790
38074
23881
44001
46340
56590
37967
17794
12533
16395
20644
20111
17173
31235
15374
11849
24663
35425
38286
13395
22999
28656
34628
22786
25733
20204
27350
37383
24687
33205
23707
20335
15362
19260
17284
38704
31944
45193
16309
21426
16324
18013
22794
21367
13690
23939
51200
41894
21756
63067
26665
34818
29232
25002
32592
20866
15963
24866
29709
19151
33354
20503
36655
21647
13445
38009
21216
23151
18601
14291
24702
15868
21142
20576
18225
22077
14434
19217
28485
32634
19068
15415
21998
18757
19165
22223
24085
33758
18610
28729
28740
18238
25874
21214
28316
20897
25890
43652
27571
16191
22255
18897
11779
21975
15915
25808
35490
18916
20175
15462
24030
20081
48622
36145
15119
20718
27063
18086
18008
18904
12965
16288
22280
18612
19505
14407
19081
15320
25288
18715
26343
21503
13490
20084
18029
13073
28943
17823
31149
26839
34591
22081
43671
27413
33243
11763
26992
17326
18834
20162
18459
13424
16635
21802
22781
17377
20301
22435
30865
20090
16029
22801
28701
22912
33382
14751
32872
29694
18938
25533
21845
11771
23449
20141
22553
20258
28647
16311
14917
17041
27536
24108
20739
32411
24219
16277
12997
36907
55829
20693
24044
19600
21697
26858
21180
30163
47240
9882
21455
33802
54669
63744
25167
19457
32748
35818
25829
44231
27433
15523
26224
15862
17617
11108
29473
17336
14721
30391
13987
49459
33865
36066
15447
18962
23533
23723
9973
21086
29946
42708
19971
20050
22798
31114
30172
40390
21645
38106
16747
25058
19985
10389
15365
17351
23305
26317
19732
18798
13952
25276
22965
20022
15482
14871
25917
43225
29247
23134
9272
19029
19287
22224
33667
31313
16720
25151
18108
15393
17861
20951
45474
22838
19117
27451
27476
14292
18869
21800
18527
19606
30070
13358
18002
18371
17178
14381
18217
19665
9629
37031
13649
68185
15881
28896
24850
16797
17739
23464
25611
27691
21077
35802
24748
29628
19752
27374
23259
26892
21687
18931
20929
23741
17525
14467
40689
21283
25037
27580
35557
34807
26758
21759
12869
21525
24549
38405
31630
22155
31520
38375
23355
19665
21284
17993
17877
32367
21454
57061
19764
15994
16702
15045
26862
19020
18561
19926
19425
23446
17270
21592
9742
46876
21278
20264
13988
24291
12288
18392
17994
26070
12395
27549
21846
20455
32780
23948
29343
26752
78336
17872
23687
23262
26292
18594
21554
17345
18261
34397
20385
27085
31212
28896
16079
48176
16957
21280
10659
18763
30237
20488
23259
14706
19594
16722
27669
37836
31634
16291
14813
21681
29649
18552
21598
37304
19948
23292
14458
38483
16909
34512
30935
13573
14748
25096
17367
27697
22170
19556
36378
20379
29207
18546
38721
28318
47031
35564
21869
36020
15019
16743
15803
17046
25482
22270
16431
17454
25772
18399
23574
30712
28801
25327
20358
56545
38584
22215
21036
20111
20503
20384
21543
30114
39126
18244
23225
17661
30897
64912
25509
39763
25806
19057
25027
34008
22543
41873
33241
45946
38663
23264
26530
24646
32925
37741
17356
25173
23498
13707
20135
31523
17312
12141
27117
22260
32084
16405
20588
28444
25066
27096
15542
22572
21361
20431
20806
30184
16554
19844
22255
19219
33442
27152
14613
19197
21259
23278
20385
15329
17567
21226
21208
19898
18090
22256
17551
21012
28831
20432
15207
20663
28395
22904
18307
18699
20932
24206
21984
18014
32987
19785
17479
26906
17917
21410
29998
22132
16911
18732
21456
15850
25584
18914
24179
27923
27327
17342
21340
16413
16991
23010
25376
19387
26431
22044
22164
20213
48241
19660
9697
18603
19361
17563
15910
15203
20640
36488
34949
32354
27886
18417
17968
52889
29495
16860
27442
14427
19678
14075
21145
18681
24653
22755
23701
15386
14841
32474
15860
18191
27963
24561
28769
32816
26094
25846
17966
22071
13288
18369
24023
14894
16042
18991
18282
31255
20628
24028
27520
21997
38172
24788
16220
35370
23806
38161
56925
13038
30557
20924
28012
20261
23994
54625
45778
17462
17833
33100
19997
18693
15895
16518
23825
21456
20555
41325
18483
20239
12831
25600
31697
30730
39864
26742
44776
36765
23650
25792
20409
22279
30938
22886
29154
34870
10633
19748
20318
27344
20035
11306
17463
15827
27725
20783
29781
19186
17983
18024
18543
25285
20852
18064
17687
20754
37140
20587
16448
35131
36990
31253
47518
19071
21956
23163
14268
13057
31011
31178
19697
26499
20280
34306
28357
32036
18552
24543
33013
42336
20775
20773
25597
25344
13450
20563
15524
22102
28584
22337
17956
17030
16623
16888
24765
20512
30912
29822
35127
35329
30251
19657
20992
15690
18117
24027
20551
21509
24229
27344
19712
16163
17803
14997
24920
11482
19168
19855
17784
21211
21446
41051
21483
14323
23547
25055
11922
21568
31453
20137
31033
18277
20525
18167
16854
23288
43213
46977
33274
19900
32738
27434
22789
21174
26113
22473
23708
21469
19197
21060
21815
33202
24339
54334
25880
50360
13801
15067
20686
18009
22180
16075
25164
48285
19861
10658
14653
14255
13224
12985
23451
26046
24546
24511
29819
24791
15535
28839
23723
34053
41064
18242
21186
20432
21866
16836
23326
16744
23166
22718
15978
16358
20400
38209
12602
23456
20555
15382
15011
24498
37514
18306
26531
19516
16139
16806
25131
48590
19108
23397
35393
24276
25463
24479
24150
37550
27313
21143
22953
17999
18807
46093
26948
32062
14706
19454
30869
23447
17782
13709
16301
18334
13555
16487
21924
21903
18709
15020
19120
18694
27734
27136
43326
18989
21218
25758
35932
37587
16490
14776
50699
22396
11907
25303
20631
18135
26667
16570
17344
30173
16593
22024
16435
16744
28510
14909
31375
15977
25036
24969
17432
14825
19004
20592
28438
19549
19768
24042
39846
36219
27149
11401
18516
36321
17254
23527
35603
18468
21082
18330
16235
17784
22813
22494
27649
22712
20925
19267
20505
33001
22156
19340
13337
21533
22821
25573
30478
29222
16176
21917
24266
15787
21250
38978
21062
19075
17327
18980
26093
23377
18846
26033
52658
29039
56759
27772
22257
16532
20239
24408
16308
24454
21568
26417
28873
48750
15591
18524
33789
17392
19837
16366
11453
16903
20394
21027
22571
29132
19864
21840
15138
19001
35159
16835
27277
42399
22615
25953
24321
28699
24248
23374
15712
17815
22492
19678
25375
10071
10376
38527
17183
7716
32513
19574
23301
31603
24930
19941
20492
15460
20606
22941
23130
27538
21346
23404
19852
20445
42911
27038
34326
24053
12643
21894
15004
18676
28254
19540
20579
21075
22112
16857
20525
25653
23102
14403
16008
20776
33793
16429
20503
20573
17896
10260
21003
21230
20303
28706
18260
31359
14324
13887
30125
38012
18015
25585
24958
21580
18908
25515
21724
18384
22947
44087
22599
17275
11579
19286
28912
16427
18388
25628
37818
27434
16945
27019
15648
18146
24231
14046
19996
12302
26902
24361
35903
11302
14552
21620
28079
23275
9637
24026
23010
22229
19119
34108
33128
28914
37064
19226
28790
16495
14059
14884
15542
30759
25912
20922
35505
22918
13044
27397
43399
18000
18974
18661
37772
15476
21222
24356
17332
25911
40572
32087
14351
20507
12996
16710
29438
25324
17376
15819
17084
20447
32197
16236
25751
26033
14301
15730
23939
20319
16299
16792
26109
15374
16458
18114
18419
16152
19829
21709
20715
22626
15058
20377
13008
22706
20771
32377
26750
25777
18348
26775
28513
46258
18493
11957
24458
42215
26687
28524
9806
29070
41917
34117
27897
25834
27368
29186
28323
23950
34288
16019
31850
18178
14367
22408
44686
46052
24783
27182
24725
26125
17489
41709
28240
16611
16229
24147
25860
19836
24693
27547
22023
15027
17542
25316
21835
25535
17979
68172
32819
13912
17441
24481
22730
23959
38371
23356
42987
19023
35198
21748
21901
15266
21740
17036
15224
16402
50802
39666
25874
32623
33754
20265
15654
38510
30822
9432
28515
42765
24225
24085
21381
17239
19520
24083
14700
28729
17752
35746
26141
26578
25891
17823
16917
13640
15317
18613
23330
22044
26713
12980
15279
34810
21963
19795
29165
26034
23543
10592
12077
31221
29330
26470
18088
18473
25617
31929
31399
25377
19100
19323
20018
34370
30261
24072
18887
14461
17535
18180
15660
20562
31260
32019
24436
12956
14820
18564
28322
18000
25518
14753
24080
12792
17144
24024
20888
23161
18054
14521
26081
12373
27462
24445
20476
25081
21326
18411
16920
22959
17915
23868
19331
22076
21972
15643
22965
25547
16856
19541
16077
15887
14484
22810
17852
26487
24019
29126
45567
41589
26171
26530
21446
20195
46039
13793
17868
19169
16962
34069
15550
23361
21698
14493
15456
13504
20922
18953
21192
18161
15577
13065
19540
24123
36576
17912
19889
32432
26435
24297
10486
19482
24547
16261
18678
21324
19822
22944
30311
15404
25517
16724
16019
20511
32174
15663
23130
22553
21014
30628
17720
30859
21673
39523
54058
55773
13048
21170
21576
26436
19163
21465
28510
33730
17370
19619
12946
15483
25650
31782
26186
47051
40716
38466
11140
13526
13454
20806
24121
16938
21809
24663
18724
23589
25561
18370
20860
24379
29620
18575
15126
12998
25994
20444
22776
20556
21587
29347
21029
20167
17236
19358
27524
47981
33580
41359
22882
15306
21270
35202
20276
18507
19978
21209
18058
22780
13681
22121
33641
20300
19599
16732
19665
32014
31717
13558
20415
18147
15586
28764
25939
16139
13491
19153
40901
24156
20083
15931
27053
26180
15699
25595
31726
14086
19289
38791
24044
22835
22202
19084
19469
20259
26014
18063
28824
28923
25748
20990
24202
23458
23527
18535
24006
32819
25102
21497
21842
31034
23010
25435
26727
18455
20311
18872
18145
31131
44047
19174
21344
28467
11661
23208
38526
51625
17573
65505
78442
28786
8230
21737
24005
24718
24441
15832
20421
14821
18758
23662
21991
26656
27721
15520
25942
14331
15824
15837
20511
19505
14676
19532
25081
16575
44274
48704
22064
20086
15681
19011
17046
16518
31339
25641
18432
14998
33211
22884
23777
19945
20327
21236
22806
16704
16763
23748
33787
19588
21605
33961
24639
19938
20777
22880
38067
15778
25986
20636
28296
17172
28448
24360
21256
24804
15839
29309
18352
12160
26957
14922
34855
21291
23690
22524
28334
21805
26948
20462
16002
22026
15911
24056
17593
27874
37520
19273
25904
11929
14738
23754
13279
26507
17366
20840
12660
25749
15138
20231
22135
28740
24648
24779
18743
24148
20473
20306
17939
10267
17075
20129
20663
27123
23295
31845
18697
30276
22637
15440
14602
9682
19192
10994
23136
18982
15346
30937
10248
44104
13634
35637
37002
29386
23080
16868
27110
42457
17900
30521
20959
20930
19984
15468
17283
25509
22001
16216
19441
20480
49344
22812
34720
19990
14224
9860
18724
23638
19211
28884
18675
18887
28985
16241
14350
25686
18171
22284
25332
16688
26875
25548
20705
21154
17335
13589
11557
20027
22425
10499
17204
14956
15685
21422
25353
33000
19261
16649
18412
32084
19091
19678
20395
14242
17019
21687
24644
18205
19044
21428
23091
25740
18584
22338
20066
35258
15819
34646
24380
36199
13873
10563
17768
40192
51404
17333
15173
38497
14385
17255
19753
17991
18638
23984
35871
18048
26721
16806
11332
15489
20529
19243
19194
35419
44317
71891
17837
67929
35326
16709
14813
11977
20782
17438
12964
28621
14780
20575
25250
42537
17416
15586
21672
22021
26254
13832
16490
19228
23365
29491
24888
16706
15631
29288
19964
17826
23832
23095
38908
21124
23156
27073
15841
20761
14780
22337
24196
54177
44666
21474
27873
28091
21771
24555
23934
24907
16609
28314
18734
21909
18348
16727
18541
12937
36106
25575
31755
22046
22625
19199
38618
41642
23000
18088
21112
31452
14252
31599
24386
20564
24988
74345
24713
15402
16710
16014
19533
34575
10977
17101
20455
14094
17721
14248
22781
30593
26124
25328
28632
26679
23719
21275
15482
22247
21013
31829
30990
14943
37352
23652
17685
24404
24201
13772
14825
13153
26140
61105
57618
57742
58394
24431
22855
19686
23538
44652
24667
22379
30982
19184
18487
10776
23277
20119
11377
21515
17038
23444
27680
13462
16916
19490
19782
30040
25842
22002
17861
16657
19773
36410
26288
41456
57416
17196
35596
14046
13798
15805
18094
25635
41044
14152
15289
26253
23423
38487
14725
17608
20043
18710
26080
25882
10552
17973
15464
22462
21029
35504
13057
19358
31998
18268
18646
23340
18845
33004
39896
16464
18536
32675
23801
26194
22826
31335
29268
18544
18341
26219
11546
15236
23920
24959
36325
50162
22746
26786
21074
35310
19234
17269
15201
18547
16633
20020
18851
22240
11612
20240
20458
34107
16685
29624
26677
12909
17667
17676
19339
23396
21341
27969
13783
18418
25779
17613
24160
11492
14415
34393
19565
25897
22986
27099
23190
10907
21335
25273
36945
37913
25076
18255
17095
15946
19906
19961
25074
18150
13528
21697
28433
17676
15344
19640
29315
25791
15391
16421
19611
17073
19724
12118
18577
18507
11440
15968
38589
20062
13109
23408
11638
11302
22145
11370
18606
19524
21127
36427
39792
22569
23608
14359
11488
18770
12928
20161
28759
12873
17987
13737
19239
22505
23372
17480
17756
24978
20883
21863
13455
17576
13337
18626
22915
21901
22208
27439
31766
23716
21448
20369
15466
20151
24445
21090
12950
15234
23781
18810
16141
20360
13918
13518
21391
19018
17516
24779
28861
33989
16035
21134
16352
17694
27677
20918
15343
25760
20655
24604
21920
26686
11580
23564
20020
12931
32410
50708
27592
42525
13130
19496
26745
21615
16989
24919
21832
26359
39086
23167
40682
20464
20039
27118
27934
18173
17471
21841
17842
11020
22003
24937
26814
20262
18187
17375
21457
22459
17396
30197
25338
21682
21559
23226
14498
18596
21104
16014
21805
20767
19303
14921
19337
17107
32232
13429
14398
26521
18542
21372
15210
23863
23651
40205
20960
20317
21903
16779
26994
29614
20348
25949
18416
18481
23449
20305
20579
25968
15372
24400
19081
22921
22120
18145
18272
21756
25339
28818
34373
28252
20042
17908
24478
24536
14404
21798
19170
13680
17160
17685
17921
26895
23529
16834
30044
20948
35892
18529
22211
15732
20939
17502
17455
15548
18612
29263
21017
27925
18982
17797
15738
23015
23462
18557
44182
30045
17117
23754
18320
18069
36341
21948
32705
27425
19726
12848
23642
25059
21593
34205
49520
27743
10415
31953
17171
16593
25512
20712
21473
19852
15950
28223
28281
42308
17603
26046
18545
43814
20269
20584
31363
25952
14071
16257
21221
17119
24194
25762
22415
29000
26746
22429
31773
20879
27033
22461
35376
16028
24103
20441
22171
19315
14384
23326
20187
16579
28975
22409
22391
22906
23071
29509
21551
18993
21763
26177
15219
22950
27076
26097
11629
47903
16891
30074
17994
23089
24372
9024
25153
22178
17646
13835
9521
23946
24384
34388
18043
21860
17047
18490
19604
23891
9761
24940
21899
22387
9843
20358
21516
21590
23728
38463
20880
21182
17618
17285
19221
20207
19085
15435
12752
42595
58564
17821
20355
27406
19559
20093
24041
19364
14622
22419
24755
16858
21414
23042
22638
27214
14805
31004
66221
24417
15321
16974
27057
11009
26660
18511
14635
39427
20174
18220
13323
23164
18839
22336
38735
39036
17032
15116
16405
23216
13928
15780
11548
20229
50058
15036
21904
28783
18437
21998
11313
22742
22192
34977
27625
29646
20315
24568
38926
39845
14930
20422
28482
22455
20155
20758
14216
11535
17650
19046
18041
27344
21684
22158
23104
20467
30704
33037
31882
15086
26670
37705
22061
24938
26374
14353
16649
25588
46088
14867
13920
19324
21923
22982
27918
25658
19835
15741
15272
14735
12396
24618
21636
24784
19629
23989
21402
21978
17385
15330
17820
17535
24718
35040
26157
22192
19433
27653
39360
14830
19249
23313
13678
14493
52691
17120
23087
25256
14900
18822
17330
29137
19029
23727
28379
29618
42264
44805
15453
22074
23895
46438
38757
45533
19809
16648
19748
20162
22100
18102
18567
21054
14812
28062
61660
65958
45127
17452
33343
13099
36826
50629
48935
51485
23785
26751
40174
22493
17995
19925
11997
15259
20195
26316
22813
24462
39159
22572
22984
24587
22187
14697
18125
21266
19238
19738
20203
21937
37090
26960
14797
24662
32852
40370
28925
16616
32490
14043
20931
19692
30022
20156
19518
27175
10264
16249
14489
24320
25265
19670
18113
21604
22499
16768
26620
20461
19738
21135
16026
16267
20451
23276
50241
26762
30270
20228
27844
12883
19431
18027
22088
21524
23402
16571
15067
20621
16627
18268
16368
28472
15213
19682
38442
18625
22654
29954
19328
27992
24873
28196
17309
19470
19991
19487
24078
20171
33396
35178
42407
20385
15132
24940
22111
31387
22938
20281
21035
18123
21018
14946
23486
25564
18761
28436
53244
50121
46555
15374
18845
18455
13467
15614
17476
24329
31581
15828
25600
13537
30799
37097
15126
13912
16477
14418
20204
12663
24065
23486
33726
10793
13069
21741
20949
24466
19030
18524
18061
18916
18245
22165
27387
20629
28148
20241
21644
20337
18856
17691
22118
21973
29976
21574
15477
19926
19405
38788
17892
55127
24826
19766
22548
9386
21275
24964
22768
18440
29351
12690
17002
19316
30590
26386
30600
22821
18792
28476
14628
22017
28365
33546
31340
41106
25967
20056
35996
17522
21479
11127
29975
31229
42457
16239
23049
23796
20302
15169
20658
21316
28078
22891
19152
12401
21245
21540
22128
21022
17666
19521
14286
32149
28742
20950
15551
20807
26318
16850
18698
13089
29352
19490
18617
41378
15313
13272
28130
45009
19151
11826
30686
24733
20549
22296
14046
20698
13650
26527
17706
20770
33612
57996
22637
21653
33211
25290
22001
15049
16195
21131
18063
17264
40338
24392
27827
23838
25989
27932
22491
17640
20740
31445
27329
34805
14252
17601
21874
15430
22777
31942
19636
34672
23881
24775
27674
23313
31209
13690
24139
17138
17934
18010
23738
22808
17414
21793
20341
29208
10528
18660
25108
15612
23193
18812
13917
25751
23425
11436
21700
16070
20854
14999
14451
25836
27944
27483
24641
17127
24120
16565
29718
30158
48818
23304
19206
20731
13206
12753
35522
18501
19276
35227
12833
17190
19110
17566
23537
19097
10752
17877
37079
23142
16662
20378
14204
21063
11405
34939
10998
18508
29953
15118
19557
19195
24388
19891
24507
16688
25077
19932
26638
18695
23913
25793
30787
17963
34692
23315
16683
25409
18229
27273
38889
11392
17188
25161
17295
30464
15432
23298
20158
22638
23049
21617
16565
43903
15748
19170
14567
27768
21369
26385
29261
17055
22164
22829
19528
21752
23534
15470
23205
18292
23299
17296
25510
21921
27198
12453
21635
11636
15670
20653
19381
20669
20580
39976
14028
11272
33203
27697
31835
19716
34603
11374
20242
45086
21715
17125
24281
14064
19135
18777
17190
26573
26401
16964
17624
14844
10797
24586
21729
37616
27228
24510
18478
26379
16567
17362
21770
20474
28421
17872
18313
24144
13587
41323
17405
26144
20552
12467
15586
39119
18466
15340
14984
18729
10310
12475
14161
13369
15432
28857
15431
17434
18560
26580
18831
18565
23549
15551
21479
20595
29547
15795
19491
16472
20696
14377
45459
15109
17496
14607
14740
16273
24032
23628
18201
17427
35546
22537
17906
15340
23781
16309
12453
18557
14168
31480
14135
15920
16209
20140
25470
18034
16419
26672
16140
27118
21700
21744
27074
16241
31605
15018
15145
18992
28361
19107
27981
25550
25285
20478
19753
22927
13466
10428
20442
17212
21734
12943
14525
27959
18871
18821
29355
25146
25729
51135
34370
35371
12461
17400
34665
38843
35981
13282
17362
16658
14385
17929
21557
20310
21135
16044
18667
21514
18306
24493
16993
20470
23768
19719
38063
10425
19033
13331
24914
21096
12854
16363
27027
17701
17578
18323
19648
26254
12845
18775
25797
18447
22612
26087
19396
21345
15246
17860
18801
21648
13293
35712
25066
17696
23423
48969
33036
22535
38936
34258
31507
22865
18386
22593
23305
22281
31044
17368
16899
24916
26147
46469
21020
17172
32933
21440
56307
18734
20495
19962
17412
17482
26201
30462
15834
23750
30332
15461
23331
23665
27564
27316
20626
34011
28361
38915
24999
17797
13968
18429
21416
23147
19849
30264
18092
18563
20830
7849
17711
21902
19296
16234
19156
24383
16733
20086
13369
26160
17218
27579
16102
21110
14926
22444
20504
14005
19626
20543
31361
13811
40369
7296
22872
24018
14036
26614
10746
17409
24497
26347
25599
11039
20106
28380
19330
15228
37324
15431
21891
32600
18692
17263
22641
16998
29490
24202
38494
11888
22026
40374
19596
21223
14623
29344
12335
13224
16422
12154
21754
16765
32912
19675
15153
19382
11497
20366
22669
21601
25860
14922
16391
22642
17435
10886
14162
14059
25717
47289
54545
67947
34323
26734
17700
16755
24239
19345
26364
23316
22676
12744
26098
17504
25645
18841
22435
17258
21581
18086
14491
14964
11758
17831
24291
17241
14638
19419
15717
13014
14822
12969
18984
21112
26880
12932
17706
33299
11850
12488
20223
23294
24985
28788
15647
19310
23590
28813
20086
47276
39378
53659
21229
14728
29590
15686
13296
16246
9999
18143
11657
11349
16352
30164
15613
22071
24001
27334
28304
23941
19195
13894
23328
49100
50069
35955
38126
47586
18979
41450
18683
13260
8769
17250
21147
36705
24488
25654
10462
17163
13352
20951
20580
17942
38756
13294
16701
19481
15988
15056
24126
25703
17212
16329
14607
20905
27834
12983
55600
21087
19033
25814
22680
20566
20185
26049
15981
14646
20563
24667
16707
20563
37755
21774
22711
18867
9359
18988
30191
19866
23586
13659
17404
15376
15027
11966
23740
27139
22223
38758
16762
13745
19588
18949
21020
11628
18898
14209
23752
32597
19250
34654
21005
24459
13408
25046
21889
18275
14487
16975
30004
15844
39787
17654
24469
19445
25141
28466
22657
30448
31982
39672
31290
24697
22694
27814
13942
37542
13721
21050
31811
44427
31636
53166
71047
69276
20551
25573
19495
15083
41389
22282
13775
17714
24390
18603
15654
24111
19279
21109
12969
23313
25997
34345
25592
21819
22978
21210
19124
16586
16661
20008
16180
22958
22757
22546
20419
20305
13902
19350
17545
19799
25867
42315
19578
15715
19211
32922
34662
17828
15366
17426
34881
27786
42167
19158
25487
20317
17079
22706
44103
36331
23701
22560
14860
15281
23286
39136
18019
19319
21060
29232
21038
16778
19924
37346
22338
28310
12799
20543
28654
12893
22459
21397
16171
24311
25411
19811
15679
27760
21716
28951
23447
19468
17003
14971
25063
25625
11180
29099
14533
38874
11944
18730
35462
47243
26652
11028
17428
24958
26090
14726
17579
28143
18479
31492
26961
20774
26422
40654
13321
22527
17765
32652
39830
21220
25191
28629
18388
20079
32068
22247
20814
20218
27451
18281
14645
27141
18356
14734
22302
19768
34812
19593
13484
22822
22545
14945
18023
28855
18869
22718
29252
21669
19287
15498
23103
23031
15204
19704
24742
24692
25358
23915
23087
37866
18320
23970
16100
13230
23480
25988
24389
25585
18433
22403
26843
39108
31559
24013
18177
19075
21176
26928
33155
38307
17487
25838
35475
19796
24684
24027
25398
20133
19014
23550
37324
40765
20239
18884
18364
15620
21966
14776
17910
30058
30052
29453
30631
40611
17873
20867
22968
15904
21275
38132
47969
32843
23859
14529
29712
24615
18389
34496
17951
17897
16298
20253
14772
26463
19476
19702
9318
27190
21132
10290
18504
32473
18920
11452
20600
28358
19745
14419
21181
19651
25368
17132
12516
24118
29504
17080
27713
13907
12926
19225
21807
23883
17908
15700
23226
18894
17694
17927
26939
27925
12543
49988
49415
22419
19613
18237
14799
23370
17049
28057
21479
16381
16147
18287
20782
21602
21100
27324
21428
19011
20261
19558
17898
19087
17801
19511
34459
25717
40081
11044
19718
23158
39798
15829
16226
27470
18949
31245
14240
44435
21897
17092
35588
37805
15001
20701
23790
25252
22729
16002
11286
13253
19198
26255
40759
20934
19942
18749
20578
25194
16971
22329
15204
16253
38003
17932
22637
21203
34400
30905
36423
20313
23460
14436
19052
35522
23696
20781
25195
17687
32925
15505
25944
17758
21590
16800
34959
15530
15547
28503
26463
23706
12204
13559
15036
25187
30737
16303
25391
15945
20569
14298
14061
24289
22457
24094
26537
22456
11619
16796
20575
30716
46154
50296
20261
21149
23948
19134
16118
22250
19023
21825
16562
14485
21468
20851
22830
16770
11727
13188
25685
17266
29532
23076
16214
33489
19643
15841
25676
25286
19833
16507
14554
13559
16159
30136
23655
13698
19661
27405
19433
31215
18577
26583
18225
17897
33675
37341
21670
21290
22130
33556
20203
13637
17510
23545
19271
31905
18852
27776
18742
28187
24327
24849
24254
22545
34197
17480
19983
23580
17853
25748
19258
20850
26115
19505
21680
25538
37467
23830
22711
20367
20988
27761
24169
42595
16362
14562
22183
25120
29814
19667
23126
25065
18104
22060
23457
20602
14295
18403
25956
22944
17216
18355
32030
13687
16346
20967
12531
23320
25011
16093
19011
26056
29067
23571
15277
20230
23087
12319
13080
27675
14847
20972
28180
16771
20294
20041
21148
25604
30140
25162
27726
13749
37851
22493
35916
21246
16547
18980
23551
29471
13637
20145
19012
29463
23014
26262
9348
23596
21479
20574
15787
19854
29706
36046
44722
23274
22799
22643
28992
20442
21887
12444
24806
11199
17970
13567
17391
11271
25610
21037
11711
27312
17102
20655
38048
19105
22937
14293
22478
14476
17394
28504
22619
40931
34222
29442
22345
24690
32258
14354
51135
40928
21171
33008
14157
20741
18483
13837
22559
18581
16332
21677
17156
23813
18540
20822
20340
24838
16910
48966
17774
16939
18779
22663
16371
19719
18196
18443
15880
29231
12231
27348
20851
25689
17948
17204
15003
18957
16703
32269
36557
26749
15782
29405
48713
14083
22251
23683
26601
16213
14390
14921
31415
23313
30691
27065
13446
25990
20697
20487
20962
23064
13816
17852
12239
21207
16234
19372
41062
25936
18660
16761
20727
20684
37450
33824
19535
52213
13452
21212
23578
18561
16760
19780
15489
32193
22303
20512
28157
33538
37337
15433
16035
17776
24657
23839
22948
26137
25620
20570
19177
15184
18376
11249
29202
17739
22707
15137
27262
22443
14412
12556
17583
13958
18214
31679
37928
22495
21262
24376
25377
23812
22068
8985
16417
22501
19638
21030
17735
23728
27853
24863
27728
21141
26320
10934
18175
26992
16748
33749
35656
20090
24120
19425
32828
13442
17644
13266
27816
16941
22387
18489
15679
20047
23981
23949
20926
17701
12943
26783
15504
21037
19772
22685
23231
24864
31856
43804
23178
23152
14088
19431
23004
22447
21172
36840
22070
26549
23607
23582
23294
14213
11414
24622
19261
12710
20508
19530
17624
18636
20704
17921
14138
23932
32879
32522
20029
19417
27594
28488
32350
18192
33068
20241
31892
24996
24387
18628
21018
46315
26220
28725
17010
22877
19736
11757
19423
17332
27795
20049
13646
19095
18257
14129
19770
27127
22046
15252
23418
11060
15301
25131
29656
24210
22868
20481
18990
11283
14875
20074
31461
24718
43762
41899
16929
19826
15576
21492
14866
30510
19976
21665
14105
12555
19582
13572
20658
11153
19558
18885
27781
31735
19045
17035
21982
22115
18339
30293
19287
18644
9239
14726
14872
16592
25221
20351
39068
21590
27879
22261
22171
15949
17429
35229
15199
25679
41926
26077
17310
24009
18084
11463
13555
27293
19522
36937
14299
15236
25617
12786
21590
24640
41204
33304
28101
18002
35022
49074
13540
19742
21650
19099
9356
20727
21091
20472
18704
20837
16824
19234
15338
14208
28732
16442
24868
29426
21098
23604
20575
22832
25611
25248
18559
15574
25340
14677
17690
16858
12558
28556
23568
17189
20818
26112
18525
32195
20801
11475
17384
26677
25983
19045
31062
15906
18170
25994
20090
25112
38702
37096
24433
25808
18548
29168
38180
26728
11505
23400
25733
12707
38911
22233
38107
52840
17396
31971
41507
48314
17235
34301
19017
25632
21837
20747
19289
19547
18562
19397
18138
21779
19515
16078
10955
26675
17372
13203
18474
25872
22896
20777
24693
22645
12351
22813
15687
19760
26731
19458
22765
24579
18776
11347
11671
17024
22157
15612
13313
26002
39447
15021
20621
24839
22551
17026
21070
39955
39616
23098
43961
14466
24500
10940
21688
24865
37949
26778
61631
14411
17588
17648
13963
19030
20593
16125
22767
29871
18385
61862
16738
26277
18199
43960
38828
22695
24099
10209
13964
30257
22812
16333
10065
21563
24400
17167
21964
24861
14224
33744
32741
20626
29140
21047
12352
13379
16973
19722
28397
12877
23052
15882
22000
35939
34306
14677
26814
13622
26402
27999
27959
25876
15707
14414
18484
18258
26270
18137
14273
12081
15933
23417
11894
23451
16682
19618
19224
19834
39036
21363
41027
23239
44582
13213
17940
13307
16312
34650
23916
15677
20590
16368
18903
17528
19725
20041
20445
33362
22976
24847
14698
24356
29417
17682
18540
37179
19169
21269
13462
14495
22934
20053
14164
23223
15017
29380
20434
19754
9652
21678
25605
15962
12797
31491
21312
37381
23552
24103
20021
21340
20480
13971
13983
18968
13500
18352
19031
9630
17610
23077
20644
26052
26321
28987
38448
13357
20865
16411
23038
15046
17123
19092
16357
17657
30854
50071
77914
31930
16541
23918
41856
27468
42043
54343
38201
19650
14736
27494
18009
24818
36671
20118
16173
41904
24013
15731
23320
26540
20801
14873
19319
17021
22008
17115
18775
23131
43877
20822
22064
24898
27873
16898
10594
27648
24729
16278
16723
25046
30982
26052
23501
11915
21966
24400
43409
27803
28642
46632
42242
19721
36738
44913
20293
79425
21846
16637
18307
26959
13973
16270
22705
19645
27252
34557
62599
18932
16124
22786
26189
32356
20010
20563
14082
21508
27204
25337
20025
22112
38254
20861
18264
24298
15009
19771
25629
17639
24007
18991
40397
27700
29577
35403
20466
20134
20857
17112
21616
15845
17341
21572
13161
23566
15001
15027
15676
26118
19032
21003
18611
14765
28551
12609
19538
17222
18281
18005
25800
24420
19276
34217
16348
14328
26308
20283
23784
41264
16348
17141
23694
27226
28288
55948
16653
14601
20329
22908
18482
19624
18855
22213
21168
18935
16842
21190
23373
39236
56569
14068
23922
25782
23254
21611
19728
20066
18087
34597
20742
33635
16653
20725
25462
30153
18612
30434
76707
14728
26992
18254
20222
32901
16366
19802
28446
19798
18431
41271
22427
20751
28995
40152
31908
18557
19527
19041
11059
24144
18685
24334
11794
28339
15115
14406
20871
19934
16365
22751
39148
25805
17944
16645
26735
23398
22851
17106
13347
25323
19526
22159
16792
18501
22094
27545
28640
22321
38219
16771
23512
28227
17611
30868
19405
13051
13794
29425
11245
19240
20811
18186
16946
25204
16916
26381
20729
22704
23808
18901
42575
15930
20080
19617
18128
21820
21405
15087
12638
24260
28766
25209
25422
46185
18166
26052
11284
16015
22834
23082
17270
17109
17657
33968
26270
45357
26398
40265
25361
25708
10868
19790
32968
16628
28101
23749
12708
22401
16877
27273
34811
18468
26888
19421
33561
66874
21261
19726
14680
26096
12187
15146
15899
24996
22791
19864
34905
15725
23286
18578
14334
11839
19636
20774
18551
10667
19026
15851
18834
21024
12597
15880
20546
22386
13576
45581
36413
23380
28425
47274
19010
14217
16563
21923
35987
15228
25662
22033
24965
14551
13063
34279
43429
35807
11113
17923
17961
25397
28820
28093
15208
18726
32397
35172
22129
28751
20968
21811
18295
14502
15860
30417
25096
18324
17879
20734
34993
10041
16516
12581
13187
28642
19676
18917
17123
22068
25104
24150
25514
58883
65781
17468
23163
26835
23187
23661
21487
28050
18659
14689
17975
20706
15964
23864
13934
27687
13758
21847
22482
15009
23526
18104
17628
40650
36325
42375
20022
17085
26204
35348
18456
15318
16676
17704
13690
17080
18033
17386
22213
25314
18477
12927
19262
18987
18953
22255
49021
18231
16666
13048
22857
20082
22126
17190
26570
28615
23554
22812
34669
33787
37737
37860
21449
20589
20806
10151
16912
26062
23990
17998
18275
18975
18763
22350
23887
23662
24537
13604
22243
20081
54426
14747
23426
34805
26330
19472
43908
19447
19398
38395
17867
28109
43206
56881
52243
24720
31509
27141
24443
23143
25305
12937
18806
55106
27961
15469
25993
17093
37084
26318
17773
12683
20826
16946
31563
26864
20857
12634
17577
15679
20718
18568
17877
13972
31591
16788
15810
19293
19292
22333
25565
19597
25304
26137
17402
34822
12648
35672
23924
25420
13613
19784
23795
22262
25099
21234
13288
19317
23101
14649
19111
12760
24267
14815
17050
21151
26737
32906
37278
21973
12730
14120
24974
30017
20937
12436
12169
19554
24422
21224
21782
10887
17549
24128
16386
25405
30842
23501
18750
13464
13915
23869
38281
25633
23718
16752
29108
22134
17141
33436
19180
28653
40444
18666
10384
16826
19253
15545
21353
26573
27162
17683
21120
26488
24183
32263
57941
13232
23180
24274
17256
20427
27211
21146
19997
21913
23553
57495
18905
29871
40845
17293
9650
13309
22431
32694
15800
24039
27209
19762
20478
16751
13305
20229
28495
19795
34901
22924
18313
20012
19497
17755
17742
25822
16245
23038
15380
15069
16183
22830
27213
18999
22183
34153
19615
23146
39475
20609
51978
47194
22696
21579
34310
23073
21158
21106
20120
18738
12678
18784
17510
9434
22945
12178
20499
26429
16498
17353
20283
19654
21939
9917
29861
21296
19150
20213
17569
28972
29729
42208
19100
17920
17636
14251
13796
11110
19722
33002
24610
19641
20809
16635
20590
22660
20315
18432
18600
15162
15525
22973
15721
20279
24427
22493
31110
19250
25975
36949
15730
37873
18701
15484
15529
17415
25677
19583
24205
36099
18473
17279
14001
16627
22799
26794
17446
17638
13965
14510
24632
17264
16497
26112
14881
29017
40424
23380
23565
19102
14413
22383
27777
14128
25784
29096
30695
21972
21824
38588
19027
29643
15489
39548
56268
18987
16982
11087
22274
25926
22962
26598
32890
39824
22109
23085
16685
16610
27613
33344
15680
34234
32717
20370
16904
20528
9998
22101
26178
46138
16867
11489
12422
27528
18174
10642
13756
21466
28890
17461
15670
28785
23797
13901
28241
22146
18766
16577
16875
35437
20566
23782
17297
20791
27153
16749
32273
13354
26563
29151
21432
20734
16441
31731
23102
33802
23392
22351
17982
19658
25437
31414
30155
25417
16360
24386
15391
13330
13200
29095
20475
20495
25303
14832
31312
18207
13869
27144
29939
25991
22258
18436
32269
29485
27793
22006
21072
19340
28121
17144
38201
27388
20236
21823
19113
18268
27255
21397
18536
45704
37344
18843
22155
14490
19720
17070
15077
17723
15587
28319
37718
37216
22223
15642
20663
15558
19122
21955
19035
19583
23866
25338
16577
23125
15973
20702
18610
15443
17372
29026
20987
13323
18834
27169
20112
27196
23446
16822
18446
15057
20645
24569
26779
22136
18363
18549
15171
20529
24893
17124
25130
38384
26238
19053
33580
26533
44255
20692
23485
24904
23191
21851
21169
19085
14379
21643
17745
11685
32311
14174
10344
22366
15699
21640
23920
34802
17322
16780
17033
22465
18249
19827
23831
14241
26838
9994
29057
17149
16746
17774
33750
19501
18015
31934
21573
15049
17235
21931
34907
19109
23544
14022
19805
21172
18265
16205
19281
33430
16580
18965
30867
16679
36640
15524
24258
22333
21098
36202
30779
17448
18369
24911
26529
24696
37042
25220
12855
22969
20231
25142
21119
20184
23975
16439
29016
20614
11679
20389
20327
31059
19627
22199
24583
28648
17319
19428
53703
24900
16746
19806
22382
20689
22170
38223
14804
17197
30395
15039
20676
25724
22144
20860
15023
16471
16374
17623
17564
43932
26271
29841
14324
17150
17048
25403
18222
22156
22093
28567
20132
33111
27270
18708
27432
22319
28951
24174
13602
27550
14898
19201
30376
28882
34328
15228
16062
20617
23166
27456
24965
22070
15159
16107
19024
17453
29005
23480
15993
23884
38988
18232
18987
31011
27689
17602
25258
20412
35239
16657
15150
21670
33349
30444
39927
13864
13379
26719
33103
21307
27577
23292
23199
17638
23489
20744
15314
22042
31503
12320
27138
24312
22184
19101
25289
44980
34313
16870
28850
22186
21327
15894
15007
17546
50612
15398
15512
21459
20203
15967
13734
23855
17755
15144
29530
