14774
25571
29143
15421
21700
32153
15357
17739
16284
17910
16497
23139
15100
13845
16675
22957
17523
16995
15700
14866
14710
14988
19727
15996
14480
15364
17962
24154
14706
15080
13297
17727
17739
13184
15218
16503
14961
25666
16186
16807
19602
17088
19045
14071
17786
15181
18784
20683
15763
16687
14943
19375
14052
15365
18773
15009
14217
17203
20408
16530
14182
14163
20946
14536
18171
18510
19300
20123
19813
21871
19492
26735
17692
19506
15318
16069
15997
15371
15673
14419
14861
13730
14671
20259
15975
18448
14560
18498
15950
20497
15369
15189
28735
13201
15641
12905
18119
18002
14018
13628
17660
18583
15791
21154
19585
22800
21174
17999
18970
17052
16864
29027
15659
14794
18941
15971
19598
15082
18710
15533
30248
16776
16238
17675
16152
15748
16713
15580
17405
19162
13706
15688
17675
21050
21195
21660
14351
17349
23203
20203
14250
13770
14443
15916
18303
18744
31070
35379
14776
16143
22115
15904
14703
14748
15813
14116
16991
16915
15473
13861
13140
14418
18923
19532
14313
17391
13926
17667
17697
14129
14011
13714
20414
12680
18557
15567
15525
23437
17168
17870
20571
14748
12548
16704
14149
15239
15170
14466
18308
14795
13959
14332
35495
14145
16899
17695
15668
27613
14403
27966
14522
18674
14973
17357
17469
16761
13450
18329
15602
17230
25706
15582
33641
35431
17677
21497
15703
19434
26689
19646
14824
18637
19840
27975
18367
15883
17563
21094
15152
18104
16892
13526
23751
13668
15994
23139
16608
15126
14593
16421
14215
13954
14968
17088
30949
16474
33911
19803
15916
15394
18624
18526
15580
15611
15387
23004
18197
15858
15561
14610
19372
15070
14714
15980
25185
21107
18623
20000
15999
16334
15090
15471
15615
14031
15259
18764
14931
26558
18489
19335
16845
13519
17277
15570
54709
16633
16034
16333
14600
15252
21227
14502
24141
14523
17180
13914
16267
19777
15130
13427
15951
19554
22503
15006
22545
20515
14622
14123
19887
13934
16360
17877
17254
13934
13927
17394
27771
16660
20907
17627
14546
16126
16516
15848
13799
16673
17721
15046
17215
15462
23050
14745
21547
16513
17459
14506
15770
14204
13961
23387
18557
17773
15393
15308
16587
17205
29565
21179
17799
13547
13826
14643
15887
34977
22881
17596
13770
23694
17321
22567
16002
14791
14840
22014
34431
15682
19247
21797
33290
15504
21051
15193
46642
15117
15814
21117
18764
16388
16845
19333
24452
22661
15719
29008
21902
30126
16460
16291
15881
14656
21074
16506
15110
27716
14227
16931
18489
27957
27224
14353
14549
28366
15071
14322
13747
15323
28421
43431
18806
18124
16824
14608
19471
24966
15865
15161
22784
23314
15067
15517
14960
15108
16019
14525
15401
17213
13351
21476
15012
13813
15355
16405
16809
14416
13420
17191
13578
13352
29895
16136
13458
38239
14406
14879
18892
21088
13826
18595
16820
14123
14991
15239
16852
30893
17077
14659
13285
13836
20367
33139
53919
16268
14748
25291
14141
15352
15367
17704
27596
28967
15247
16474
17421
17435
16189
17538
16771
28399
13826
13980
14332
15850
15195
18553
17756
18806
15998
16116
14258
17302
22280
16184
14632
14673
18169
14238
16767
14864
13252
15120
22215
20419
15234
14588
17932
15349
17759
22892
21517
14388
17394
21397
17697
16365
19044
25949
18869
17916
19197
16646
21688
14075
19347
15554
23798
15026
27844
13885
29030
16123
17429
22427
16072
14246
15359
36065
17761
17160
14325
17267
17028
15966
21876
18019
13514
18184
13236
13467
16977
19574
16390
26708
13853
16303
14742
15533
15293
17475
23400
14464
19917
19377
21013
16304
13714
15605
15603
17514
18785
16539
17200
16071
19397
13867
16444
17339
15692
24298
15067
15975
24546
16576
45118
50648
17189
19515
14157
15623
12975
17575
33773
16807
15416
16934
17639
15905
16163
14264
16052
14985
16365
19972
14356
16172
22044
15455
16889
27825
14907
17484
18677
14677
17775
17307
21500
15269
16952
18225
19536
15642
14334
13485
16446
14941
17344
18805
15556
15165
14061
16148
18463
24393
16816
32067
19553
15111
14337
17676
17371
24165
16527
29211
19602
14878
13546
11944
15764
19935
19863
14956
14408
14659
14840
14687
26237
22896
17189
13904
18721
20871
19969
19382
16263
17152
14193
23701
16117
15251
16049
16477
13558
17591
15623
14907
14625
15020
28729
13788
16146
15465
15848
17637
15169
24347
20206
22181
17454
19960
14698
13979
13536
20289
20100
22137
17446
18573
19559
20639
35489
17904
17356
20422
15668
18112
16638
15489
15108
13721
29253
14557
17412
14873
15559
26855
14502
18770
19216
15940
15827
14913
24507
28020
14020
14425
14683
13049
17604
18137
15050
15279
18168
23849
27045
15128
17683
19955
14941
24833
13720
29835
14791
23498
23658
21743
17207
15723
14059
16418
15651
16767
16355
17376
17933
15773
15895
15232
14353
26332
19870
16884
17310
22058
16934
18259
15706
14702
19477
15393
14799
15925
15819
14129
16781
15319
15901
23641
27582
15702
17205
16815
15176
15131
17098
15383
16574
14127
22617
14104
15192
14081
25665
14352
18766
18877
17477
17289
15681
16524
14972
16986
16131
15503
41289
16630
15320
14475
16443
14243
16220
17059
37929
16319
16903
16641
15793
13911
15694
16526
21727
14613
14552
20340
16246
19257
17126
23658
22828
15195
15549
16411
15609
15447
16386
31046
18454
19393
18071
18877
19731
23485
18238
16050
15183
19310
13748
13814
15577
15412
16741
17891
13306
16915
19748
16834
20974
14204
13902
13569
16109
14738
17758
14911
14122
16257
16499
14478
23592
15448
14754
14624
21136
17165
13975
14147
14150
13691
18758
20612
15426
15435
15071
38472
20447
26021
16792
18470
14606
17458
15520
18659
16207
45592
14895
16577
17028
14717
17913
16906
15461
44154
14894
21358
17681
18609
14318
13259
18571
18904
19118
13601
19813
23987
21705
36541
17165
16900
14865
16200
20946
19071
14456
16265
16901
18387
21375
29737
16578
16152
25972
19869
13837
15186
16924
19714
21843
19518
24849
14822
24238
21110
19416
18377
23834
20416
20279
25595
15161
19798
14832
13676
14633
15172
23889
15072
18609
20244
15510
16097
16464
15099
14957
16552
30868
19990
17840
14798
30018
17494
13160
14560
18568
22337
26679
14891
14938
19434
14380
13447
14366
15162
15784
13294
16911
16016
14415
14396
26149
18618
13594
14021
15023
15165
16581
17846
13201
19770
21567
17577
15715
26542
15865
35397
18489
17191
18043
16017
18023
17559
15463
17595
20463
21257
19736
17621
22126
14397
14497
16623
14533
16994
15313
18013
18361
15838
19126
17268
16217
11968
18638
14631
14194
17882
20180
16183
14635
14534
16783
16489
15159
13188
16612
19466
13957
14405
23107
26382
14752
15369
20124
14527
16998
19495
22238
17119
24391
15455
13980
18520
17863
20663
17522
15411
27427
19577
16738
16490
21283
34879
17902
44777
44575
14572
13737
16231
25577
14430
18196
14015
20111
24194
13922
14757
23205
14519
13662
12766
13770
13672
14017
12416
13784
20620
12936
13160
18659
18383
17220
13191
14112
16766
14887
22445
14989
14874
22938
15709
15711
15031
16491
13108
15827
27236
18913
12996
14483
11972
13363
16641
17759
15825
14633
13881
20385
14465
19237
16325
14702
18925
18174
18739
16502
14452
16311
22133
15775
14254
14966
14567
13841
16670
13479
17147
25891
15681
14338
17159
23134
22818
20265
13892
14210
15534
16908
18992
13789
16117
24700
28197
21348
15031
19817
13494
13842
14542
13334
15819
13931
15481
16261
18762
17983
15039
12496
14350
14616
15087
15871
17206
14141
20493
13915
16886
20226
21408
17945
15395
32583
13383
12775
16864
15131
21805
14494
15593
13784
19786
15577
14111
16937
14599
14437
58598
74386
17502
15958
17816
19024
13185
19364
15241
13954
17154
16350
22954
16504
17866
16234
14747
17135
25399
14339
13365
14460
14161
15808
13668
19656
14428
17306
17658
13702
14780
31334
20958
27393
15049
22050
25320
23540
17494
19310
21844
18085
14437
20586
15136
18657
13624
14734
14781
15164
18143
19099
13098
31459
14629
16156
15014
14891
15017
16699
24317
20373
15003
15430
18151
17294
20306
15888
16181
43574
24526
21645
25197
16411
15762
14292
18565
22194
16399
14522
13795
19197
20229
16070
14864
15186
17370
14069
20010
18146
16560
17099
18598
14656
17519
15827
23713
14756
31724
13102
13899
16259
14808
13377
15335
24374
20035
15213
20562
21107
14339
13969
15689
16184
27742
15589
26680
18911
17146
26593
18926
14611
15534
14264
17405
14437
14853
14532
14597
28247
12651
14009
17144
13869
14924
14428
15362
16616
14644
20537
19138
14859
16307
14674
14205
15798
14706
14730
16324
15443
14342
14648
14754
30368
23498
18126
13623
14086
13454
17946
28512
18054
14801
14536
13769
17215
15313
14639
18348
22186
16593
22409
29472
17399
12888
17713
16345
14403
18954
16330
14795
20561
12632
19518
16897
14278
15403
13657
14743
17452
13889
19351
14972
14783
18348
17529
15717
19726
18165
15130
16015
21853
21884
14160
16245
17292
17371
24224
16636
14011
16532
14946
14717
15408
15164
25154
21850
20608
14467
13946
21048
13368
16756
17712
12426
14267
29742
14303
16412
14416
15545
14231
17372
14731
14045
13261
19257
16347
24258
19205
18107
13583
17747
20322
13210
24868
15640
14872
14841
17425
13375
34200
14141
17821
22223
14438
27263
25205
15022
22252
28659
17929
26179
16378
14528
16000
14364
14732
13868
18882
14550
36911
15789
18415
18206
18343
14936
17316
15176
14853
14802
18038
19838
28331
27749
13474
16857
15912
14370
15719
13117
19933
32755
17996
29540
14096
25601
22674
16917
17750
13966
19959
16085
15424
17462
21855
12314
14938
19025
25215
12901
15868
19620
16408
15583
26473
16189
16032
14754
14597
14304
15285
13471
17310
16394
24465
14124
14247
15255
13962
14948
16373
19532
25196
19458
17180
17649
16054
15779
15268
16193
14275
13982
18555
14218
15970
21738
18536
13943
13184
13619
14181
15307
14871
15137
13462
17214
17513
16873
25324
17900
13617
15735
12888
13049
13559
14295
15118
14000
14486
16741
13147
18020
14906
14472
14894
17176
13965
22473
16692
14895
13713
16497
22583
29473
20197
14944
15363
17190
17219
19357
15006
20628
13292
13818
16534
15093
14772
16206
12654
25173
16443
16668
13263
17094
20957
22322
17108
13789
27935
13923
23358
21753
14374
17701
13510
30295
15371
23923
19819
15941
14944
18635
19094
18787
14089
16642
16535
19268
19014
16109
21405
16852
28505
13782
16455
15921
16619
26890
14115
23388
15898
15027
16156
14116
18287
16993
15897
22821
15453
15874
23355
15745
16940
26362
21584
13921
15432
13367
19449
21788
13906
14760
18948
14752
15724
18063
18292
13714
15276
17315
16159
15487
16726
12706
14099
13914
14943
20712
26584
15478
13389
33301
13716
17913
16613
17028
14070
15182
14847
20936
19150
15243
14332
27590
13397
20336
14283
17659
14027
14278
25300
30329
16552
16142
18870
19447
14262
32553
18978
16782
16238
15144
21014
16172
20834
15767
14400
15703
17483
16588
15817
16649
16529
15453
14596
20438
19124
13983
14981
16486
14894
19903
15540
24798
18769
18283
12415
15915
17933
13818
18596
15227
26734
16273
17640
21037
21813
15262
14720
13944
14847
15395
18777
13877
15368
18657
14630
14428
15809
13829
15861
15054
15371
17296
14657
21485
15382
14371
12859
14198
15381
27774
15829
20868
26394
23211
14990
16118
20422
18090
18986
17564
16304
23238
19000
15691
17469
18115
17570
15388
16940
24302
15440
21897
17719
18197
16972
14035
21509
30405
16757
17259
23081
16401
20692
20273
15895
14872
13380
16243
14316
12600
13958
17011
19123
14062
18486
20507
14816
15591
14283
22727
18973
15518
14220
14023
16064
14399
15119
14716
15505
13995
15762
14728
15381
23086
15135
16045
18450
25925
13713
13795
14037
19706
14323
37031
23296
28277
14390
15449
14743
15379
14823
17665
41128
18174
20607
17250
20141
18603
16556
15532
15120
15479
16862
14662
15435
26693
14115
21458
15560
14185
17765
14665
16512
15348
17256
18355
29129
23605
16721
16752
15777
21645
15870
15770
14497
15953
47540
16758
13615
20466
17960
15371
19196
17563
22429
28419
16450
15150
15871
32201
17762
13886
17345
14783
22255
19513
15232
17151
15001
16128
19938
15285
16881
13306
15333
23546
18382
17588
13183
14021
17473
24371
17450
15820
13879
15083
15095
23801
18235
19909
24722
20374
16731
14728
19698
16038
14873
16142
13662
15041
15217
20136
17332
14748
18446
14356
25852
17481
15061
14536
17897
15170
29877
26466
17254
16046
14584
21597
15253
26706
14714
15696
16826
14413
24308
14819
16909
19017
17810
16295
14583
18532
15199
18176
15842
32619
16362
16113
18433
19950
16910
17703
17721
15538
17689
17657
20091
16350
31420
14678
17954
14916
14959
19760
18067
17954
28888
15831
17671
17759
15040
17447
14154
21920
26213
14654
15085
17414
16017
23088
31155
16553
18974
13114
13913
13914
14530
16302
17350
14363
18454
14269
22688
14706
15133
14443
18368
19718
14621
15209
18075
13424
14698
15498
23726
23650
16857
16665
22657
15503
19055
15957
13597
14680
21898
14074
13415
24006
17930
24671
17093
21312
15677
17139
14974
15989
16931
14026
14099
13713
16368
15385
14917
15196
22193
15927
13141
14879
14233
27617
21888
17950
16840
16945
16872
22910
31887
16075
18850
15386
21280
18915
20450
30613
17748
15797
17436
20613
19527
14343
15707
14847
22068
17041
19907
20487
15685
14616
19199
13925
24667
19421
18910
15266
16845
19979
21478
18720
16506
19904
16139
14652
14545
13573
20254
31213
18689
17588
12381
18086
19071
22739
17184
14550
17031
15719
17863
21655
16001
18775
16291
19429
16994
14998
15242
17045
15134
19234
15989
14053
27060
23210
14725
14367
19621
16106
21262
19824
21660
14017
22107
15370
18728
16083
30997
16254
27717
18080
15293
16351
15227
15225
25853
23308
14313
15854
20162
16961
17753
27632
15624
14472
14963
14252
15080
19022
18575
23794
12398
22612
19751
21625
13970
15720
14316
16690
24189
15326
14411
16846
15726
13550
14694
18157
17681
17098
15494
14662
18995
23354
14861
20341
16528
16364
19010
23593
24006
20645
33899
18882
16579
15344
15273
15217
14675
15701
15754
13420
18596
13837
20110
15961
16446
22940
20958
12954
18054
15878
26567
15764
18088
16015
24558
12488
15568
17447
14679
17156
15050
16305
13335
15912
13688
14689
22241
15432
15743
14838
15825
14984
15654
15097
14401
18565
14391
15687
19305
14729
17073
15185
14099
13242
13168
15876
15158
15075
22098
37175
16677
17506
15652
16649
26886
14817
16327
15957
15859
23840
26687
15860
28176
27947
17354
23416
17993
13910
14313
14702
42066
25564
20668
19684
18763
15809
19491
33741
13765
17639
14543
14565
23945
14084
16082
16205
14519
18887
14845
16225
14851
19361
14297
17412
14690
19742
14912
14259
15880
15719
15373
15156
31322
17333
26770
14960
29416
14457
14073
14515
17396
14617
15760
14940
14375
17976
13546
21770
27683
14861
14194
16656
17830
17122
17147
16311
32934
16616
16204
16425
16138
26930
23121
36997
14916
22794
22632
31408
15938
17251
14595
15693
19120
18505
19353
16519
17820
16206
14258
16648
17428
15945
14835
17188
15873
15274
21681
25452
18313
21406
19962
13191
22352
16160
29989
18554
14698
14562
17463
25414
27188
14248
16713
17064
15942
15831
25789
15159
16423
16882
14813
16803
14312
19019
16885
20079
17229
18417
14579
15839
18406
29904
36602
14340
14542
14357
14112
17586
14496
24481
14546
31649
19888
17106
20549
14659
15508
16470
15727
13746
16019
14792
19234
15131
13496
14964
15058
14634
26180
18408
23877
29578
34337
14034
13476
17045
14903
18395
19201
14943
28491
13555
14444
13937
16338
16280
15451
15670
16736
13970
15231
17780
44181
14614
13325
22120
14974
14799
14975
14396
20329
13881
14274
16387
24554
16195
21544
20718
14756
14438
23124
14961
16502
17533
22508
15123
16509
24160
16477
14438
21332
22484
18485
14366
18929
18333
13736
20138
15553
16075
17843
28353
16276
30109
13707
14526
23066
14615
12304
14062
15816
13995
13503
20511
17048
16052
17013
21549
14800
14867
17113
16081
15010
13037
14852
20358
18382
13714
18534
16486
17573
14479
17180
14842
19260
18697
16499
22130
15316
18285
15031
30194
15039
16674
12847
14304
18115
18625
15268
16407
26413
14043
13310
14941
13491
14639
17536
14953
24969
17346
17298
50294
14802
14472
15035
17930
18836
14223
19921
24942
14438
15773
15599
21934
24004
16768
15983
20183
12661
17840
13689
21453
13442
15669
14784
15827
15591
18038
13981
13797
14048
14011
15472
14108
14091
19085
15118
18353
19013
13005
26046
14376
18889
19746
17640
15035
14160
13346
14781
14252
14482
15447
13497
52656
15984
15478
15669
19702
14897
15005
20087
20532
15798
15151
13306
23312
14812
14029
21811
31895
28367
18612
13969
13379
18444
14458
19242
20969
16239
15732
22415
17629
15424
16512
23203
14136
15554
23066
15509
28745
21566
14069
15594
37858
13112
18610
13349
15694
19463
13666
14277
18164
15773
17910
17701
17507
17692
16290
20978
14738
14381
14972
18327
16069
14254
15829
13937
13624
14310
13919
13594
21690
16465
18583
15141
16449
14579
16763
15236
18481
21122
20100
14478
24281
21130
24114
16384
15068
21789
20661
19042
14417
21457
50407
16188
22311
14652
13651
15036
18565
16552
17033
16534
15792
23874
16292
20332
15757
18132
16670
17952
16401
14394
15066
18984
20955
15871
20507
21293
15509
15738
26164
15017
20613
17565
20088
29097
15834
14293
16062
19180
14707
17753
20130
26166
18902
19107
13575
14048
16272
23164
15294
20093
16220
13728
14688
17554
17152
15599
14811
15904
19265
19295
18145
20867
30356
20513
18866
21977
29805
15192
14965
28986
26932
13714
14072
21127
13946
15550
14256
14949
16043
17019
15047
19858
15243
15102
15999
18052
19844
17593
25888
23696
18586
21687
18817
14842
17835
25795
18085
14737
17771
17623
21365
15831
19290
18421
19255
17315
15902
16193
13866
14974
16076
13547
16748
20060
13566
15704
12963
19515
14573
22567
20981
13350
15377
13099
15162
14629
14321
15152
16260
26201
16387
15796
17107
23478
17887
14873
14395
17439
20912
17429
21203
15658
17553
14885
14849
16084
14199
18480
15942
18959
15625
13115
14117
13687
15767
15717
16039
15147
16439
16181
16540
18633
21712
22509
16216
16313
38369
26584
16176
14396
13921
22665
18507
25320
13464
21965
16596
18440
17393
23000
23037
17136
14979
19040
14601
14769
23336
15456
15593
15873
20123
14979
15328
13439
19313
20031
14641
15059
22607
14505
14236
24491
15143
21710
16398
19217
14014
14356
21211
15261
14699
33557
19068
17048
17752
17945
15971
22553
17496
22267
20421
15296
16446
14666
15668
16105
14305
17341
15351
15047
22124
14097
14377
15542
15240
24734
13910
17316
22923
28629
15080
21990
16484
14950
17058
27320
14289
24698
15108
17144
16886
15781
20104
15892
16745
15795
15077
15215
12807
14282
16209
17876
14544
15709
13778
18692
14269
16915
17064
20493
15758
16437
14713
15274
17588
18623
27413
38191
16430
18182
15364
18960
14867
48754
56650
15506
15035
16205
16602
19901
23971
16956
15078
16201
14652
15107
18404
15297
17969
26530
14953
14187
25006
17018
14516
23032
21943
23792
25745
21034
16277
15395
23304
17002
19982
19062
14717
15784
25607
17357
15823
15959
13690
16948
20784
15230
16280
20980
15392
24785
16972
23998
15027
31728
14508
19637
14499
16384
16230
15644
20694
18288
14836
15143
20170
15373
18606
13623
13455
15695
14161
17851
14588
17378
16619
22449
41882
19326
16030
20237
20237
19421
18287
18296
17923
32719
15079
17370
21311
19623
42027
15873
46658
15089
18007
13725
17372
20206
19048
25426
16016
15838
14640
17353
15021
18137
16130
15714
15039
18326
18688
28240
16692
16685
16520
21617
15642
14722
14368
13842
13997
17287
15851
18367
18562
15443
21423
20604
14981
19389
18278
20986
16300
19327
21257
14563
18248
13987
13356
17758
18822
15998
14035
18941
14860
16573
13741
19646
18175
20910
16482
12471
13979
18759
14406
23478
14237
18258
14063
15597
14747
16259
15516
23791
14659
14190
15540
17237
17995
15760
16877
15861
13052
18829
16517
14434
16092
27531
15427
16394
19436
15544
18959
16134
18888
19785
16391
16950
14752
13938
14198
19800
17258
21816
15352
15151
24158
17641
16043
15781
31161
14540
13707
16923
18071
35317
14951
14186
26521
22248
23542
18129
27080
16626
16140
15289
17258
17354
18594
16430
14577
20628
18003
14920
16433
19499
17838
16556
16868
17925
16616
15599
16950
18327
15921
19352
16395
13728
18397
24104
17074
15942
24330
14900
16800
14628
26976
18100
14478
19261
14025
21263
22089
14322
16187
16743
17923
19934
48156
17736
29445
16867
19323
17009
14477
17524
20220
25442
14398
14468
20422
18222
13727
16993
15826
14950
17009
15402
14387
26974
19138
18493
20575
14875
18734
18838
17804
15402
12639
27948
15557
27294
47938
16191
15315
13725
14259
20898
13108
20283
14326
15852
14231
16265
13711
13834
20980
19665
19356
15759
14094
14266
16193
16132
25316
20812
22318
16519
13290
15149
15856
15853
14533
16088
12765
16253
13792
15372
14186
16667
16939
27398
15209
14904
21593
15808
16528
17635
23295
19985
15396
13901
16386
19638
14310
14953
15293
15808
17766
14994
19813
17134
17042
14246
17006
15658
17148
19702
14638
17483
15448
13805
15395
13832
14980
19018
14256
19331
13339
26844
13853
15662
14320
14580
14848
14458
18189
16994
14915
14639
19691
19642
12463
17837
16288
14685
20576
16541
19749
16470
13091
13891
17808
14473
14981
20894
15345
14953
13440
17887
13665
14990
15110
25055
12957
15330
12922
13280
12851
14874
18904
19595
13627
21244
14752
16511
14195
13788
14435
16917
18417
17358
15848
23701
16475
17035
14004
13527
21762
19697
14595
15647
15825
17686
23124
17777
14546
15072
16036
15498
26703
14725
22887
16107
17778
18248
15225
15575
13446
15440
15947
23092
22674
22613
14408
17590
22972
17516
36434
14364
20224
19561
14389
19411
20193
20694
16711
14191
16907
15414
17859
14251
16039
20414
16121
22954
17136
15620
21336
18694
15330
19017
23356
22733
31103
16414
15445
13519
28858
18371
17439
17790
16237
15396
19203
15582
15123
14701
13972
14937
17896
14942
15335
22314
22317
13957
14016
17984
16710
21640
22750
14452
16335
16398
15508
19378
14221
17946
21649
15671
14516
14395
29168
15499
18586
16532
14910
25737
16707
14392
16475
16690
19144
23882
15294
20037
23903
15682
13791
16434
16163
24211
16292
14461
35407
14404
18599
14716
23537
15704
24149
14385
15525
16864
23628
14452
15369
17930
17263
13874
15242
12918
17254
26178
13554
25446
14229
18974
16214
14336
17571
17176
19644
15840
21254
16036
13720
13925
16549
18567
16161
15878
16548
15679
13240
17056
23494
15359
15914
19196
15753
15970
19984
15375
15819
22192
15145
17110
18370
18060
29401
18802
14424
14726
20120
16071
16064
14847
15046
16446
13144
17145
16858
17651
19933
15721
14561
19096
14744
27926
16872
15472
19519
29136
14933
21999
15538
15178
14851
15291
22763
19523
18040
18890
14296
17372
15695
15545
14514
15230
17348
14294
15764
15349
16353
14136
17062
15332
13775
14723
15748
14719
17036
15285
14993
16777
19149
15823
24222
20412
15573
14190
13473
16943
15156
15170
15396
13321
15468
17312
14151
28153
21335
14636
14356
15628
14766
38071
14150
17264
15913
14567
19003
16946
15973
15025
15070
14710
15405
13402
15347
23053
31261
17042
14880
16730
14377
12724
13944
17856
17614
17484
15479
26738
14019
21122
17475
13024
15412
13162
17045
16325
16944
13326
23531
20503
15956
16883
14418
22537
13375
15446
19272
15662
13631
14293
13264
14079
16528
17330
25719
14232
22438
16156
21226
16289
16955
17679
17034
14109
14876
18878
13679
15193
28349
15290
15190
14288
14007
14358
17430
18295
16693
33809
14532
17682
15102
16938
16666
13168
16237
13655
15348
16043
21913
14794
14443
20548
15045
18880
21079
14935
26999
17764
16350
15792
13478
23389
16632
20720
17561
20066
24552
13779
13541
15327
14841
18584
15201
14625
14162
14344
28442
14862
18658
17960
15821
15108
16255
19238
18114
15883
15221
28983
16690
30137
17075
18127
15626
15066
14139
15726
17255
15857
14773
19617
16798
16619
18527
16180
14660
14942
15445
14752
16008
16000
14258
18391
14531
20062
15962
16075
15838
16643
35181
18437
15978
36132
14524
17973
14845
19102
21422
16552
15812
21704
14827
14041
14762
28027
15443
14601
23906
15433
20513
14911
17057
13327
17254
16751
14958
22171
14382
27100
19681
15743
14536
13575
14671
16495
18522
16035
21632
19461
19801
19923
16427
16213
14332
17277
16178
15222
20565
18852
18080
17531
16260
17887
14405
17444
14927
15858
19136
20428
21032
16273
16345
26020
15058
18471
16516
16251
16575
17620
15048
16448
14988
16739
14692
14590
19300
17637
14323
16510
16595
14203
15192
15310
19513
15839
15131
15137
14525
15087
16057
20046
36823
20872
15437
16555
14539
15045
13291
20368
18481
14460
15576
26558
19540
17128
14189
19685
16704
16048
21027
19952
13277
15296
14277
13879
14630
16259
19806
14273
16242
18636
14778
16745
45496
32368
14508
15753
14495
17941
14767
21696
16657
24263
17822
31930
12862
15985
26398
16137
15812
15047
17725
19283
15721
15295
18635
21014
19849
21091
16451
15688
20382
21449
15194
14152
15673
20901
14928
16503
15349
14645
23809
18304
17814
34920
21491
13603
17229
18107
18454
19230
17503
18740
16237
26761
16195
17099
17465
15557
13601
12896
19193
19435
28641
13982
15310
15782
12241
16490
17513
14903
18850
29347
13788
14622
13836
21773
13752
14392
20557
20207
16336
17147
14994
14424
16121
16884
15769
21187
15117
16306
16728
19183
16001
15148
16679
16262
22275
24188
15255
15364
21436
17517
14985
15090
23324
15723
17112
14618
20545
16550
13940
15986
15574
24317
14474
25159
18020
14432
19470
30351
18834
19605
26442
14425
15868
20102
14844
15794
14716
17254
29830
25700
38166
20059
29304
15125
17770
24122
16435
16239
13267
15650
14786
14124
13844
14159
25909
15569
16353
16844
15070
14184
18637
17483
17723
19252
13926
18074
14283
14971
14371
17235
14899
17693
22903
14147
20581
14290
14635
15491
17469
28041
24423
17678
15052
17861
15289
17266
34062
21542
16649
13157
17779
13188
26284
19629
14821
15753
27560
13424
21813
14571
14409
17508
16920
17717
15844
18989
14343
15160
14902
16131
27001
14853
21020
21642
14234
18405
18406
17954
17107
34369
16548
15008
14460
19463
36236
14164
15014
19470
23124
19699
14963
17769
17267
14679
16599
13343
14063
15998
18318
16715
15630
16357
15665
15024
14571
12590
15229
39373
18223
15357
21779
16317
19835
21224
28240
25648
15869
20981
13589
26312
14379
16842
20293
14407
17841
14715
25953
15499
15275
17396
19848
28071
23284
16305
14153
18004
15536
19678
20410
17324
20288
19672
13581
15906
24168
14770
14765
17216
14357
16084
25939
44338
31011
14561
22669
15449
13321
16210
18094
14379
13939
16459
28950
15936
14070
18361
15126
15097
15354
18661
16303
17823
15218
16406
19617
16258
14851
20549
18543
16024
13298
13567
14995
21534
18031
17033
20803
21917
15151
15361
14600
20885
17266
17390
14564
16909
15631
18379
21363
14849
28380
17092
13793
13899
14951
13172
13865
15413
20327
29663
16034
16883
14715
14477
14607
20079
19615
21839
26905
22670
17563
17555
18712
25001
15772
15675
22031
17973
20200
18511
19629
15801
21267
15151
20011
24581
37862
15293
16313
13796
19027
17380
14171
12935
20211
15960
16593
14316
15802
17161
19471
13931
15134
15010
18577
16032
16912
14002
16474
17527
15332
15112
41800
18065
19570
17205
15450
20554
16612
18791
13071
16196
15901
16362
16694
17565
19528
19245
13322
17625
14712
21953
35712
19252
18056
17026
20989
20803
15790
36910
18879
20640
33435
15420
17324
17971
16616
17515
14488
14527
17886
15143
19928
14277
17420
17321
15191
19214
18840
18257
13763
16884
19732
13894
16609
13388
14231
14773
13399
13838
14001
19123
15039
18680
15201
15738
15951
13879
14946
15970
15199
18868
16476
21884
14466
15814
13661
21473
13561
18181
18151
16746
22983
12834
14842
15539
15391
15218
19399
15618
14871
14439
13489
25840
18743
17717
15604
16358
17575
14282
15751
20156
17161
15028
31422
15425
16397
16571
18103
19073
17655
21697
21016
22225
34646
14242
16222
19316
16058
14578
14142
17145
22517
15399
16107
14081
16271
20038
14427
17544
14396
17147
16275
25366
17936
22970
16630
21929
16630
23080
16914
17153
20295
18299
14602
17413
15020
14710
24279
16150
18703
19232
13993
13963
17696
16403
15866
19788
18176
14498
27391
17115
15472
20445
51630
20355
24645
23026
21039
17782
14648
17333
29176
13449
17164
15073
13879
14695
20030
15773
25393
15954
16595
19487
24929
17712
15437
20517
15275
18780
15083
16579
18420
17134
21456
15629
32329
14059
19667
17209
19530
20400
28194
14394
22698
20145
13203
15355
14293
13836
19175
15372
14235
17939
15378
14091
18412
17628
13736
23492
21955
25729
15348
15312
16517
14520
21512
14720
18710
14031
15510
16388
33987
17473
15225
15051
14674
14264
18297
16537
18462
16407
17295
32961
19029
24318
16258
17856
16171
16560
14287
17659
15747
16846
20056
21562
19843
14966
17843
14641
16038
22241
19929
15874
22072
16897
15469
14714
17533
24122
16852
15505
17181
15458
15025
14576
16640
18927
16200
14254
32835
21600
15392
19835
28441
14063
15188
14787
17887
14303
16747
14848
18350
14336
16310
19176
20583
14259
33538
17555
15410
15681
13636
13405
14610
15262
21376
13206
15310
18944
15020
17749
27042
14135
14397
20468
24314
22491
13843
14356
14565
19298
16801
15181
15241
21747
14798
19751
14536
15586
12719
15471
14793
15787
15127
16328
15788
14106
15583
17330
20262
14095
16344
18411
15954
13039
17715
14694
33200
14625
16099
15118
29608
14307
16844
15681
16497
27825
17183
15374
38567
17176
16092
18820
21067
17939
16815
19528
16100
15827
18294
18972
17175
19305
18361
15118
17943
16794
16257
18794
15147
14741
14925
16679
16694
15731
16598
16867
17752
28181
16652
15561
13704
15617
15088
27288
14125
15535
13787
16724
14730
13377
13330
23388
19589
18913
20733
23064
15749
43368
13553
15331
