18816
13308
12237
27631
29824
17277
17805
21559
34111
29772
21020
22185
26650
19949
24569
19375
36582
15772
38052
17645
16476
22924
38215
26538
27459
29034
43187
58359
31291
18287
32320
33563
37567
23366
17384
20918
24378
16541
23845
22870
32237
37935
21924
24287
23885
24334
19752
12171
22758
39406
14379
18767
28258
33117
43373
27590
28518
26549
13101
25805
12639
14970
18760
32296
26982
23021
18505
26009
15658
30729
14529
33053
41802
17005
19104
13854
13617
14246
13534
19758
14072
28746
34242
20325
17812
14951
15903
25999
25958
21150
20680
26554
23818
23157
23478
33664
43381
23463
19643
33681
24477
28474
29356
34764
41675
25154
21809
21825
19604
19229
27283
24522
22711
22113
20991
14152
21162
26132
24302
21969
22393
35240
23886
34147
20623
23902
45877
65567
80241
22163
20491
19656
28619
25443
16647
23354
34932
24356
21276
17052
24265
23122
16022
28646
31923
20752
21999
18868
27075
25939
30315
26185
38536
41243
14246
26001
17672
13931
37332
33029
49697
31612
19361
23175
16086
21352
24745
27841
29377
16699
25450
26244
26757
10780
39586
15537
26285
19321
27058
19364
25825
23675
37114
38384
29674
37585
24986
44213
30580
20564
19816
12909
25753
24591
30128
26044
24888
22732
13523
22686
16990
32832
22734
31049
26217
20067
29403
21090
23899
17980
19764
11702
23579
25675
26765
33523
17468
24765
16353
12829
19494
38549
23917
11275
14162
23639
11323
28686
28502
30837
47053
27740
17249
20790
20831
32690
23267
23972
15156
23779
9666
22623
14608
24967
21271
27687
21629
20738
17481
29281
21145
23562
17490
20230
17559
57945
22669
16256
22830
27690
23705
29656
55958
19196
22935
25219
38342
24751
28768
17504
25498
23409
31704
27596
28649
36169
33759
24786
22871
22362
14156
20489
25180
24564
29612
24534
56497
35236
29723
31399
27482
29561
19369
26814
29765
23488
49577
35402
22030
21452
22012
30305
16763
51766
22336
28806
24744
22367
23046
24996
29531
15479
30640
19934
28585
56388
20435
18033
70236
29835
30867
28616
48899
21492
19351
29696
20265
32659
31058
23095
29111
14779
30880
18795
21081
12376
34961
27131
30375
22938
44274
21952
28033
14197
32566
35478
43785
19178
37508
21092
21433
26172
19578
33858
21858
24919
40973
11578
18422
35936
15086
33427
19443
22832
45882
28640
18136
22613
23789
25918
21942
30808
14215
27931
20609
19554
12492
18447
28285
48454
19489
20111
23857
28339
17907
22578
19789
26438
18024
21052
16841
21147
25297
15480
27974
14872
48221
36446
22281
31168
39046
31628
23259
23316
43627
23897
30084
20881
36658
17114
24132
25687
22866
18017
24894
13096
15366
23032
22453
18162
32487
29120
26428
15704
23615
24535
14583
28054
17658
22103
14619
29058
18686
13628
15185
34024
32805
27869
23006
39792
24680
18669
21729
27003
23364
30741
29838
24276
28903
25892
23026
25955
42458
26794
31818
25463
12922
37155
19160
23612
19002
22156
27693
31930
11377
24455
24887
22659
16406
25380
19159
17118
20002
15634
16190
18704
14022
34492
21405
37404
34109
30408
24306
16271
31419
18745
18828
24632
25179
25697
23080
19538
17462
24030
19194
23469
14173
30396
29211
38610
29154
10331
38915
16490
19481
23475
22702
20287
28493
16344
22984
14977
22920
8852
18010
25811
27615
22260
22642
31689
28139
27216
39620
40625
18813
26456
24124
19593
19180
19000
14755
25395
17927
30095
24083
61192
23172
22340
25460
19177
17454
24892
23537
25495
29712
41573
19797
26135
26114
24461
21826
38877
33151
23236
28242
29326
29044
15489
28403
27705
23784
47820
37813
21708
24393
18738
22949
23343
20695
36464
20275
17603
20958
22155
18257
23582
38391
39538
44312
19068
60741
18700
19226
33667
26049
25628
27785
47079
23648
23406
21541
34211
26570
30374
15122
24573
40050
20011
26567
30388
20740
17029
21708
32823
53532
16247
23234
26429
23221
19507
24890
15595
29271
23361
18280
11899
43346
74026
25367
46359
35886
33227
21870
16171
24197
15558
9303
42186
20211
48628
20373
30327
24972
16127
30345
19839
27305
19461
23007
22651
23567
24229
22749
23923
42720
32715
23941
33757
29871
40170
28352
33891
20419
22369
21328
25540
27616
25693
16241
16122
20168
18556
25401
53718
91967
21761
17188
16020
22289
17286
21817
36627
21465
18972
18379
27391
41172
17029
19952
24654
34494
30856
37960
13759
33989
35755
20928
17063
22573
58971
25942
21970
25578
20667
21156
25116
16980
22078
30982
25665
24282
32232
30168
21045
15932
24261
19689
19017
22796
33324
38052
43107
26361
35231
22309
34215
20715
60297
50384
24949
27209
18254
31105
28112
42840
13017
21550
39968
16471
15713
17423
20463
20852
21584
22023
18695
12863
19930
18975
34215
27897
29354
22311
35144
51843
52842
41824
31472
14866
27981
27928
33541
18596
44544
13690
20033
18333
24387
34481
67093
55632
22151
24576
32196
21488
24579
22325
28430
25244
29465
24574
27096
20913
23145
17255
20754
14786
30705
18647
26463
36283
21191
20909
24556
17826
24698
28201
24825
21734
18895
18729
17909
23651
16811
21785
19198
16980
16366
26773
17034
23363
18787
21652
26136
29906
31012
35724
34056
30622
19916
46355
31976
22371
27472
27269
34843
21081
20057
22623
18402
32338
15155
18904
29019
38074
23702
19049
35092
29057
50293
38439
57017
16084
17875
24848
15441
14005
24506
13603
17065
53465
38087
22562
44379
17976
45579
36230
47418
37204
19559
32259
33096
24688
39910
42506
22202
21422
30089
26106
19364
24968
14899
15410
21036
21285
22928
26681
38866
25134
31048
24109
32223
25826
16915
35086
36558
25257
18457
21216
31427
14628
15844
36002
27675
36012
30910
32670
24641
41006
47348
20899
24498
22195
23183
24958
31115
31202
21509
43258
37033
20565
22136
17120
16706
26882
26231
22436
20470
20655
26795
21520
20041
23856
14089
28629
62746
20888
25893
16788
22822
13846
33387
32079
20357
26596
26875
20871
30484
29512
21913
30137
15922
16888
17593
16533
45058
23073
21564
20347
44111
11168
24938
18835
19093
19524
22952
32310
29010
23779
23654
13409
16743
23271
23146
23123
33667
55954
25587
32637
11234
24058
19345
16331
23130
30177
18295
25732
20346
27147
17343
34382
30858
27582
45442
63900
29534
69393
28290
49342
25130
13066
20500
26794
15781
21552
43652
25713
25844
26718
19663
13926
21259
41845
27277
10544
32803
22982
19944
31204
15750
30392
23964
31865
22160
40954
34641
22111
22241
21523
17235
23549
12320
24339
22441
24448
12326
17406
18879
18187
24062
24932
19789
23205
21218
24436
16713
18539
19226
24324
40434
18451
22209
16578
20723
21890
20998
16383
24526
22646
22540
31239
11022
24726
22075
19115
22043
18265
26231
26823
25954
19725
19158
19007
31830
31372
20121
28480
19159
19165
23529
19375
21116
27819
17607
22043
14605
25874
18296
14314
16846
36116
33044
16369
48468
36137
18367
25118
16890
26990
33291
25818
16085
28337
19802
22387
23961
17293
23947
35744
15183
20251
16831
20061
27794
21987
20806
14263
29602
18386
29285
22341
16448
16016
38834
25119
22318
31991
21732
17595
28614
20104
28961
41854
39958
40261
15770
19273
17901
36446
24333
43648
22479
32098
42881
20108
9594
18405
40936
27154
20923
31269
52074
38272
23289
71771
33749
23528
27245
29807
26430
47431
17725
19889
15990
22530
23610
38182
22101
22448
20838
21339
31618
21387
15436
31122
17353
21669
19237
24112
28176
28329
27123
27609
17406
21829
16549
18684
10429
26089
25619
38426
39093
21986
19937
24825
32469
28659
32198
21323
44128
30952
22930
9908
32653
40666
28816
35463
27424
20063
21273
28916
38475
46659
51679
41140
51390
26070
17569
18473
21762
27893
33957
31057
14842
23682
37192
25844
65520
54029
57138
25482
24350
28864
31635
28316
36002
39378
18699
38030
33223
24764
30417
31950
49098
17596
23258
27152
26499
18568
25738
23017
15289
20458
11881
21352
11887
30557
16113
13697
21475
25106
29273
33333
20837
28082
35773
57703
47920
24898
17169
24888
22061
34265
28742
28891
23639
19764
26035
11343
23183
27744
25354
18133
30300
20507
20814
20426
23815
15078
25446
45932
24381
32929
13955
15360
22039
31207
26780
24801
13583
19265
23374
36019
18584
22562
27165
29065
19735
17545
20780
38648
16237
38949
18158
26824
34259
23207
23487
20678
28518
53385
59397
53101
23388
26761
21391
41053
21920
28880
19595
29857
21015
25877
20991
40612
19637
20233
25210
16045
13056
13246
29151
34041
18052
20545
11116
22949
19647
35682
43536
26530
13993
13218
11326
23277
33408
13687
24886
25175
10588
24368
38898
15913
30135
21007
33177
39255
26009
26050
26411
20129
15475
20491
32745
17900
17531
21076
19943
22344
42056
20843
23196
22454
18359
19702
19097
38884
29875
22005
26731
15412
25346
23569
34726
13677
17377
33372
22723
33218
34567
19001
21545
44124
19879
29865
16664
38450
23575
20704
20592
23411
21704
27214
24170
20827
16624
11015
27329
25842
29731
17824
22410
27062
41620
24502
18177
26098
26586
23517
53922
20109
16761
25323
21935
22521
29332
20826
17530
25638
19339
27753
15812
18770
23305
18617
11186
33866
17512
32785
35952
46767
20330
24607
32125
16314
16516
15051
23506
23418
16914
34240
10926
23516
28611
46603
19755
23292
14971
24380
29089
17923
28138
33713
14587
26780
18762
15198
21879
14970
21674
18547
9494
29091
34514
31818
23712
34147
20233
23835
26761
24542
30822
22769
16793
23391
20256
23310
20172
19951
38758
24970
27653
26803
28374
21457
19999
27381
16654
56100
26868
14867
17666
26623
21545
23936
33668
29699
34680
19291
47557
19404
21815
25663
17919
36439
20064
27816
22436
24813
24912
33515
22876
17616
34834
21031
16322
25289
25130
20207
26926
17212
17850
25028
25224
16422
25706
28724
10936
23904
21188
18228
18520
27908
23076
19850
25697
23010
16690
23253
10421
33574
32153
26424
18117
28715
22094
17403
22383
14614
11191
28972
23022
16179
20624
17959
22049
14571
21518
22808
34516
16217
28733
27053
42626
18384
22590
14933
15982
17365
32444
17541
23039
26893
25321
33018
22171
14098
28898
30904
19061
42824
40594
23333
16623
33640
13955
31498
17934
22950
31940
21554
16992
17984
21365
30577
38646
30592
15107
15954
19958
21326
18625
28304
23349
33127
20202
30395
32715
14031
36240
17763
19048
25677
13332
22744
19497
20152
45360
26683
20507
34182
14468
16682
27449
17229
15617
18199
20909
14769
17078
23237
21899
16725
22776
15937
30061
26847
31283
15873
30642
21896
19169
21289
23066
23652
21510
22201
20578
22916
41129
20331
12754
26472
32937
19295
21572
22595
32296
53221
33778
14081
20973
53826
17541
19313
35555
44128
19121
22816
41751
22191
19756
29004
30227
15799
43736
16719
35266
27247
40564
19991
19989
26919
23444
18426
22140
30995
22328
25693
35290
18839
29441
28791
28379
38273
23500
30270
11089
17615
25513
24705
27569
37007
32080
22563
63856
14280
23841
26185
21405
15002
40019
33643
20242
28411
25805
17759
31401
28643
20795
19603
31467
16874
19456
24333
21719
38469
18190
21684
19750
24352
19508
32037
20986
21709
24138
26443
45592
46314
49134
25249
7881
21061
39061
26607
19139
24782
28371
36630
33273
18261
33218
29926
34564
14198
17802
31533
31729
21616
20768
20141
46406
25225
19693
21949
26171
43466
23519
32245
28391
13846
12333
22642
19671
29583
12095
23461
29253
47332
18295
34150
31065
19732
14801
28603
9941
29687
12734
23775
35000
31160
14077
28257
35393
37095
12683
13196
23061
16693
18486
30177
13267
26434
22694
12277
22466
18715
19385
66592
69336
26423
25702
27204
18522
17362
30541
57322
36415
20349
21428
21029
13410
17692
22737
17013
18768
32529
18774
23477
43376
60001
46080
61277
66985
19608
27734
33597
24644
16517
25852
14331
32362
39395
33832
42922
35512
46156
19289
16123
25127
40739
55168
76377
85654
69087
15197
33421
33181
29746
39382
22128
23490
19492
59749
12316
16559
26956
36492
31721
30112
20460
15198
17960
38043
31381
27409
46003
22378
21542
22835
19233
20781
23968
27612
31359
25782
19024
31171
22245
24563
20390
28472
14864
25524
20733
27224
52056
29525
25979
22215
26322
34377
24690
27766
18053
14210
22065
21116
20996
19675
24439
22037
59419
35149
23821
23604
15661
13516
25114
23957
34769
46298
45809
35257
26520
24149
47897
28916
23830
16151
40422
19295
26458
14157
17290
17364
21061
16311
25703
15711
21235
17933
28385
22195
10537
27948
31371
23469
19013
25281
19279
18356
25302
21172
15210
28303
41394
23624
11615
20375
23882
14433
23524
26730
17051
21544
30129
20902
35034
13874
23872
28035
30343
40566
48780
23012
15568
19548
37598
20702
29850
49757
31917
18826
37123
31083
17215
14278
20418
41363
16214
24556
29541
20406
25899
16721
14593
21047
26239
27302
38164
30279
32387
37919
27066
33428
20982
14728
29623
23324
14809
28763
18108
22532
26071
21628
18342
30906
19919
35572
21704
27764
19100
18322
25559
47477
27915
59337
18696
10246
23604
15497
23912
24286
21316
26570
29897
47216
24132
22096
26139
37002
28806
27206
30362
18166
26574
21560
17467
30984
30191
25354
19104
27829
25261
22356
31190
61060
55846
45321
43095
26755
45263
24310
19762
21984
22893
38101
95792
22358
27586
15046
22701
25002
15349
23115
19843
20570
20978
28989
21509
13487
16260
22404
21867
20177
20395
29421
21345
24359
24407
21685
21212
21068
34107
18982
15484
21108
30501
39780
20066
32318
24772
24342
22198
29112
18536
37182
20970
19917
20976
18948
22334
24974
28884
21280
15109
21976
21558
19096
16075
29287
34277
19747
24447
31054
27635
41457
19335
27887
29861
26470
22625
39370
12848
22236
22857
38928
49691
50791
17643
23137
24649
28302
33851
49039
66435
74253
47461
76600
40249
28709
25544
20932
23971
23181
19470
25379
17784
24189
19533
27188
22933
19840
19162
28027
25664
41720
17764
21431
24197
23761
36698
21072
23818
20186
23890
30542
60080
59876
20348
40181
21631
18604
20691
23261
17876
27261
20813
21326
33769
22527
20432
23039
15767
19360
27317
31269
29522
24543
26232
23388
27716
23961
14652
22371
20625
33947
21179
34026
37210
48953
11381
25309
26461
17712
19829
19148
24062
20201
26492
31622
22875
18116
13450
14291
22140
17945
24712
39696
10355
26866
51102
16204
36720
26957
23446
37928
40743
48993
57850
31767
54896
29329
26596
21343
32391
15163
19726
13312
13516
31812
24893
23407
22114
22192
24364
25879
14591
24584
24410
33771
15605
31502
55055
65954
16798
28804
22544
14406
22310
27052
33473
56799
23066
22157
10671
30487
16478
28546
17878
16325
18301
13779
16268
20271
47025
26110
18448
21472
22059
27496
49174
51454
22625
74456
14747
47440
26562
49803
28873
29122
19552
27181
17667
46853
17924
28732
10198
26085
32607
23347
17457
19332
31730
46113
20504
25018
32286
39231
20258
42639
33149
27906
23347
14726
15150
20800
33102
21955
26188
18935
34806
31156
22889
23923
22404
22722
21802
35536
18485
21044
36537
14289
26656
35325
22687
16317
20073
16374
18379
21336
18326
24368
17292
27585
16609
15032
15784
22671
24385
18011
28731
33112
19959
26905
15058
23988
13905
24550
20925
19851
11679
15202
14406
17341
31511
15845
25392
36041
32353
41185
40735
33508
30879
41554
56292
12901
20672
22637
19124
24691
42941
41321
29280
19441
25383
21721
14338
22782
21500
30870
58743
73867
59907
8282
15884
17556
7700
26591
15425
31167
35196
23439
27408
24677
39221
26828
19603
14706
16526
28640
14219
18075
19631
30734
17643
16468
28378
21723
16292
19249
15572
20639
31184
20785
20656
21587
13980
19873
32966
16900
27039
15017
25161
29313
24970
16542
21715
21578
23299
38401
20889
43794
26442
38050
29423
11394
17930
24240
19353
27777
26246
29489
22312
23584
29818
18326
24473
6039
15615
18807
12841
28860
20766
23634
27488
12893
20564
14331
24170
15357
32807
52007
21239
26515
26551
29920
29589
36878
52828
8116
11583
18736
29038
32848
54162
44683
33623
22898
28357
15123
20486
24590
19873
20415
36490
24892
27806
19924
10530
26731
28066
16751
24603
24305
35051
25327
19606
19848
32158
32228
18925
22994
12292
17849
31637
16810
48826
19424
19417
35586
48583
19033
25698
26751
37782
21003
26021
24541
28392
15312
22827
25379
18683
21865
23654
29390
43058
16726
20018
17484
21842
22281
22671
26521
18894
14132
19886
19398
21486
20834
18303
23586
26489
14676
16476
21720
20361
20647
26249
14845
28943
17433
15921
19210
17822
26844
23265
24554
18912
20855
23415
35052
44152
15580
17926
13322
25578
13401
25395
26221
31912
26177
22245
37268
25966
35427
51651
23162
40694
18478
36781
20242
23647
47190
67329
18935
13951
25031
15036
19675
24538
26335
18047
31638
23151
30819
30233
20277
15388
18862
40172
25214
21069
23365
34206
16570
26355
17707
31522
48848
37377
22331
36398
20060
17578
22244
41887
15153
31712
15010
19216
25944
37268
38646
19811
33535
17114
22697
22908
32122
29541
19912
27254
19643
19576
33033
21918
37297
21365
17675
20309
23317
30615
41638
44440
19832
27797
25186
20801
16535
13516
21657
25318
21326
24627
37732
26509
30352
20021
21875
27178
18543
25766
17971
31106
27938
21547
21888
29779
46544
18476
14190
19248
18822
15837
28892
27022
24569
21734
24126
39336
23284
27805
20431
29327
35262
26468
33528
23344
24283
13142
23842
31197
15268
25343
21981
20665
17063
15333
19561
24172
19532
16922
23727
32217
30740
31700
23642
19124
21355
24756
31018
54168
35382
21452
30293
16446
26592
26664
38860
54372
17717
29582
20252
21124
37633
22100
22163
19699
24371
19247
28916
18452
16927
28680
42374
14779
18904
16965
33485
27224
20631
10006
34217
27764
25581
14715
27907
25912
9737
13447
21412
18597
28924
41326
17146
32093
25719
17605
25284
33833
27698
19829
24744
13589
12032
31603
33258
26813
16932
11799
14626
16084
36081
16013
17453
21542
26432
28739
49639
20017
21310
5237
15663
31368
19129
16351
16734
21122
42316
17228
24169
18595
14468
15661
21955
25010
20389
26366
21466
18840
24385
23793
10783
36372
30563
25440
20993
10477
17589
24497
15833
33010
25288
20579
23768
20121
23606
26180
31526
21320
16343
27418
19592
21222
13829
23506
28935
27897
49735
18880
18897
27068
21125
56754
27328
51512
19593
38903
27652
27527
18076
14205
18988
17046
21345
30028
46954
31170
24441
36216
21254
25061
30308
20915
22239
22247
21716
31397
37568
41397
34037
22762
31967
15010
20027
16374
16557
23491
20816
20224
39930
49736
22964
24448
18435
23986
22137
20477
28186
25687
21539
15318
20465
45098
19029
32205
26215
20639
13459
25198
24870
18745
31770
18672
21127
21237
25758
45323
24864
29504
14425
18558
49302
64936
21736
27670
42226
46775
18158
17979
35707
47795
19849
22543
34141
30159
22531
24626
40625
18458
18721
28403
33841
20595
30996
22095
23217
17567
24912
27122
37976
24159
20648
23066
21624
60509
53647
54705
18678
15945
20996
17161
21111
13142
23350
45690
21682
43811
29992
21654
21529
29190
17622
19863
14024
25844
28873
26150
28031
29946
22381
25580
19038
11495
22429
14455
21415
45971
64693
21361
27003
21572
37657
29388
17849
18529
38249
30266
12200
16259
30266
33198
14878
23089
19747
26132
26007
24640
20138
45545
14919
51115
39254
24155
24304
17084
31725
30845
39080
25309
27530
16380
19335
26525
45341
20785
47287
28373
31147
34014
23972
24384
54525
12215
17505
20066
24524
17431
27181
13512
27810
22892
15339
15836
16374
26251
20804
30432
39709
28633
37192
24081
27915
22311
34285
14551
25671
39874
21814
20196
18647
25863
28949
24112
41209
27347
52295
75549
29414
22856
23001
33503
32713
22870
31680
22293
18951
18623
20889
25379
27383
28494
23110
30788
47383
25736
28631
25547
50069
27835
20260
22481
37630
36049
28904
21919
37009
32027
24691
17644
23871
27373
31836
45661
20714
22504
14062
18250
19166
23904
63975
43367
57757
25276
22784
18195
24166
23509
19769
11663
27489
21199
24793
19598
26199
25802
29075
57624
17836
30289
37631
49243
46887
19267
23061
26561
21233
29978
12896
40494
45997
37035
24972
19646
36404
37350
15216
19007
34791
19323
34125
24706
28464
27351
22678
22892
31795
32242
20812
24007
24048
13980
33866
20873
27002
20323
28045
23118
47109
16471
16059
24960
23616
27251
22167
15818
30517
14969
16673
33210
27559
29192
18434
32939
15204
30195
54170
21135
14881
19413
14847
31489
22082
18790
21609
37952
22684
40262
21650
21152
19967
21436
27491
32738
20352
19018
28010
30783
27369
30621
19197
17291
31639
24866
26232
16615
17643
23965
20329
13499
35061
42452
53042
30675
38822
38171
47690
26606
52210
18753
28574
17298
16401
25116
20556
19734
27552
26268
27161
28635
25086
19760
28646
28849
28368
30948
19124
20817
22806
26331
20116
15903
16104
21273
34898
55986
72470
29532
20742
21974
27343
31465
19468
18635
12944
15821
26880
24353
21443
31968
44413
23990
24389
18166
22490
20312
23706
26343
39490
20521
40017
24146
18855
15679
13272
20191
26157
41281
17399
30783
31032
16751
19529
15081
23065
17045
23244
22595
28423
19255
21023
25094
26514
13657
23241
14981
14128
25180
40122
33674
31601
44473
28830
21589
42000
20430
17111
21257
23093
22082
17209
27666
23465
31471
18840
58422
27363
40378
28484
29194
23233
34957
30634
29689
22746
26391
26473
27580
18667
24993
29361
10429
29237
24145
40217
51821
24701
51970
16858
38005
18734
23974
29262
21907
34752
35371
34199
35199
12596
20878
37261
49599
73039
19567
25594
20024
26837
27832
23133
12809
25538
28875
10281
20201
23149
21568
10126
19000
18859
17653
14288
27682
9016
19334
11701
17877
45873
15548
53942
76118
64888
50537
18844
36211
16796
21330
23613
26079
24711
26318
17205
16477
35847
24804
24406
20789
23782
33965
18714
15363
21382
36163
28599
21525
22370
23456
24793
17328
32550
31645
13956
42847
30076
25684
35239
38180
18700
28275
43963
23542
51893
13355
12326
28298
20978
24415
12763
27288
34152
17100
25124
24233
20742
18362
19739
18637
23076
41674
54689
40466
25428
14767
17808
26298
37885
58518
63799
23571
26119
21921
33777
13995
14754
12111
29447
17875
25138
13769
30783
20852
12623
32727
22150
23973
22353
20568
29013
18126
32544
21068
22084
24583
31498
24174
32288
21685
22395
23230
17183
37756
19762
23507
23372
22024
17513
23444
17078
29629
29125
24814
19423
40345
24443
17092
34494
19247
21385
20041
17543
36184
25809
23875
23754
21361
31398
26907
22280
40730
22856
25335
21891
28616
20562
26658
24187
36101
33579
22266
24761
20394
14531
24068
20129
18186
20880
32072
23199
28239
15371
27367
20357
17841
28922
30218
20930
25848
25126
21326
12127
40221
31120
43037
15116
27137
11651
17555
16302
20462
26348
17722
21093
20126
32342
13304
19499
14228
20981
21551
25559
18253
28673
23431
36681
21976
12211
33169
32382
29891
35842
23227
34110
16821
20442
24047
16479
29370
34241
59685
20985
89165
30317
33527
20917
15204
32558
18678
14395
35964
42426
28933
24254
17489
30481
25057
22664
29193
21654
27880
24875
34733
24867
15329
20503
31404
11969
16401
28418
20238
22112
24390
26179
18046
16509
18366
46157
19456
24998
26435
19403
31196
33232
31305
20533
26426
24714
30336
41201
25819
19110
20064
27833
15437
24223
17393
29994
36815
10900
29056
28760
24775
30268
50562
23632
29666
19639
26270
32936
21141
27003
23166
22724
23069
24358
28194
20582
30184
29834
25854
21569
20689
36024
17767
13763
13872
16624
18980
18858
28042
28036
13097
26804
14437
24825
40395
24365
34228
20631
12763
20301
21087
25114
54243
26394
14892
18660
18062
15719
19764
18583
24120
19228
26675
31762
19395
34682
28327
46101
24367
62229
52164
32592
65287
26855
21636
21610
28448
42008
23511
26936
26999
46833
40063
27677
25951
30475
26951
36883
70701
64755
25747
20864
39382
24171
9533
36051
27264
34630
33053
22263
21122
21132
14865
21517
37720
18696
23923
15678
28851
30115
35798
19874
22881
42394
18934
32764
26357
33459
19104
23086
21169
26110
23734
27350
25298
25525
31107
25342
17577
21495
35449
26683
39546
30845
14200
19270
25094
25228
15543
19890
29132
24728
22996
23045
31380
27875
44948
29302
21964
39082
45906
37465
23788
11028
18854
17712
42436
24746
26352
14700
23062
20689
29281
31408
38065
24177
17423
22975
21290
29411
24626
12785
33555
23062
20517
35424
19470
23456
22636
39152
22914
21102
29186
22037
19388
14781
24870
24221
20517
30352
14731
13031
28368
25387
28460
36726
23325
32570
18831
28595
33216
16924
23340
20943
22519
37953
23425
15462
22473
33667
26688
13295
21308
27205
15710
25664
36101
23472
48469
26016
38004
37331
18118
19555
24353
26995
68895
34512
30013
42885
19316
25466
34932
61353
24621
14174
22989
22108
24374
53780
25391
20197
28764
50398
31642
20102
24688
27819
24392
31487
20654
25347
23672
25428
43253
25992
53042
35824
42673
22836
38957
21374
19468
21426
33456
22656
25144
25263
42460
31195
41257
44968
27735
43057
17946
26046
22654
22565
22149
12286
34654
20693
21660
17410
22939
22899
40819
12288
21949
34457
39569
34212
20931
27879
20679
15094
19018
22953
36645
29304
25701
23904
21238
26810
23967
19275
18756
31026
16080
19959
23347
24782
31970
40541
19105
18847
20117
19789
23300
22815
18576
16127
35309
17848
27330
35705
12642
22832
17075
46788
44679
58765
24343
30171
23586
14218
18217
18388
27990
17322
21067
38871
38803
24836
23410
20993
18737
28989
40790
25116
23467
18164
21891
21477
19617
18155
27523
22171
25484
25312
37608
27865
35546
23621
12733
34908
34983
18244
13552
30605
8540
36006
22880
20640
15426
30481
15849
17399
20756
35364
21608
9572
22777
18818
41056
23547
24334
24540
17580
23583
23139
22792
26163
30248
18067
44475
18335
26038
28782
20125
18453
18450
39091
16167
35368
15014
21206
18378
56493
22049
14820
19542
34496
19025
24080
35500
41897
16773
72688
28954
31716
16220
14684
21308
20257
52829
30107
38263
19301
29508
30251
31267
32861
35722
13451
25688
19512
17895
15083
13484
20796
25740
28988
18722
25440
22274
12685
30680
15862
20459
26896
26575
15796
28055
23947
23316
34014
25712
24379
19399
20727
33065
24180
24489
23056
20927
16111
33404
56506
22955
35426
20640
19917
20356
10650
26991
17369
27463
14871
32070
15865
26891
31034
17251
22042
31681
21420
22257
12123
35000
20292
13360
16333
25984
31591
22283
25061
23290
20488
35472
17859
20162
16476
25921
27239
38188
22428
17256
22715
25764
19259
29583
16753
15935
28767
21997
22167
32653
17737
28495
25804
16228
16774
40385
16100
22235
21338
30567
21747
16650
18653
20320
18912
26249
16004
25083
20289
21364
22261
24813
26335
30931
29405
20263
16264
21082
30309
13364
27590
26649
51717
21252
34174
21974
33420
43411
24594
11965
16100
18970
17550
29762
37009
20808
16687
38170
23569
24291
18330
19967
12645
25699
14430
24799
12974
23978
18041
20754
26307
21606
33024
24877
16884
20631
21680
13407
18256
22062
23271
22449
37333
46044
30163
19012
24565
24503
25390
20899
23574
17923
42714
33207
69619
24200
23278
37749
11886
17919
38788
19523
22174
16780
29869
24515
22502
23429
25156
16934
18043
18705
20858
22302
15687
24997
24595
24775
18363
29535
22119
15382
19009
25327
24809
25672
28991
32621
30737
17445
31025
15319
17794
22639
19600
19625
26059
40495
46178
28060
26032
18721
23876
38201
24137
19683
26458
20726
27863
22676
25837
13313
43764
25430
16499
26383
20450
20239
20294
27573
29513
23386
18117
28748
23500
21326
34489
25262
15256
25177
17360
34462
47535
25512
16490
36147
33687
14307
24032
22430
16613
23366
20507
16738
27640
12662
20527
14441
18852
18974
21506
24256
30525
27581
32695
18352
13329
31454
11568
14266
29298
12722
33742
22798
16394
21275
18034
34329
34312
13147
17913
21941
24939
32506
23676
18799
27768
15024
26441
22505
25587
28047
33704
32046
14463
55072
42902
28961
27016
21802
31845
37564
35839
21817
31244
46962
23168
18475
23428
31970
26462
33315
31803
25952
44067
15769
22894
6202
21055
20953
28621
17508
29021
29821
21635
21620
42405
26700
16878
33236
24898
27801
22978
23651
21573
26460
17292
25822
27107
24654
32431
16862
26077
34118
19998
28324
16554
20600
24804
21256
22419
31510
33972
18106
17029
41131
30368
25082
31990
28888
27309
20988
18458
16159
15030
21533
19637
19623
30754
14938
17651
35110
34913
34075
24152
22713
18572
27275
25220
36515
29886
30402
39189
40397
36550
32432
13151
21321
12180
12935
16241
20883
22387
18281
20122
25470
20208
26090
17131
34956
22552
25968
20412
19457
26362
18002
19688
25997
13271
21596
19869
19298
12393
19532
27850
18694
16360
21232
15319
24920
15114
16955
37964
23007
19980
33281
17315
35022
32187
21671
30355
20473
22982
28587
29402
42153
42972
69135
14299
30191
21118
16528
18942
15521
16624
14603
42050
58768
24592
61038
72160
40905
19464
17415
31285
32683
38801
32925
29902
17682
17589
25400
17949
33013
43932
21157
36216
15447
19256
17675
21259
18626
26417
16920
31429
33871
37898
22888
19625
27158
21042
32813
22437
43275
25881
12745
44047
17426
48358
20904
11939
18760
20873
29342
28814
29658
18965
31477
32323
18697
19268
18517
36865
18986
16505
30602
21546
13339
18991
22985
21014
39797
26536
40136
20847
22659
42014
28677
15333
19561
24907
22952
20216
21015
22197
49477
26195
24229
15859
22389
20829
19975
20478
38703
50567
20447
19901
26659
32843
30562
44188
47483
17288
25356
29818
14868
25769
17533
25510
28822
54238
38455
25172
13146
22320
27427
21557
30206
17656
14807
10577
21760
22116
11982
17505
20556
21726
19442
29571
25117
42946
20424
23035
27529
13619
36144
42867
25353
22998
20147
29163
31668
19681
21675
17772
35894
25708
24483
26329
25221
8933
17564
21556
26844
15775
34478
29911
19074
37844
21125
21162
39722
20211
22511
15901
24753
18871
17124
18731
12666
22758
15628
29571
41131
21357
27325
16577
19798
27885
26032
34945
47168
35540
35998
22565
13925
23872
28296
22717
17209
15849
27303
24175
16201
30531
13886
16549
16467
24023
37928
40672
16863
24218
24984
16098
10974
20487
30969
17455
22356
20392
25542
45444
22964
24332
46483
32084
24386
14828
24960
24425
31575
16925
22785
21773
20735
27398
20268
15903
31128
24243
36946
30871
28706
25324
21640
16458
24809
23939
28019
12475
18681
19647
17845
39229
60292
21650
26430
17130
9640
27835
36068
33551
30385
23920
20812
22206
26198
19052
29001
22842
29739
19774
24992
12908
15363
31746
40537
45274
29674
26917
10508
23204
14376
26880
31039
19392
15506
30754
24612
31972
21846
22530
28144
30885
55075
27418
22271
14866
30007
19755
22075
20957
20178
25442
26786
17658
20983
32795
21348
16642
37065
21651
22364
23322
48572
33674
22932
17216
15037
29324
72172
21837
29523
28507
32740
32772
27971
37151
49518
64333
16227
21121
22620
23823
21008
36008
13783
19679
20951
21543
38765
25866
15325
39840
57641
73351
26284
25311
18323
23933
11154
25538
21883
24459
30097
19735
21810
22821
19582
50295
34308
20908
18509
23256
23650
18837
26816
43161
28907
22374
32355
11149
16345
14101
18851
20932
20556
38968
28213
24583
17992
15163
27924
25628
27145
26038
52348
38706
25495
18749
17935
50788
16468
19546
25539
19015
21744
26950
23394
28372
45311
55284
25379
63144
23320
42034
29394
18121
19931
12672
17712
29479
18445
19130
25586
16408
27115
14118
25242
25158
29184
24345
41215
21349
23263
23577
22701
26072
26497
37611
28333
23523
48096
25289
15118
16306
21573
25922
27193
29382
25289
26742
27482
16503
42645
21816
23621
19749
16451
20283
39871
29964
48688
18297
64846
61577
28726
19204
18416
30660
23741
9455
18509
15220
35388
21165
16316
28588
17133
18611
22472
23967
17518
30319
41611
20077
20935
21696
27960
13157
15327
28415
16505
17318
32661
20065
19631
15981
17719
20211
17450
19522
35540
24607
29611
63739
24969
24499
27172
30145
25068
22307
39129
33560
35563
25157
31718
17168
34750
41910
25472
22853
19935
31613
15775
21886
42154
52807
42272
42174
27175
53269
82674
23234
25751
24460
22971
20268
35998
11410
41725
49522
37806
19940
24749
20895
14581
18833
20210
17534
15402
31653
30619
23146
20723
9085
18572
14629
35259
41906
22684
18576
21896
14582
25178
20277
48994
9513
30506
15398
32997
25989
29527
20212
40079
43497
27717
16288
12049
21688
25574
38195
12980
19865
18346
17491
17416
26917
35795
21894
21311
20781
20006
24022
14371
24176
12786
35538
15963
33261
28372
22469
16618
39166
53225
21554
21513
29924
36224
13200
23849
18939
13853
17859
25585
26970
29747
19362
28580
14008
17905
26565
26942
33089
14302
21692
25477
20397
20037
38222
49609
58730
15025
23263
16862
23682
19944
23152
22720
22279
18304
26288
25629
33023
15562
34570
61001
13647
14358
32848
44991
37235
19433
25565
18019
33421
28482
24150
21876
23745
56482
21756
12179
23961
11288
46678
32131
24627
21066
22010
17259
26788
34619
36998
18977
36335
17282
27983
35596
17954
16228
28999
20966
34698
47789
22608
19347
18937
16977
20571
14581
22647
22421
49208
69356
17768
16595
20281
18592
24663
44670
23252
16555
33806
17580
27706
32790
25208
24969
21454
29283
24831
18926
15856
15204
23066
6634
18856
20279
28371
23578
28077
13660
18367
13725
22219
13985
19207
16275
26886
18477
18173
19847
19817
29230
33019
18730
16802
22807
21608
24779
30309
20335
30048
17327
23534
27001
17235
19356
19156
13060
20015
23217
30968
22307
20591
19388
20809
22490
20717
17134
29770
25157
18209
17061
27073
28669
29840
29583
22345
28057
34538
19185
20151
28826
20599
14165
31212
31326
41731
54728
21471
20277
22244
36253
22514
35218
43700
16508
22162
29246
32041
28881
42257
45875
20466
25491
21650
14565
25373
45910
25888
19688
24534
24398
21743
35251
48630
16768
24080
17111
30878
29214
23335
14854
28916
11960
14068
25487
22594
27082
20777
17024
20333
27458
26628
25483
20491
16166
18511
26855
19768
21177
22335
13902
25176
24398
18077
22030
18230
33844
42213
24730
21644
30450
23329
24370
43390
22605
35057
23091
20179
20211
24567
33527
23224
45255
50024
21485
47911
17712
12625
27952
28276
17010
18727
48034
25368
33422
48626
14850
22037
26889
22959
21584
30612
21921
45718
24828
17452
40210
17496
26733
26718
35067
28563
31794
33302
40122
25643
23508
17035
31631
25853
21804
19727
24650
25013
16016
19833
24012
33587
36917
21759
21287
17389
26642
20451
21521
13199
35033
47721
23413
31512
23796
14608
19950
23646
14476
33098
21442
16644
30974
32610
35936
26190
21935
30563
21662
21496
24251
26917
45941
41312
20968
25106
21510
17599
46419
16361
21076
19704
22412
19343
29629
27335
16413
20382
25762
28434
47812
19373
22332
30073
23452
18728
30874
46154
11461
24639
31308
37368
22033
20546
18552
27286
41459
19658
38422
23626
20868
19570
31667
29722
16674
28228
22345
18313
35553
20198
42717
22653
32006
25015
26327
39889
40756
54415
47200
27934
16610
22751
20103
47687
20358
15428
15508
25763
24157
37434
20499
12040
19916
21706
25796
32399
25543
81407
62547
26159
25694
30461
27374
18375
20750
36010
44490
27862
28484
37735
29681
16206
22374
34437
34525
27777
26376
23595
23297
26501
18673
15644
22391
20028
17149
20321
17776
21960
22951
52236
28120
20619
23889
53368
19753
22823
17218
16292
19860
25958
14112
25245
19578
19817
16922
18529
22797
32334
33310
18215
19495
29424
22880
24353
25681
24897
21688
19001
14512
14617
25228
10991
15746
24656
20058
20174
26517
32143
24410
28560
20213
18068
29254
15198
29678
22011
19722
17224
25637
18406
25487
27213
32055
16811
30437
42852
49375
22741
23751
25081
30370
19156
20684
24676
25152
21775
29316
16078
20316
21477
12708
26282
16074
27329
22823
21268
20527
15087
18136
16960
26675
18559
18696
25423
23271
22033
23144
20746
14395
23024
29792
39614
23767
21029
22495
26366
35898
21916
15422
25756
42215
20278
29918
37459
42148
24435
36376
20960
18531
23503
18905
24631
31486
9694
16899
12044
22173
25103
12929
12834
22306
22160
41361
18705
35373
19653
29295
41011
21590
15882
21052
34688
20022
57659
18065
14829
22791
14369
17180
21545
21510
16095
40027
18099
15245
32831
28382
20104
43027
41388
14292
24468
26281
18368
16635
31000
25850
18212
23865
28724
27093
16061
22484
14213
30216
32929
26508
37091
26042
27513
17621
19727
40417
26337
14499
20517
43167
19441
20805
26369
11988
58602
18322
20991
29887
23717
13208
19587
34156
72141
14640
16014
22844
33585
25973
27375
41855
24863
17993
22674
22241
10513
28822
22221
20642
19814
39155
22594
20226
33315
61123
53883
41745
22935
14089
30934
39106
19161
15828
30086
44058
29052
25941
18161
26311
34898
29948
51248
51373
20457
24568
28577
14363
33699
32845
25354
14631
21076
14609
25741
19622
23428
38331
24084
27575
16429
17540
25745
10488
21517
24380
48071
11574
27981
20566
35131
22794
16025
17046
48436
32331
47090
22998
28760
41973
20396
18704
27654
26203
19192
22367
11656
26665
48421
28130
14561
16311
17442
21343
23085
18287
22901
10459
18079
26098
15367
28624
24044
28183
31556
62857
47322
13859
28802
16550
17354
22647
26011
35001
66528
70514
40847
26504
28342
24184
16793
22677
23405
18494
26738
27743
22236
39025
22804
32618
12670
17265
17613
18818
23283
16306
27859
21129
26440
25687
20621
19099
15418
27170
22245
20277
22612
17010
38219
19811
11813
14179
20555
18384
21018
19088
19403
41305
15783
23348
20290
21171
19106
25918
13218
13556
19940
10950
15137
21720
32672
20731
31628
47915
18685
9856
28152
42944
14774
26050
15583
20342
28112
28002
20957
21985
24177
19428
16683
44357
29845
51406
19922
23530
21036
20110
28869
37721
21995
29326
33167
32752
18566
21986
15957
18168
26685
30574
25459
26494
15645
16157
23412
30047
21466
17371
41839
33277
17068
22873
52233
55685
32173
25389
25331
20359
33332
20350
34787
24813
12873
32369
21365
36949
27290
41370
27391
16383
16558
16344
18327
25921
15507
12740
25305
28044
21443
11293
13833
25639
24930
25691
31782
38594
21895
15729
24451
24648
34203
30059
37047
45832
59093
36674
25788
21446
17137
8839
23253
19152
23321
29730
22507
13747
52627
38665
18837
25580
15653
30259
12749
17156
29644
14656
18349
20266
32852
29774
33574
19324
25186
15401
23981
19564
37021
26324
31335
23970
22274
31612
20373
18554
29714
28051
40545
24122
30618
32240
31153
11202
26283
18130
19303
28277
42484
24423
16614
10964
35623
13502
13816
14154
23690
17439
36605
25402
26071
19833
17078
18771
20443
12499
30011
78380
97650
52161
21523
16908
32166
30769
35857
14548
19668
13673
21805
20729
31124
38429
13676
17208
23450
36520
19825
21899
24751
30252
22539
29742
32175
18590
18524
21634
29555
13917
51448
22009
41520
30631
28924
20183
37063
17841
21733
25741
18868
20114
23853
19503
40500
23551
12067
21207
26716
21707
20648
24406
20776
22123
21471
15541
25732
31808
29466
35608
50518
41002
29493
32148
29240
18075
21653
20302
39356
26561
17300
29247
25294
43748
51266
25385
14803
28426
22848
18548
20070
31139
39953
21153
19736
14340
21121
41711
15281
23768
26246
29906
16906
17761
37913
19672
18952
28373
34032
12794
25702
20351
21183
11723
28970
16603
13214
9954
16380
18454
27112
16536
21937
27150
17883
32288
26306
24434
12469
11703
55141
84114
25314
22015
22748
43738
78619
28672
23977
28662
20514
23705
36030
52987
25781
22560
30321
14196
17974
14854
29003
51477
23291
14659
28655
31418
31714
20542
43623
16094
19993
17989
25276
20964
26730
18815
21919
47283
27752
20547
32995
17530
25733
29449
16838
31094
37858
29561
25169
17384
28634
27716
24428
24233
28267
24287
34895
17899
18068
14417
16170
33495
23316
23760
27120
15129
18930
18377
15141
19815
17943
25857
29025
35430
50460
67691
51261
15287
22558
23219
17555
30650
36391
40552
50232
55929
36542
28381
22793
19904
29899
27054
28399
36815
48123
23126
17415
21228
16880
20429
26432
22323
24032
37416
24040
21039
29813
25319
27313
19220
24631
27280
39119
19767
22200
24766
23959
30419
26078
25127
28801
38883
42413
18481
28982
14356
19945
17953
34333
20860
21646
20387
31281
17793
28628
21473
25978
36416
21490
16693
19531
14825
25923
30977
37799
20723
15398
25671
32403
58923
10383
19326
34011
26000
15798
26698
33506
21966
40899
27543
28347
45405
18671
20053
24315
18390
25662
21791
26553
23111
18339
22672
26205
18648
26758
32425
38216
13930
30680
15360
27520
21746
26365
37974
19756
24113
22681
19742
20656
23061
27400
18357
14647
15983
22151
20804
29156
21574
20462
50009
18642
38052
39942
24398
65213
43808
77080
25595
32325
47295
32566
13376
23491
23518
24390
12073
31717
20778
21561
15361
42068
36046
13961
16131
36412
21841
19087
22272
18788
28334
28932
30532
14241
22362
23985
27938
18862
25275
25496
18440
24062
19773
25199
21150
12646
23337
19599
41403
59444
18663
43115
18005
19892
28755
23455
30236
24984
15838
28732
16538
21762
35326
22073
22216
35710
15134
36384
23816
31759
34997
23432
23563
31470
37304
21892
6869
18799
21263
19869
31607
24498
16761
27029
53363
21066
24206
14905
23467
26707
22955
31431
27130
39876
53050
24351
24780
20105
17490
16470
17331
21663
10914
21508
19495
25347
44572
19094
27862
24425
27352
16322
19656
19525
28496
18471
25130
21115
14849
14044
13920
24377
17968
27538
26383
26409
19680
25601
44371
15182
16443
21286
47634
25697
28994
20803
38316
19809
23473
29346
42165
28061
21202
19974
30120
19968
18152
27394
22860
15980
22993
28210
12006
17527
28636
21955
32256
25310
38681
19180
26287
30279
27821
27075
15962
16289
15879
21932
21869
33146
10328
16479
17531
12001
28028
26623
57765
16520
13569
35012
35529
25014
25211
31281
26934
40069
24787
26137
19881
30667
33263
24342
58293
25315
15665
37770
24761
19506
22947
19256
15066
18865
20028
11574
38903
27470
12533
11079
13799
17203
21652
19479
23975
20834
13975
14909
21408
18549
22532
9163
17519
21077
16043
21955
33232
21989
32543
24728
26813
35586
16347
32225
46204
59906
28853
17357
37033
32674
26626
37459
22324
17619
27137
15595
30283
18246
24068
21263
31540
31176
25189
20913
40324
10128
25319
30281
32614
50867
26206
14497
22610
15048
35983
19865
29784
18757
30409
21161
17157
17652
30393
22403
31476
19827
37642
32802
15085
19428
51188
67024
24181
14360
28055
15680
22619
41037
26817
41764
33814
22231
16302
39400
24514
23242
14370
30091
16233
15610
32948
35059
21567
13505
22421
17163
28733
30103
22489
27849
37870
19579
23635
14507
17981
16320
32080
25524
32500
27882
24470
28980
26396
43468
18292
13070
36780
19068
26032
43064
27242
20205
23524
24203
18633
34011
21889
42590
24979
20828
35652
31826
21573
36380
26064
26303
43243
52086
23897
26305
28416
15709
22381
28896
19978
21131
35981
20100
38435
21384
17702
23065
14227
12314
30551
16973
31805
20768
27851
34886
23042
12980
31202
17010
22693
48030
66217
20873
36978
25922
46876
28136
29196
27614
16317
27193
63173
33247
48470
23231
37034
26623
28029
57157
22371
16510
24908
29149
17638
20534
30109
30201
20613
31159
42662
28813
28640
24077
25981
40622
38246
35301
30917
21102
22505
24090
34732
28716
17150
20106
17873
33376
40347
24636
39520
28255
17392
30046
24689
18847
26655
29067
22371
18613
22023
18994
26201
64757
36552
20188
16807
20626
25421
46209
43953
23484
32055
28423
13871
21085
24156
22066
27993
15054
24108
16270
19558
15196
23258
26529
35053
20506
26896
25243
19905
25126
26961
28372
19003
22420
48943
23889
46531
32351
20932
15205
35196
28026
13164
27650
31250
24502
18687
28460
14322
29125
33472
20523
22694
20043
34643
24960
31065
34948
59905
31228
26461
17094
18462
20592
30400
26588
15396
14751
11302
24729
20359
13282
16554
33081
19839
18738
27240
27047
40801
23393
28600
27298
17635
13677
32306
20724
16800
19272
18555
31269
29054
24599
25347
17920
36423
19107
26325
48241
19162
21436
13990
19351
22792
22726
46472
21833
19278
14411
22173
34420
43435
18547
22179
25831
30394
21663
23597
16873
25199
26421
18113
22676
26069
24256
22053
29349
42677
34090
16832
23996
31618
22726
27871
22922
27219
30513
12979
22310
13190
233820
28900
20388
29675
19365
19085
18739
17682
20422
31892
25527
34445
28694
30070
33863
21698
12262
29114
11875
21739
26827
44063
29973
22859
16543
26825
12720
23224
22405
22777
17549
19661
28862
31828
48211
18016
30533
24557
24826
25376
23314
16624
20370
41346
23700
32229
39386
55248
24296
21044
16510
20673
20824
28414
30837
23484
17652
12299
18112
18299
23764
18421
20528
15494
21956
18344
19655
17856
28667
23041
15466
21959
20187
28740
41538
33259
20204
33348
55494
16277
22199
37248
44144
27797
37325
32402
20020
22355
30177
21401
34735
22034
18175
21365
20567
28896
38034
21940
24971
22375
40133
24277
24561
47553
22033
32000
27989
30884
26705
34819
24039
21030
24753
23783
32832
19654
29532
20951
25468
22811
17123
17498
29091
23567
24392
30442
33255
21130
22561
26885
23275
24208
30087
37040
43219
22478
21614
30457
28744
27376
38573
19172
15676
18274
18310
17943
21947
19993
25001
20993
43012
23543
13026
25956
16288
26477
19354
18653
15002
19744
19364
16597
23146
28046
19651
28011
16986
24290
23773
18457
27162
25169
24190
21674
17509
16829
21687
17417
41207
52132
20516
22194
21402
16048
17740
23161
27899
25277
26645
24382
34745
32071
48434
19545
25478
12287
23525
25754
30137
37983
22566
38449
21323
18137
25500
39735
23317
19104
28370
14905
20998
46607
55465
48165
44534
16096
23167
27484
28807
21430
20503
13425
20285
22725
18739
38955
35389
48920
61683
15950
27202
23935
21312
21010
21137
43137
57689
20424
11633
19704
22451
18775
15034
30818
18073
19120
26814
30094
29593
45907
35116
53542
22131
18415
44685
23613
13417
23804
14896
29460
15231
20384
19301
19557
22235
16196
21011
21160
27506
32666
41239
25241
23292
18837
18429
13254
17826
40198
34277
33792
30233
28239
57826
28629
36118
15422
21466
40983
17239
20246
25048
30502
23163
21714
34933
12371
18747
21025
24704
34136
27306
33133
22779
15674
21602
24525
13862
18651
36663
18448
21293
13740
14429
15660
36175
18689
23448
24981
22363
23518
26237
33717
24295
26885
21580
18802
12788
23359
18618
24623
25094
47261
18208
21345
22284
20644
20305
17110
13101
27638
16096
38703
31874
25248
23677
19216
20711
26212
32004
32067
23535
26974
16726
13955
19679
20163
29359
17549
19078
37274
26265
22239
25952
11482
33117
23162
22325
24304
21760
21763
28098
25954
28195
16624
22040
16195
34189
13214
13629
24478
21317
24179
25171
25647
18886
20910
38699
30623
47830
14799
16396
25147
15211
20904
25586
28398
23481
15584
22225
23995
30459
52213
20669
14329
22923
21493
14523
14195
17482
18293
39616
32726
106975
64907
13539
64685
26058
35977
24775
59110
27099
24452
24325
31033
29318
20806
11145
16434
22477
24604
26239
26350
26985
18178
23495
21175
18243
25050
22889
30241
18104
23767
21811
23450
43407
83218
14884
19821
19224
30126
18045
18112
33810
57040
21602
44344
20987
28825
47431
33292
11716
23592
18338
30627
36091
16215
20691
14673
20194
32298
37602
22460
44061
22405
43935
36445
13940
19358
10818
24880
21871
10315
29269
16562
21033
39767
20541
19562
13404
23450
29085
38132
24863
24022
18975
17600
42693
31207
22195
21862
41790
23179
17318
18564
15886
23476
17260
51169
17061
23588
24043
12779
24049
33128
18339
41044
57760
80203
18393
18005
23949
14070
25644
35974
18183
49379
11231
21764
15885
18997
12132
11546
26164
37109
56525
16520
18433
28092
31160
23127
21696
19101
39595
12799
19676
22024
24017
17560
26272
12952
18766
22452
41176
23795
16944
14953
17448
11443
28695
25662
21474
9617
29489
26569
15857
26527
22810
18282
28449
14147
51297
52342
16678
16912
15358
27191
18809
18510
19886
21692
22214
18974
31519
25074
28733
32365
18206
18504
22515
19245
21926
25344
21608
41354
12612
26065
53689
31252
16918
24913
31100
23869
17162
40347
35019
28778
24441
23445
14747
20189
25223
19531
38447
12515
37827
37217
44188
23782
30642
21829
17924
40145
17871
58059
21563
22045
22189
30714
21090
19422
9647
23371
13626
21904
19460
15549
26380
14829
24139
16476
22465
16219
29998
18156
55223
19630
33731
47718
18630
12838
17940
31176
29339
19725
26714
30665
21598
8904
18475
30443
30811
35727
73617
56371
20024
18839
19065
28435
28141
23477
21670
27090
27358
33925
53024
25599
21875
27096
18712
15717
18427
16477
29486
17989
24311
21280
23913
17162
38633
24035
11753
34920
25827
13913
31449
32780
27057
22240
18000
17626
25020
20133
20786
31892
27455
33598
18517
21699
36305
27100
27432
25094
21461
26537
25260
21796
18755
37546
24086
18360
24328
31626
23351
21255
29490
40880
18036
35485
13389
13510
27903
30770
16219
18355
21867
31748
26090
25517
20372
39173
30014
18378
19402
23635
18074
14495
13364
16822
15792
24976
31819
13022
14166
25224
34728
12706
14565
9849
22111
19425
36758
38414
20270
44813
22201
58694
40439
25825
36196
39415
17631
17460
28475
41802
24536
20230
19133
28828
17715
18909
34242
17218
32647
21493
24691
19081
26334
22690
25793
22633
31516
16802
20108
22338
25377
27443
11464
29207
20298
28387
13614
24700
26658
28229
23309
38347
20708
23623
36783
19195
26945
28393
22323
20376
26580
17366
17235
21904
15286
19934
16127
19403
18096
27271
13954
30285
22742
30766
59122
52089
28872
23021
25715
19632
18703
20710
15965
27178
22377
21934
16260
31376
25280
19532
18863
20069
27987
33219
22926
40760
35857
37646
27904
26627
15148
24267
24191
16653
20897
22146
12814
23087
24282
24298
36531
16274
15872
12856
22020
24884
24744
20247
19649
33221
16092
25083
18526
28284
19684
20333
12039
23287
41827
31950
32320
32284
11764
29985
25223
32824
23363
16070
35065
26928
33145
16972
23854
37785
57805
36557
53446
19532
14998
21961
16866
11956
40935
18574
32799
12503
22202
31787
22636
26692
39427
22414
21185
19468
39203
29574
29102
17782
18497
19844
24657
33644
50660
22540
28953
20251
26911
20444
26222
24918
27464
12834
27537
12823
34156
23612
26036
45572
47028
20804
13899
20678
27300
17967
21718
31394
21613
21475
21082
15667
23646
42639
18803
31166
31795
20616
35475
18339
18747
47541
43770
32300
45436
49659
19937
20989
21500
26892
36634
57737
41577
28549
15122
19432
20124
25765
20611
21406
16559
23063
6799
18033
21838
31838
27838
12598
19201
27338
33024
21181
30952
26398
22955
15180
28700
20178
69574
62984
27331
14405
13875
14255
21863
14942
19301
30314
22700
41495
19384
37404
16622
21470
20382
22168
35860
10026
30865
17165
25972
18440
20221
19653
21610
23395
39902
21116
32994
27803
24189
45154
40630
32778
22827
39679
14877
23342
18496
29341
18992
26123
19209
24439
28611
21469
25382
19771
12491
20878
22076
20170
31427
27333
21443
18440
25774
18315
20943
31680
31951
19642
32083
26008
26057
72974
34907
23019
21476
22258
19469
27764
28827
27506
37845
33098
26249
20447
25888
42781
55146
63769
19837
17180
20970
18641
19537
26690
27336
21956
30695
14788
25905
18727
28859
21020
19278
18064
22053
13651
13935
36123
25343
19154
28494
27855
33989
16027
18553
18543
19373
29262
20488
25537
27103
33858
15071
24796
20646
34091
22993
24648
29930
23918
31214
29982
12673
19645
48697
71975
20839
19252
21247
39670
16505
18670
16517
24289
14920
26118
25074
34108
18583
20653
25203
23205
16885
24287
25390
21681
29441
36343
27561
55682
32233
44541
29326
62879
30601
66835
32677
21012
20360
18939
28529
22990
38034
12793
29810
30963
29069
21511
10768
25662
68568
53867
25555
12911
33407
15107
25863
20537
31839
36164
27869
26623
19421
20022
26408
18986
33010
20115
26838
59801
51695
47780
64227
27431
20734
16570
22331
25679
20067
36914
18871
14283
46550
65375
30425
17195
36659
15486
20274
22048
20492
15966
19583
30269
14884
25667
38871
32365
26408
22757
25702
16444
36585
9783
41250
26970
22406
16292
24915
36027
51379
19017
29823
56220
45450
26091
21786
21301
28807
33209
21653
33755
23580
28714
32724
43524
43562
12248
20054
20967
13231
18368
17109
19243
22194
23056
21662
19833
17109
13908
32562
19099
28125
32413
19174
22430
16347
28061
28913
19684
17373
26635
39294
20267
14139
26895
35632
19682
21099
25630
31936
43600
27243
23384
20997
18191
43855
48925
17134
13595
10765
17999
24133
18986
26905
41517
27953
45690
24819
29785
16249
21002
11757
25319
20191
26219
21714
24311
13864
24966
46614
47542
28184
30370
17816
20122
20362
20611
35480
31697
29200
21590
27202
26953
16821
22641
19238
23705
15605
29674
32086
37959
30112
16615
22049
12605
22870
24920
28084
22484
36757
38892
27663
40361
28042
19489
52151
22929
25521
20101
9803
31118
37680
23393
35965
22962
22134
26539
14785
29743
25388
16401
25040
33234
28966
24493
19542
34487
28000
19080
19992
24312
18967
22539
15813
14809
26335
26271
24660
25116
35747
13610
29550
31483
19741
18292
10090
19238
37407
35799
39996
20617
14634
20404
77749
30389
51969
65346
34737
13183
30226
38858
51093
15332
20766
11227
18021
32241
20576
17369
26797
44268
25905
22764
30521
26980
36632
44173
24029
17049
20154
22170
22423
19141
16683
23072
30293
13461
36444
24414
19526
28523
28546
24033
16277
21933
23115
74414
40515
52748
21109
60961
14806
41246
31527
18039
24239
21371
32264
27010
19404
24652
20660
28623
21483
20556
15328
32925
23551
12650
12074
17611
17337
31705
18302
20131
36386
17091
18554
25103
35976
13188
20736
23751
22909
28704
53259
30139
58391
23997
64056
18526
28243
23536
18843
30734
12286
16738
14700
11470
17397
23856
20960
19299
27126
31058
20332
18721
24537
29942
21224
23589
20802
21482
22215
22433
23445
20900
26315
25660
18773
11852
17106
15138
25228
13499
37944
17719
27295
34984
44375
24806
18398
55953
11946
26671
17701
34401
28775
43754
18906
18732
21771
16207
11079
17237
38102
22693
23320
22762
18616
19303
26884
25678
25115
30585
34437
41038
21636
19581
18230
13469
19283
14084
15241
11446
24118
39418
22185
13260
22365
21895
15923
33548
16900
30367
30005
30691
42629
10871
24735
27379
14065
17786
13131
28995
13309
11053
30008
22152
32739
16933
32639
44202
40654
9772
19620
25151
22496
26786
14071
22231
24899
36047
20017
18711
40491
19646
26604
21370
19829
15713
28228
23164
21249
17345
18553
25896
14626
21484
18159
22930
18644
26883
17679
18601
19011
32223
12143
24115
11037
20602
23985
33638
47731
47486
31568
16013
17941
24251
23959
15904
22092
23603
40111
19549
20110
31913
26513
21795
21899
18842
18587
11230
23719
16595
16417
25656
13750
16878
18646
40086
20694
35252
18714
20342
22355
32753
27051
21243
17351
45653
35861
102619
80317
20304
16971
14119
12849
39105
40341
18303
16091
25753
17008
17624
27598
43652
15804
24291
24946
17105
29148
28485
16805
10263
22375
21569
27765
12786
34082
15759
20704
18159
18264
20501
19325
21684
24083
23313
24204
33095
47268
16676
36872
16313
20458
41598
30675
32801
24974
54900
16487
31508
19992
28684
55833
54830
42194
15281
15852
19586
11500
12884
19697
18074
25398
22331
24879
38720
26609
24289
22419
21830
37528
37336
20190
14137
23040
25927
29320
20891
26134
50562
21269
24085
12884
24176
23481
23989
31089
37166
30993
71590
38363
21696
17750
26048
21115
16928
30971
28854
22984
24717
28018
37277
21471
43613
23143
28220
24236
24014
18831
28537
30141
41637
15969
31563
25392
19250
39323
24425
32741
51818
18152
12828
25905
23296
16385
21869
23427
16965
18690
19713
46244
17668
18951
26238
20439
18689
42978
20584
27786
20036
20654
28142
21687
28669
49283
22417
20585
26597
23843
16406
29258
24466
18696
15918
13059
24072
14978
17718
33363
29935
22492
18870
27129
18647
19752
26068
23624
40842
17921
26546
19734
18713
19962
16271
18809
29652
27525
21727
18246
30856
18257
28983
23746
28603
25479
23220
19089
31675
42553
38448
20252
24165
19860
26058
26916
23936
9591
34367
28606
25216
26613
14408
38036
29324
26260
54127
68086
20964
19989
24723
25928
31291
48106
26144
20339
26236
20384
23887
29845
27994
26976
25165
22127
18362
39290
25353
43579
27966
17192
22980
15805
16922
25406
14571
22132
37116
57407
23630
20060
17348
15081
23139
27883
19464
34998
6842
17534
26230
36728
37676
31726
47672
15815
19348
31005
20605
47973
37553
22071
22318
19018
16835
17957
39964
31738
51608
12490
18016
26169
17909
28161
18890
13731
20160
19022
19717
13748
20019
26422
59879
82388
27109
20041
19893
19663
28393
17274
32141
25827
21812
27418
22520
17148
17815
22524
25950
34855
32997
17760
22834
33109
16488
23774
19608
22251
16724
16894
16224
12930
29781
21145
15052
25364
12670
19427
25460
23299
22710
21623
32065
30599
19756
12747
11528
22315
16514
16789
23901
23799
25511
31019
50784
20482
20592
16966
34966
21986
21209
14183
19889
27463
22392
18115
18003
23885
44760
22807
26576
27417
19812
25545
26326
22726
17491
16634
11479
36590
18385
33248
24870
44302
24814
16140
26949
17442
20795
19102
23746
35626
51037
26970
26608
15839
15609
28460
47411
27865
19974
21141
12363
23335
17951
17239
29571
14528
26894
20715
22513
25880
31487
29437
23090
38371
39553
19301
29487
22608
37855
20579
22593
16783
23792
24300
40612
12185
32084
18856
29050
19034
25313
26005
24886
14629
17182
40698
26748
33996
15451
20953
14686
31348
25519
19716
36069
28516
36028
21180
18811
24623
24799
20213
17679
16136
13587
19839
20378
18953
17799
24462
25418
19314
24865
34058
24334
22787
10010
24548
18028
19254
15357
17302
13005
18957
36615
26498
28291
20610
21393
15718
34013
25462
20245
31107
53314
20424
19547
13030
17207
21145
15041
19723
21415
47944
37283
29143
44750
17637
18374
22701
22232
20747
24201
25820
17445
18048
18718
25569
18844
10568
15414
18501
23880
12645
21095
21467
22091
21575
14824
16494
13740
20032
29059
9972
18413
27528
19834
13663
17846
38429
45599
15722
32350
31639
20319
22127
31737
27058
33899
21578
18873
28194
20515
26785
16066
23591
21985
49475
32494
17592
10611
15392
18223
18196
22696
18871
27013
24151
27650
20358
29995
19159
22359
19271
29985
13201
17724
19785
19942
27146
38902
18859
28210
47842
18629
36906
37928
21497
33575
12161
18195
31376
22138
14186
13607
22903
31579
28476
36050
37368
17763
11471
26031
15949
16971
11540
16238
36602
21035
16375
27911
24154
22349
23821
15384
18050
18512
22098
19966
13466
13580
28325
15725
22630
21066
19991
12051
33365
59600
20879
25150
20594
10963
17051
38251
57529
23101
15070
26255
30539
25545
39315
14719
29601
15043
36560
34803
15607
17332
23169
35031
23249
42230
22849
44908
19847
13865
22318
21030
23073
28749
25427
22772
28604
21076
16762
19012
24049
27952
30497
47070
21175
20412
26397
14784
21040
17232
26774
28534
23412
34250
16330
17443
25824
35528
14738
27412
25686
21724
32140
32121
27785
25071
16982
22422
34607
27345
21516
20199
21071
21559
19133
21508
38509
26907
26916
26020
31125
38921
14544
28202
32338
17388
19382
14541
23209
17708
33773
20956
22413
33507
34024
29075
18730
29231
26626
12797
16831
21527
18066
17334
35915
18943
19174
23935
18301
35341
24792
18086
26535
14531
32382
29365
28313
28162
9735
12651
17356
14110
25403
18631
21931
25744
30780
27180
33966
38565
12484
18672
25974
18206
32806
20889
24844
17968
24931
25663
23059
44271
14395
41775
52434
14013
29386
46694
15864
27488
20035
17048
30215
13832
22788
24273
18160
28609
21701
23703
31006
20258
18425
38944
22914
16512
22402
17678
24249
22349
19950
31001
15131
22760
20967
19945
27459
24987
27779
25102
38915
26124
26650
27772
14200
25751
24139
18797
20046
11436
18460
38527
12104
17420
13611
20888
20336
23756
20342
32210
32409
22392
41784
15934
18133
23457
40054
26400
37987
33433
17209
25187
24086
50167
58576
54358
34096
37899
45993
19899
19426
57226
51181
21674
21850
34572
50934
54467
32640
38996
34018
44600
44764
23064
44178
19731
44650
16489
25758
26309
15879
19549
22969
19811
19812
16331
26414
39339
36447
18784
26486
28907
29668
24888
38093
31446
15704
20298
18058
24949
19331
20967
18207
29759
34809
22605
25756
21855
33816
20991
25074
20752
19424
15128
27023
19954
25471
18847
32615
21300
19472
49087
20294
22134
20282
18192
42991
21311
22121
16579
17640
21498
21204
22166
21432
20234
24412
21746
16518
26810
21880
20086
20857
33903
39458
18595
28336
17405
26474
20732
24427
16996
15283
14460
38449
34227
38716
29847
52502
23784
48183
35601
37715
20619
21019
20419
35742
26962
21227
33870
26380
23826
34633
19172
13292
17143
27995
40166
17096
22248
28937
23643
28849
16760
24222
47138
20272
18655
20659
21761
31713
26914
21144
24769
19729
19292
25903
28608
18234
26105
25891
17669
20111
24386
12158
18947
16322
25668
14297
15213
37591
28516
23418
24436
34016
31123
19398
15609
19413
23026
37650
12923
31452
34016
20363
19451
23645
27153
29195
26720
35445
48381
21789
37003
20552
21900
24410
23074
20841
21730
40546
21302
15223
16146
20891
19060
20462
23561
21812
25587
21181
25821
27545
38378
16981
34513
23722
23357
46101
18382
34177
28950
23045
20490
16848
15956
22931
19995
20388
21592
33183
47676
29754
55744
26939
25020
10779
37375
27171
26813
20119
26231
30607
25444
34362
22023
27366
31432
17709
22224
25701
38679
31013
18577
16675
14857
20634
25184
13323
41791
62303
12669
23425
12858
16779
22582
51019
18606
24866
17840
23338
17784
12675
23933
26788
38219
37910
22770
25263
48806
35054
28385
24731
34539
27974
19324
47828
65483
15450
30026
27089
16669
16049
42879
20005
27318
22075
17949
18557
17541
24018
17338
23436
32609
33635
12978
21526
20360
25148
20336
25307
21816
17442
26795
9933
27135
27736
66390
19231
19421
23093
30561
20557
22582
34531
18084
26391
28969
24646
47323
19966
15893
25691
21118
28556
21738
39206
26881
23409
29490
26425
18987
49482
41947
17121
15844
35397
29638
15667
23761
33232
15111
19679
26977
29809
33749
13189
27272
15078
25168
54985
20672
25435
30770
14522
21221
23042
25966
45761
68619
16596
33235
20233
46964
27342
15697
31280
20027
20551
18046
19254
17661
19558
29213
21713
33359
33511
24482
25032
25531
32535
17809
26960
29490
18714
6808
22249
11025
18041
15263
27424
32838
16314
19689
16568
33986
10871
26862
28173
18607
27298
14789
16112
29418
24082
20992
39315
26196
24939
28812
11674
18456
18505
17844
29589
22079
35145
17818
34577
20188
29964
17439
24878
14419
37202
18794
21340
42721
18684
43976
31558
15973
25801
22097
17190
27138
16551
28412
24806
20006
14481
32313
37135
63517
36971
79999
21243
25576
25086
32592
20776
18064
27341
65109
72096
69138
56487
15033
26692
12087
19190
20338
17415
28648
29983
23232
18104
20622
34282
26841
19904
15976
22483
23805
21734
25245
20014
25575
23791
18524
23363
22847
30265
18529
29713
20462
29313
25900
29573
25480
25593
18691
11164
28104
31647
19479
10182
21033
19493
18920
32529
20389
18336
17015
28377
30957
30663
18798
21636
19050
23570
26462
30561
24740
21240
25675
20144
23269
21247
14591
18992
21714
30311
23231
37291
19644
17131
20875
63841
29717
18775
20509
32003
21355
24493
21725
20217
23769
36215
21628
26421
10966
20869
27368
48256
75436
113848
28025
21404
28667
20752
19786
21062
31432
23530
33590
30262
27606
14941
23014
23304
32997
16412
35348
28274
17886
16880
23856
33190
23585
16779
22341
27876
18170
45973
28583
27950
24755
64253
59551
18593
17836
20850
32345
12213
12264
25825
17712
31704
16571
20506
22861
15781
19408
22103
23679
16861
20584
25116
32881
30958
44158
23103
27153
32446
31865
36520
29232
12253
12465
22748
23562
21126
41029
20042
21120
21498
51506
22747
20414
30398
26002
20714
13053
50685
11726
37394
24414
19879
24392
19427
24394
39325
60131
77257
31334
16919
35881
34658
18171
12972
23089
16998
30237
26391
47507
17987
30436
20461
29596
24343
16697
20935
20710
45368
34477
22012
12768
14088
15831
16204
26639
20526
22336
25553
38551
17337
18475
13636
23630
30848
30116
51822
15306
24376
25890
16796
33861
22572
15085
16229
28060
39573
15650
26628
12249
22545
39350
32978
23367
16258
20952
44077
31763
21312
20758
12144
22301
26449
19339
13559
29401
29686
28071
16414
24195
25882
23319
24098
18976
15367
20588
30549
68049
20781
19426
28205
15590
29988
18778
19666
15332
18995
28680
21167
25811
26509
36445
23995
32961
27088
22912
14105
21611
33557
12119
27474
21433
18826
21761
40768
28066
33096
21548
20334
18283
15668
28298
38536
23979
15074
17870
10013
19550
23369
24711
28320
23634
13772
19564
19990
18539
25119
25456
29128
30478
20246
20955
17427
20892
30313
55521
32188
53385
28467
23388
23934
14736
21867
25810
23276
21169
25268
22639
23330
24551
22125
22814
36597
16837
16642
32411
34264
23839
29582
38578
18699
45232
15701
12974
14673
18774
18610
20824
11414
28755
37007
39191
39174
81921
15347
22003
21664
21350
13807
37077
25256
16328
24877
38902
24526
16420
21869
18022
27170
37194
36177
22689
29714
25244
48705
87123
25408
22450
23622
19799
14438
26896
25560
27103
22159
26443
20429
52379
56566
25561
39814
14394
22099
41213
15534
22635
29688
23392
38537
22928
16100
25995
19206
27945
33417
19133
13101
28500
41551
16241
29278
19390
39196
18190
22728
19283
17633
14752
15641
18535
24586
15429
14704
28492
24809
19739
19525
35021
46653
26784
17270
20761
18183
27036
17361
16095
21847
36596
37877
21839
27991
26354
28638
18134
18792
26479
24327
23457
21332
33607
24396
32422
19565
17913
22487
18472
20920
15641
34800
22265
13810
30453
18798
22387
30262
14709
12683
28196
21774
20069
22707
21600
22097
12577
19368
19259
16507
25165
15722
13664
28258
45316
28946
44721
22331
16781
29302
17752
52933
17718
21196
28269
20556
20028
13573
25920
21813
14344
21939
38541
16099
22872
20708
25858
32884
23610
16356
29661
25145
24456
28506
25684
31851
35622
29017
17142
14245
30771
28786
27308
25673
31925
14301
27220
29597
20995
14745
16835
20847
12574
22171
16008
23843
17708
24332
24139
41415
21258
24242
22668
15856
32524
25962
31115
62828
34455
15243
23119
13196
18475
37837
13962
39490
17525
15810
24419
12495
25720
34970
46816
55527
23259
70213
19200
18691
33669
27188
40465
33280
76023
59281
21503
22710
19893
26391
16604
23007
24870
15369
22235
18496
18949
15160
25777
30581
25462
31524
20004
32767
39265
39852
26591
25814
40901
17914
32422
42133
23605
14862
17631
35115
19447
47404
19389
12550
21398
15902
20938
28528
28484
12951
18253
32506
11474
18762
15158
28085
14859
24199
16579
22266
23786
38684
26764
22188
25626
16571
30295
29592
27890
31434
33076
24286
27236
25388
21799
12474
20131
21054
28708
23231
34737
23133
22108
15650
19351
22342
23253
24010
18585
20131
33835
37560
48503
20967
20188
21355
22102
39662
35188
16706
19167
26925
21989
20090
17206
14555
15252
23880
27717
33561
20168
17674
22815
31776
35563
16719
31906
33658
24606
27348
21959
16992
29210
15982
18801
31732
15716
26570
22024
17627
47003
30930
33925
22964
20790
23650
19807
28520
51880
17985
44401
22975
20260
16860
20075
20365
18413
48317
15290
18233
19446
21428
35592
23913
14218
15606
24247
14588
17489
22574
11685
18685
17276
15969
18102
27715
37020
12815
32875
22459
18184
20073
25293
27292
12639
25108
21002
21404
15636
19100
22011
15518
19604
23001
15899
20765
34257
34376
22745
21564
22980
18849
23405
25497
18350
22387
32927
39308
20231
31862
23386
25579
16968
11950
17765
20426
27946
20739
23258
29349
54832
29815
40849
33653
36118
21362
15352
14047
18789
18459
31324
18277
18277
31731
39162
33881
15371
39551
21295
34895
16214
18707
17298
24365
26931
26752
20332
39770
43349
28297
18505
22696
23480
21763
16567
27303
14000
15501
22662
27845
16560
19376
15048
20018
27387
35933
25937
23270
30348
17138
28780
21368
20895
63340
17372
25995
22017
16215
20492
28682
14646
25881
35900
15000
26642
31285
33468
25100
27579
23155
43767
28885
33458
18197
12824
18619
17873
23250
33075
15158
28548
18734
16080
21128
20767
19289
17564
19173
33556
30632
18125
21851
22219
26095
23760
37394
19158
19771
40864
34100
26505
12224
51642
72531
33608
21570
23738
22526
21792
36245
25895
20635
18321
26706
23348
29532
22230
17394
17072
24255
21375
15397
18133
19706
27166
18469
18896
43875
37201
49141
20562
21382
50485
57364
13356
57808
44146
43352
50760
16391
20404
26863
33179
38776
19192
13068
20092
46420
24732
22360
27741
22354
19168
17485
30234
19168
28107
18436
17406
25650
23786
30981
21746
20153
24833
21278
25436
19923
21167
14833
40784
59635
15867
34041
18820
17206
19065
29114
19112
22831
22924
16557
18477
16380
21099
30331
17766
11932
17915
16664
27453
10341
28612
35863
26124
17548
22528
18655
17024
12448
26325
34548
19237
39782
20541
37420
17792
40899
34422
23789
12014
22262
15362
16773
19631
24092
20110
18177
13320
25033
25655
30295
26959
31912
16461
19678
30678
17810
23711
19635
14426
21210
12845
17669
28223
16228
20312
26128
30753
19942
31373
29474
29402
34837
28785
21982
17245
28724
11174
38638
42794
38119
32207
48506
94157
41641
27763
41806
36553
20287
23564
25151
27403
11414
17701
14410
17162
24976
21637
27274
20838
34947
17415
17321
24792
15434
24298
24892
22444
16526
27539
38004
23737
42717
30082
14352
42809
19640
10189
28999
18038
15949
20550
25464
12885
12523
26134
20611
26898
23413
23734
21832
19672
22072
35392
39793
27103
31146
51105
27755
12517
23237
10205
22725
20704
15295
18976
16225
30631
18268
19613
22270
25895
25950
25313
16897
35160
27495
29153
14217
26497
27086
9207
23323
37427
36418
37500
20660
20466
14732
23527
40193
25070
17340
26095
39868
21104
23854
31734
38410
28076
19081
34181
39169
29887
20492
22699
19787
25177
12201
21470
22616
22572
27299
27259
12812
21693
16484
25001
13982
18791
17550
26122
19721
33641
13599
20678
24721
9970
11283
22443
22826
21352
26254
27953
51868
20568
20734
23282
14444
14691
16590
22857
33585
17640
25711
30107
33103
19424
12243
22316
15438
20432
13470
25579
34696
22679
23376
27957
32253
37600
19073
29640
34225
36844
39280
21345
33164
43507
14208
16826
45915
16813
17740
17270
31179
20686
22991
29804
30461
16571
35089
24635
33135
17562
13757
29484
26488
19542
18562
26245
19231
29424
24894
43037
34502
23639
29053
19352
38655
19079
16845
24062
19249
35682
30697
17115
40569
29756
23942
41230
22971
40103
12259
63688
24943
20573
25265
16653
27762
20185
30867
14819
19251
14930
28463
24604
15596
20781
14868
35867
15652
15640
18245
30708
16307
11361
29231
34138
28975
16570
23037
27553
14027
14695
30377
15881
26224
28582
47027
23778
31875
40697
16398
14907
13650
23273
29892
36189
24007
19912
34507
55253
25125
22213
20187
16150
27873
14498
22593
26632
22934
18781
25244
24037
21303
19901
23955
51388
30231
36113
31177
18917
18649
21473
22080
47015
17965
11689
26905
18524
27896
50161
18542
23210
25503
38879
28388
19714
21425
24370
17576
22232
21888
17637
21530
42939
37810
21325
31380
29248
31816
24869
27587
29165
14796
19932
24160
50200
16221
18214
21389
21006
23927
26645
37055
19310
21117
15973
25119
16444
15336
18237
31231
20178
22427
30012
16822
23619
18754
27122
15635
14585
18352
17322
22727
27908
32132
27121
21722
21065
14853
38194
29876
25688
32949
17209
15706
18505
20845
21790
18853
10760
26682
17315
17646
19071
24261
19664
20319
14081
21163
17776
27272
27545
23855
23636
42282
26068
14747
15606
18537
15884
14292
28405
23212
19016
14904
26473
23536
28129
21541
15804
25799
17611
22917
13319
24145
21363
22197
21774
35364
32568
26512
27196
35452
19337
16782
21262
20129
44121
22684
20352
31784
27437
33200
34896
25404
21501
18692
24272
20011
23392
33801
20608
51186
21824
19525
27670
13538
26614
17555
24537
27801
16168
25952
30430
22011
42321
24377
62737
24373
18451
21253
29166
35549
16877
16625
10908
20075
21721
15589
25822
22931
29181
15774
16809
35034
38316
22397
20454
19325
24556
25098
28686
46407
17642
30699
32853
14068
20006
20248
22884
13458
16056
24590
18420
13695
22196
29654
26050
22730
17341
24576
13433
24895
18183
20435
30026
31622
25574
17602
15953
14791
18034
17821
20866
20247
25778
14804
24103
41498
16200
15063
33269
29575
30508
12631
15899
21888
15896
22833
19124
69742
15224
33526
18729
40331
35632
33246
13257
21000
32114
44254
18064
29840
13148
14673
25082
14386
28126
28569
20549
18380
26051
13404
20192
24292
23316
17547
36618
16522
34001
19400
23510
18490
30804
20041
34111
15459
23062
28171
24923
39322
42618
19325
29382
14760
21768
26331
35354
18834
23020
14845
14684
15082
13167
14441
27626
32367
49158
45085
53630
14516
23915
17754
25045
16725
28706
23213
18529
27722
25424
18271
17680
16068
24607
15229
29545
20897
28187
33846
14930
18003
34988
15675
36695
22484
24394
18599
30652
16366
31487
29501
17995
33630
11015
14100
32866
21795
43966
45964
48122
20688
34137
19310
42524
53353
28746
33581
22188
33527
21292
18875
29698
21633
47294
21783
27911
27897
37876
27384
20118
21504
26417
15356
17964
21810
19310
22346
24251
38009
14003
30666
33673
21134
14456
18757
23750
22027
14497
29910
28824
34679
25309
19094
45144
28248
23260
21891
37467
20524
22233
24218
21003
11615
26138
25564
15022
26528
19917
38780
23187
23027
12103
15317
32634
15397
28028
31348
37646
15870
15140
36701
22391
24571
38688
25586
22583
22473
17842
30046
17550
31862
21452
23547
30645
34592
43184
55648
24280
25542
54269
18558
18649
23512
28616
32531
26716
26523
38660
18828
21061
15593
24133
22835
17252
17266
16162
27283
29655
18330
23394
25487
13954
21046
17301
23000
16224
40677
23789
18479
13800
23366
32900
18979
15436
16516
21032
18801
20361
9377
18993
15234
15584
35511
27282
17455
18453
20838
20906
23569
23724
29780
19472
21885
30592
27371
26931
31153
26722
25354
17664
12789
27687
20774
12470
21005
24710
15459
24545
26801
23004
16811
11164
13615
27202
27395
26793
27716
29159
17279
16101
17916
24435
36116
30440
31535
15301
38583
21942
18663
23482
43686
27354
26317
9488
32975
16333
12671
22429
13093
21115
12636
31028
25289
31840
21639
25070
18830
15385
16429
18435
20452
19872
12581
19700
23089
17319
35081
20884
35210
22805
21157
15929
25987
42716
30031
21856
14174
16703
18811
22478
15753
21873
32508
18241
20585
20131
14411
14558
16429
17129
28249
16854
37855
20730
25704
18365
21011
26218
35144
27567
17481
16077
21498
26984
22614
21425
41011
45871
19929
20745
18594
47212
48971
21705
27076
18132
27482
24357
15565
27172
9864
32554
47310
37069
16776
13736
18020
20855
19644
21702
15629
30160
27065
27339
25865
13961
32671
36595
24632
17445
22209
33358
25210
27080
14757
15863
20643
34764
21342
36309
38400
45575
17542
21689
18305
14261
20689
21979
17891
20383
30316
19268
19197
25836
21537
19387
19969
18706
24879
23424
27080
29451
25285
32140
14907
34981
20454
19419
27794
16878
20685
17985
30678
18537
8383
50876
22953
25024
32361
49738
14293
52335
15867
22362
17773
26025
16121
29673
22564
20141
22934
30812
23333
19868
21779
20316
28162
27055
16497
21511
25405
13917
16325
18764
29900
22037
29298
45310
27758
28623
21272
22283
12120
24583
30399
20435
16579
10419
25401
24395
25984
30897
16718
20412
25061
18129
22825
31444
34733
18343
13024
13004
21206
22068
39417
14504
21177
10273
11256
32098
45314
55856
33834
62115
17245
16391
24550
17950
24184
18356
20152
33015
28244
24617
18243
24885
27840
25339
35452
45581
27223
20414
24963
16015
22724
22381
23716
23334
32220
40219
14190
35121
20838
17534
17906
18185
23295
45785
16710
20063
28081
22983
30851
22784
25953
23095
32039
19971
15621
27719
23959
29455
19810
22301
12079
20534
20744
14740
21794
29237
25637
29699
21510
14924
24122
17377
30576
25264
17258
26329
31021
26297
24905
24063
27477
15986
23769
18568
17659
13506
27216
36506
23341
16581
16957
43682
66170
16244
21469
13492
17631
32176
25337
23310
25465
21829
26355
12611
14976
32727
30670
16259
32104
13043
19813
14107
20926
15715
34182
19994
27632
22193
16262
22137
18045
21240
22596
16229
24244
36673
47372
22447
9424
22388
30683
19565
22886
23517
15976
23037
45933
40236
29156
12733
17412
26245
27004
49034
57506
20462
18074
10416
15270
27844
20553
15987
22169
22289
16181
34591
20565
33270
19131
12936
22651
31488
25358
32953
21629
31019
30487
21519
19003
20966
19582
22248
22331
26928
17497
44304
16171
14396
19641
18111
44015
20235
20737
19986
19709
13952
17371
32557
14580
20825
21127
14319
14561
12716
37579
38179
54143
43163
32482
20611
19840
17236
31548
17044
19483
21065
24538
11143
24913
19392
31611
16300
14958
29245
16217
21786
13445
17779
17480
17906
23519
20331
19052
21705
27916
20258
15170
13430
24335
34872
21118
25244
18920
33960
21527
24905
37131
20529
28675
25549
20320
19826
23399
20216
20705
18163
19590
15167
18040
24869
33472
12311
22105
16607
15722
26539
10765
16572
25436
28611
24556
28121
16014
14724
21582
18837
22729
28252
20366
49116
17797
19194
19394
28326
20881
18225
24959
20644
38190
27077
17529
17000
14120
16620
31254
22872
20250
19432
13784
17440
18407
26274
14927
11497
22956
23172
20882
28777
26156
26596
21642
20963
16713
30155
23464
37825
18390
23459
17433
19539
15607
19621
23960
22784
15083
12933
18891
26514
30342
29700
25933
32384
27762
17713
27938
29667
17119
25647
13727
25643
24746
35524
38174
21794
15724
19445
34646
17023
22862
17668
13156
13519
27857
19259
24576
31608
15564
32011
25865
23324
27587
22722
22672
20063
28434
13301
17137
20611
19439
19646
23365
22071
28752
29544
26839
13740
19443
20393
23397
19152
23565
19291
19995
33802
25150
19691
22604
18440
24178
19705
19950
17766
34750
21234
20741
20729
19181
26516
18558
18768
24814
21213
34683
19594
20952
18972
20906
16207
16474
31779
18342
18370
23421
16977
13333
20221
48794
30941
21476
18580
40317
17033
22018
32634
18432
23833
31891
17089
24607
23872
16593
25197
23429
25610
33880
26525
20198
29543
33208
36631
18322
19248
37011
26701
28971
23476
21168
19642
20364
16640
28125
26993
30745
29404
19016
14455
19094
23600
19213
20175
25962
41692
59559
10382
21394
20113
21658
14864
23109
37895
25151
18819
15827
26127
29470
36244
58620
71301
55452
66747
29308
35874
26441
14992
24880
18336
20429
19350
39089
19367
22127
17369
12923
11416
17448
19839
22682
19949
33062
37058
41766
19099
24374
36233
24313
24124
24444
20527
20696
54630
18862
19801
21576
37760
22283
18138
19395
28105
26555
29523
45146
23375
11666
27846
16199
28569
34723
16566
16744
18284
18064
29333
23613
39454
25038
47762
17985
19371
16775
22734
22323
24549
38404
27021
17516
30697
44656
37278
15822
21641
27377
17796
28407
13802
24489
35250
21258
13373
19702
22281
15087
14028
22815
17645
10723
19874
16484
27274
38672
33799
23236
22006
35527
19610
18481
18853
21679
18379
20422
21660
31513
18342
26976
36267
25706
32224
31622
17141
18627
25451
21593
13037
34127
32068
23267
15912
16800
20218
31832
27712
21443
22490
17144
29421
17936
22770
19868
28543
21918
50437
23357
23724
21164
20333
19492
21128
35253
19891
21865
18785
19590
26498
19416
24655
17815
28052
28868
23228
22808
22288
26941
36882
25489
17825
22090
33276
15189
49684
15383
32923
37187
12277
18568
27671
20412
23589
15769
19897
8584
27503
21048
16295
23598
24402
20286
22864
22807
28937
20137
39061
59260
20904
32796
13381
28406
15638
19158
19460
13291
21650
21416
15818
25449
23787
45640
15777
15981
20653
25481
36884
25263
13600
10536
26938
25546
34316
13352
14393
22536
12640
14037
25267
14432
15428
13217
21159
15547
18711
20536
19758
30380
20487
26148
28006
25718
15051
20205
27102
31792
11968
24426
21659
23196
34479
24908
41674
21925
31403
23653
21824
26348
26857
32014
36780
22940
44778
16382
30097
15661
32844
13989
19609
19038
18707
30863
24706
17954
24733
16633
21401
29578
22163
26387
22556
16518
12688
13288
15228
21152
27498
37588
14987
34807
27973
18267
16503
17118
12749
17691
17584
47441
18569
30867
28076
30466
30484
29194
19606
19420
27117
20400
17740
20700
29492
21827
25787
25109
32533
11774
24578
24962
26018
27971
19143
15271
17910
17957
17702
21587
16537
13612
15220
30252
15699
15891
25486
12878
14747
19987
24042
19754
23287
22822
12790
42552
34912
28365
24171
30118
8507
26971
31415
65583
25298
21998
23250
30503
25083
26775
20102
22305
30872
18265
19830
18872
16001
28125
23314
32482
37691
18031
30823
19062
29310
21236
22219
20859
39351
64758
25745
24937
23297
28727
45100
26285
25524
19539
16448
26195
34684
25875
36125
47113
16632
33165
20633
20588
36725
26137
29462
21701
36338
27762
16310
19131
20963
22197
25959
41300
47947
23356
21300
25702
20782
18069
27780
25404
26645
17844
14487
29069
46994
32185
20262
11341
30812
17892
22272
33179
37861
38828
45506
59725
52693
25432
22957
23205
35325
15879
26881
22077
28966
10921
16668
32239
15204
19090
31704
20166
39690
21021
57239
31769
24357
19061
38160
21097
28133
19739
35001
16492
24744
15703
24002
19960
16771
25171
29697
16622
16125
29661
18278
26814
12487
29994
14369
34312
22957
19418
16800
23509
26155
38366
30834
43286
16589
10892
26049
16680
19957
14593
24495
21068
16879
15885
49615
17330
18843
21193
34874
35278
25106
27656
24009
31445
34340
36811
17889
28596
21640
23150
25765
40229
34549
20535
21140
25660
16249
31997
22154
45065
26347
34749
16326
39928
17050
36790
28141
20507
38442
25889
38539
29247
40198
32728
14212
20617
10680
16878
17245
35628
16815
37417
19833
29926
16663
11502
27728
17839
22828
35236
31159
26778
21588
38541
17599
20261
11535
23393
20707
19715
25795
33423
27469
15852
12793
18731
23379
28072
18958
29151
13695
38581
29264
27326
18632
18511
33696
19490
18651
22514
22571
17050
27779
26892
20310
16728
18679
14243
26873
21587
15490
30691
17736
23100
19424
20882
31738
28053
16646
22802
24449
29338
18321
21685
24347
15347
20582
15594
24003
20703
39477
22232
38279
31467
57513
19480
61456
13839
13224
28571
27319
19022
16515
19056
17491
47502
56697
22133
15478
34049
22638
30344
28356
20285
17690
23834
19995
23396
22874
10531
17388
24836
19123
18505
50094
16319
25743
21641
31674
22650
24608
23976
21262
19171
17539
24110
46200
16613
28688
28703
29846
24857
51865
58160
50348
34919
64288
19260
27788
16987
10101
24590
21872
11478
13468
21823
23755
16075
16702
13475
23105
13872
32933
21119
23845
30005
30208
21272
38156
13811
12083
22557
15366
22073
12995
13966
12743
38572
17604
20721
26277
18122
22177
16463
18955
24660
21723
40507
20730
28527
19778
17642
23666
30053
15405
21793
47287
54517
15539
20488
30890
21603
16131
21774
37196
19604
19626
21805
20339
16697
29331
26319
31459
31866
25666
26190
33305
22225
22559
35772
38778
17179
16371
20195
20882
17905
23356
14573
20409
20276
21212
42242
58605
20802
35032
23999
21498
27874
12735
27471
23068
29871
19827
15221
21478
26097
18151
17689
18168
24792
26926
25067
31195
20515
20946
31869
25574
17954
33895
19544
20019
22250
11444
21120
23224
21471
17639
20389
29502
29868
38874
20647
20778
20054
16374
23830
15451
14811
21106
24179
18678
21442
16979
23225
35512
19175
24789
15837
39796
24900
20534
14348
23570
20085
20956
37410
52254
55712
14880
23685
18672
18724
16769
21718
31609
21919
21814
18974
23169
20686
12792
23534
49129
23610
16513
20299
17774
18389
16080
33928
24670
10986
24904
24038
18342
27181
57797
25458
17851
33360
26988
29207
34998
39156
58428
42233
24727
12086
22489
20324
15839
26681
28633
23222
20785
18571
27268
19689
21950
30369
17734
15811
27439
23773
26715
26433
25797
10869
19992
25166
14472
26955
17519
26510
22123
29872
11931
15962
19125
23798
15052
19348
22578
21108
17871
18164
22737
24867
18860
26190
14126
31363
31115
16459
18060
20527
22181
20130
27974
31888
41754
19306
18426
18580
14438
19809
23568
24860
25888
21871
36360
20190
25689
18211
19165
20760
17634
22167
23862
21464
11195
39202
34909
33990
26330
20633
18292
32161
24529
28893
19019
28140
13006
12928
23665
30513
19711
31585
30895
18143
20282
34486
27306
21705
21177
39614
29754
13408
27922
16834
19544
15105
21052
24098
26492
37927
29047
25171
43990
17950
31855
19707
30553
32343
29127
16146
19554
19203
17523
17203
26082
21252
18596
14722
25044
40939
24696
22305
14833
23593
21437
60193
21601
34769
16633
19970
32962
33229
20699
20532
19678
22617
17701
23037
35090
23407
18801
18167
24611
31636
20937
15913
26967
54152
17683
33749
49011
58811
28176
24674
24530
19920
23693
35531
26619
41482
21710
18788
16507
31286
18677
21531
17401
14202
19022
21759
22123
21990
15322
18565
17416
10680
9554
12897
14187
14405
26951
29224
22833
40180
22688
19912
18516
17862
13603
37180
18881
34156
26032
19183
22998
28576
24160
21875
40290
13597
16654
12214
16041
33559
25364
25004
30769
23266
51506
38018
23176
24332
21831
10095
21969
35361
17879
29919
16064
11652
22866
21503
21326
25001
17892
17755
25870
34669
28594
25288
15505
26504
16790
28615
9909
32735
32343
16391
17967
26247
10682
19571
25594
18697
41304
25175
15803
33342
26535
24295
51433
53244
28607
14214
24721
26849
14110
46837
19447
24039
31062
16010
15804
26534
23600
20030
16641
27551
25357
27494
22714
37268
29653
35651
28488
47502
37894
14865
18577
25197
33664
15396
29749
20336
17951
47730
17757
28058
30300
29473
18588
22304
22123
28338
18503
22384
26615
21088
19121
28924
25745
17901
53750
25438
19046
20628
32403
21942
21884
13689
20493
21084
29701
46421
19955
34339
26447
24403
20954
21718
23302
31422
30989
20018
21555
26239
17082
20715
15158
37252
55352
72707
21166
17259
19395
23280
10938
23455
32809
17326
27561
25509
12022
24796
23695
17432
15266
16316
53024
52470
26082
13415
17723
31525
20128
22809
49422
21108
36242
10334
26001
20299
27067
13466
16218
19668
17704
19285
26367
19834
18846
23164
17354
21936
30099
15885
24203
22638
17578
15152
20333
21867
11674
21359
17581
18901
28049
22267
15325
25622
24037
23367
13970
24901
19642
26145
15231
18933
27270
26299
13727
24235
15960
13848
24014
12438
20202
20636
29007
18970
17435
30075
15816
24871
16561
28755
19536
16910
20178
29905
22644
42784
29748
20885
35594
41244
12507
25919
21437
13482
19262
28753
28254
18084
27300
38516
15295
16766
29742
23045
17402
35518
16027
20689
12512
14366
19571
14840
13099
24261
23550
20608
38471
18177
23451
28275
40345
29176
27673
35939
17985
25613
24700
35828
25239
35879
22648
22254
28388
24846
16607
17349
20416
19694
34782
16227
10876
30403
47851
34727
26795
22571
17681
22470
23519
47564
29401
18503
21431
20113
41910
34913
19819
18679
22711
21903
19901
12883
22143
49496
53632
16780
18408
26297
23969
24160
30116
23070
25492
23783
30140
29328
19298
23146
21181
21651
23753
64474
48670
20731
41364
17057
24617
16473
19897
31535
25682
20979
24582
24270
30323
30252
20172
16127
23191
31028
24496
24498
25011
10049
12554
18088
30747
19910
43015
31530
19925
30289
18497
24459
25922
49808
60711
14447
34706
32221
33433
19796
25712
24191
11277
24430
25545
26267
30276
43532
19484
22277
16367
23021
19042
19339
18016
18929
17679
30806
23728
19059
22335
21590
30925
20509
24911
19298
22380
15142
23953
31263
16773
28255
10759
19071
17841
22087
41470
36804
52626
11843
23385
28836
39372
27426
19419
26227
31624
27689
19156
22150
23843
28212
29545
25856
40827
28494
11492
18950
22834
29725
17264
32266
46132
23967
21946
19774
15472
32897
23748
38008
24216
15781
25202
35334
24304
20001
23042
31820
29181
51083
25678
17312
27163
22334
32932
18500
26266
21420
17607
24260
38269
27395
23703
26900
20729
14534
34340
24589
26139
21733
15089
18576
35285
17916
33817
18287
19699
16736
22064
15969
16253
17213
23448
17796
20870
10639
30540
20315
26583
20797
16745
18848
20575
15171
22288
10862
32613
26937
23846
22259
28659
12987
24995
21363
38783
14977
30210
30664
27338
18466
18330
20073
32853
19770
18304
23983
20913
25500
37401
12343
14963
16699
25103
26576
15712
26950
31263
34866
26948
14950
46785
18455
24730
29666
18605
14821
25298
13160
26440
24225
20058
14881
37517
31092
29408
27282
16086
23430
23798
20104
38487
25753
19521
13900
37767
30931
31229
27584
24636
20923
20269
39158
11406
18490
18951
15504
20127
14706
27871
24168
22988
21711
24611
15917
30253
28125
25787
31739
56196
17192
26679
21284
20466
14357
17120
18683
31190
35314
22470
20136
29862
22559
27773
42431
33768
20661
17662
20459
15262
24206
23972
24577
18185
17306
12289
28464
14945
20641
27044
30393
27943
27103
22207
18861
40894
20578
20738
35483
30664
27816
18447
22079
28094
32705
32980
15764
22268
15893
19814
27364
24808
35672
32647
14629
15913
13766
18806
16996
20098
39295
23656
26162
22404
22597
33643
22610
18124
16081
26376
20518
14723
11785
40623
42871
24115
25384
18680
18567
20911
17057
24449
49293
26916
17197
10335
21886
34981
27145
27039
19238
25243
18365
19476
12121
17766
25570
17703
33535
50389
14076
22039
19055
26963
23674
15417
33094
46312
50242
30657
23228
31566
13510
26597
32994
52815
28809
36632
25682
26893
21513
19262
23574
13949
23949
18252
15443
31802
19433
22592
46458
25392
25701
24900
18333
24489
39633
14214
16305
22203
19594
29591
15104
24478
27260
17455
22560
21206
18867
18983
19384
27864
16976
33328
28937
24184
27953
22905
19375
20987
45407
18334
23534
18214
25004
18737
24747
12000
11976
23201
19824
24005
28799
26310
43740
36971
16529
15831
17366
15475
20624
17597
26180
25501
22298
30460
38282
27327
16840
22119
28356
36264
20413
40639
31445
31118
21512
20502
16377
11408
28175
54268
23596
13756
30585
24382
15700
18598
20573
27860
37222
44921
32397
29380
24056
35772
21301
21313
21803
39648
17807
19078
14272
25215
22142
20164
17184
24540
41747
28979
14783
23316
40414
46042
26657
23959
20262
21342
30673
32218
26512
40643
15194
31658
21252
27910
27614
10225
15921
24111
24558
18612
24600
31491
18208
23938
17189
38341
24095
17317
32115
46146
33994
19007
26925
23822
29138
17989
22838
12454
18145
24033
24171
19732
37012
19819
14463
37234
27364
43247
27948
22820
25670
29935
20872
16207
28490
13277
19410
17227
29509
25663
21472
17142
21288
25649
45160
20550
11598
24360
35184
27335
27048
15058
10744
31883
47735
32152
65333
35859
49576
20087
35126
32588
22770
39659
33592
22800
18879
27274
22552
22139
40055
22988
33066
20609
23856
24112
17326
33739
26323
22048
26388
22794
13063
22279
28646
17099
22439
22054
23948
24656
10791
25449
22767
21051
26233
10779
17912
28397
17391
25406
17925
22092
22467
32306
17214
20700
24299
21458
28682
17907
16891
31533
42684
43459
37649
27202
22010
14788
45590
23136
26478
10369
51557
16211
20136
19674
23726
32963
54337
52369
25615
19018
28328
38766
34978
33303
76492
98332
19662
19688
22661
14038
22484
43435
20755
25462
26010
18694
20398
13000
17888
23808
38887
17973
17557
23549
13277
21525
16619
29530
19292
28907
35546
15788
22200
21618
21991
22119
19654
27987
26586
55046
13898
10556
18525
32301
13218
36423
44179
13828
23867
29159
15881
16256
26257
22050
40678
50827
61880
15496
25315
25916
34828
13073
24957
23391
24076
34899
16619
23191
28184
13228
20453
25964
21143
11422
17943
11068
21788
21321
15132
17882
19000
13945
20135
19970
24336
29731
18604
19169
35822
37836
27344
28640
53668
64433
71530
76444
18909
20928
22077
23943
35508
45294
53617
14338
17331
14292
36152
23489
34161
26518
22353
26630
18908
16432
22747
17441
16202
21668
27985
41443
24885
25049
16152
21051
23175
16029
32195
48031
15541
22337
23615
20160
33853
19008
21454
21988
20592
13528
13771
34115
16035
35928
15719
24667
31770
23494
20419
15942
24205
19972
28956
24030
24375
19374
30047
43127
19836
36913
41163
24973
21141
29916
28037
20549
20325
20742
18612
21609
30446
14730
14513
21022
47997
49454
18664
23297
9577
22548
47613
31403
53214
20888
22435
37666
35306
18099
19767
20792
32294
15161
21868
14909
34755
17879
41485
33619
22422
22380
25860
25917
21333
28570
29659
13199
18466
24309
22157
22236
26591
18057
28196
28531
24855
35977
13940
14782
10699
27918
16037
10990
25403
23934
20368
18427
35455
20620
12274
13306
24007
20069
17531
25303
16854
16230
25812
20966
19632
11372
18375
20131
20781
19909
18916
19588
26632
26645
19044
25399
17946
9868
27420
31779
26410
43010
28395
14057
17431
13829
28864
23604
20232
14136
28574
25501
20017
17088
17570
17782
18124
19308
18292
15985
21495
35645
26707
12818
20043
20044
22517
22771
34908
20980
42909
26105
42363
46787
16361
55521
71363
18207
24228
29962
19709
20910
31858
32396
18310
17577
30368
17746
20270
13301
19218
19040
35759
14048
19864
24665
15443
21042
32473
21452
14861
25596
25823
27850
24469
16581
22382
30102
26745
27503
23631
17523
22681
20774
20120
26868
39230
22474
16932
33556
16691
15470
26430
25544
25346
19306
10338
28542
26157
23192
16692
13485
17725
13055
56139
18448
28156
22277
30242
26270
23252
22286
47071
22035
19237
17749
24116
24016
13403
14412
21365
19843
22121
24581
31230
24416
38980
33319
26896
16503
27476
19509
23832
23546
16282
14196
43533
16473
19246
25828
41325
12387
12686
12003
14927
24330
36554
29842
19719
41372
19864
20955
19040
13316
33718
31208
29449
25336
21033
32067
20404
20364
23939
19365
17803
22365
35814
21198
16432
20614
19866
22919
25812
23540
21412
31610
31054
25600
16859
15404
16540
12915
27353
32176
34274
21623
30960
28568
19367
26502
24762
21252
16967
26988
17618
22945
19772
9436
28158
18283
22246
32831
35424
19752
17940
22207
14617
21791
46962
34436
64476
14001
20147
15360
27198
30989
13628
23149
32527
29790
19656
24646
17608
22749
10982
19385
29027
20679
20680
34079
31070
20556
24967
24825
18275
22888
16006
28550
12552
21694
34381
47432
22435
47567
13340
25287
21250
21001
20069
24383
29620
47726
23762
15875
34879
49034
26518
20175
22713
11466
29610
26955
15972
9945
15111
21373
20528
20595
25385
22127
32955
17586
18941
26576
23952
12037
27060
32415
21683
15072
18570
31877
14536
11799
15189
30030
18528
24765
17156
15430
18821
15503
33275
18585
24800
16957
21925
18563
17793
20661
17101
17811
19000
24971
17435
20023
25880
19151
21518
40599
25267
29281
20661
34989
25295
28372
19324
32510
16421
12686
22752
33691
26882
22061
27206
25420
33447
30471
32468
24304
30003
27000
22057
21089
21970
17535
40000
26707
37261
17233
23668
21392
22392
17534
23892
32566
43828
62882
14097
18847
10718
10625
28061
22295
56880
19251
22756
20788
19801
28060
36067
46131
32309
21179
22085
14023
14657
27791
17150
21947
26752
27588
24577
20490
24219
12499
18189
47015
16869
18526
29751
12764
39645
12155
14910
25264
26619
37729
19074
22096
14571
18044
15119
20575
30646
20211
17083
14532
22363
20782
24665
35761
21272
26027
14551
24194
30093
28599
41323
25364
11862
30636
14930
25100
21858
34118
40557
11590
15492
26027
26553
13762
22602
24331
16591
21015
12530
37227
21085
24791
29454
17451
37167
28762
21761
29126
24019
37032
13752
20736
20663
12813
16769
14537
19617
28865
24989
21034
20731
18320
17480
24684
24591
22342
26049
20510
41269
39072
55629
54403
26656
29572
24233
16157
26987
19722
46309
55621
19124
34014
47805
18549
20636
14922
26535
18284
15836
24871
27448
21743
35496
24136
21767
35697
36730
17976
17743
16819
13571
23631
31441
19850
19125
22492
16604
25278
20153
23696
22174
22480
28269
14929
25442
13754
19870
23065
15724
22126
20346
36503
21049
22417
17349
23599
13469
18673
21697
15991
46957
32356
38807
19000
20196
24803
28588
19727
20282
20730
29389
23430
23184
14531
25930
15684
43431
13827
16868
22063
31342
18421
21232
15367
13379
17146
15701
26237
33441
17428
15167
31537
18459
23684
25201
21683
15227
11510
15623
18883
24199
23227
19425
19817
35268
26262
21053
27154
15212
25104
29327
15665
17842
26564
24795
20132
18441
23084
29063
19172
23011
19744
16139
26595
14503
17129
33787
15006
39204
13271
22844
25097
16137
21307
20574
15537
15852
20171
14050
14213
29100
56189
14788
25423
18111
20237
19496
19289
29821
39042
25822
14328
27872
37386
42539
20433
19786
22374
37088
40030
21325
18686
18314
21106
44524
51475
25311
22732
25376
21023
22811
22290
14072
18939
31711
41966
17020
20419
30557
19134
19947
21709
17691
18301
18783
23437
27894
27051
40830
24039
24337
18781
24419
23604
22849
23271
25048
20786
18065
27901
29093
14899
22314
38249
30186
47414
23706
12295
14178
30278
30481
36207
28657
17718
18929
30418
31237
32507
19464
17451
50712
24166
35977
23679
27333
18607
13903
20559
19260
19214
23633
27919
17675
14400
21056
22810
20367
21390
21396
21778
9091
17854
24333
16505
14158
16408
23112
14108
30337
11536
28928
14311
22535
31303
18332
24127
15850
17716
18533
39566
13333
16102
27387
23183
18533
32466
32883
24362
45038
19841
17206
27974
19512
36095
17660
21029
42455
17063
16489
14470
32925
15088
23632
28789
40616
22608
21198
16105
32938
25454
31640
31653
41212
58296
33149
26836
21595
23529
19066
19555
23534
19617
28717
13666
18578
26148
15691
15005
16540
27081
22319
19282
24990
25060
44429
17891
15339
19726
20984
41466
22233
21533
24231
34007
27586
32066
39143
28614
32077
21128
42954
23640
17829
24280
36232
26262
24054
20998
16833
16871
10171
44406
16256
19870
23161
26575
20708
26760
20119
20618
25502
21514
18600
21691
16356
22544
43136
21231
20167
20501
26099
23722
20035
20640
20499
11968
28917
18009
20937
20744
17094
25440
20795
17116
24544
23972
16037
23665
17810
20397
36908
19343
37338
34759
22033
22668
30152
19133
27208
30026
46586
40547
41262
50998
66652
73429
88986
32292
116725
53172
106253
55381
20037
24630
21669
24576
38718
28278
22428
25299
26875
22811
25922
19881
39130
30537
27236
22032
16312
22600
26521
33576
63228
21173
16742
27674
14021
25054
16505
18402
31147
16653
19792
29354
30724
22477
26310
29087
15453
25668
24431
20869
36857
29564
18217
30411
37967
19824
36177
17773
28370
22554
32162
18302
31678
16671
24026
34283
19425
36731
21157
18426
10532
22235
19494
44453
18974
27878
24637
20738
15831
19304
15291
17485
21801
28368
13638
28163
20926
16332
18580
21085
18913
19494
16382
23524
19818
21247
16938
22436
15645
17395
17072
15502
23934
20201
27778
36893
14833
14857
15853
32776
27476
20238
13329
21602
19466
29196
22452
23559
27113
51959
31160
45056
22773
44196
25696
33156
19567
15546
22013
43742
28572
19793
10791
12709
14844
24725
13349
14601
15803
15657
26610
34688
23448
17973
27289
15453
16212
22496
23907
35575
16963
43545
30585
18593
34668
16438
27089
31972
31786
28981
28765
21658
37979
18988
29092
20939
45276
23140
21034
27162
32083
22635
24989
27001
24390
17190
23379
24212
15947
30691
25323
26656
27408
20932
45840
29802
27654
16851
43022
43850
17391
24091
25739
26643
35847
20907
19422
32163
27059
21481
14432
39819
12313
32499
19355
18495
43812
15337
28744
13573
24118
26469
17586
25931
13434
12542
19087
15843
12991
23329
24372
21408
19475
20745
30820
21314
21349
22831
29060
19497
20928
16797
20446
24396
21064
25888
21136
34296
20059
13812
24680
26426
25927
16702
24709
32680
19997
38700
17295
26261
