15621
18592
16393
13680
14731
13845
14646
15774
25037
14520
19391
13654
23089
21304
16411
20469
17426
17180
14766
16234
15717
13417
16188
14251
19742
15274
14833
15210
19487
15001
16038
16547
20058
15101
14559
14075
17969
14444
19111
15562
14721
17677
15214
20655
21414
15828
14394
14614
16642
18967
14358
14277
14983
14946
14424
20279
18047
16744
14794
16084
14334
15111
14727
13526
15262
27146
14686
14410
16248
14254
14446
14174
16247
19780
13905
17314
14547
19823
14322
18956
14723
17292
14683
13701
15567
14333
17832
17133
17659
13613
14650
15201
20118
32845
13767
13823
18462
14559
14710
14873
13839
21146
13122
13749
14396
16958
16949
15558
15129
14417
15059
14068
16908
17131
15647
16761
13470
14132
13884
15292
15756
20947
15131
15154
15596
17957
13964
14925
25221
18691
16391
13750
15059
15950
24284
13748
13483
14277
17993
17840
14648
16678
16980
14467
19323
15623
17159
16998
15322
13997
15399
15645
16156
30596
14470
14455
14467
16838
18460
16570
15997
13981
16756
17087
14491
14645
16322
15452
20513
15202
16534
15056
15437
16130
14418
14363
13804
16175
15211
16424
14791
15535
15725
16012
16407
15151
16031
14605
19920
22599
13828
19285
18625
17389
16038
26298
14345
14306
17468
25879
15115
13857
17034
15543
15062
14575
20957
20233
17531
16680
14587
16352
13331
13559
16382
14216
15739
15647
13543
23118
21008
18198
19703
15573
23396
13461
15515
18159
23880
14269
14122
15072
14351
13761
14379
17224
14417
16215
12969
14287
15112
17183
13857
14584
15003
15335
15900
18612
16817
14059
17193
14850
21129
24439
14532
13861
16696
16203
19149
15055
17607
13850
21454
15526
13765
17591
22775
14772
17148
22346
16151
15238
18126
15165
13511
16269
15157
15186
13945
15179
15334
15905
16574
14498
17012
13840
17569
27576
28749
14383
16352
17811
18257
16435
14219
15928
19124
13776
17067
15887
14561
17376
13502
19745
13833
20179
13557
13321
17489
14303
16327
32976
21297
13517
19386
16982
16281
15029
16121
14435
16642
14106
14960
15092
15755
15393
16632
15662
14779
19285
16722
13926
14090
15785
13971
15389
20758
19302
14915
14224
16983
13539
16106
17748
18171
16029
15938
14706
15767
15723
16977
17886
15353
18217
14385
13953
13664
19486
15975
15199
16301
17157
14101
15652
17398
16635
14837
16900
17456
19302
18495
16591
14530
14290
14333
15769
14952
17842
15321
27849
14109
19388
16261
17107
17909
14911
15168
22171
15248
21757
16860
16167
15454
19015
17092
15212
14650
17347
14335
15106
14818
17249
16877
17788
14024
14186
14225
14868
23434
15493
15787
18042
13485
14444
13983
14877
16515
17099
17542
13785
15792
13939
16069
16961
16588
14691
19176
14019
19939
14498
17181
20661
17388
19171
15056
17951
19929
17299
13715
14153
18571
14530
14111
14368
14293
13514
18626
17891
15985
16668
15315
15462
23441
14785
14564
15616
15052
18233
15921
17245
14749
16777
15859
15575
17313
23463
13363
16818
13288
16382
14558
15473
14751
19724
28549
24287
20016
15813
13003
16203
21665
19197
16837
14876
16242
13176
14684
23508
18181
15617
15275
14585
17251
15985
15355
15922
16082
15808
15020
19285
15419
17366
17284
18867
16690
14491
16536
16359
17605
16147
15303
14710
16950
13990
13764
14880
18702
14613
18780
19760
17843
16046
15430
13782
14237
15310
20144
20807
21493
33924
13798
18092
20013
14431
25386
15925
14779
15101
15170
17929
18643
16613
14902
14796
16786
14963
18332
14990
18275
15715
18635
15422
15012
18778
14867
15179
18170
16790
15003
14610
16031
14826
16061
17625
19919
14132
13856
14759
15475
18582
14891
15045
15319
18956
14186
15495
17151
15584
15310
13992
17615
35036
15087
14499
14775
14010
20786
16386
14038
15418
15047
15471
19277
15643
15341
14807
22760
15535
16568
15531
15649
15091
17380
15771
15697
14043
13380
14752
18840
16075
17068
16392
13945
15047
15897
24129
16194
12688
20703
22105
15527
18860
14017
14327
16863
15684
15476
15650
14196
15216
14774
12199
17723
23225
21385
14792
19903
16967
16845
12859
15600
15020
16194
15035
16286
13158
20433
15859
18501
13383
13978
14430
20190
33077
17955
14047
19304
15250
33275
15351
17748
15811
14566
16284
16733
13369
17942
14569
30953
14826
14322
13963
14626
15247
15735
16716
14315
14132
17025
18339
15267
15848
14990
14228
14250
16986
20429
15048
13975
14761
15700
14366
14130
15344
20570
15622
30369
20553
20010
14611
16913
15685
15530
22266
12850
13232
16028
13316
13695
14664
29737
14491
23549
32234
17354
18015
21599
13389
13266
18686
14243
14487
19827
13558
19061
15565
18713
15393
14245
15593
17700
13632
16464
14314
14210
15565
15396
15439
16486
16134
17385
15481
21557
18077
16964
19393
13544
24383
37332
14658
18074
21690
17393
15831
16815
15106
16155
17268
19349
14852
20607
14835
14033
16560
14565
23871
22461
19560
14380
15973
13397
15079
21837
15216
14649
14423
28731
18006
15118
223615
113761
15217
15483
15542
15244
13788
14802
21706
15055
15580
17953
20540
21535
15000
20153
23012
14356
15268
19525
12763
15368
13364
14644
14160
17939
19959
13908
14261
15105
14764
14744
14027
15591
17743
17445
13442
16011
13785
16048
21510
13830
14150
13388
17217
16191
20069
13367
15767
14892
18321
14554
13584
13906
21560
15974
16041
16041
16702
16117
19701
14418
15378
19591
14822
16058
15644
16505
13856
16790
23202
15542
13364
17127
19630
17738
19333
19878
14264
20725
20264
16019
24840
13666
20308
16594
13321
14979
15951
18071
19841
16253
18124
19627
18542
18242
17471
14074
17407
14131
16527
15790
15077
14942
14191
16076
24787
22254
26182
21317
17937
19219
15542
32992
13276
14574
16060
17500
17827
14315
26216
13882
16116
16079
15034
17414
19833
15085
23704
17530
17205
15142
14044
25519
17263
14427
16235
17436
18072
14054
15894
18449
14323
14529
17833
21393
17906
18821
15521
19467
18760
15789
14538
18053
14346
18011
15484
24599
16033
15167
21820
14654
20744
17323
14983
15876
15114
15276
17273
15752
15244
16659
14314
14380
14938
17243
12543
14025
27649
22023
15816
13166
20904
14173
14522
16295
16861
14681
14749
16537
16395
18954
20001
15704
25830
16146
15898
15463
16889
25606
16106
15388
16706
16083
15501
16358
13855
15699
15936
20359
14571
13406
15106
14258
16297
14708
14921
16441
14431
16883
18229
15274
14217
15593
14016
14954
20287
16051
15474
13804
18327
17512
15519
15273
15995
16934
16050
15341
17164
15870
16889
14513
14011
15207
15998
13265
14292
15614
13910
15662
14805
18079
15231
14837
15600
20662
17033
14340
14743
15374
12997
14268
14360
13975
16857
13452
19104
15873
15400
18189
14584
18525
15258
13537
18964
16552
16898
15947
13791
14842
15195
14571
16812
14327
25012
14597
17855
15957
16596
21215
14885
14762
22642
17401
17926
18406
16472
16404
15479
16819
15140
16827
15512
16059
19593
17608
15416
19015
18505
17855
16104
18111
13874
21347
17715
15862
19807
15097
19163
22237
15866
19264
15898
13861
16839
16056
16250
14430
12888
39919
17329
15527
19216
15512
17779
24747
17432
21940
15879
16243
16450
15683
14445
15029
13916
14266
15963
23225
15633
15744
15283
14443
15336
13760
16272
14337
17366
15813
19821
19644
16029
15550
15672
15167
13323
17500
15091
17139
15005
16163
20177
16917
14084
16356
16312
14949
23560
17154
17182
18931
20721
13320
17301
16051
14626
16465
15591
14984
19654
20845
16865
36609
18652
14689
24312
15882
19201
22586
15044
17676
15305
18883
21332
17036
21470
27870
20322
14152
20601
18331
15001
15171
17178
15558
23532
15388
14966
13722
17152
15548
15835
21309
16971
30242
15214
23498
13494
19746
15384
15383
14673
15701
17072
16764
18695
15123
17197
15157
15521
27604
20676
17637
22660
16203
14693
14962
15220
19246
23999
20547
13583
14657
14879
14948
15119
27331
13285
18225
15247
25557
19889
14794
16222
13830
16300
16469
22111
16213
14991
17491
15917
14580
18632
21387
14089
14414
14622
18163
15451
16163
15179
16799
17581
14918
14698
21981
23083
12865
15870
22033
15609
17057
24941
17154
16004
19719
15977
18797
15725
18292
17703
16965
16100
14149
14139
16133
13993
14770
16741
15850
15635
15568
13845
15748
18186
14300
14081
14508
19817
17842
14491
17492
21723
15685
15026
15983
17678
26524
31618
13794
13878
14888
15749
15507
14639
13777
14394
14565
14045
16553
14175
14648
12765
35023
17739
21631
14657
16094
13346
14788
14115
13099
12803
13313
17841
15259
14656
14617
15734
15896
16924
17151
26110
15597
19961
27869
32949
16252
17447
14350
17447
16211
20778
18667
15349
16077
14008
30392
15266
14788
16076
16787
16805
15145
14557
15732
14612
16515
18514
15006
14610
14873
14467
14408
15448
20549
15936
13461
18660
13573
14621
14816
19501
23449
37322
15219
19367
16887
13488
15363
21960
15850
18900
15291
16826
15750
17601
14638
15722
17126
19583
15591
15302
15490
16125
19049
17349
16777
20966
20019
15318
21866
18474
21900
18045
17664
16088
15169
17680
17801
17547
15813
14443
16556
14875
14982
25442
13562
14545
30595
19213
22817
18083
14085
15684
15005
17182
15348
16371
16210
17789
18053
14770
14680
16851
17552
18097
17002
14753
19760
15939
14990
13841
14110
15747
19314
16167
17266
15143
14805
17832
15310
17766
20864
16345
17367
15142
15644
15102
16454
15906
17049
15130
16731
17036
22406
17445
14685
12791
14113
15777
14858
16377
21481
15952
16324
19281
19208
17084
15692
14014
16189
14315
19449
15610
16607
15792
15128
14167
15391
15940
16078
21919
14498
13647
14526
15029
15126
16706
15698
16466
18907
14106
14333
17554
22384
21216
15915
14604
19672
18398
16698
15214
15335
24932
15680
14433
17478
14872
17857
15112
13905
26239
14753
13917
19672
18557
18390
15015
25353
14919
14443
15770
15702
14741
15666
16703
19902
14975
19683
15464
18282
19645
16289
23449
19386
14643
21022
15667
17273
15262
14029
17490
20779
18773
15870
14183
18236
15456
16251
18445
13740
14115
13483
14105
18146
14561
21560
26148
17880
14273
20853
15407
22039
15546
21719
14616
15511
15076
14891
14673
16614
14682
15220
15501
16006
14179
16673
15739
13782
16330
16598
14604
17642
14827
18612
16552
25748
14225
14626
14259
14939
16014
13699
17216
14326
14199
13343
16794
17110
16091
15849
15563
19689
16816
16813
16786
14515
15669
16585
17056
15220
14269
15154
15294
14908
15333
24030
15135
18882
17356
15699
16243
15350
15180
14663
13610
14523
13441
17954
16017
18203
18574
14513
19630
17981
21415
26251
18603
19888
14781
19000
14894
26942
16028
16295
233609
18005
15598
14238
18393
15582
15247
14723
14128
24288
15039
16101
14423
13623
15116
15535
14659
20897
16059
12880
13819
14598
14734
14806
16279
15506
19463
16039
18279
17987
14267
18643
17738
18776
14467
14299
14059
14379
15288
14256
14088
17263
24115
13087
15548
16180
14827
16277
20887
16781
34470
35860
18137
13329
15874
17007
16436
15422
17788
14375
20495
16840
14893
17118
24258
14182
16219
18368
15610
26232
15777
16629
15464
15076
15961
15360
17630
16412
15158
20693
13971
16147
15401
13578
16187
14994
22543
12891
14067
20032
14791
14458
24021
14591
19590
27913
14874
18204
14055
20020
16034
15730
14974
14110
27321
14551
14830
13187
15009
19652
17368
15278
14219
15101
15604
15642
19817
23104
14214
15056
13697
17888
13938
15655
15283
16055
16543
16392
17378
15161
17473
15079
21540
18222
15996
18139
15133
15708
14835
19093
14898
15938
16867
16059
16134
16930
15774
29614
14278
15830
15666
16705
21429
13867
21650
15410
14993
15090
15325
19546
16964
21289
26466
16531
23190
18346
15278
18137
22422
15332
14895
17868
15030
13032
16331
15110
15599
14213
14086
17616
19093
15775
14301
14698
26166
16154
18860
16494
19784
13749
14550
14869
20373
19227
13780
15826
14091
15457
15798
16046
20241
17594
15326
16363
14680
15819
18034
14662
17028
14159
13467
35366
19444
18109
16876
15071
15403
14904
16490
18046
18685
23141
15469
18654
24029
15022
14800
14691
15923
15659
20079
20930
15992
15201
19115
16155
15399
19102
22293
17110
17751
14596
26682
15717
23406
18663
15715
14668
14695
17427
19492
13784
16308
17412
16965
17514
18094
17449
14782
19124
18341
15843
15027
16244
16226
15878
17706
25184
16631
19136
15500
28958
16765
14338
14996
13874
18882
16431
20178
22835
18606
17308
18488
14472
15222
18410
21705
12500
17466
15412
15989
21596
16405
16261
19744
18937
15360
15779
19496
26636
15841
27695
19985
15451
20666
17417
14202
15552
17221
17031
14698
16025
15157
17219
18291
13833
15782
16314
32099
15462
14802
14671
18799
13028
14743
17484
19315
14382
14732
15896
15867
20773
14909
17684
15089
18183
13974
15904
20273
14226
13857
16195
16777
18079
15821
19733
25896
14466
14518
15692
14959
14104
16267
14819
17484
15305
14695
15749
17628
14873
14030
14028
15302
14913
16129
16318
14424
14831
21955
18107
14149
18825
15962
14501
16114
16105
15758
16557
17032
20792
14917
14634
26289
22218
15874
16986
15710
24487
15935
16034
18299
15974
14928
17422
17017
14393
15236
25248
17802
16626
15071
18635
15728
23235
18419
14858
18206
51894
35328
14383
18144
15929
15305
24949
17405
18437
18072
17047
19340
14673
16551
26856
16152
16465
17204
15661
14813
19583
19965
15197
14115
20203
39015
14982
20770
13771
17289
21809
14047
13376
14839
13363
16100
17160
15364
17295
15698
15594
17814
16562
15350
15674
14118
15620
14766
16380
22248
15018
15951
16401
15088
15705
27589
18077
16788
15568
17640
16674
17562
15867
15994
17486
17242
14967
23973
15849
25193
19685
15590
17104
13807
15833
20276
18534
15688
16047
15916
17088
13997
15226
18348
23911
14561
14040
15163
18477
15108
16745
22987
20675
16354
18117
15126
15395
20610
14473
22219
15213
15325
16062
17846
16647
14072
24467
33004
16101
17313
26429
15136
16501
14627
17785
21124
20164
22632
19230
17094
25881
16827
18995
13702
14103
14361
16328
13179
14045
15308
16488
22798
15256
16649
14819
16240
15783
22583
14417
15722
15552
15665
15520
14081
16189
14854
14535
15246
26552
14219
15106
14327
32600
14943
16591
14761
18988
17273
14220
13882
14240
13647
13783
19155
14079
16329
14120
16177
15776
14103
15811
15568
15376
15847
18461
18584
23905
15341
15484
17293
15070
15149
23225
19044
18116
14966
17281
16352
15452
21624
16756
13670
20578
17193
16093
14973
24497
14813
14467
16834
15237
19691
15301
20115
15459
15343
25638
13226
16967
19503
16155
18055
23807
16805
16001
19816
19195
15235
14091
15600
20664
13698
19695
13829
19877
16589
15053
16637
17830
14534
17658
16010
16286
15119
18154
32476
14717
21105
13681
16073
17627
15760
16544
15294
16852
18352
15193
13401
13610
14798
14844
19780
17584
14980
20426
14221
15380
14756
18564
16625
15034
16694
14736
17703
21790
18123
15431
15304
15806
16527
17652
16065
15019
14789
24200
14670
15951
14479
16144
15415
14698
14943
15313
15601
15746
14236
18886
19306
15901
15639
24679
28482
15289
17834
17729
14156
14770
18072
16209
16191
24671
15803
15124
24873
18460
14550
15966
14640
17409
15832
17935
16821
16910
16815
19625
14976
19187
14487
18796
27625
17918
15776
15210
17523
16391
16074
14401
16185
20339
14644
16171
15200
15192
14153
13941
16084
25840
14100
17782
15024
17042
14965
15056
14137
15049
19649
14688
16429
17134
14262
16197
15746
26945
15082
13554
15756
17991
15992
16151
16473
19451
36991
17052
15402
17987
14406
16141
26473
24700
14972
23985
23864
18533
14663
17502
18041
27223
16810
14653
14061
14860
17348
16989
19690
19841
17517
27950
24378
14989
14879
14433
20141
16250
23250
16536
16099
16218
34167
16628
17485
24172
20476
18739
18406
13909
13870
14320
15403
15456
16453
15534
26696
26911
16540
15555
16440
14324
19328
15756
15214
14647
16029
16563
14192
14516
14764
14419
17082
16114
15424
19118
17119
15585
16177
15599
18873
17482
26195
22259
16229
14572
13091
15442
18228
16449
18270
15824
15527
16170
14779
15698
15021
15538
17325
17289
16446
18174
16701
14446
20540
25956
16793
15151
15737
14978
13382
14376
23932
14351
23117
14429
16100
17935
23383
14792
26706
15205
25525
17405
19307
16573
16536
19470
14837
15144
19028
14878
19702
17177
17777
17494
16975
17048
15128
16496
14731
17269
15977
16618
13939
17999
15917
16714
15561
14877
17502
17329
16402
27746
14306
16572
15033
18206
15367
16814
17429
17644
16520
16292
16014
16772
14312
16513
19087
23856
16713
14320
18512
16340
17306
15054
15116
17667
19151
15169
14149
17377
27235
16733
16447
16122
15802
16722
15933
17563
14493
21549
19075
14006
16675
16280
17635
23606
24164
18246
16009
16118
17587
16198
15825
17238
16575
14965
21703
14453
16827
25846
18909
17125
19697
17123
23940
16355
22957
21482
15886
14078
21826
14847
16239
22007
14722
14970
16340
20259
15238
17586
14361
39517
17687
16007
15727
18327
16090
17334
13580
15003
17729
15813
18369
19782
28839
21443
26329
13576
13963
12688
14618
14794
14712
23195
18080
29377
18596
15118
19942
20131
21821
16435
15657
15821
19238
14161
16106
27702
27555
34287
15497
18899
16256
14639
14555
15389
15238
29178
17737
17303
18742
14914
14304
18282
15074
15378
14999
16434
24419
18697
14857
23584
29521
14611
16142
14724
15492
18110
13936
14908
16057
15391
25409
16057
14106
14176
16784
17133
22121
20366
14533
21754
22829
15160
16104
17292
14481
15653
17993
16566
15947
21202
15330
18261
15334
15206
15276
15691
14850
21434
16996
15996
15168
14683
15611
13941
15215
14833
15358
16725
15593
16305
16897
14363
18317
17867
18095
15789
15702
15428
17986
15613
16229
14199
16118
18163
14925
23676
19172
18956
13975
14827
20164
19692
24967
17201
14627
15011
15476
19368
13905
15726
16225
18401
25139
16324
16060
14794
16792
18455
16264
14224
16632
15864
15239
17671
14560
15137
14195
16201
25194
15395
16251
15026
18419
16352
17885
15539
18865
20834
17118
16114
14558
15526
16071
16658
16117
14709
15481
14473
16308
14500
14362
15317
13616
14885
15152
16719
15149
18010
16430
16510
16395
16386
18710
15725
15452
14010
16422
15259
18635
15883
15516
17817
15030
16808
14984
14601
20239
15538
18804
21204
12719
17449
15663
16435
14891
17603
18358
49722
16136
16618
21985
21299
17513
15523
17316
15905
15523
15738
16400
15690
18967
16377
20564
17237
17055
20113
17431
14046
15464
13312
16637
19875
13535
15647
13810
29267
26634
13485
14540
16447
31015
14151
14733
16572
15939
15457
34892
16391
15276
16424
14413
20903
14914
14656
14298
17174
15275
14070
15845
14948
16983
15100
15382
14272
14925
14869
21005
15387
15214
15180
21300
15082
14815
15296
25355
24449
15425
14794
34029
14252
18141
19380
16833
14080
15993
14289
15998
14966
19243
17359
30491
19236
15090
15299
16344
19629
21668
23866
14634
13880
24595
23367
14496
16477
15133
12883
15268
17116
14948
15267
15437
15601
15236
14889
17624
17204
15919
15599
14767
17183
26391
14895
15479
16749
16201
13784
15484
16615
17168
15671
25769
24782
14025
16772
18795
15758
15895
21153
20309
16237
17862
15065
14428
16452
20431
17405
18100
24522
13838
16099
14638
17475
16182
14695
17364
16218
16577
14973
15820
15878
15907
15445
18970
16713
19088
15953
20236
18339
15820
15948
16485
26782
15811
19355
14204
21011
14610
15595
35776
16425
18204
16041
18697
33456
15668
15055
15023
14538
12786
15240
15334
32939
13152
15201
39445
14493
14162
18222
13283
18933
12919
16197
14049
19763
14484
16423
15413
15922
16294
15498
17002
13419
16009
16852
20103
16954
19138
14126
15819
14027
19714
18254
14442
15148
15043
17109
17446
17503
15779
17767
15559
22037
15489
16927
44913
16963
14894
17730
15195
21839
15553
19535
19770
19084
26957
15734
20833
26950
25961
30163
14782
15384
15394
15061
17924
15908
15434
20545
14824
14119
15467
15099
23125
15862
15819
21958
13449
15487
15003
15428
18847
18462
13716
14430
14939
19212
17454
15251
15376
14382
14635
15688
17597
17651
237698
18326
22286
17113
15518
15185
14256
21264
16949
17134
17250
19110
15307
17014
17119
21581
17134
18779
17450
16222
13813
15664
30456
14731
13906
15345
15120
14498
24127
15898
15463
18722
16006
16280
15433
14742
14800
16989
14724
14085
17405
14946
16761
14328
15596
14121
13791
20965
20614
16785
15679
14541
15371
15213
15152
15567
15435
14250
14323
18542
29608
26508
35681
14046
23290
15220
17143
14263
16391
14969
19254
19239
23509
15036
15612
15745
15486
15241
30411
22444
18730
19104
15707
16547
16731
26442
16265
17733
18069
14199
15262
15422
17900
16075
16036
20162
17801
15590
22627
14692
14853
15090
31303
20964
23955
15594
15888
17107
15500
15082
14173
16334
14451
13678
15078
22134
20957
20455
13650
21714
13646
14080
14765
15700
15280
14767
20513
18098
27143
20623
14413
27508
14689
12821
13833
14355
14652
15680
15931
25152
13773
22191
13646
17247
24306
21768
16465
21792
16110
16725
14216
15684
26084
13903
14458
18734
13917
15176
17028
15717
16319
46727
14614
19339
13837
17259
16943
16593
22064
14702
18745
15347
22029
17064
14491
27126
14318
16000
17018
15124
16172
16109
15316
15435
16647
21847
14685
14654
15211
18342
15911
17314
16979
16772
15327
15789
14765
17639
14344
13416
14597
14859
26387
14097
17645
16678
15012
16053
17854
15691
17195
15103
23973
16472
14116
16876
19253
18450
16180
14281
14253
14783
29056
20722
24766
15147
15960
28848
15880
34234
15599
15709
16413
15177
16466
15038
16749
16381
16149
16327
18761
19236
16136
17779
14415
16294
18013
19891
14545
14828
19270
16848
23085
14361
18510
16063
14896
14748
22308
14862
14297
14871
21773
17215
14703
14834
17708
16607
17187
18144
16465
13692
18660
15735
23083
18839
21695
15272
17092
15115
14989
28100
15543
15459
14722
14472
15632
15078
21109
15538
14542
14914
24989
16046
18145
14497
22180
16596
16259
40427
42646
56155
17703
18646
15764
16540
18714
14520
15339
17661
14283
16812
14835
14457
15866
15759
15225
15769
17418
15217
17360
14829
14811
15715
16893
20274
15477
21401
16083
15398
14254
26455
15656
18960
15282
15634
16258
15922
15228
14566
17337
15016
18679
18362
18388
13578
14736
16918
18063
16155
16842
17664
15536
15701
17539
17021
16618
24158
19364
17504
15430
15152
15253
16235
14671
14579
16126
17275
15061
15401
16378
20068
15017
17232
14788
13540
13574
15275
17087
16047
15424
16272
14881
14858
14111
14537
16542
21601
15082
17104
14704
14239
16525
15469
14860
15673
15966
14698
18612
14650
