29347
25277
28578
17093
44927
19185
27373
25528
21987
14754
10602
19874
35224
51185
17185
15565
22880
15652
21532
12458
31354
25667
23058
24585
28973
22507
32389
35022
54872
20831
26271
22195
46917
22523
14102
25612
24692
25841
24244
16682
17210
9156
20344
16068
12932
13349
20759
30133
29706
23487
49382
34464
55830
22412
31048
20111
24191
13362
23658
24869
20258
23927
19069
17800
22766
28010
16021
31138
30846
20692
21979
44752
24769
15319
29468
21464
12310
29752
30167
27879
14043
24740
23164
23515
14766
21512
21281
26295
26446
25328
24700
18708
19805
25568
19238
24750
52085
25226
12745
42206
42702
17399
26100
17189
20666
25153
26300
25729
21651
24059
31064
47544
18849
15436
16488
25362
24306
17722
30642
12431
11877
13038
23524
28791
23150
15411
17298
17477
18999
17312
24235
17040
24852
25713
22304
31477
26648
26811
19624
28684
28564
37739
18881
34111
18697
24484
24289
41395
65096
27329
27300
16054
28174
18894
21898
20901
21812
10954
21896
37193
41074
18961
13255
22690
23720
16992
18587
17506
22990
42957
24432
15814
16343
23094
24478
20736
16705
28611
11466
20720
27852
17859
24338
16756
21443
25047
37804
41829
25648
21933
17287
19407
27439
14213
20616
24316
14644
28885
28448
26008
14176
23376
21959
23012
26989
34167
25244
10945
19342
20901
23080
18929
23657
25745
22847
21815
28741
21246
26753
14308
13997
25599
25641
16728
37230
23873
18604
17197
24831
22025
26674
17741
19416
22217
16274
19161
13318
28134
25486
25920
26949
26485
31988
23194
21977
23173
15688
22576
32536
23394
22201
22752
35927
21011
33524
16221
27248
20704
24783
40888
38202
24320
16413
19652
23451
27806
20063
18074
32341
31672
19203
31568
23043
28599
29189
27978
32001
31456
31504
15077
24827
23090
18352
22386
27134
34855
13615
20081
20389
20906
31300
25357
22240
32466
41899
22323
38900
20466
30845
23508
28766
23661
17174
29292
31970
48998
21322
36097
19227
26776
25035
12399
19919
26450
26821
23917
25044
30154
41170
15899
24710
21724
13138
17577
20363
21096
18392
31190
15216
22731
22622
21502
24524
19555
18985
30408
14534
24193
21758
22093
24643
21666
11462
17861
18778
35499
20649
18938
26424
29691
21331
18634
22209
21250
24173
31211
20516
25164
22553
20251
21549
17178
14370
17427
29787
22173
21961
25012
17906
29388
25556
30090
21792
19110
23244
24142
22759
22077
16961
29099
36695
19546
16936
23023
14546
12205
22798
25783
39916
30374
27869
25528
12097
22590
18682
24647
19884
13759
19065
41260
21067
16679
33222
51365
67173
16813
21140
18080
30183
28144
67062
34860
18898
19773
21653
22613
29344
20183
19272
29916
23628
43383
40116
24369
16891
21554
20857
36005
19982
20920
21956
26980
16120
28301
20952
27932
25616
29120
27061
23183
23788
17018
17907
33611
14692
26782
18665
33740
22307
18762
17142
31377
37428
27210
47092
48537
43456
26648
20648
45106
25047
22755
34467
23019
23119
23269
25367
25110
19333
26912
34349
22610
34500
59285
22390
17525
21852
16234
24677
22738
16959
20313
25563
14422
23370
20631
27252
29387
5710
29295
34544
27733
19684
27123
40604
38767
34111
23560
29530
57922
64030
21650
21257
31568
6323
30933
19854
24820
33521
14885
18168
30345
18990
31088
25855
21971
22703
41968
49691
17782
26781
25915
31118
11819
16299
13116
23264
32123
33824
27549
34753
15655
29212
31686
19651
36298
45482
15147
52732
32797
26057
29143
76987
18478
20625
31710
17345
20954
24326
22121
22125
18441
34392
14650
25586
19544
36954
21018
7612
24803
32087
44364
22887
30414
19208
33043
25581
29720
21692
15589
20650
34037
22700
25617
22787
13035
14746
26196
51557
32359
22785
23236
41827
31124
10305
27607
28219
35008
15977
23019
16353
21053
23942
20130
20222
15320
23900
22543
17859
16111
27288
19819
18605
15123
28689
25168
25749
19570
50598
27890
13325
23106
30991
30270
21262
28173
20102
10865
24914
19345
23699
18503
23137
41209
27358
38463
32351
15075
18669
37934
21270
27028
30285
21533
35029
21782
26756
12587
18472
21237
25583
23978
22620
17763
27090
10883
23518
31291
21335
40049
16317
28930
19131
21030
29960
28833
21384
22911
11032
19572
14947
21859
19366
23028
17565
25462
17123
23547
22625
20346
17024
21011
20298
27843
36222
34739
49768
33658
12179
17658
17494
22596
26320
50003
17275
14342
23757
24850
39505
32973
17462
31260
22058
26034
20079
13919
12598
23779
19072
20507
16194
17726
28168
27168
33902
29370
48688
19618
23780
29095
24272
28517
18833
22629
25255
32401
26081
28117
14641
23008
15318
24483
12039
20410
14158
13738
24142
23732
20012
19332
30407
34541
20675
17458
24606
39693
17533
18021
17231
26088
28266
22937
26548
24846
33250
19914
18812
22581
24577
19821
23969
19752
32332
25526
13970
20190
22229
23115
32262
20518
30975
33594
47602
34031
28651
21476
20213
22360
21910
31621
17947
16854
35168
29780
17601
25586
23051
19333
25947
19131
24818
20202
17301
24880
47072
18925
31527
43689
20661
19364
19641
23645
47707
20422
19331
17053
22372
32172
33428
27026
29126
22734
17775
24583
18298
16662
25184
17653
25764
25984
30533
15385
16348
16620
16378
20374
20352
24850
28328
49367
15036
24456
21723
25137
22518
24507
27850
20498
23734
16934
22899
32870
33771
12334
28646
25975
44258
31178
27192
25288
11528
49423
19361
15659
43287
14118
17570
35602
17060
33630
15827
16634
18968
36219
20830
38700
26379
23930
32837
29732
21297
21727
14517
20727
21918
19005
17793
32943
23152
27063
14920
14884
20599
33347
16722
21387
23492
25857
27988
48411
21014
11927
17713
14936
20110
45148
17400
27651
23610
22903
30687
23919
17929
35868
25524
29390
20038
27151
19865
26581
20969
17189
20827
20991
29566
21104
38800
47727
26625
22359
23882
33696
21490
19829
19865
17467
18365
26560
16428
26046
46861
30016
25394
22744
20484
18397
20903
26846
18788
33891
25637
16308
10415
17720
21178
28553
25650
22957
16631
16935
22032
28354
14218
22346
23904
36258
48196
21794
26048
30232
30500
19226
22425
25365
18380
29454
19675
22386
21434
15753
25933
23435
27044
24323
26628
13792
34529
26570
20290
32680
13885
33398
38013
41291
31704
53499
33094
20682
13901
20447
22151
23047
21652
18634
20405
27536
20757
25220
23366
18603
33213
31838
26758
24425
8933
19266
21247
20863
21163
21212
30008
21575
18375
26782
23972
20570
20813
14859
26367
19291
24554
18922
31570
31457
24320
34112
14945
19910
22322
15039
19974
23443
24560
17436
19099
26447
12639
18677
27688
30878
17100
24826
44453
63320
22252
27602
25500
27336
25473
23081
12917
18952
31191
16593
39440
22296
27404
18330
17523
20588
68890
22952
36041
18971
28996
28672
14720
16440
29088
29643
23527
37621
15757
24830
17242
16435
24646
36941
47416
18588
16686
25745
26477
18686
13809
25698
16377
19930
17400
19108
20787
11722
22896
23940
21416
18488
33533
23710
17847
31996
40996
17908
21602
40059
24448
22901
25576
28528
18163
17972
26615
38925
23023
22249
22575
45326
59056
72339
19631
38898
20427
23489
22542
22354
34115
25507
29538
22564
20840
19358
20028
47915
30807
25744
31038
24921
28224
22887
26027
32868
18218
18091
14019
13304
23682
14042
22841
19046
21784
37535
30428
17986
25088
17130
11412
17779
19665
27688
28928
30733
18246
39323
19236
14776
22741
29648
16614
17461
18660
27475
29082
26577
16790
21652
25407
54560
69779
24780
17607
19874
18784
24431
33230
39317
22764
16795
18423
19148
35848
15993
5826
23551
24874
21030
9867
15643
16124
21190
17899
29784
32274
18598
12522
19839
29036
16775
16167
64597
24627
16362
16519
19823
27078
22716
17488
35027
71197
21067
21407
21845
19151
19246
23470
18621
24173
26473
18411
10807
27885
36199
28697
54068
16643
30308
22081
29251
21620
21775
34163
21223
33307
36504
26152
16926
20977
26101
19261
11004
18595
16332
14325
26473
21114
26816
17249
26847
29615
26913
30542
15773
18431
22028
20956
23983
19593
17610
18622
16473
27549
15193
24773
32688
26279
28000
40103
22087
37311
16068
30158
16633
21979
19809
27640
32421
32422
48573
55710
58934
18740
21932
26815
18832
24398
17296
26072
25644
23331
25319
16727
36448
39590
32883
19889
23205
21155
17384
14647
15327
24147
20878
22390
18832
18862
10811
20020
31272
27143
21995
19259
25655
24896
25258
28605
17151
42708
30635
25705
21314
18935
24775
13587
27362
32123
32290
23465
25120
30439
35800
19534
21771
15106
24803
29105
11104
21167
15771
27921
18258
13142
15276
29266
20481
23865
25918
21257
23202
19151
10864
19612
30130
18384
6235
22599
20614
17711
18892
25681
15425
14209
23054
23382
28196
33670
19039
22332
17253
25749
25401
30174
26951
29657
23870
24070
29351
21677
14562
40717
61728
29484
19197
39619
57595
19905
39117
28453
23029
23377
20066
16238
26850
24588
32218
19103
25066
14967
22822
25390
37530
18782
22423
38853
26695
16800
34937
17540
20689
27747
32447
22964
22373
20443
32436
34009
28652
26777
24449
18368
21842
34256
15160
34531
25190
23155
36260
22934
15236
20274
25270
22400
26425
17752
18659
16575
28838
36973
13960
25866
19568
20978
22589
34972
19019
19660
17126
22312
26138
42030
35406
45840
22515
24078
29405
16302
20264
20350
18607
54329
24747
16491
27843
15025
14568
20168
39127
23332
20708
18849
38291
24474
31897
28382
38449
15135
35139
17591
25431
29843
21073
25003
25495
14273
18423
18007
21951
20729
22680
39949
22923
28794
24361
16745
25077
27498
29613
14489
19951
18966
23317
32497
29156
28350
46663
28178
25289
21515
18499
20655
15472
23958
35734
27306
30067
35708
24669
26329
18006
19349
26472
18938
17580
38572
25665
24765
26047
15836
19985
21862
40163
26423
17105
16281
18570
22819
33190
22069
22432
21105
21192
28466
24099
14498
22841
15601
17926
51486
43432
14422
25372
13898
36073
17435
17519
16945
19347
17046
22338
24979
38528
16076
22992
25269
21340
25723
49191
47733
30950
18700
20450
35763
15073
20530
31845
44548
65142
77481
47507
16698
17044
17581
25398
26700
23444
26427
28443
27143
35416
17707
17112
22933
19142
23590
18175
25964
15054
21359
44629
25394
14990
19031
22507
26581
19818
28999
35298
20468
27401
33576
19495
21578
28233
44926
16575
24246
29755
18026
16489
18331
19221
19566
21924
13397
41882
24948
20211
16642
19814
22833
29433
24762
29573
20310
20660
21120
20745
13911
24419
21621
10611
23495
27567
17606
17622
23543
26563
17586
18893
24971
27273
22609
25112
24802
20884
32438
20045
16623
23557
25122
24533
17980
20262
38993
25428
35022
17565
27849
23996
12573
37608
23600
26178
39537
52629
47989
18095
49067
28943
21664
18827
24732
30915
33867
9919
20474
13127
14985
20065
24150
13365
22622
17127
31907
43334
78478
65441
31044
17358
22091
26708
26089
17608
28590
19379
18120
29060
27696
20896
19550
23428
16077
18756
15333
32489
26224
28867
19947
20855
29336
23492
23553
31912
22920
22735
21244
30395
20795
18499
20094
20201
21694
16083
10601
19018
28445
14691
17208
16038
26405
16773
16659
35447
31447
21893
30894
24187
23895
20276
32355
22145
33899
21763
20262
24705
23437
40139
22847
20405
17824
18399
20080
24576
30738
20882
23243
17681
41107
47265
44968
19003
24143
34751
51106
12665
27136
24448
25358
25399
20542
22291
21089
24801
21579
30388
25079
22115
27443
26583
47082
27305
39512
22459
20485
22483
21623
17902
28595
17972
28495
26883
23520
21269
40567
26606
23444
42389
24723
18287
35211
21197
32904
28244
20748
35707
22533
20132
26846
24938
19479
21188
35452
26466
14846
11534
30783
31293
29837
19578
27635
22095
18620
40242
21009
22024
15703
15988
21230
19482
19686
42349
21749
19937
33951
25312
28310
27194
16758
24238
23228
19408
19623
27055
29480
20588
35276
35405
41223
32418
15779
21757
21539
21927
24245
35636
21471
16862
27269
26045
24796
37952
14254
35241
47380
21023
22512
21351
26370
25621
25546
19164
26149
32240
12304
26350
33297
16925
25833
27959
27750
39370
35588
20117
18727
24648
29418
24270
23571
18572
15209
21056
24809
19487
32300
15487
32461
14290
28186
36921
55777
23009
29640
69169
12513
66150
29316
25962
26971
19008
28232
9925
26100
46467
15338
25043
26046
26184
22439
24205
15577
50868
36203
25220
13199
14712
18977
21739
34760
23850
23036
21259
21240
16816
21043
14591
6566
24648
19008
24855
18139
26242
26306
20868
26267
16727
26027
24227
20650
28093
25657
32504
27174
27141
20980
13238
23226
24857
34239
30779
27242
33245
49122
15237
19573
30255
17578
17245
36700
20329
16817
20176
23185
24930
18649
33479
25018
38915
16023
23321
33132
19616
25446
18679
26382
14582
15419
21498
27977
17665
22351
25283
24646
20679
37869
18680
26777
61243
22178
20469
20424
19982
23485
40753
24768
32189
32095
14613
13618
27985
23101
26655
15043
19511
29994
22382
27282
21747
21349
17310
39349
16405
16356
23821
26958
26117
18922
21265
23068
11560
17617
35283
31954
47234
49542
21739
27348
13095
24066
34346
30015
21966
16168
12471
20947
16171
26470
31118
28083
57245
21712
17058
30079
19283
26884
23158
26332
40190
17746
21208
11430
19944
22989
14407
15561
26937
31746
44537
18741
47943
21648
23151
28389
22730
30629
26894
10594
16467
18219
35483
25945
23294
48622
55310
35325
24342
14576
29547
19941
21801
46795
23228
19866
23378
23787
27694
36067
27959
18816
21867
20245
26570
21870
16598
27841
47641
25210
15996
29282
19308
18303
17649
38124
22857
18221
24824
42428
23316
22351
26400
19705
13391
27551
20557
20598
16742
28734
26197
46239
22903
32540
38378
30684
20961
16726
25933
33463
28285
34143
35177
27136
35920
24857
27048
24004
18249
19215
21710
14894
19327
22680
22745
44382
23209
22841
18359
21534
24563
25744
36020
22710
31154
51813
52518
23945
18716
17758
20069
21470
16285
26695
31347
30730
11625
25274
20276
34092
23856
26133
15367
21726
21941
22887
16593
24416
37128
22189
37143
20688
27365
18802
32034
22043
43584
24346
25209
32463
32136
24314
14871
18156
19176
17490
37093
28129
16258
42614
36433
32349
21125
27561
50197
19446
17199
14663
22266
37746
22879
23985
35069
19901
26656
32916
20921
34113
24361
20121
24293
43651
51320
61027
27374
36166
23135
23217
15373
34363
35343
37201
19546
18543
12714
15844
19548
22314
41514
19972
23233
18798
32266
48680
15086
14273
26887
16100
29246
23439
21210
35790
37334
30644
18645
26913
25968
18215
17922
26430
11275
24014
27236
24552
30643
22795
21035
26939
32158
23293
25853
19359
29866
28067
17332
15175
42319
23133
22973
12636
32197
20287
21316
26698
15345
30252
19705
25484
19999
27701
22073
21390
21953
22369
23305
26004
26304
42639
14236
25146
32671
25085
24481
31597
41110
58121
19027
20915
24809
27345
34518
60102
15782
19299
30260
48723
12533
26566
20583
17008
25793
29884
20815
17871
19709
46369
22276
20207
19903
23138
52107
21495
25884
26087
25529
22943
45011
58733
22376
76184
67314
21820
94909
33390
21182
23079
21470
24963
16217
35202
19346
22682
25806
21053
24231
27652
36463
17896
26076
16511
19073
54217
23843
31908
20695
21690
30428
17205
14422
22619
32843
21359
24083
22485
22360
20304
31085
25559
22316
27018
16974
22194
21574
48926
22602
25326
24825
53912
28773
28807
38148
46410
16713
30432
27916
28179
16408
28664
18182
22982
24604
21803
24923
18622
21014
15695
18836
23825
35545
20032
34614
26462
18260
14418
25218
28591
23591
38626
22956
21912
29609
19027
39212
20393
29828
15491
37794
24025
23779
27914
27782
20276
22628
17392
22858
29108
18685
13797
12483
28944
21727
24817
16066
27561
24800
23193
21717
31035
34994
13925
23378
18149
16905
19648
17971
20120
24221
32549
22439
26687
24427
16643
24049
21501
9361
11545
19868
35312
23022
16991
22985
24832
17443
47400
25124
17881
14987
14119
28114
32428
40182
33774
50690
12573
20083
21477
19219
26769
22520
19359
39678
19602
17445
9109
17904
9188
22619
28307
44023
23865
14769
24895
18318
26373
15759
18193
37745
57381
34192
30180
11003
29629
16442
32847
25229
15891
16914
20199
6136
19930
14118
15952
25479
18413
34989
14773
19517
14455
25920
24431
35756
54664
47326
32204
35641
19965
13853
22377
30578
47338
27594
42905
25693
24779
34342
23245
20598
29881
20081
27574
22960
29483
17080
18046
20484
27496
10340
12206
22019
21169
36706
18040
17804
20440
21331
22966
26213
28107
17143
18402
30444
15434
28170
28343
18188
39848
28197
17275
28702
26607
21824
33210
30697
26274
23338
13782
19578
40154
29150
26448
14842
22335
27150
16763
17038
29093
17417
37579
23983
42738
34874
21112
22510
14249
18445
12151
23807
26002
19103
28262
17733
18640
15991
19707
29984
28976
26271
23207
24543
17884
29503
24141
33138
20730
33969
25062
25534
16170
35181
35383
25576
17643
17230
15810
24788
33628
19195
25661
21045
25795
22270
23583
25244
21336
22579
44601
22069
42393
36525
48512
22123
26196
20375
25514
16092
15989
18723
28375
20987
20971
15363
27380
19338
28421
22942
31772
32767
12148
30605
13860
20625
18007
23542
21057
25121
31317
28649
21263
28885
12867
32745
18453
28682
20923
19501
32465
14219
26864
29765
27754
20294
16601
17684
41763
23858
16553
20337
28854
18356
27865
20372
24845
22566
25475
36335
11241
17738
26679
19459
21826
34720
21875
37214
18720
23486
19945
22108
17677
22489
24770
43358
26731
30208
25934
23587
18054
20868
17151
21332
24030
25770
33312
15058
19545
38012
26370
24119
54039
22701
12931
16130
18113
22957
40132
28211
30707
53993
46419
23440
28216
35733
17388
20675
39623
25625
48779
19201
34560
15444
13193
26087
14657
20472
20342
23871
25275
21488
23565
23871
23440
25341
20314
19788
19656
17064
31955
26184
16677
46261
23784
6629
22751
25143
20712
21679
19942
17308
20484
23018
42802
14361
24199
14853
20920
19984
19621
20415
35940
16562
19263
15836
23076
27512
12835
17189
33470
26213
22494
19052
27914
22486
24286
20428
27978
29704
15440
25309
15576
24957
15783
25299
38286
41495
34207
36477
32257
24108
24677
29517
26521
20821
25244
25455
26672
34127
33820
19312
21368
24015
32151
22716
25410
21271
27316
26854
18959
26706
21596
11687
35889
26214
22273
38054
22109
30075
28015
18818
33411
24069
24086
23975
18076
15960
46430
23185
14465
21860
21251
23583
18092
34458
24422
15771
20977
14958
27147
17546
18897
22968
15734
26319
30504
18752
33923
39256
25695
24681
23112
18633
10263
13955
18815
18645
25460
37378
18070
26987
17461
12407
23383
25968
25540
18548
21290
23342
21637
20063
19190
43929
24015
46363
24340
22240
12679
26645
29626
32073
12356
43689
32248
12831
13703
24983
18902
33780
34995
26412
20129
19199
15510
22504
15401
17883
24358
26437
26454
25405
17780
25865
23457
29002
22334
20211
17682
21173
27701
18911
26106
31832
40471
31072
29165
28208
31004
25912
31874
31561
17062
40830
19785
24131
18701
24175
21547
19012
20097
26716
29151
25099
19487
24482
17510
22950
18170
27873
17524
18291
24182
17105
23293
19767
15635
23121
28415
56969
27627
19930
11483
20607
31366
20287
21113
21028
25683
23966
20031
19746
17092
17433
19751
26020
26705
28212
24297
20582
24061
19149
39767
45213
15000
19995
18903
18816
15385
28046
18230
18631
14877
14760
12875
30642
23087
34084
43051
23648
30172
34182
29612
33938
29437
21549
36650
32395
19028
26142
22972
21244
38100
23808
18083
32168
21779
24489
25909
31394
28452
18528
22510
27393
10771
26613
18252
20001
10206
20514
24426
14164
25694
20184
27622
19792
27940
21458
16416
36664
35803
39089
62266
32643
39933
49909
19480
23552
23791
12905
21506
21910
20238
28156
36877
19266
35054
18663
41516
21455
17689
20285
22304
34274
26102
15752
29461
45348
61537
20461
72055
21196
39538
14583
15277
26438
11115
23157
28554
18087
27724
28303
20302
17392
21978
29072
21675
27137
20576
21904
20479
25003
25066
24892
14787
37031
18351
32443
20250
22321
15660
22584
16711
22268
26393
22266
38954
27518
16079
29187
12908
49472
28815
17584
31417
27098
21520
16268
29337
28371
24136
18392
24752
37729
22587
21820
20361
8614
16622
18348
20656
33157
24314
49788
28583
14916
21267
22197
39526
21790
26152
39648
17301
30454
24954
15091
22287
24510
24405
52498
21435
33358
19366
23479
20164
24655
26253
13665
19184
19287
18622
18593
22470
22075
23433
15801
13898
26968
23106
16922
10646
16441
21550
13394
23080
28649
30804
28683
26088
33572
22030
45567
18954
13175
25787
35391
18875
25447
25802
24943
21538
28107
27095
17290
31491
29730
28593
19755
26448
21131
33307
23302
30134
25016
28747
23375
18719
36908
18501
19141
32134
30483
22759
22008
39287
27202
21278
19822
8856
16170
19284
25669
26969
32294
43904
27021
17038
17803
19897
20020
33974
16791
25240
21050
19258
28397
41366
20524
23066
23319
29669
19826
28150
26212
14216
51563
74390
34241
17617
19037
19867
18433
30853
22942
18593
27950
18932
18615
23156
33271
25538
23777
32460
24274
32817
22072
15791
24188
38956
29766
14902
19535
23087
20905
31374
22509
22612
11703
21643
23502
15878
21748
22019
18968
31077
20738
27460
28941
13371
22098
46899
21604
32991
21716
18963
45967
19540
27666
16165
16785
29942
19886
25774
16459
16480
13251
31829
28836
42347
16688
10866
27870
18182
29842
18937
18056
16732
26651
24364
18819
17991
42996
35377
33518
18024
19125
30481
19467
25148
21381
21647
17100
26345
21285
27097
15787
27020
14256
19135
63943
22330
35889
44956
23711
49195
27093
20788
22791
25937
43122
36273
23840
19311
17263
22215
13724
20767
26579
35007
23392
25578
34461
31164
21244
15889
18196
29806
20270
22679
18991
17533
26868
21234
19001
31341
16021
20306
18430
12367
22479
25141
18550
11958
23466
38599
26313
21086
26169
17297
23787
18143
22721
22526
20070
22098
16000
16032
26913
33890
17600
21940
23132
25432
29166
16674
17063
18358
56676
24502
21981
29878
22143
16121
25160
29125
17325
19928
19808
18494
20782
19785
22522
29777
48309
35111
16853
37133
29240
16241
14589
25936
23695
18722
38715
16866
35117
22459
23049
22806
24787
24434
14984
21334
29207
48721
56340
22509
22310
30029
33333
16841
24091
20340
16555
23648
30899
26314
19125
27748
21601
20961
22117
23355
23992
23779
34437
24884
31005
19810
21049
18918
20916
46112
23029
34284
11700
33304
45036
34246
57887
26257
25040
10330
36635
22224
24320
16690
17296
15359
21208
17887
23548
21868
36945
26332
17722
47010
53440
28105
34125
13634
28469
23010
17808
23777
19419
24355
28223
43337
21276
15573
25799
18646
21930
15713
20061
21508
20856
15941
17391
22578
18662
19313
23883
23870
17049
20003
14335
23776
15502
15589
23667
37832
31040
38150
25434
14696
15987
19637
21829
23984
11917
20720
27987
33858
52777
58630
22147
17815
26192
43879
10844
23029
15849
22448
31213
26110
27071
19643
19830
19464
16772
16523
30042
31108
9763
26475
23038
31265
22347
31576
21392
29603
23879
36644
23639
31034
22751
19360
22134
20875
34271
17994
23726
23306
27625
25795
20459
31406
21115
28713
25726
23464
30669
16045
16525
15645
22297
36384
16978
19572
19187
16475
29409
18809
24276
25165
25210
21219
32978
25675
12960
37166
11737
29252
32013
33235
12581
20007
17147
34296
29317
18534
21277
21485
23352
34930
19645
33301
13661
21220
24467
26996
11803
30218
14182
22725
21314
24202
25552
17946
19014
23576
16583
28399
14788
33103
15325
11811
32351
20400
21561
22610
27286
27702
24151
27936
22218
16852
18909
22091
21749
31503
16621
25246
24811
9578
13315
28580
28321
13079
16634
19100
21001
16182
22941
21094
33821
27213
20043
17869
23701
19330
25061
31811
28180
17760
15927
20377
27148
44903
17307
15239
23025
24243
17650
17079
34954
30147
32869
17600
14039
20041
12633
17537
22074
24042
30510
28785
22274
32497
28721
25530
21341
13215
20197
23049
24671
37621
20905
22170
18052
27538
19560
16866
21590
21898
21845
21911
23859
20039
24957
21523
10603
29029
34177
18254
17752
48035
25461
24945
17568
13773
18427
28150
30153
20475
23439
18913
15705
19210
14517
29973
16127
17749
22158
25040
17814
24316
19679
9924
32114
31595
35333
33013
19981
11330
20690
44498
22288
19604
16166
27788
33128
26731
14163
40129
18549
20919
17845
19048
17250
34407
15872
25917
21869
17044
13503
21532
18534
21112
13655
17073
27127
54280
62226
21426
30588
17963
26383
18638
22220
36614
39265
56213
18298
17329
28311
39224
20559
26047
16034
50346
26573
17635
29627
22846
23116
28065
51480
18821
28315
21763
24921
15545
17367
32206
20647
19650
16038
15201
11080
35872
13845
18560
21648
21884
26331
25470
24116
51648
36856
30439
25449
18810
27799
30064
18158
15634
17671
47176
34661
54316
21767
29104
49016
20035
51086
22547
31351
39339
24260
17472
35423
10899
27428
22414
28138
30743
16794
21509
18617
17449
15107
26728
18040
28401
25790
14651
19844
22402
20381
28457
22423
14898
18019
24000
22139
20361
24446
14009
23100
13542
27072
18934
7906
15849
26384
19245
17958
15353
16147
22679
26318
20647
26164
19784
15636
21082
22284
27191
22480
25295
15876
28063
18738
24286
27845
17772
21780
25712
18583
29020
15116
32405
53848
73627
26319
18007
15322
19749
32028
14988
27479
18287
21358
22769
17818
30639
21820
24955
21761
21965
20151
31026
14255
18488
28788
14521
25195
18725
14549
27858
17033
20912
30462
41830
49348
12993
17012
28178
23060
20229
30197
43571
52344
20881
28482
35133
27242
21838
24379
13828
19299
23456
37122
28677
13310
26005
20517
26489
29790
27525
20070
36960
46561
22829
12591
19096
17175
23742
15993
26713
17310
23031
22331
29163
20441
12636
15783
21020
19734
24748
20273
30626
22777
36327
15447
23359
26538
18445
17501
12882
20592
14680
23688
25041
20989
75235
16152
12538
18898
18517
21411
21977
11703
30584
23126
28077
15307
21793
16132
17876
45476
23260
22788
30823
20658
17464
19369
20437
28410
19403
17646
23362
19248
21250
18714
22182
34504
27648
21158
30890
38485
33980
26212
24988
52751
23898
23058
29531
44364
47372
23138
22268
18951
24546
29662
53455
62050
21572
19354
21905
39516
23433
38884
14517
18578
21260
13234
34266
19256
31553
54618
66288
32401
18243
38437
17286
21390
13886
14425
27695
24824
18747
14206
23731
19545
17137
19236
23908
28232
28788
19073
29773
19767
17415
20831
23484
23861
21017
26558
26573
27538
35551
15514
18332
20440
18013
23102
28215
15885
23189
38969
34157
19075
30728
23189
25968
25951
37544
21178
19188
19985
24566
20330
15899
19627
15827
30527
22028
22502
20649
28181
24526
21120
20420
19418
20896
17368
30584
38618
19726
30286
24332
22995
35874
17302
28544
20059
23246
21628
18284
25571
26035
23471
27319
19761
23278
36669
18384
20413
37051
14730
23646
23771
26333
30778
24067
23340
36626
19290
29520
19049
25947
24303
27176
14559
10574
21334
22270
34068
37320
54155
17539
25996
40038
22699
37222
17272
14971
18857
18751
26480
15321
18358
17556
29989
24123
26967
35334
27960
28549
18237
25477
19815
21297
17917
13146
25415
33843
31628
39904
28559
67272
55736
47175
24994
23088
17495
31074
26614
19735
29896
15195
18315
19744
21262
27752
15969
20991
24691
15930
26962
21754
17152
11933
22116
17911
28929
19160
28904
19230
22222
20925
13032
22580
25810
17997
23686
27019
21752
35800
29978
17743
24126
10012
27577
16476
15205
25787
20896
36290
24059
20573
24771
12422
18638
19231
23645
35375
27098
32943
23329
17744
22492
29678
23545
23735
35459
18701
29654
43391
21537
26293
12401
13529
24892
30698
17128
26687
39437
21816
38807
16649
24218
25807
22445
14848
22125
17488
18788
16774
28240
35187
23392
11557
18944
23625
28861
21470
22714
19715
18887
18986
15388
35940
15839
21238
17429
11758
17428
21212
31852
16597
35799
20455
20403
25709
35735
19216
17564
25287
16718
33609
30258
23581
19160
24382
26082
11317
30182
26311
15352
21170
20097
21653
25287
12678
25654
28087
13128
16053
22791
17002
22455
21466
16129
23302
25970
10099
29509
23935
31026
19510
24343
13146
24763
18121
32798
18572
30508
27595
22482
16794
18956
34796
12870
23582
24266
20879
26154
27307
21448
12143
18178
22873
13906
15929
24549
19929
21190
24990
30051
14157
28821
22985
27697
23989
21692
18099
22185
22187
26418
24238
14543
23935
28857
29166
15366
18576
22663
26454
20214
26251
19094
21097
20681
24708
14717
25927
19358
39178
29391
31606
19584
15018
32414
25388
14302
20822
45303
25732
26675
20059
45160
12859
13980
15810
34776
20622
20062
33365
24270
20600
24206
38128
36744
20939
22464
15472
18398
29387
22273
12945
23209
21450
24057
20515
25675
16050
12848
29597
19537
27364
32809
25438
28698
24141
25620
18185
26491
23828
23588
38568
32443
61044
30424
33546
22425
26578
31624
20888
32089
46155
22625
7270
20523
26924
36503
36771
25071
25412
23783
29474
53156
42963
27211
18858
20307
20975
28667
29947
38855
23786
27038
21928
22724
25519
23175
17527
24237
26959
25666
22208
26265
18238
29041
18121
19412
20019
22227
28959
20188
20519
21942
27128
16227
25467
31317
34847
36664
27369
20635
25703
27171
15840
19610
17151
15697
22045
51468
22773
49082
30490
15538
18540
33447
17844
19240
29756
15903
20825
36332
26643
24294
23230
23893
23372
12795
12990
24005
22860
26569
42331
50781
23702
25923
40690
36130
7585
23165
21199
22992
23379
14595
30674
47525
14465
24807
29229
20391
19959
13678
32920
21918
39106
18912
27334
33672
38459
45132
31457
21082
20063
21462
30721
28472
31929
55173
43152
26651
20764
38365
58037
26188
29102
13050
23239
27047
21665
32882
32458
23137
21947
13528
16022
9451
16396
14835
20907
21927
31526
22708
20851
19824
24742
30522
20512
30523
19384
17383
21925
20590
17786
18076
14891
21337
26844
24714
35442
24551
21081
23960
40195
48362
25529
33652
25588
24442
25961
21283
25416
20030
24630
23540
21875
29952
31513
31725
22167
18289
18441
24426
24636
24177
22073
31984
19304
21062
23752
28670
20244
24839
20683
16243
18590
19695
19611
24687
17360
10674
32168
22776
23706
12576
14423
31982
19074
14514
11510
16803
48866
20637
14869
17747
26155
28602
21807
16886
21084
33516
20668
20062
15605
19396
29050
29623
21167
41497
48407
59051
53719
16428
23576
42661
21175
30282
43174
20326
28972
18493
21977
20444
16075
13101
19113
23298
22081
16152
17849
30483
30153
23429
25747
27690
34023
22656
14414
33581
57364
67439
18026
28391
32130
50914
24778
43705
16140
43503
19253
21914
18976
16644
25242
17755
26768
35752
25002
20159
13826
26658
29512
29353
24616
23218
21056
5899
22489
22448
23393
31650
35445
18028
25125
20235
34959
13922
20639
19205
21138
27230
19587
20955
35694
25442
16784
32119
23516
22735
27665
29496
31683
22062
29854
19818
15773
21071
22794
27439
20169
20222
22139
23603
34373
18224
19261
33839
17196
22818
27178
22263
19977
19816
15993
20891
37320
18366
29140
32562
24820
28556
36908
23781
27384
16886
21206
24896
36111
46784
16722
19966
18542
24579
17184
27464
43999
33291
17828
15720
28031
22881
21944
21717
20503
20292
29077
10834
19398
31239
19736
18714
23288
20442
27061
20431
22579
34921
22928
15214
19953
24552
34177
15342
14709
26823
23759
15838
21594
24633
19708
9213
28326
20346
31584
16586
17539
19016
19366
22044
14751
17330
22688
28110
22753
29009
24727
15420
29671
21137
18671
23270
11223
40860
18146
27953
40351
26698
30488
25123
19249
29681
34364
18660
18453
17518
18741
30104
15663
22583
26033
17043
14773
21363
17447
23145
14932
28157
30472
34265
13025
24316
12588
22205
15487
30238
19343
27290
29279
25802
15026
29324
28619
27404
20322
21290
24161
17078
29701
22950
25342
17167
12981
18231
19632
23540
12760
30915
27743
17086
25374
20905
18971
23526
19272
30993
17160
10588
14334
20179
23639
28523
18876
24232
23395
11334
23520
21988
29577
25123
31584
26353
20250
18859
17170
18086
34360
29935
29565
15314
12328
24650
22873
30240
33847
30895
30742
26643
20177
21953
31203
22048
22286
18201
13794
38362
19097
21329
18625
10368
34107
34153
19437
17088
23865
25980
18324
12845
21172
19899
24405
29282
40084
23463
16570
22697
25044
25206
24235
21272
22995
21833
28156
22290
19009
20699
25680
21338
18428
16326
20847
21221
39759
29419
48494
46646
22952
25266
40194
38546
15332
23276
26844
14697
33544
19634
28260
22070
25905
26237
48952
21163
20210
19456
16021
27541
26860
24333
67865
23557
40858
19713
27957
21468
30266
29473
29715
16034
24250
28001
22693
29898
27312
34344
43937
18242
35178
45338
19755
19412
29268
36596
21002
19926
13912
27286
23545
26812
19464
31345
15589
23713
10736
18448
21258
17116
22414
26460
23632
21344
19603
26403
20354
33493
24812
33251
25142
27842
23627
23002
20335
18718
23967
37542
50024
21349
17459
22383
18513
22229
46529
34703
28581
17899
17851
28437
23450
22358
23039
25717
24272
19697
29078
21811
33372
24413
26481
23939
22597
22205
30677
26086
24193
15810
26425
33744
15989
23033
39056
18267
18014
27873
20095
17130
25039
19841
29622
18194
23694
24401
18213
18437
19792
31630
18124
39004
20401
15900
40628
24904
19466
35801
17835
24951
16869
15548
24248
24192
14332
20656
19091
21356
30761
32795
16544
22540
24343
19142
25858
27323
14376
27389
24361
19543
24687
20349
15116
19113
19088
12591
17978
25659
52842
41235
15351
35305
20349
31265
25841
57322
22195
21512
18066
30561
23725
31524
11017
18830
23585
13347
15276
15526
17068
17627
29753
32682
25171
28200
17312
23781
27754
16810
31849
22094
29425
27554
14059
26422
19096
22762
23712
17739
22712
18899
18726
20378
23358
23895
16979
31424
14369
15871
19569
26021
24690
28379
18556
27611
24257
31274
20004
22308
16825
16896
23561
18322
24459
19030
19700
18457
16603
20839
36924
27628
25076
22055
42605
48943
30299
45082
41771
59744
16280
18977
19589
35009
19421
14764
19837
19498
15680
29185
13057
19399
19125
11772
12911
18152
21994
17298
18960
18413
27630
24346
16051
20868
16515
23771
30416
18667
17334
13204
11125
21314
25233
54245
29891
24861
31179
21708
24403
12515
23430
21003
16492
31391
14589
25302
18764
34745
23836
20353
24694
26283
32458
27481
25740
21616
44668
41639
24552
26662
14400
24188
47970
10474
13162
26296
31495
19726
42810
26221
25977
34842
19671
33848
18701
23697
16944
23192
33308
26884
33419
16403
27082
24183
35161
21112
15769
22621
17526
25978
20406
16631
24271
19571
21234
21122
13797
20809
20861
18125
18283
18168
45033
26220
22213
20070
28299
23468
20364
16379
16348
25448
13722
17463
17060
13093
16010
41840
20647
22037
14924
18479
22391
21472
20713
29995
26430
19659
20952
21962
27812
29792
20300
24195
30751
30922
15982
13253
32685
51463
21776
14314
32363
21875
14784
18806
40028
22056
21158
13690
15470
14674
22279
17701
44319
20621
18670
15779
20504
25068
16203
11490
23454
22506
24118
21129
20970
37332
23033
19035
21885
19771
27027
31627
22001
35468
30082
27899
31932
24811
29280
21228
21884
10024
21504
32579
29944
22368
18637
27299
35991
46010
20410
29358
22817
22988
19202
20207
26840
18592
22404
33133
39193
18052
27219
15727
12262
27326
14782
24213
17238
26907
15379
30015
30081
13127
29181
28421
30990
25466
18367
23430
27316
30180
37517
19800
20336
21839
6238
38255
26618
26427
40395
26877
35090
26229
15300
28311
33044
33701
20203
15820
41967
27949
32052
15951
18090
24327
19144
15756
18894
16439
47741
50410
67873
44191
17291
25616
18840
23873
31379
53994
33068
14809
20581
31184
25086
26535
18485
38116
10550
21755
23552
26730
36533
17673
27824
30364
36256
17014
22143
24447
37803
58883
15889
39504
49448
37849
27223
28199
19731
16892
21337
16616
28668
27487
58869
31908
20051
13509
17033
30230
23797
28109
46956
25654
20779
31121
35435
26916
21473
22898
19032
24164
24687
22748
20579
26301
38364
15324
23340
33234
44400
18002
18367
16819
26711
34635
24212
37506
25313
19556
23236
22059
41231
24194
16575
15650
21130
32708
37227
30213
21738
18519
36856
26943
21997
20647
50331
20655
27433
20977
29770
23987
14375
23999
14908
11606
23845
16245
25453
22396
41909
51413
6274
22089
29519
32497
22296
23293
24825
28867
22187
29736
21554
25880
19678
22068
28519
25879
29281
19512
29932
24809
18875
26841
21262
19641
30931
17792
12280
20649
24845
33708
30451
13604
30263
22617
24117
47378
19936
35099
23006
12161
16626
25837
29931
20693
33582
31271
19682
15501
19446
39537
24961
13668
11547
16891
29865
25658
29316
17801
7430
18021
19577
23707
29092
37388
14383
29957
10828
21126
28943
27443
40392
23960
25230
18335
16073
19026
22994
23961
25669
25907
23929
19174
16411
23264
20562
15682
26240
24993
23844
23265
19218
24527
12224
16922
16830
19976
19480
20159
34560
27623
20438
24801
17650
39073
37138
17453
42884
31465
17376
16472
20091
16146
25000
18403
36985
10315
11955
34752
21741
19530
20831
25817
29981
23395
18625
19243
43638
16795
21467
21466
20349
20442
18689
10674
25363
24493
22720
51071
16519
31627
26134
16308
32861
30566
34887
31281
20443
21629
22725
23283
20271
33994
19878
17225
30216
30258
14218
24730
23673
22918
19402
28339
43626
26575
20606
25161
20921
35248
30471
18027
24156
31863
26971
20012
10818
17631
27938
10844
25691
22743
18371
24512
41917
49708
25483
20756
20913
18718
19262
12002
25547
17135
17625
32836
11443
35790
35371
10554
29833
25560
29966
21586
13022
16870
22487
21538
20098
16196
23594
22571
14669
17292
19012
20642
16838
17114
28346
30106
28779
23771
21241
22270
20873
20560
34125
29912
23435
23374
23234
24788
18352
31553
14244
21004
22188
26002
21345
26558
16645
19973
40102
25972
19901
27899
25774
21203
21260
19479
26789
20601
16777
26651
23856
17176
16884
18971
15832
24263
32899
22214
19221
22620
15889
21593
28916
18265
13964
20558
20810
14731
22852
21813
24178
47935
21183
25267
20058
20396
37875
40098
45177
41549
16372
21664
11842
21316
22446
28623
14044
37312
46330
43105
23197
21595
27339
11473
28234
17935
33086
15021
22318
20947
16366
31365
22886
27708
21163
21989
20887
26126
17176
22505
16750
25084
26820
20651
16010
17828
15592
22402
29750
25580
18870
21196
22326
31117
32041
16697
21000
23279
18039
29058
21283
14231
19538
18368
27351
27893
48901
30530
15534
22928
21816
13812
19902
22592
27074
15127
17081
25741
13809
21152
32386
28202
16901
19298
10216
23883
14694
31932
22304
41149
52657
21867
21032
24095
22935
12800
19362
24666
18895
27283
15566
37672
20627
12519
15924
10356
21625
26600
18057
27606
22071
19488
16393
25228
13409
12864
9522
19078
14174
19428
20916
21711
15707
17510
33459
29081
34270
19108
11659
27406
17836
21638
17936
26009
43587
8990
19577
34328
22648
19379
19062
28079
23528
28145
33018
37194
16373
41291
24720
19909
20558
22673
19273
21756
12463
33685
18602
27272
22596
19469
23379
17705
24449
31690
16558
24761
27633
22744
21550
18879
13461
19324
27702
36636
18243
21034
17688
15828
20986
26883
18852
19072
19606
18094
20840
22131
38223
26236
41807
37551
57304
55106
23066
36431
27577
19179
21934
27792
45462
64224
99321
70076
21083
32856
9362
29386
20215
19927
23061
42544
39353
20269
16648
9207
22660
18876
20492
20281
30399
23734
27926
33636
27269
19505
26132
19208
24922
22208
31654
36372
12391
16703
22747
24736
20500
28313
28678
27067
45039
14570
19520
22101
25266
18458
23968
75947
36299
24994
16042
17093
21557
22190
11065
33574
39881
14456
38586
6674
22269
13705
17991
20571
23877
16346
21239
16728
15373
19816
11195
26395
16235
19393
13407
22548
19804
14937
26483
44864
21915
40780
21994
20438
31247
21468
40053
13980
14287
21166
27387
21764
39125
22184
44536
20033
20058
19062
24911
20071
29305
26561
22502
19932
24068
20437
24966
31732
22034
24914
43871
22015
24825
19679
32164
25869
16643
25404
21883
29910
32997
23957
25925
41203
53278
22119
22282
39583
26025
24779
16917
17722
27036
22493
34415
20923
14613
34828
59446
25993
20408
18101
14303
18538
22770
22365
13566
22328
33322
29781
43937
17481
20416
17483
14000
14111
22981
35301
10566
28777
19283
21472
26883
43518
36736
17549
25744
29502
25209
25407
26267
46704
30395
39907
16244
24318
12357
20254
11132
19246
21766
22798
20747
16621
26156
13626
25145
13096
25125
30331
13038
27212
25757
23997
21117
55924
32498
22671
21886
21221
29338
24797
25897
26148
28096
17456
27548
32283
12932
24886
28732
18257
24228
26581
17177
23794
23505
22201
19540
13666
23869
25719
27292
19201
15106
17524
17768
24907
28428
19357
32244
17229
26644
21265
17993
28497
18511
14029
15016
17001
12230
15817
22271
22712
38704
25936
37165
11930
15794
18126
31930
29660
27886
22124
25397
29420
15598
28511
20363
20715
33858
21079
20824
22457
25847
36703
52211
21527
23152
37316
31292
22377
17871
17544
13162
16179
22754
16399
26289
39540
18618
15679
17344
32963
24266
15849
26280
24584
13096
27463
14763
20289
13701
30976
29105
15521
28745
25948
24699
19107
43462
9760
16976
25865
24491
40657
26493
29781
17662
20433
22496
26467
17660
19318
23812
27475
19526
46230
40101
19721
33256
23557
15925
20935
18232
10348
29225
12271
19361
25436
30342
46538
35138
20017
20610
42206
24018
20497
24318
24259
35537
20276
18279
29556
14863
13462
28822
21812
16552
33312
22066
14963
13347
32077
16085
20461
29016
18044
25741
19083
24221
24115
40486
31428
32183
21047
27725
20232
28151
28115
19664
15646
18646
18159
22827
22147
24961
34683
12976
18173
14271
26268
22590
23788
12215
20126
18724
30065
20551
22127
19339
23249
22031
16565
18267
31912
17591
14679
23901
17225
22900
22776
21310
23194
28687
22417
17770
30159
44247
21834
15906
16863
26328
26696
27060
19286
23554
18654
18829
23989
14330
13046
18826
18607
27966
14511
26800
22271
22815
41075
23050
14483
23797
26116
20317
23657
17884
20746
24093
27047
22781
17657
30952
32241
17865
16406
15527
17135
19287
27749
17613
38634
29167
20408
15452
41428
33503
25273
20295
15387
23149
10610
22620
19363
21630
27063
27123
25677
21935
20337
25870
28048
15897
32691
20553
29289
20053
49176
17829
24461
21056
34545
35301
16137
25685
9968
31067
22987
19953
29517
17205
14149
11891
30441
19580
28011
18592
27797
20500
10326
14685
22473
21299
20111
22421
16817
29977
18819
18872
23041
20484
20365
16670
24704
17923
28570
23310
19258
27514
9582
21107
15994
26633
21607
22976
26796
29303
14190
24220
14221
19183
22089
15790
17683
30658
12619
20554
19810
14693
17909
24171
19797
22606
28972
14049
23177
25513
12921
7017
25993
23351
28186
16485
33883
32839
38806
36372
26497
15339
25315
42202
25581
22942
28753
29777
47940
32133
33231
13214
21160
19912
21502
17694
16617
22233
28445
23963
22011
19206
17436
21424
38035
22962
21793
26076
29855
22768
17536
29337
29911
24462
27557
64303
35815
24958
19518
24515
24827
32780
21764
25088
42055
21543
24475
21440
21207
16828
18421
16796
23868
18513
20406
20798
23502
36823
50889
22496
27447
32775
25940
41306
24005
9711
17610
23837
20959
23873
22966
31862
18060
53102
23243
16426
13373
21889
17626
32152
38084
38543
29228
22171
24551
26040
21245
24424
25646
22861
13558
29889
22328
21880
15665
24507
25021
43726
27877
22167
17636
14462
20382
16092
27113
27378
29602
22580
24012
18664
18838
28418
35824
44973
50189
44377
37973
21895
27988
33198
20855
18682
17050
16020
17306
15649
14531
20923
17861
14266
19378
32098
24443
29870
22068
33147
38413
26448
18121
16021
21216
24906
22479
28692
28263
23626
28447
19392
17857
13350
20724
25205
19290
27110
20961
20220
18231
20189
27649
43574
18520
44154
23850
20354
18701
16358
19426
26248
19523
30795
25999
19598
32853
55790
27136
26018
28865
31100
21447
20959
17082
32275
18809
17684
15046
19660
28486
26972
36167
26032
23760
22894
21016
18157
21257
17279
25909
32986
13266
54060
21277
37184
48686
14240
21748
15564
21063
14918
35375
22314
27098
27732
33750
17891
23319
23888
25010
18623
13062
27738
14134
21853
34338
19045
24892
27757
17233
18239
27051
25799
29831
20056
20897
13023
16089
24002
20450
30425
27599
22763
21299
18198
21586
28506
24785
23942
13597
24777
16285
25038
22599
21605
23722
16678
27800
29156
51227
8767
17714
32500
17687
13789
23457
23892
26405
26644
22737
26479
12716
29605
24368
16671
22360
28413
27214
33195
18347
22606
19467
19129
22509
17404
20893
42356
14884
18881
17344
19715
23256
32021
15117
25231
20841
20743
19851
25392
21332
22628
19306
17747
21262
29155
29973
22860
17286
15602
13448
35479
24686
19391
25890
26301
31781
16325
22438
24028
39603
21875
15765
16062
26354
25480
18720
21823
24268
22416
17621
28980
27429
13190
15720
6870
18881
22303
18627
15619
17664
23420
20159
31705
40241
15268
26228
13454
31533
20368
25760
25441
19347
14822
19299
28733
31019
23680
37003
47100
19443
16944
21672
18513
40309
25236
28082
43468
21772
26204
23402
29861
15261
15548
15549
22126
28933
31551
25818
19550
19215
21593
20742
27268
40791
22983
25752
20230
18661
20486
22464
19489
40387
15920
26793
44501
21684
24504
37660
30019
26046
23979
41291
19614
29780
28514
20208
18155
14498
22275
19250
22693
32332
26860
26045
40959
37375
14298
17043
84958
73204
23437
18595
30689
12422
16351
20418
22167
13360
17676
28672
30428
29739
44296
25948
24590
16952
18774
18183
28529
23265
19025
21971
19573
18418
18549
48020
20421
25134
14567
18144
34044
17032
29616
14351
17796
16999
21648
24742
30253
21058
26951
30259
20019
26284
16135
16281
19236
19716
16480
27113
20630
31204
23414
26856
40827
29114
36614
26987
25253
15319
23188
19981
26788
31451
22461
26536
23934
13456
14180
27601
37066
18077
19879
18741
14740
19040
20398
31389
20875
23387
21693
32515
18498
36557
15466
23965
20672
19974
24587
35743
23677
18572
15413
25165
22525
22857
33941
28636
15897
26804
20759
19838
38016
20858
61035
19328
18755
24598
24543
20412
28192
22916
20443
40544
16836
23013
10884
11374
24668
29432
42862
19659
28590
26066
37111
15449
22777
18710
39039
52331
51202
23312
22582
23764
22404
20930
38294
25029
31773
18960
19268
21973
21946
20036
29725
28349
26458
16419
18557
25057
13058
15765
14937
26648
19861
22730
18178
23334
18350
24340
20537
36011
28097
26020
19226
23593
17529
49041
23500
34329
19678
27310
19442
16391
28475
25395
19969
20331
32490
21594
18760
21472
18566
27235
33622
65832
25501
25075
28532
53374
31895
19250
26954
21187
22011
28408
20453
21800
20716
30277
19675
24073
14572
27219
24200
30989
20083
17166
40697
23485
24098
44044
24028
33718
30032
19498
33361
19675
16168
18618
30881
22753
21713
25585
22417
24416
17267
28214
12193
17781
25345
13844
21451
21796
15600
21183
26964
25998
40209
21794
21186
18355
22331
17852
14564
17799
17652
26249
24006
30355
35035
30530
38267
30257
24971
29162
29304
42574
15775
19076
17328
17768
20715
27053
14289
25877
33070
20880
26432
25078
19975
57835
20153
12128
17138
18065
25882
40118
46502
42127
14237
18134
21694
20216
19904
27207
32015
26748
50249
49295
19165
22400
22533
22038
21570
16658
24281
26729
18948
28815
53353
12796
22812
22565
22542
16986
25436
13781
6690
22420
21581
22047
19728
24015
23431
27269
42594
21721
20373
10751
30460
22163
47879
39471
23711
22781
21485
27561
18014
22484
21489
25029
20749
26842
23020
13134
22176
20316
15228
19483
20359
20035
17271
17075
25849
19901
16804
29765
21153
18941
20996
18906
20511
29787
21462
23511
28522
23051
20378
21067
32504
19778
34358
33463
42904
32135
18880
24423
14759
42185
36092
19873
18687
19521
16862
28692
19494
36967
20490
22794
18454
16507
22644
20099
32096
19227
17118
19964
22618
25206
44216
21543
29685
21074
26930
22192
30213
16553
36132
22357
22974
17881
16204
17200
24084
32007
49986
17911
21560
23904
29997
20176
25788
20195
16176
17471
18116
32973
26295
25608
31264
27761
37288
29793
19113
33202
25691
18217
24774
14976
31336
23920
18766
18138
13369
14039
17007
17351
19313
40119
21956
23733
19931
24984
21561
32602
24433
21746
12014
23909
32864
28417
22477
28120
15964
23801
17968
23124
33037
15692
20944
16180
13197
31126
18790
18186
20395
18213
25851
20611
27145
21456
23494
47047
25940
22190
19647
23680
28757
14953
20073
17409
22515
36046
26026
23277
19371
16827
23529
18715
22243
23927
51049
44790
40124
26179
27676
52274
20201
17631
24952
20144
21483
32002
19242
20555
17665
24001
14969
9866
22368
28095
21045
20658
26073
18207
21623
13065
18361
36475
18876
26518
23585
30882
12247
19525
21541
22090
28672
12671
15261
18684
19138
15896
46671
20812
19452
24642
16910
20889
27570
21198
23611
25604
21170
19025
24047
19515
25430
22272
27271
26501
7363
20278
21436
10931
24259
30081
17082
31715
19393
33840
22120
32070
18594
26023
18958
18092
13493
19610
35762
22537
13163
27089
41803
21450
13769
23904
15608
18182
22455
14662
27350
24107
19438
22561
22467
28224
33376
43353
22424
21057
13813
26146
25342
53616
37797
20089
17317
20854
24829
22700
24266
16291
17686
18271
23882
31438
22935
30243
40970
30497
16860
24744
25132
21713
24307
12790
31002
21392
23070
30721
21637
13019
18982
30496
25165
22615
23026
22570
24011
15292
18112
16989
14330
23756
41626
25890
15632
11568
22701
24897
25802
12844
21533
24290
28325
14320
14013
11969
36703
28072
18769
21137
10563
15533
18263
25779
10229
13221
17343
11683
23325
43044
16185
20231
24567
28105
36394
20699
25588
22634
30077
15962
22744
19120
17913
17322
17256
10407
15967
32004
20943
26164
33299
22266
16647
19902
16921
18036
12616
24500
19076
23804
18464
37029
35634
23836
15854
20639
39433
16433
21188
22033
25663
13993
28289
21710
14451
12574
16748
35937
29222
28942
42879
50271
21443
25073
21994
20614
19528
22413
11111
19451
29986
17295
56136
63526
31134
20502
12481
15868
16930
35282
24728
15713
22459
24926
45940
14430
23710
25246
23340
24118
19076
22761
26741
25622
21252
22660
38378
37509
22350
32315
14312
19416
20104
18132
16609
29858
32415
21403
19657
27057
29584
15746
20236
22889
24769
36056
49812
20793
36050
26535
22488
93575
42823
29562
23853
22625
22627
19003
58535
68096
12193
15236
15017
30505
19659
24650
19489
41222
24157
22163
26459
21139
21689
22018
15401
19515
16831
25185
37272
37969
21999
25359
24653
19413
25531
17818
17581
38605
22074
19878
30625
31810
37516
31880
20826
30228
28109
32621
22916
13732
20140
26339
35212
52687
24748
24480
26836
26735
11796
14825
30377
19352
41923
33515
24696
18012
36256
12365
21962
30469
29658
16424
29640
28071
24653
23429
23005
22221
23998
25280
15892
11487
23508
20783
29451
28118
18590
31291
20923
30861
22591
30848
27384
15694
19857
19704
17878
17927
28833
19679
22300
16804
16463
22426
25780
12982
17285
30084
55222
38723
22122
18222
27699
23292
25930
23092
16939
25645
14861
27416
20882
24343
25670
23347
20484
23779
22262
15497
29452
68934
79313
26764
70611
17682
23827
30958
63822
44258
61608
22935
34987
21269
22500
21926
33958
17171
22108
21394
25520
18035
10663
21759
19741
13989
16738
22365
25984
19445
26612
24102
11692
23456
30720
21802
18883
10987
24249
31194
27115
19491
39575
20984
38013
35456
26805
23566
46037
22482
27098
19550
19860
33556
46770
26136
18518
24990
22977
22611
18315
26033
34033
24712
17539
38290
21557
12971
20366
17550
30824
29589
18828
12184
23003
21813
24654
24080
40784
65242
22313
14030
18239
15710
32144
15197
31207
24310
26056
28589
34047
26590
29251
16475
26949
35544
23488
32887
22694
19279
18883
28330
28325
24775
42886
18077
20138
22020
46585
21300
19772
20058
29434
21809
22055
32051
18037
17809
23132
20361
24926
18768
14846
22047
18903
21369
24589
17918
29166
40179
14068
22435
15153
18868
38827
36311
24762
31377
31547
23488
25327
23013
29451
32393
25412
16426
28774
24918
24416
20651
18529
16542
24174
13174
11480
22294
26140
21439
20438
22367
23058
19755
12106
26065
21887
43535
56896
55401
54929
16716
21555
20484
42890
16834
16050
22726
23893
23543
24588
18900
23057
20673
23217
35394
44794
62572
24030
26155
23392
30785
39452
35595
17708
19227
26330
24988
18740
29183
29074
24000
19964
16016
25887
32437
21481
22458
28473
19996
28567
21902
20800
30266
51102
26291
35130
43784
23358
17667
16550
35484
19532
21110
35108
19650
29098
11118
38129
25080
43346
20746
19247
13763
28956
20277
16098
27562
15162
34051
26394
30167
37944
31058
26025
16714
24701
43523
21976
32866
13811
25671
32849
31185
18945
16542
23234
16585
34123
29125
20837
19768
23743
22466
19753
27069
21285
25158
27177
11920
27837
36323
18442
10250
16963
17657
15472
24021
28058
20608
15311
25510
24250
23016
25097
22861
21041
18331
30100
41900
19435
18490
18108
19686
15066
38068
19920
21561
29216
29649
24721
17893
24143
25501
34863
28336
19132
23108
12825
23313
14742
27582
21796
24377
14806
16244
25031
12881
24846
18167
19035
23316
20271
23355
18262
32925
41161
28910
32998
31057
29030
39232
18260
19292
22563
18389
23152
15217
20761
12839
29103
16922
16181
19327
27668
38193
21380
22690
21600
22368
15161
21769
28525
27964
29824
17026
16407
30046
25739
15969
15975
27885
24108
26266
17903
27243
19686
12828
16268
17162
34111
19435
18368
26167
22324
21192
32588
46307
29667
20381
23718
19482
22708
19956
17569
22665
28093
15309
19736
17166
18348
23233
20162
33805
19044
24588
21921
28205
19606
16132
14828
21625
21819
16411
19490
12894
14843
21160
20699
19004
19566
19202
43561
40856
22612
36690
17227
25766
24128
19358
30364
14860
19625
21930
16874
19560
22240
17320
18316
34310
35001
25026
13755
17449
9995
22240
23825
18382
34126
29858
15190
19198
18437
24300
22953
21250
24363
17646
39335
36676
16033
32278
26012
27332
25435
30838
21822
25364
19355
23225
26778
13994
13616
21274
24135
22374
18189
34044
15796
20034
30578
18284
22135
30135
14703
29172
49452
21720
23181
14314
20890
25302
37194
23621
21097
24550
16356
30983
30228
24331
24677
44177
26731
15423
22431
27557
25916
38577
41682
36168
16547
24036
23037
26902
10867
21610
26382
14645
16975
24452
11389
21961
22030
23255
19737
18698
26553
26904
18947
21310
22232
21147
22856
32724
27535
20726
29574
18743
20523
15539
20353
24729
23781
27213
27211
21490
25472
22994
22038
18260
10223
33376
22869
39900
18664
13363
13360
14786
16596
25328
20551
16430
23409
55957
25000
29120
16015
12921
18984
25365
28427
23874
18994
16630
29081
30894
15003
23515
21072
17515
14221
19059
24013
32366
11523
20991
25766
29619
19160
19562
19060
17967
14452
27383
25600
25456
28440
20244
27388
27194
33646
20888
19670
20671
14207
26099
23246
22968
23074
17428
33486
45096
28226
30681
20328
26159
16812
19557
24960
43638
19579
14245
24512
24397
27700
22255
21562
16181
17958
32936
36768
23060
20061
19718
32430
24653
24523
17276
18100
24761
24676
22289
36503
22451
15461
27427
17544
13795
17653
31548
18037
14355
12670
31854
34011
21850
16205
13896
20141
46488
14067
19894
21431
24677
20996
24222
25053
14022
16369
15366
17492
35242
35760
29092
43700
16899
19907
15518
10174
20154
29631
24431
40040
31131
39771
16805
26227
26984
18638
28605
18989
26683
31230
16383
12492
21440
35639
17063
30181
33833
28843
27839
35795
30453
14115
16807
17305
22879
24900
15992
24053
16839
20993
22619
27217
41463
23508
14390
7293
21637
18198
22831
36385
58852
83196
23334
20050
18426
21410
21180
16372
29663
15670
15198
22308
28431
37189
22020
15667
17342
17959
36019
29926
36863
14698
18259
32951
38053
54616
50790
18522
17381
14509
13849
14794
26042
24297
15511
15955
21443
16529
29315
23787
20590
20012
24462
44168
15233
34809
13416
21562
24980
29744
26791
30417
26272
30075
21368
17989
25643
43562
47411
35710
75093
25866
9971
16731
16956
17693
35581
26227
24244
23869
22980
33044
18108
32788
53479
42908
14267
29594
29417
14074
19288
30747
20397
21631
22954
21439
18366
20859
13503
36873
27681
25049
20535
30974
24685
45265
17164
18191
26674
23337
18066
12194
21642
23696
20386
18407
25659
43695
16709
13265
20162
16823
17327
14140
26411
19327
19818
26869
27486
23973
28138
28591
27829
21217
15557
20037
15955
10534
18881
19856
20256
17834
19530
25770
27315
19753
29928
21152
15286
17872
17899
20319
24060
22567
21450
25345
22642
18574
14820
22770
28812
30095
35257
20332
16392
24634
17417
28546
14099
21854
18512
24203
20777
18389
20724
17345
20980
24891
14462
18204
15482
26520
33011
11407
21108
30270
22774
27061
37149
25828
20338
20681
31314
39034
44877
24788
23820
30680
20279
25598
23277
34177
44147
24562
18294
20333
19753
37527
19507
22070
19170
16721
15821
21212
30941
22620
22555
16014
24655
21681
25641
16970
23318
25518
39374
27555
26073
17819
13557
12388
19319
35147
20953
30680
28465
23577
26333
21818
28943
10929
19980
18859
19902
31769
24002
26236
23654
19391
23867
30174
23707
19814
18544
30456
51757
30832
20674
28622
21198
20844
24122
23966
18647
33838
24933
22775
24853
24073
18216
22230
22073
40708
19678
37766
38715
18084
42000
23959
21245
12023
18455
24234
23628
18869
41165
18010
29921
12943
26318
37951
29025
18284
24520
20750
20705
21472
29997
24889
27236
22702
14403
23757
12381
23484
33439
24279
30819
23310
27492
44975
23878
19236
24323
32829
26003
25015
11155
19878
14888
18106
15871
38494
26002
22009
19898
24635
21932
17896
16091
29227
28925
20251
20812
22567
27914
16400
17778
26893
22501
27312
21140
21317
19186
29754
23223
27457
21524
21510
20093
20230
42225
26088
27721
37712
18370
13606
27005
16541
19004
23739
23982
19388
22663
23167
15651
23317
28745
20766
18627
37366
37010
12703
26612
20287
16456
19922
29025
18647
19849
22708
42130
17082
25153
21374
25471
15321
20746
21686
23187
17397
21872
31708
16150
19433
16003
60653
19930
16661
17487
30400
40934
29821
10496
12038
19520
20488
23773
37734
23332
36144
47200
23319
27870
31439
29124
17742
21616
15571
18174
30128
16608
17154
19101
26576
24318
15345
21045
13144
24515
15175
26773
24010
27282
21298
27645
34215
29818
27748
22088
26408
19544
31790
19629
22672
19145
27777
14404
14794
13550
63344
44066
58806
21635
13684
21877
22402
23726
24051
37342
22183
12115
29379
20643
21561
57941
20804
26701
19148
15683
21397
28300
18787
38106
25722
14495
45788
35898
24825
17041
22606
16429
39222
20221
15735
27217
20962
43427
26986
20695
14986
19990
11503
23756
28661
18759
25709
16441
19322
18843
40166
12833
21861
17233
28282
15994
24464
18058
19079
21786
32242
18590
17575
18889
18124
45130
29129
14300
30597
16986
22230
12563
19506
16647
23706
27255
11708
21509
17437
30340
20966
10135
18445
20400
23350
27288
24260
29694
47417
38437
43270
26527
24200
27188
16791
14049
12424
15426
23770
37274
21159
27351
17256
10697
28528
19043
10752
14279
13110
22064
35166
14303
37945
17479
14279
18135
33059
26183
23539
19812
21448
22735
29169
21822
21421
31396
27795
29076
16430
16845
29445
24049
26542
23453
22097
29065
52127
14337
11270
16294
13623
21235
24533
12296
16849
27516
21632
21670
35575
29057
24090
46526
18518
22416
28405
23270
23176
17141
20897
25748
19560
24520
16351
22291
14180
32096
24814
23414
16757
17756
17804
19891
17239
41229
19772
30261
29660
38489
24954
34305
20255
12238
29196
26859
20740
22617
18096
21823
26522
30322
55759
19404
28217
36494
13702
23460
17141
17738
22950
27896
33007
24790
24215
20053
24659
24126
24601
17292
19764
34233
14995
15990
27311
20314
30200
27292
20845
38819
22699
16401
17852
22628
22822
25879
26290
19326
21156
28949
31173
25374
22792
28899
24608
25194
18152
23336
19005
25342
21016
24142
17263
24513
15795
35943
27508
19444
29592
12998
27838
22737
16943
16912
22016
28675
23843
27679
23260
24750
21105
25871
22682
26194
34241
29755
21162
34213
24466
20745
25021
22912
26110
21177
17645
22461
17058
16512
19475
24722
33725
31480
20201
29123
22244
24747
19076
10140
20300
14437
25354
37045
32281
19630
23337
19350
26469
25336
27536
22365
27457
23257
21345
29725
17756
24740
26689
28134
47639
43007
21670
29044
20070
28549
15415
35640
23260
39398
21557
26648
17309
31674
24221
28063
20365
40394
18187
21406
22904
39129
22128
18008
24359
11655
22666
19667
23786
15286
11808
13703
27067
35944
21529
18460
17885
36040
24714
24841
18431
10294
26102
25872
21134
46659
58159
17215
21946
22627
33513
21319
20503
18359
23737
30616
18366
33201
22931
44563
20674
36878
19039
19431
20816
21006
15035
25468
23910
22404
22716
25903
28291
29383
38164
18265
22171
34365
27618
13330
17083
21451
28064
23816
17227
17096
20448
32043
20672
17524
19725
31211
31305
31583
17658
20889
14193
29693
28086
23077
31121
25775
18786
34839
7833
19008
35491
41288
16938
40878
21753
13258
21320
37786
28992
48799
20176
38960
25498
27098
41646
21279
36435
24455
27810
19120
33429
16948
20851
29018
41272
15698
23310
21392
17248
11852
38024
18273
25032
15330
15385
12971
23504
15411
39481
14181
19050
16788
20584
30884
18019
15247
13982
31375
28571
21510
18791
18811
23093
18604
36110
31691
17193
19103
18198
35834
15871
30675
20939
21439
30565
29639
15504
10070
25058
18474
23500
26590
16619
21976
20209
15716
22864
27152
38859
28730
54433
50866
20358
24725
15232
20185
28918
13922
20495
16279
42395
26606
21534
25352
19252
18460
18545
24212
25614
20034
15714
24508
22809
22430
21709
38140
21559
14927
17154
15226
14615
17680
16389
30067
28983
27447
27833
20588
14873
23359
25343
19472
14463
20237
20867
13691
31650
42686
17118
18696
17589
20589
23493
20511
38651
13007
23156
18371
21281
22365
36966
17546
16890
20265
12474
15309
26719
17599
30658
54300
64514
25265
22381
24383
9552
25252
17110
29728
35449
17201
23406
23869
11927
18583
13862
38712
10337
18778
19288
22540
33666
23685
19872
21122
43850
27761
22176
27036
15955
21188
26047
39867
29010
13447
36204
33341
25303
43057
17212
24375
24855
20321
16185
24129
24133
20862
15133
18331
23290
45222
20687
33362
19878
20216
19519
21130
20049
34329
28307
21695
22558
17774
67106
31133
36446
22903
33814
25088
18615
14664
31524
30433
41204
14454
24099
22674
24391
17186
46526
19168
22070
13209
15913
26762
30914
35107
35171
26112
32432
20209
34355
34240
22135
21389
23297
24807
21680
25373
26212
41024
20715
24649
19151
17573
14811
19624
19546
19621
22924
24754
23017
28379
18700
31423
25639
32273
34451
25737
23210
15872
21293
17907
18068
19331
23601
27927
22699
13067
19542
19032
17455
14835
26485
13814
21451
15841
30376
12351
20000
22517
20240
30813
38673
25655
14546
51445
58461
21366
23343
18907
21843
16750
23833
35825
50695
22677
12695
19425
22033
40221
27062
24933
22751
23111
19732
17955
21497
20970
31918
30704
15769
22372
19630
31854
20724
19276
22960
18232
39837
49984
18467
31591
20499
30070
17047
17932
20639
15000
21989
18223
21885
15574
27286
20969
23035
30142
16658
20243
15362
17747
32610
16308
21276
18117
25534
18868
33892
23820
35858
17679
40604
69807
20184
21505
25040
20368
36576
20585
25218
12325
17839
16741
21166
29317
31255
35777
18037
15833
24072
18607
23607
24194
22572
32911
32474
22610
19387
25407
25291
17566
21102
24637
34599
20574
19858
31970
49238
21042
23620
23428
14521
36777
27408
21103
28256
20437
19963
14961
20380
39167
34450
26026
17865
32140
19650
20190
29156
14680
16706
27801
32978
26045
22930
18746
20194
14992
17541
18763
16839
31390
16501
21605
12398
27578
30432
31999
25862
25076
18359
27002
20435
20107
13195
14165
29223
23022
15427
15820
20120
11838
16863
28221
26989
18765
14866
15229
21374
16951
21978
29832
18619
26349
28802
14610
23951
25760
28772
34822
21083
20482
17500
23211
26208
34273
47368
20723
32527
25868
24555
20049
33010
18852
21458
17827
24209
38659
22400
21097
22735
21534
19098
22357
7939
25912
25531
30280
20305
15117
32624
21341
32097
34705
44051
20618
19246
20501
12065
20337
22264
53638
36699
35676
24273
19272
21517
27764
18028
13958
21377
14957
20291
21479
16791
17759
17065
32093
20762
25054
25277
26744
26197
24864
25690
36512
11737
19867
18110
35853
17051
23017
24473
22048
20250
23661
15200
26141
30790
20852
18587
12372
17348
33457
14933
20566
39676
22258
13270
14024
21933
12830
36370
20969
32776
22014
35399
19251
19235
24171
14865
19414
23559
27151
23369
37398
18024
22973
22660
21260
23342
29692
29494
32816
18941
25178
17135
18618
24188
27487
33569
21377
25146
27006
16079
18432
21084
21658
37897
21203
33547
18843
18304
14498
24143
18506
14283
35479
17050
22043
22091
30727
18580
14361
21239
33409
26712
31424
25201
18927
17210
17500
13126
25782
17731
15222
20213
23616
21312
22551
14305
29596
26925
15904
18102
27636
36292
23576
21304
21127
15024
24310
25159
31993
29452
19835
18655
17375
15858
23428
25766
17766
18624
14599
19391
22342
21207
16795
20418
31518
17737
12730
23594
21853
28255
19045
18487
21568
20435
21801
16684
25023
24467
40628
60958
18065
20061
23300
40738
24271
24150
19372
19161
15395
25237
30438
28996
30327
21237
20796
19929
51456
46738
26299
16581
20776
38155
23354
16363
20552
22440
14773
18515
32621
23497
16210
37852
26885
24855
42058
20038
19031
23358
20713
32591
19584
27312
27485
43807
68605
35327
71059
29368
30237
25575
40059
23693
24522
26025
20284
16461
13878
15032
18000
24039
21182
10198
16718
21201
21912
26057
18851
16211
27076
42184
21373
26764
16629
17381
17932
27399
29948
47365
18436
18644
24797
28290
23140
20104
37028
23507
16382
28677
34539
27617
18911
25552
21955
14144
21194
13354
27768
17315
23023
19621
19968
49409
58866
19932
30384
24948
20716
22904
13151
20570
11932
23975
21823
40724
54670
18569
20946
23181
15217
33619
21228
16547
23682
29051
27313
24970
16664
16429
20715
25959
24151
14798
18212
19255
16847
27896
17724
23979
34425
25581
22428
26989
45483
26858
25781
38670
24662
22615
27280
30038
23580
20826
16749
27912
15730
15880
46669
26942
15772
18107
29090
21270
24805
26795
52017
65632
21100
20287
16951
14806
21892
42457
17850
22279
23585
30473
33554
22063
47369
18936
16589
23903
25031
20396
36843
23987
22749
65753
17982
27363
25034
23902
38752
20647
23753
25647
37902
24937
23529
27353
17221
34449
52866
32707
20109
19127
34976
22384
30497
19739
20770
15090
21770
13883
25373
56147
20599
36097
9472
34483
22568
37287
26098
32558
24522
17240
28157
36325
23360
23556
18444
17780
23626
40967
18512
12401
13675
23612
23758
26762
16773
33325
29523
31453
26310
26588
15483
24786
29306
32999
52149
48389
33285
18997
24657
38430
18611
27775
22036
25111
28587
20652
33034
31029
34629
65793
38246
15326
19639
25878
50653
34437
27416
22972
16998
30755
31207
26510
27184
15585
25234
13138
24253
15963
19623
14544
16097
23379
37060
26617
29496
16531
12583
23484
34463
15967
33362
21602
29093
15878
22776
45600
18944
42831
16012
20427
24165
22845
20378
25878
15235
19349
38245
50940
29247
21747
27597
39765
43137
46699
35326
28861
24159
18618
19784
19315
26724
21761
39475
57770
21733
17274
26174
29072
36206
27467
25937
12387
23183
25062
31199
15356
19378
17535
16832
19776
26084
19763
13560
11528
28577
19890
22183
18806
16997
28601
26286
27699
31113
26450
21758
16735
19929
18053
22078
16050
22976
19433
29344
14973
17368
28480
28657
23005
19686
15196
19611
37882
55693
34088
18712
21106
35006
25771
40779
21538
16065
29008
25855
14950
22174
23489
35635
39850
20261
20544
26829
27909
18410
12282
19935
36764
28285
21663
16563
14575
14694
20886
27559
20988
20767
11678
14404
16541
27096
21542
29238
20398
27407
10642
30629
27299
9222
21876
15437
32742
21448
28659
18290
14587
15468
30914
55376
28718
13465
23635
24956
18833
22039
17917
10950
10494
41212
16665
18801
30026
34541
18283
8399
18020
24653
18781
13832
20720
15656
25273
21823
35085
21370
50577
22193
18737
25692
39930
20342
19474
14834
27067
36041
35362
25355
34611
21361
17122
30514
22391
34559
26493
14119
11387
23846
18347
26155
26441
37190
18696
22844
22949
17590
15735
20447
23718
16779
24443
37953
18972
32244
24652
17723
16556
18422
12596
23398
17974
14018
22492
15189
18314
19121
28017
23316
21153
18044
21811
24719
19154
28624
24926
18920
20024
15049
21382
25806
15541
21205
34545
24032
20259
38066
21395
40265
47526
67485
34417
20028
27914
15093
35360
12795
17274
25512
17705
16658
23355
24485
17015
18990
21099
26609
17966
16637
24079
21847
27449
20800
12975
25042
25831
23146
27850
25571
12469
30348
13535
21385
18767
16943
33039
24065
55421
25241
20226
31194
20956
29169
29156
49102
43446
29148
24371
16517
29882
18148
30882
26757
23185
13841
36084
22813
19240
46598
35872
27079
26521
19563
16784
18088
20398
16689
21730
30441
38931
24142
22957
17018
13745
18136
16421
23519
26780
26056
14859
27405
17908
21130
18558
23759
18200
23718
20688
24508
23899
23390
15775
32145
18191
19647
37516
18509
25786
18175
30673
29917
15945
15716
21855
25039
23832
29021
21292
16050
10606
25335
16276
18135
18811
27904
22559
20304
19431
13394
22317
18966
18752
19903
10228
17279
20565
21890
51108
38603
29763
17933
25263
23413
20869
29311
29708
32916
27196
24695
14751
33111
15474
23961
21821
22084
18090
22272
26670
12042
17585
23139
20618
44341
21408
20988
21362
20125
17918
31115
28751
25441
34008
28059
13074
24289
23097
20787
23113
33265
35842
15135
28594
21796
32728
22951
19602
19888
30971
23050
26176
24680
30079
27842
39526
26333
19161
48128
29032
20649
25000
21239
29215
18326
24432
15085
39938
29120
24859
20522
27022
17118
17527
20030
16211
31345
28447
28943
42971
23910
33658
27537
29373
37561
60170
37032
18903
19346
35377
25926
20884
30834
16889
15325
30758
18056
22780
22935
24508
22558
24275
24049
24939
28868
40058
26389
20882
16640
27964
31685
20219
18806
12778
21916
17079
20211
20661
21274
11780
21134
14314
25251
19697
31109
22894
26064
32933
14488
21342
18908
36604
21018
13392
30753
12155
11810
20531
29480
27748
33473
21589
21094
15977
20571
20951
17033
24507
21880
26122
31138
38639
22379
11197
28888
19969
30497
33415
26131
26301
17867
39488
24352
16190
21735
18511
14224
22027
22909
17658
25308
23534
20190
15135
24586
19892
36029
52180
22356
16944
19151
22873
23994
23217
20429
48562
72251
88577
36325
21179
17759
20075
21797
23243
15470
16536
25523
42591
26894
16077
29078
14860
18399
18237
20206
20113
26867
23281
29076
19174
32070
21674
15995
20764
18257
24727
24542
22650
30328
48462
23967
35143
24991
19982
14512
28346
19438
14377
20187
20591
30854
21293
21997
23994
22883
23949
20375
42381
24568
32432
41358
31846
39016
28578
19564
21673
17301
13233
21879
45218
31416
22214
30213
14182
24353
18024
18930
18605
12308
39860
35288
20936
63477
20972
25460
25890
30630
19437
19993
15511
23731
21889
21700
23806
13933
22824
16932
21508
16763
26862
22108
34600
39634
17256
20782
20219
20212
17639
15393
19099
15192
18581
20923
34197
40342
22433
14529
22957
21393
27758
31758
28875
11950
21108
21005
28437
14647
15512
14413
13950
30526
13505
14304
23453
21030
24135
21629
30831
24923
26181
24372
54842
14221
20994
32848
13449
24387
29502
21203
40017
24140
20234
17975
19062
14776
33436
17709
21274
28002
25048
17721
37632
27208
31568
22994
21542
28206
43724
54285
14880
18939
16859
17786
39612
15150
21612
25864
15145
30262
18485
38742
16793
19916
26050
58076
16635
18364
26261
17030
22601
18715
49572
32235
15284
13620
23875
18858
51385
23673
40992
22336
19527
17994
19452
22523
22206
16965
21304
39145
26642
19953
37054
26999
31193
28568
19698
29775
26512
21302
34692
26879
18799
30277
24497
19461
21659
19210
22804
19415
19543
27380
24742
19543
27288
20188
36213
47579
28243
13908
14650
23089
31063
23485
24311
18381
18306
16524
26401
22005
26694
17862
22110
19863
15503
20153
16066
22736
32515
18533
21405
32439
25400
41732
18735
26347
20934
34271
30994
24394
22710
26031
29001
20462
28199
21535
20826
17435
22310
28150
15152
19834
17380
25198
27472
10428
20339
23503
18741
24724
16371
20031
25235
20068
18471
16379
26712
23134
12953
16762
20927
20952
35497
17004
21255
23086
20018
24608
23988
40363
36191
19946
17469
42301
30166
21075
19013
12514
19568
17274
25968
14881
24483
23359
24636
16181
16064
28141
21698
22622
17016
21772
22318
20712
31266
16519
19750
17784
15824
15136
21146
20598
19275
19494
24555
21029
19756
21260
14044
18473
25849
22050
10762
21815
16096
25356
31537
24525
21431
25879
19389
18848
22732
25447
16714
38344
47727
24798
53927
29369
23875
25540
33240
17795
21766
21840
19980
13548
19864
18434
16508
26844
18407
29431
21471
18684
20345
9492
13022
20823
13305
27716
19239
34721
18697
20615
25596
24747
24429
13899
55216
18665
43687
60083
24956
25632
22092
22695
19792
32959
32218
18148
16059
31173
12880
19223
21732
20175
15638
16096
29270
19588
24719
24734
21812
26993
29992
15470
21247
15723
35748
25434
25115
23895
40742
23164
31869
67979
30297
53186
70786
28608
61345
21330
33287
27511
26904
19962
23836
13626
9782
32287
21524
49037
50446
20388
29830
16383
19313
28260
24884
15286
17815
17349
22521
39960
42889
37005
22759
24714
20178
24933
14873
17339
22943
24433
31687
24877
20533
27930
15659
18286
18487
26755
26856
25657
26707
19028
42122
27442
12224
26342
26342
14176
25952
30581
24732
19249
18644
17122
24244
24384
20209
22528
22622
19125
20345
23165
22432
21203
13719
20281
17544
28422
31792
19546
18320
22325
24575
16193
14648
25419
21941
28089
22280
24788
15086
21296
25345
22158
22290
12518
15768
15708
24654
24248
34213
31622
19973
14310
23454
24736
20451
34928
22986
19459
14890
18178
29054
13853
19439
21944
7086
22732
24780
30291
29211
17919
22917
23848
22530
24540
31036
15877
47833
27221
22563
22894
20851
28136
39508
22827
24062
19449
17847
33013
22095
20490
23489
12960
54016
19942
21709
21859
13362
18478
25958
25875
17314
16421
20460
25430
18518
33434
21970
16484
19105
25590
17625
18040
18502
15828
13107
15450
30469
33433
46044
24223
18136
23285
23649
28095
20915
32330
24359
20752
21572
21607
26269
29602
18271
25187
20254
38794
20930
25745
31576
22813
30291
22727
26685
20887
20008
22785
28694
23637
20836
17532
26181
20651
23113
43377
32299
33861
32546
21522
22461
35577
20848
20068
22431
32716
23593
17961
17206
22022
39875
20119
18185
19514
42062
25896
82536
69412
14501
31052
29115
20588
10094
23367
36624
31962
18557
15203
26606
17376
17449
28898
13432
27473
14542
18605
26343
20591
31370
13544
13976
24982
41830
21320
13454
24502
21195
21695
15485
22860
28114
28565
19100
22604
19476
21251
22494
29191
43746
30101
17007
21517
23457
18700
16032
36433
22039
41183
26894
29953
27913
19607
22211
23940
18245
26665
19404
16504
17394
18827
10779
23075
26089
39678
57209
14468
25528
24460
21423
43652
27301
19972
28532
18880
19502
31191
27069
13201
30672
24949
19432
19199
16869
18991
21276
26168
23007
25149
32280
38012
29646
47826
23290
15812
16726
31141
19484
31437
15564
23507
19003
28078
26581
19957
25858
25942
19357
17238
23301
21507
27536
32070
18084
26247
22476
26680
20357
12282
25875
20242
20138
31005
19149
19916
15699
19337
32853
20989
28272
18093
25938
39987
18827
25900
18754
17820
22637
26871
7894
39347
17622
25254
24560
17288
19626
26477
25509
14927
17592
16041
15589
15646
22187
15609
26406
27180
30295
34990
9896
17070
19845
16813
16386
26082
27254
16966
14783
26688
33377
26805
28105
36372
30133
21859
30042
34862
22002
22386
25063
19424
24818
43655
28561
43076
20728
45410
27120
28239
23186
31885
22231
32097
29495
32430
13741
21197
25345
15998
32909
28546
38105
14753
20512
18212
32765
42301
26462
19046
28645
23374
21982
16434
15004
36263
27061
24796
17832
27232
35185
16690
14210
25012
20132
26711
21961
19856
23297
34551
17495
21466
20328
23077
9275
15933
26329
19549
24928
28163
14735
41610
14811
33118
19003
51362
74267
85568
23524
29617
25663
29461
22066
19765
19548
24065
24247
27578
19165
17322
23334
28095
22281
26869
18701
20491
17450
20170
17499
18217
14833
20056
26101
35469
31056
15500
20929
26560
22827
13934
22435
19663
20904
29128
17179
24955
17321
38070
22413
21417
20613
21386
15760
22011
20859
40198
19711
20725
18301
33304
27691
24639
42143
31190
31601
23200
20023
33346
15060
22240
14657
14786
23498
51553
15458
19608
18816
18488
26969
19307
18000
18446
38065
24530
28525
27469
17925
25056
20509
19293
27705
40996
68587
21576
13079
24326
18886
15388
22823
11489
14160
16131
22928
35084
16635
18332
24134
32480
17639
16189
27923
26206
25187
20065
20627
14590
24954
17070
17047
26810
18270
23690
21911
34086
32303
20060
23036
25046
27746
24639
19099
20181
23269
23627
29052
38967
25158
21365
17780
17269
26058
17956
22699
17095
36375
19022
33644
17808
20718
31477
23974
22514
24329
22677
30094
18015
29696
30359
19673
17795
21212
15988
20112
19423
25889
63060
27176
20719
41271
25315
26076
14142
19128
32911
18062
20686
15842
12422
15843
24403
25558
28740
15301
24946
18815
32228
13854
20839
22220
29954
23346
17607
26719
13201
21956
23362
33270
20972
18163
19655
24590
19754
46760
71946
19098
26538
18871
21350
31121
23236
23962
16820
17366
20239
12704
29096
45469
20682
27156
27519
32371
18681
22744
26984
16891
28513
22672
16392
38283
22574
25641
21883
16481
18404
17471
21849
35707
58687
27597
29613
22615
16398
24550
17781
13177
32703
20931
30511
28225
21223
17832
21588
31527
23851
29406
27772
19345
20246
31607
29128
16752
18530
17647
15070
28155
24463
24983
24226
26651
20425
17178
26302
14990
26740
29831
27233
33138
25766
25090
24406
18257
19305
34538
26655
10910
20342
19166
24245
25527
17147
32337
37957
27003
26516
13620
23447
18705
19684
26951
18230
21989
24665
34866
27846
21272
18758
26854
17830
14209
21081
19017
22478
13752
18773
20096
22223
17626
16067
15143
16503
13055
18517
20429
27248
36959
47939
23375
15427
25231
18601
33471
27772
40842
22082
19115
36667
14499
39633
39952
21407
21822
27502
51100
23905
19658
25151
26175
26058
28976
25447
32526
40606
28206
22360
18266
12535
13061
20701
17415
19504
21806
26987
39625
25200
17431
27645
21482
24665
23465
22446
32564
32723
21335
31982
20455
14968
22504
18733
28814
20544
12369
18624
19860
22844
13481
21833
21606
15186
24543
14827
31442
23442
19702
16709
19917
34134
20549
10583
18403
41687
22937
23471
22861
28728
21624
27421
22126
22832
20595
16162
21004
43138
22053
22148
20380
16523
24787
34517
17973
29686
19648
23377
11695
34526
48703
16606
21998
23627
21895
34619
30296
38841
24757
15370
30145
17679
21200
27938
14033
14722
25490
22584
26416
26721
17274
20439
14864
30197
16082
14571
16562
22908
23015
20038
24699
13725
24977
15537
21160
18588
22051
28704
34398
14282
32624
24403
33266
17923
20354
18054
19687
21678
21218
17996
13501
19189
16828
18775
28323
29920
18613
20648
30965
21064
22206
15815
33529
22126
21871
25457
21734
23138
21514
30164
19218
28632
24118
18005
42902
20466
25071
33787
18393
28713
18238
22776
18798
31436
17548
21199
19191
18777
30491
12501
19787
26721
21146
19594
19379
20069
51820
27050
21995
20748
27112
47891
15653
15648
19875
24534
9773
21724
23835
18775
22824
14417
20637
28845
17090
50096
14903
47826
74947
40452
11936
26629
22270
21621
19385
25175
18797
12935
9611
27594
26119
17060
14337
15553
31830
19633
26002
18314
15612
37703
52745
20379
14318
25050
20365
27264
17668
31659
19289
19135
10778
13244
17259
13580
29615
15337
29146
19837
23574
41795
16567
29263
14654
25795
15880
15487
21517
20126
42372
22657
37168
42145
21054
30791
27920
20596
14319
11929
12365
22470
43845
50625
60390
30960
27500
27325
19157
21320
30634
30855
14740
18521
25482
20202
13142
16861
24702
47374
19250
18472
21176
18351
14623
20069
35368
13645
29965
17430
17182
22244
19593
21412
22114
26147
37604
22196
20089
16010
24800
31523
27742
29844
22084
24697
19142
20737
23114
52924
17958
22697
30516
15875
23483
14924
20904
17094
21230
20848
23418
33529
21577
25263
26258
19808
36516
26003
19658
12077
14739
18995
36823
21981
23276
14875
23642
39102
53156
20731
24775
18825
18545
20388
38448
32133
38815
16857
17185
18051
18872
26980
34752
13792
27096
24501
23490
22408
21998
17130
17967
28689
29304
28896
27773
24337
21539
21924
27246
27305
14582
18597
43884
28688
15708
16865
14590
18235
31166
22469
22025
22901
26385
17342
20395
19448
17526
17262
25275
15602
17558
14247
19523
21931
36618
25836
21490
10798
16047
24072
18322
28877
20896
16542
21836
19149
14406
27386
35709
12944
25025
19097
22006
28566
21507
19812
18047
21812
43578
27841
18949
21185
22327
16185
20964
23859
12889
17811
19396
25996
26777
25351
15937
21731
21078
19413
25341
22456
21025
16596
22379
23233
21491
42998
25233
22023
43555
23081
23917
18823
18621
28445
26065
35603
15624
21990
23608
15609
28396
28107
17278
10750
22869
32215
29395
18254
23870
23670
25236
23232
18836
18276
30956
30140
22715
19655
14961
24329
18062
15481
20327
28628
21683
24615
19092
18219
22686
26389
33386
28506
22703
25622
17365
24140
30244
23444
28631
22176
13133
26566
19667
14885
15339
22934
21307
20573
23858
35187
29898
18730
16361
12247
23216
22734
20867
18323
12650
24420
23797
20665
34804
34416
13749
29626
25163
24512
25508
25290
47958
17583
28169
16469
29547
22949
39460
16950
15656
16071
27809
29744
27427
20902
23755
24127
21530
20332
23621
19107
23973
24594
14403
14346
26678
18462
15399
19702
22117
24208
19764
17181
19879
16183
18895
21120
25887
24083
15844
28255
19273
14834
19882
14029
27440
18926
27766
18529
21220
12728
19872
20450
16637
17825
30126
19880
24013
33720
19039
18848
22147
43528
67907
30278
15480
27587
29141
17706
17881
28363
23524
22603
21178
23772
43867
23561
22973
33528
22304
25877
26232
19354
22864
19767
25202
32313
29277
28827
27137
13741
27150
17271
15089
11099
12932
23329
26715
20467
23102
24498
17454
27058
25952
52199
20602
23311
18463
25081
18797
15485
20159
23402
20906
12067
28221
14965
24183
26891
28579
44826
40120
22589
21785
39539
12368
20069
22315
18819
35060
22716
25231
21763
20274
23637
21410
25025
18547
24735
31206
16954
26962
37228
14459
39632
21554
16603
24105
22216
19805
28638
24914
13023
13395
35190
12032
21820
17587
20537
10301
26114
29929
32009
28796
25751
12170
24022
20949
15390
27144
18621
15425
21816
22336
16292
19943
21324
23738
17600
29955
23505
28194
25379
29918
46963
19487
25509
44005
48065
28072
21682
18038
20295
21227
14243
34278
16576
28440
42306
12660
15946
22486
32157
34384
27040
42901
14324
23291
25559
18118
28138
22757
19679
17047
22672
15050
41801
21231
29764
26856
19712
25721
16870
19979
23728
21304
15527
26931
19323
17840
17163
25911
18031
17935
37177
40503
24371
23933
28025
11646
50364
19103
19505
25445
18603
17648
29255
17083
23185
22173
21996
13244
27436
25925
19048
26736
25342
33516
38094
14172
22395
40019
46441
18293
25525
20588
21737
17010
19998
30525
27139
19499
17966
35229
40823
20632
17260
15236
21672
43569
20737
36470
44639
59014
63551
44927
27104
39193
14444
20417
15439
22261
22186
17873
22515
24276
21164
41996
19578
29985
44537
37097
19326
19458
19879
30330
20660
19495
26824
