16333
13823
15673
16069
14773
14878
17388
28716
16431
12755
13443
18054
22450
22302
15941
13566
32079
15710
17261
18239
14747
24608
15456
16188
15612
15011
19577
27157
22414
13822
21567
21353
17707
16442
17881
13657
18476
20032
13098
25530
14371
17045
16991
19500
15153
15114
18344
14064
18828
13470
20709
29785
13080
18654
16569
15145
14813
26819
16147
15745
18061
15846
21706
13080
14718
16636
31709
16857
18726
21059
19938
18208
16494
16358
14968
19620
14785
19573
17145
14218
15731
25703
15581
17330
17154
16418
15801
14304
14737
16218
14065
35583
17326
17576
16654
13771
16652
18600
17119
18569
25612
16787
20972
13882
19424
17169
20634
14784
14831
18134
14475
15396
29796
19779
21097
15230
16788
15986
15761
14125
13882
15012
14787
13111
15792
16988
14054
16124
16128
24112
16563
24652
32846
13071
15851
19163
15247
13708
17780
17954
21802
17950
18710
14201
20272
30075
27857
13443
14330
23035
14289
24709
14646
17168
15213
15389
16648
18015
19780
23012
22582
16814
15027
15693
20611
15796
16262
16700
16777
18629
27582
16300
20118
14312
15714
14147
16298
24039
22764
15078
29069
16913
14891
27889
20310
14491
18567
17718
13725
22223
25879
17292
15658
14605
15493
15778
12333
25158
15077
19301
23040
13798
15099
19430
21616
20590
22009
14936
16976
17708
22774
16864
19694
25381
15719
14340
14607
13632
21694
13972
15528
21303
22657
15578
17365
15033
15818
18053
16145
14585
24396
22048
16654
15133
23840
15042
15123
18354
35068
15716
18416
22173
14231
16017
18513
14707
18569
14129
15974
13951
14324
14532
13176
14326
22211
23464
13469
14661
16540
25906
15711
14285
14423
17794
20628
15689
27531
20592
18568
14590
14756
14645
17346
27594
33015
16556
19330
19957
15424
21170
14841
19852
23932
15778
16076
15145
14057
14886
24978
14125
18611
30134
28195
15937
15833
17360
22991
15063
16607
18968
31338
15623
17354
15806
16659
15281
29086
30255
14130
13806
22898
15966
16055
33695
25762
18441
16507
14103
25266
15491
22132
25963
24446
22862
14586
19268
20950
14866
16642
17040
18529
15803
21156
15569
15829
15612
16705
22429
20413
23372
17428
19544
13807
16745
17557
14340
29798
17050
18152
16737
15332
27093
20154
15383
17741
15402
15139
24166
24862
15536
14790
20089
25471
13608
12701
24307
35842
15400
19483
15815
18077
18950
17431
21419
16810
27294
14069
15384
14756
17801
17010
16921
17944
21768
42404
19488
16847
15214
20596
15205
29558
13756
20072
22516
13140
17270
13173
20159
42118
51190
20165
15273
17148
21422
15233
15036
13423
12892
15668
27628
19092
14859
23131
13796
17737
13284
35623
13411
14175
15715
17198
30098
26668
24742
17916
18447
17414
15455
17536
16049
15407
14996
18258
13651
24925
17533
28903
13745
16571
15793
19429
14903
16910
23507
20742
14882
22894
14405
16696
16698
20462
27871
19177
24779
12997
16632
15813
28950
13836
15265
23395
33255
13351
21356
12902
26800
20679
15643
16644
15003
16440
15097
16065
17934
29632
28600
20193
17839
14656
17360
17938
13065
15062
16462
14907
16463
23230
25911
35522
13550
14254
13609
18147
19677
13933
15250
17566
16015
44149
16392
17737
13940
15308
16416
14037
15278
17513
26623
30181
23140
14655
12442
18479
17314
15528
13047
16589
25949
30316
16397
15667
14176
17942
18890
12940
15703
22527
18924
16024
20941
20932
25730
19715
18316
39781
18961
16766
13812
28648
14925
14870
16871
23216
14953
16632
15157
18914
20354
32489
15686
16506
14074
16596
13055
14867
16463
13882
15674
47619
23446
18162
15616
16688
24261
14975
14884
15417
21530
25091
16698
27244
13205
15034
21694
14625
15455
16658
17093
39061
20008
13766
12619
21545
21718
19098
16338
17192
21882
16820
16569
14725
15842
16290
28409
14783
244140
157491
22087
32687
16844
18852
23342
16515
17268
27572
15172
16140
29449
36647
18084
20563
19003
13919
13957
16405
14294
16152
16620
18818
19256
15561
19402
14043
22167
19118
18764
17810
15666
14113
13098
11827
16079
14143
17487
12856
12279
41978
31250
27057
16908
15376
16482
17958
24770
15828
28471
14705
20230
28308
18138
32882
14213
24033
18287
26325
27336
19142
19028
13066
18026
23461
15075
12945
12698
17540
17926
13110
16322
22115
14989
16206
14206
16201
14780
15932
15649
15447
17135
19484
14713
18076
20360
12612
17089
18592
14514
18572
20456
16312
19818
19589
13800
25621
13649
15739
14960
14405
45812
52725
15817
19054
28487
14427
21875
17477
17468
30497
28097
19844
17144
14755
15037
21416
32046
25253
18746
17238
18518
16605
11970
15092
19133
16321
23787
25541
14206
22977
15241
15596
18891
15189
16011
18367
15179
16693
14294
22276
14572
29014
13439
21448
16352
20980
14570
14287
14682
15490
14166
16480
30167
12774
18875
44371
23106
23373
28658
15353
15807
18524
16319
13120
17763
13627
15560
14949
16646
67778
18618
15369
19708
17718
21129
17309
14553
32004
15524
17123
18775
15626
15090
24601
27252
22203
14059
15226
18274
13929
15037
19569
13412
13622
23166
15166
14162
34315
24989
14928
25012
47784
17145
16329
14660
14685
15352
13400
17606
22996
16089
12586
13730
18748
12933
15896
16753
15055
30161
19464
14359
13325
13322
14538
15937
27687
24027
18539
18975
16130
14538
18017
63218
14952
21778
19786
26350
23443
30844
24074
20624
14213
13213
18391
19034
15581
13521
19347
17800
17569
15229
14402
14185
21159
14693
18508
18350
15543
22415
20738
25366
15950
17185
15781
15543
18862
18393
19367
17107
19954
15660
16669
22364
17472
16561
32945
44012
41314
14227
15924
15604
18701
16506
17937
14337
16123
16634
18640
27028
26185
14557
19166
14925
13502
15967
17546
33592
24047
15249
23145
16202
17447
14046
12539
15210
29500
44998
18078
36877
24771
16569
25244
19984
13839
18359
15153
14154
14965
20612
14899
18843
19780
23444
36617
18280
25842
16720
13071
19180
18337
13396
16173
14933
17133
19048
17753
13283
16287
34808
13730
16139
20412
27451
38324
15866
14270
14559
13611
20141
16794
16075
15896
14839
16570
29347
14922
23444
14705
15758
18347
19825
35176
12938
16323
21258
15142
21423
16125
14298
16479
16415
19588
22753
49176
16822
15787
19788
21713
14489
13415
18003
17741
23267
21615
16279
19835
16679
15274
21210
25198
22191
27712
17311
14370
32529
18278
13664
31429
41020
14495
18899
15237
23064
16927
67331
41755
15984
19501
31850
15631
14494
15133
15744
18985
16268
19498
20414
27287
14250
13558
18703
17903
25266
18188
17101
18203
17651
18628
16020
15064
20181
19438
17959
17490
17522
13888
16794
17828
16087
16953
21723
32868
20859
15883
14904
23094
18622
20273
17022
21556
15094
15766
28325
18990
21151
14016
17918
15627
15779
17167
32684
21698
17457
25101
24435
27842
15392
18375
34166
31840
20539
17944
16913
22985
24489
20795
15407
14715
13782
28680
13192
33118
15941
12953
21194
22284
16018
14091
16299
18261
15674
18084
15119
15497
15435
22753
15522
16802
13670
15004
16297
28751
35177
12607
18691
16773
14728
18610
12968
14538
21098
30028
28711
18600
18182
13537
18414
20687
16430
14231
14955
16118
24057
14403
20405
15681
19464
13468
13025
16517
15313
21354
17852
21366
17774
39402
25599
26265
21030
18049
19973
14964
20866
13716
20554
14823
14047
14495
14578
16223
15807
16122
30655
17742
16774
17052
14002
19070
18284
14957
29736
15387
16718
17984
15655
14960
21922
18348
12926
15111
27439
14257
23254
24889
18836
17574
17363
20448
15895
14765
15182
28133
14801
14512
30682
23995
33377
16302
16476
18425
16225
14190
19852
15620
14733
17444
17685
16235
18862
18514
21727
23591
24183
14678
21972
19598
16007
19447
16433
13833
19168
18683
18096
21120
20543
17616
24601
17980
18703
14903
14997
25022
19423
16897
15518
16824
18497
20078
16089
15872
27068
15427
14936
19768
17474
14444
15157
32425
14596
14464
15624
22710
43308
21269
19900
17271
25880
21968
24992
37094
17313
38338
23648
21639
31376
15165
13809
15929
15137
18311
14749
16237
15227
17142
36588
38520
14560
15860
15017
21800
14096
15696
13686
18264
17738
14371
14864
16659
16578
17904
16682
15114
19675
16993
17762
15954
14016
24606
24815
20721
19785
28617
15524
13860
22504
14891
17475
17839
15769
15588
19674
25277
27938
19389
19379
23863
18165
24063
17240
15265
23499
22093
20936
14442
15718
21162
22782
18464
32837
18142
37704
22089
17206
21440
20614
30023
13615
31245
14556
15900
20788
20675
22903
17718
17655
13765
16186
12561
12817
21815
15092
17055
17227
14448
17997
20488
15828
17964
16393
18380
15577
22924
19367
17402
20102
24513
14940
26685
17354
19065
16706
15062
17120
15951
15103
15216
13850
16177
14682
16678
15861
19949
18076
15396
16937
15120
21176
22040
14477
15895
14980
22726
14491
13371
20135
18995
14665
16675
15772
14262
35692
30238
39509
14581
14143
16119
14676
17184
16950
16233
20500
17645
19232
15065
23557
17736
22556
21790
16507
13809
23551
19333
20780
19139
19606
13885
18613
14522
15863
20751
19962
17504
14413
28460
18477
23515
17510
13817
15306
14083
22728
28934
17704
15151
14439
14562
15286
16674
19798
13310
15060
35729
18311
18148
15265
15654
16717
15616
16003
17582
14652
18095
14776
25313
22766
14977
18946
18087
22764
13039
20872
17949
19179
18511
13845
18210
16025
20368
13894
29875
15369
17011
33915
15553
20025
13603
14245
14298
18252
16267
13714
17286
16436
16131
14880
20087
26218
14859
14443
14596
15946
16394
20602
13935
13341
15109
14757
16235
25807
19891
19622
14743
19419
19273
23082
14845
21308
14697
22926
13782
21975
13599
15228
15520
23719
13708
15599
21890
47429
14125
18040
16718
22172
35852
16204
20678
16062
18888
12918
13850
14110
15598
14635
14193
17988
14962
14222
16888
26970
14728
13462
15091
14364
17932
14111
19471
18773
18320
26084
15365
20838
19488
13213
14020
14914
15177
14607
13144
21612
21380
13603
12068
13504
17520
14065
18539
14896
27438
20596
21689
21626
16733
21879
18793
15235
22048
14370
19883
33452
31541
14855
16210
13303
18092
18167
25835
23985
14944
15577
22743
31832
19620
16046
15255
17944
18894
24854
15521
27731
13586
13502
14875
30729
14124
14655
20471
21915
14354
25810
14902
13357
14806
16458
31157
17239
19298
20842
27959
18137
18320
14525
14169
19531
17825
22654
16963
26777
16478
17813
20730
15218
15475
18348
13666
22056
29118
18164
17161
14495
17003
20724
29374
14615
15076
16483
14247
31465
20371
18538
17545
14667
16602
19130
32774
20983
15696
14815
31866
20115
17766
18656
22869
16831
15293
27886
14834
16196
18156
19956
16275
28245
16577
14073
14750
23353
14391
15582
17763
17319
18913
19516
14900
16153
17964
23109
14483
15579
31654
13774
17960
15160
16135
14047
20366
17123
17132
19492
28037
19782
14377
16176
20860
18715
14900
22183
24647
17539
14808
19311
24459
17612
16638
23793
30328
25116
14692
20023
20970
13096
16955
18932
15566
15658
21995
12409
20748
14241
20464
17637
22749
16629
15490
16448
15768
15920
17738
33246
22067
22748
23398
17540
18701
18639
14196
18647
16944
17502
13879
15535
44482
34516
48086
15979
25018
28818
13575
14961
20994
19476
15162
19388
14645
18758
14053
18057
27084
23087
20839
14587
15668
15583
19763
37959
14805
19894
14368
15878
15060
14394
20387
17351
15896
30971
13976
34316
28303
17907
15804
19357
39730
16558
15152
17710
24263
31134
16311
21041
13517
16903
15614
12764
29670
17986
22125
17032
34036
18720
13042
15588
18345
24716
14360
16395
15570
16139
17532
20920
29386
16579
35783
15814
19850
14010
23978
14948
14897
18676
20446
20645
21679
18060
18800
15619
16451
24250
15677
17085
14385
15926
20335
15829
19614
15815
27818
27639
17487
18217
22364
20366
17773
16610
17213
17618
18673
17735
22966
31964
17516
15537
25593
15338
14663
13713
27321
35411
17756
14049
45098
15411
14649
18613
14511
14750
15690
13916
32360
15689
13914
17787
19381
15420
15917
16783
15789
22028
18935
18537
20784
15397
16772
18491
28626
16699
20540
15312
15593
16426
13869
19694
21673
19040
20540
16555
15175
14825
14416
14613
12934
16504
14244
14406
14626
22068
34901
15483
13716
31052
14267
15679
21675
19230
14268
16261
15025
14990
18184
16376
15061
21364
15541
13998
19781
14352
21946
19564
26987
15382
15636
13809
19826
19095
16007
16656
15857
16090
19720
20482
17024
21077
17050
21055
22529
14546
13607
24794
15320
22559
19566
25491
18284
17896
15944
18853
14279
19319
19382
15227
22598
16642
15703
14269
15928
16384
22160
14993
22013
26500
13211
17457
14900
17500
15498
25044
13861
18223
21673
23030
14502
17705
21858
17487
16861
14040
13274
14862
14494
16025
12831
13434
18918
17354
20747
30729
15512
16507
16248
13972
15903
15935
17707
16416
32595
17226
16975
31892
16609
13951
18738
20587
24143
17261
14880
28827
20514
20711
16833
15173
16687
15334
15619
18004
51225
19978
18456
14501
38242
36340
17011
15786
20121
18575
17818
16358
25997
14530
15833
15729
17984
21172
20859
19452
23013
17756
46671
23765
16695
16786
18412
23555
22387
17313
15488
33284
29181
15539
27831
37250
26570
21214
15729
13438
16913
41085
35528
30603
15534
18235
14730
19897
19594
34525
17435
15647
17402
15218
27737
22611
13229
22120
14135
14927
23500
16824
15112
18613
14885
19349
16012
15782
24378
16594
15678
14195
24888
17449
17580
23067
16447
22078
22499
32096
26924
17861
14809
20728
25824
17222
16856
17473
23343
28291
17971
13558
16540
18155
15503
17304
18809
28262
16180
14208
19003
25583
16350
17190
14677
16729
15161
18847
28994
16553
15769
17283
20595
14293
44699
14602
20631
20905
14860
19504
17224
22681
33458
15161
17854
18879
14889
17700
21859
23285
14196
19552
17292
19645
14041
16875
18885
19559
28606
20237
15728
20057
15179
21366
13473
15451
13877
45225
16839
14818
22661
21204
36309
17395
28506
21751
12790
18558
19152
15126
19418
28079
16373
14668
24481
17511
13520
21292
22819
14618
15633
14597
15446
17020
15011
20190
28285
17784
22710
15706
17220
18015
17303
15190
19276
17691
20547
19132
14798
18087
14404
16222
14980
22036
34832
18990
23212
29688
31916
14638
15634
15412
17405
17803
16446
17148
31814
28191
12672
21582
15815
16675
13850
19510
12775
24742
29547
16781
14782
15501
16449
16538
15118
16685
26954
17863
14608
20530
12855
22120
17826
16818
21128
16531
14863
18160
15661
15818
17556
24245
15842
15623
14723
23477
15318
12982
19009
22086
18333
19649
15150
15311
16037
13777
15395
14398
13803
16437
13651
19590
17615
14485
25855
17293
18959
17706
24855
13154
16140
14891
14481
14624
16804
20817
18418
15350
17656
16859
12490
16646
14435
16794
17745
17473
18082
15990
28723
49982
15750
14181
14099
22131
22509
41963
14171
17762
24931
19693
13477
18188
15679
20274
16766
42505
15043
15627
14814
17280
22103
14631
20429
17786
22341
14138
14453
15289
20065
50094
53138
15259
13415
14916
15700
15772
16906
17498
16217
16532
19536
15148
38033
15562
19671
27997
14272
18822
18592
24534
18460
14267
16586
18428
16654
22935
33387
20288
16899
31202
14212
19900
14161
26844
17402
18468
21889
18738
15283
21408
14824
18241
13755
25052
17619
17390
29400
17013
19452
16722
17352
19216
27958
25441
19330
23223
39765
18590
17811
30798
13239
17262
16674
19820
14530
16329
21890
15760
21275
14666
14817
16284
16411
15228
16599
17995
17730
14199
23422
15790
21306
16613
30048
17934
16060
16414
17615
23747
14677
15977
21937
32555
17675
16732
17677
28251
18238
16482
16329
16997
14664
24593
13888
18223
27345
16935
19987
19295
21737
24652
28641
26095
52383
29284
22406
15112
20797
14411
16117
22286
16751
15631
18716
18777
18053
26168
15598
13700
24354
18438
17795
17115
30023
36157
19375
15517
20700
23600
16293
16089
26760
14790
16458
16031
17145
22003
20031
16685
17633
17470
21782
15667
14734
14198
33030
24219
16393
15142
18443
27876
21404
20119
15359
16816
18443
19646
14260
16940
22482
18536
18829
22444
15364
18079
26160
19900
21319
21985
14109
18539
19473
14410
16411
16606
23475
15085
16502
21096
16291
16059
19559
35279
15093
27595
18945
14545
16216
16440
17764
16855
21480
14956
29842
14377
14156
18701
16179
15765
17800
15682
14187
23863
15364
15715
13897
22912
13315
27506
15534
18940
14779
14236
16020
24149
19581
20451
23360
14916
20451
14531
14938
17272
17851
17105
15499
25984
19530
14923
20743
20597
15147
15354
18384
13248
17392
25011
23032
21240
19082
14202
45875
18482
14219
21944
15974
42767
14573
16214
19746
14452
22549
13263
14289
21689
17113
14222
13056
17303
13908
14181
14692
15242
27499
16138
37390
15558
14452
15236
15942
21055
34862
17230
17467
17459
15634
19409
15508
17438
21029
16351
15206
15411
15786
16632
24363
16780
14843
19662
16054
15085
24976
16520
24653
15373
16989
27651
17027
15122
21355
16063
19615
22452
19485
15879
15136
13325
23716
27845
15658
13754
14376
26774
14336
22707
22457
19578
21393
17392
17081
14611
13554
15498
14086
15955
14924
15090
19812
13673
16827
17194
18360
14824
26643
19788
15644
19544
18860
16486
19155
25447
26507
24394
18650
20988
21585
26967
16051
20318
26165
18876
14424
13702
16530
21555
27140
18008
19994
15982
19144
20182
21241
15901
16954
16596
14493
16480
20684
22942
26583
26836
28844
18716
14354
16157
17377
13022
13296
17859
15226
28523
19800
20821
21181
14104
12559
19145
15188
19788
18874
30191
24685
21423
17304
18544
15739
23734
33360
23656
14371
19987
17049
15443
17773
15280
14896
14562
14951
20052
19205
20333
31902
22499
20695
16170
19070
22122
17894
23603
17369
20787
16098
19053
19847
24103
28317
14935
17818
23317
16739
20661
23859
26842
53696
16601
15269
26429
25603
21891
22380
16574
17055
17420
20333
15760
18663
16041
15338
16257
18843
14995
14888
17908
14490
16075
16905
18049
14876
19947
17274
18363
16700
17348
21166
14926
14935
17408
20923
22110
17162
14935
16813
20854
19866
15002
15136
14982
14472
13792
18807
14574
18920
14633
20533
14317
15236
14599
18398
19964
21020
19304
21551
25530
15829
24884
16451
14465
27516
14852
18387
16356
24411
18372
22195
16424
18290
17596
14806
15268
14422
17714
16897
16362
14256
15612
28895
15168
14827
14255
18008
14027
14242
20457
23040
27456
20354
23304
27955
25247
15651
15409
32326
18745
17107
14127
15451
15688
17102
14021
15445
26491
17602
17221
14260
16631
15333
16351
51557
16640
16616
21842
13045
21016
16486
14205
15404
15558
21289
14655
13976
19825
14129
19211
20017
19715
23806
16941
14393
24528
14899
16903
15823
21904
14315
18833
14949
23007
15309
19618
20963
16988
19435
18079
15734
13769
16186
14510
24234
13943
16866
24901
19396
14776
24000
14727
19747
15772
23745
14589
14162
18610
22662
14490
23969
17620
16594
20889
16481
15822
46413
31125
30456
14857
22031
19826
12249
15580
17525
17289
18516
20770
23402
23527
15186
13513
21002
42916
16376
26179
26585
14846
33091
23587
18930
14126
63745
15856
17240
18567
16362
14530
13408
21279
28538
21443
23872
19037
16677
16617
20226
14820
16860
18932
15278
24572
33203
15783
16030
25379
34362
20619
16603
27131
19752
17045
17661
16554
16657
22210
33842
19393
14503
15947
17323
21149
19715
15274
14372
19145
15874
20850
26387
19049
15800
16356
14729
25383
15815
14542
14596
13393
20519
15039
20862
36391
26671
25097
18129
25514
60369
13753
30820
16953
17864
15688
26448
15760
20984
15578
18253
19586
17510
16429
21837
27871
23173
14505
19459
14211
21108
16434
15551
27459
12964
23219
15601
13730
16759
14576
15695
14218
13723
19195
18062
18317
18923
17904
21788
24113
29600
14245
18053
16722
14297
15089
21925
26174
16435
16586
37761
19061
11946
19461
15863
13590
26106
13734
14281
20005
12952
17364
24921
17977
29812
18742
15902
16652
14902
16979
16049
15934
36995
19344
15259
14419
16846
17624
21830
17347
16744
15136
25020
22603
17048
26722
21255
16002
14434
15077
28860
17120
16021
21599
15886
25012
20403
19304
14354
13895
15494
14680
36510
14369
17870
21678
21728
14800
16191
14380
14766
35641
15417
15387
18820
22015
14594
14514
15562
15608
15011
18538
17674
25874
31059
17090
21400
17400
15441
15908
18271
15742
19435
15956
15617
16651
17367
15324
16927
14993
16302
14176
15653
17643
31639
13762
19173
30734
17264
17813
23759
21224
19113
24510
13799
34959
16143
25610
27705
13420
18023
13962
25502
18008
19008
18974
33282
14474
20257
14796
15494
17118
18389
14887
16494
15539
20067
17855
19506
14438
27096
13308
17362
23191
15998
21160
17563
15516
18882
27242
30685
19103
21309
16242
16769
26912
14930
24820
15983
22937
24278
16932
27057
15803
13757
14017
19187
14971
17541
25384
21402
13538
13225
15313
20147
16859
13259
14338
15399
14378
23855
14488
15564
15580
21835
14144
16385
26763
20400
19383
20123
16038
14735
16481
15501
26868
16202
38006
18722
19128
28433
16410
15208
22825
16991
17115
26755
21810
23562
17547
25275
15498
22528
19666
18835
16991
18720
15283
14536
16088
15452
26796
16564
24539
36050
17094
17310
18517
17053
15075
17914
32935
14126
16097
15844
14076
18659
15451
18627
15906
17085
14656
19498
15080
14764
14366
14006
13905
43198
14065
22059
34383
15781
16141
14215
18780
13451
14128
52064
28869
19647
16803
20275
28603
13833
22762
21818
13926
16940
15545
13166
13566
14686
17680
17045
20891
15269
16892
13383
21868
33063
13427
16971
13925
13039
16298
19390
13968
13723
13146
33813
18652
28830
23969
19699
22396
21750
13986
18399
20060
18190
14633
24868
16498
15067
16529
21461
15144
26922
20180
17545
15254
16071
20658
44667
15571
20290
17044
18709
18847
13825
16116
16480
14602
20402
14379
14966
24360
14800
18731
17592
14195
24112
19555
15316
15940
15992
16400
24956
32016
16037
18187
17899
16009
21108
17532
15060
21287
17583
16303
16319
16312
15805
23497
19839
25366
21175
32472
15782
21481
14076
20147
15861
15781
23679
24709
30537
34193
17034
14366
42178
30597
17364
15266
18511
15058
22185
19423
23523
15558
15963
17551
26258
24929
19867
14806
20070
17952
13811
15812
27411
14266
16231
17269
15701
20623
23981
14723
17561
21770
13887
16190
13992
15462
19339
18321
17725
16603
32268
16968
15715
16346
16449
16555
22883
17898
19452
16933
18180
23352
19487
27136
18182
17393
15323
16637
23888
19941
30532
47007
19212
14809
30350
14993
26491
15922
50615
15903
44977
16628
21821
16517
21020
15697
33531
23234
14981
16285
22111
33978
54527
15230
28113
20253
17905
50459
37834
17074
16332
22983
15316
26075
19281
21751
16961
22412
15628
14799
18136
23323
15033
17550
18374
16862
20811
21690
17418
20584
23007
21598
14906
16029
24283
15644
17367
16168
20606
20635
27160
44958
15619
16921
25985
20252
16917
22003
15810
16166
17635
14628
16359
18167
18308
18223
15512
14890
14772
14217
30077
15899
28933
18992
17445
13440
35880
17581
14499
17071
17594
20768
23705
17750
18323
25249
14592
15465
20590
13849
14496
37957
19545
17241
16292
14970
42786
23484
21085
31585
16086
15777
32090
17545
20426
15781
16313
18834
16257
19963
13416
16761
17967
32698
15411
20004
28161
19182
17220
23412
39272
25157
21735
26288
15444
18355
13927
19626
18707
13846
21799
19992
15667
18520
19123
15965
20016
15103
18367
14524
12948
22182
15956
20378
24356
16154
20807
13592
21464
22995
17477
26547
15511
17401
26283
39227
14924
14156
18198
21900
22257
15923
18321
17812
19895
17912
18893
28327
18421
16388
25278
28582
19694
22397
16237
19561
19545
18460
21708
17773
15912
22505
19386
24582
15828
20513
19345
22519
17050
17744
17009
16784
14718
18237
15349
22149
20252
19489
17780
37982
15882
19038
16416
30456
29137
41811
20035
25019
19856
20554
18913
13566
25667
18099
17463
22486
20172
28319
15647
19006
14240
17763
15521
15951
22374
15209
18524
14907
15482
18717
15692
17062
15776
30261
17915
16252
57819
47570
17437
19304
18663
19087
23740
18305
16919
17496
15244
15760
14095
15978
17169
36591
21090
16282
22666
16079
15556
30383
30034
18923
20331
15100
15671
16144
15683
15115
31260
14244
19967
16818
41726
15789
15900
14760
17777
35578
13770
15050
25597
36810
16204
27794
19804
14894
18879
18507
15298
17835
17796
18329
17338
14138
18143
17027
17007
25373
18819
30256
15033
15107
19352
20143
34765
15001
23449
19421
18922
17839
20302
19858
17817
17075
14518
31273
28728
18407
15580
15749
19474
58022
22102
26775
26759
18376
17166
26199
24639
18869
20994
18028
16644
21067
15247
17710
23413
20975
18161
31433
21870
23781
13856
18284
16653
14179
25670
18839
17661
31621
19354
15303
15928
15082
13139
13357
27112
21688
32110
64080
14097
17292
18307
28210
18123
16760
15671
14501
22325
22404
26320
24996
28198
35064
21485
16470
21566
16421
13875
21919
24007
47204
16510
16355
33034
15402
15038
17272
14546
22138
16364
19053
17696
16021
21455
18616
23496
19212
23746
19540
21180
30682
15882
15829
17481
27091
33732
13916
14979
16517
33237
13398
20325
16584
34055
17080
16566
26960
27661
13630
23344
18479
14892
17349
16147
22688
17920
15639
23260
17262
13094
15847
17437
20818
19058
15788
27490
47542
16303
41073
34019
16068
22150
14922
24066
23642
18321
17666
25040
16572
13930
17429
17599
14300
13929
23343
14854
19247
17323
19239
18381
13838
21004
13867
23199
16302
22128
13909
13906
16837
16516
16461
17115
37438
17498
25856
28186
17434
37059
16938
21415
31312
52973
22759
15700
13397
21739
26870
20424
29174
18873
19164
16838
14600
16684
16408
22162
35238
18470
30964
25206
17058
17416
22979
22943
14172
15692
42941
44284
32965
14961
14821
17632
38441
12450
23290
52107
17983
28505
22457
19375
22513
14999
13386
17497
16114
23827
16266
16188
16744
18215
20278
19666
17270
30565
15171
15745
17232
14635
18067
14525
32297
16404
27173
15431
18082
16824
26214
15199
16976
16589
21448
32292
25862
16727
15118
22753
14470
17787
17951
15022
22708
17213
14923
21003
25185
21739
20441
22976
13777
17298
16025
17280
14155
15083
14281
18508
17114
14596
17833
19808
13407
15471
23993
34889
22621
18319
20854
33613
34386
21863
20986
15217
17969
20359
20922
16779
20052
20820
13721
14045
23093
23648
21697
15436
15879
14251
14113
17495
13044
20159
22616
12922
15500
16227
15349
30975
45872
24169
35938
18977
17355
23094
18360
21868
15028
22895
24409
21591
60857
15990
19963
16761
14849
17688
16438
19178
17631
19519
15111
35361
14921
13721
17424
16181
14047
17994
17819
22943
26402
18487
21551
18315
29665
16284
17910
15169
19678
17908
13279
23539
23880
21908
18673
14864
24623
17008
25013
16633
19604
19071
12438
17852
15216
15485
17120
16220
20164
22146
35358
13958
15985
21178
26669
16437
16814
20290
15193
22157
26588
29040
20932
32499
18531
23582
14883
16748
15741
25238
24273
15446
23580
19904
20599
19226
24252
22100
38263
28674
24393
22777
18288
23145
14741
15730
35947
14466
17744
18518
14162
20271
14981
16725
19214
20496
15737
17027
33597
18107
16417
14689
15110
20185
16440
14182
36259
16575
16543
16387
20645
32572
16688
63540
66432
25380
15430
15754
12899
16793
16355
15023
17356
21396
23591
15168
14882
15877
21918
14927
13788
14010
14621
17417
19187
23174
22684
20367
15052
20905
15288
14034
17777
16094
20402
17546
14932
21114
27925
15508
17192
16887
15625
15709
16162
20647
25296
19154
17329
18157
15341
14916
13853
16687
26819
14422
18554
16406
26485
24502
22786
13983
15046
42462
20534
37123
15686
18566
15062
14566
15772
15675
15541
20062
15221
15377
30921
16218
23639
25547
14702
21473
20621
19588
19452
17565
20538
36738
15192
18271
23070
14883
223487
165450
14724
13528
16564
16585
16667
14503
17752
19674
15435
53825
16514
13758
18988
26191
13370
22025
16079
16706
13692
15201
17234
14528
27309
22528
27599
16733
18677
15093
25835
18636
26161
16533
18074
18919
18453
21121
14880
12975
15745
24454
21472
15224
16360
21272
15550
16130
25212
14249
26955
15045
14983
25522
17520
13509
13266
15359
20947
19608
23330
21975
15651
14695
15589
20134
35603
14867
20073
14335
25511
26003
19918
22362
13623
16934
20736
56636
15407
15214
14252
18993
20668
14125
14458
16725
17959
15686
17920
14993
17965
18430
14225
15034
14206
18492
13723
18993
15870
17705
18048
14944
19096
13986
17394
18394
17890
14408
13601
19105
19054
20640
18750
24425
24162
24316
15695
14906
14555
15024
24363
19874
17560
17781
14494
18138
14852
16453
20474
23322
17333
16243
20234
15584
14498
17749
15868
21046
13413
15308
14133
14446
24173
28674
60744
17060
24633
26109
12717
33755
14748
28632
20429
15270
15480
17526
18819
16663
18419
22120
19067
14403
16469
17617
19678
14080
14167
22859
34294
15883
16845
20847
21083
25830
23635
29441
17289
15351
15028
18107
16881
16801
35928
14902
22275
18516
16445
22004
14510
18651
22136
18721
35617
21955
24321
20371
17125
18525
21668
16039
15485
17493
15152
16433
16584
13884
18793
15554
22643
14708
22827
20617
18513
30534
17608
14941
14341
16234
15031
19436
24661
14824
16094
22870
22090
30717
14173
14810
15480
14386
13107
14858
19895
16888
14541
41378
14732
15252
19365
22806
15306
19768
32118
17008
21262
15015
20369
15071
17717
16799
20363
17047
15448
20641
20319
15632
18056
15772
19078
17580
21660
54260
16343
14823
14906
16645
14569
19192
27780
41971
13866
16699
27487
14454
32030
14184
23414
17040
16553
18593
25497
15180
26096
14100
17190
22222
29846
12110
23562
25136
18201
35307
20743
20884
14017
13118
26573
14502
13464
31762
17023
15834
22865
13702
31325
14569
20365
19619
18864
14961
15527
14675
41830
15912
16544
13675
16542
27877
28691
32496
17381
14373
13040
17482
24984
34963
20251
18143
21520
25902
15758
22064
15609
14494
20879
43816
18412
27356
14512
14044
16719
14945
20946
16679
15249
16654
16955
15739
19274
15529
16181
15272
16203
14766
16872
36210
15161
27209
13598
21443
13699
14699
16011
15259
15499
13404
28688
32543
12485
16343
17048
18017
14861
12461
15727
18335
20419
34204
22152
25964
23545
14882
16846
30103
25835
16792
17515
13724
19657
16699
18845
14142
15316
18101
18616
25572
27958
18052
13077
15692
26889
16105
21206
16340
26173
14170
20486
26402
17530
20214
35145
15569
25031
20112
22167
20479
18539
16669
14481
19367
13482
25004
15760
20828
16018
16106
17290
14022
18893
13761
16367
15403
17771
25915
23173
23169
16605
22595
18914
15384
19533
16857
15663
18313
17046
16396
24581
17087
26358
15772
24518
17237
14208
20235
17875
13908
15301
17865
20176
15441
21005
20945
16418
22056
13982
17693
13799
15029
17779
20217
25738
21057
16981
32986
25413
16476
14769
17884
21417
20507
16216
19778
16288
19357
17878
19104
14885
18432
14546
14323
15340
15675
15109
25021
14371
22767
15490
35807
18070
16441
14830
21221
42421
15686
13938
17032
22336
18592
18116
15608
19425
16328
15471
23858
17978
20349
29083
21919
16280
17806
18935
27127
18958
14741
17570
18231
15767
28695
16338
20991
22768
14371
17542
20170
25150
16868
21547
21766
20169
16493
19756
21994
14439
17205
16348
18361
16706
19233
31808
16907
17574
39876
15355
15693
18365
23759
25267
23548
19550
14079
14319
17502
28843
33913
17084
20146
22606
21698
17818
23397
14321
14823
21345
14949
17258
17790
14902
18536
19603
14376
16330
19247
19020
18806
15226
20016
15427
16719
19363
20474
16153
15777
24592
20619
29080
19935
13557
21101
16183
21445
16543
18010
13770
18207
17929
18706
18631
28820
16148
27607
20327
27593
17852
20896
22098
22440
30782
22480
15159
17653
17804
16962
39366
17615
17327
16578
22231
17232
24475
30910
17098
15210
19790
29596
13542
19970
18037
15856
15507
23855
15545
14483
15991
18178
24504
17171
18909
14323
14905
15776
24357
15240
18919
17910
16632
13859
21526
19463
20870
15817
20313
15084
21994
20154
19363
14788
16507
14596
15166
19313
15309
20000
17487
15245
19564
18075
18387
28026
16345
18001
14954
18571
18553
15073
21204
15264
17708
34911
24847
16518
19308
17583
17398
14954
14795
15835
14948
15164
20886
13722
29679
40433
17309
13573
19156
15078
22622
14407
14237
16833
18776
18524
15907
31770
19403
17680
19497
15634
17954
26420
18593
16971
30289
23457
17645
17133
19961
17379
14356
28928
22975
15898
23870
16700
15834
19670
18939
15327
15255
17793
16329
15045
15049
16106
17942
16610
16838
36228
21862
19747
31463
17252
13746
16087
18568
15087
15356
17317
16499
30341
26007
22781
21787
15359
14853
17474
19568
15029
14724
12933
15631
13899
27192
41468
51630
13977
17404
25211
15008
20750
25465
16069
15130
19969
28291
17174
15979
22724
22834
16029
24229
23483
17520
15442
18381
18726
14620
17515
26625
29522
29218
18493
16927
19005
22710
22879
15541
60680
21724
36660
14651
22340
16688
16237
18328
17539
17570
18227
14594
20525
17350
13092
14951
29915
15150
15598
16637
15075
17117
19605
24203
25234
30881
15097
16227
15903
52343
16824
16693
13966
27280
22075
34324
37719
15908
15427
13779
24258
16993
18086
20243
18422
17529
14765
20744
18310
24060
14133
13835
15048
24476
25387
35375
16874
19081
16713
16267
21911
18238
35379
15976
15355
16791
23395
12893
19409
18457
21098
19085
26165
14999
15298
14949
30893
24173
16545
12935
17165
16175
22570
17508
23126
13281
19312
18167
16235
17245
28590
48319
39375
18708
29119
16498
30053
16148
16263
16586
23933
33340
17994
27462
37127
37906
14073
13455
17052
20438
22335
19114
17473
22432
17009
16481
16060
15567
22194
27021
14583
12679
16473
29807
21423
17744
31854
20165
17933
22137
31575
14572
14908
19352
17640
26368
23128
19815
18630
15284
14396
18794
22685
19771
22655
17618
18329
24190
19999
18011
17979
13296
32579
25524
30292
14512
22214
15149
26145
22593
14759
15543
19503
17274
14680
15769
26833
15454
18856
16272
19665
18814
14714
18775
17005
18395
14974
27004
25590
13372
22686
17619
26491
14400
13917
25126
38752
28363
20420
15856
19304
17913
16932
14844
13866
14403
25588
26680
34412
13351
28898
26634
14801
20339
15167
17169
13917
15515
19426
17515
15275
14737
16554
18391
21010
18617
14733
17038
23744
15863
14537
17681
15895
23514
15769
14058
24264
39109
18507
27527
14771
20175
15140
15561
25280
16791
19219
26446
13159
16033
20100
24125
19353
13361
27311
13935
17533
15656
28853
19387
13994
15856
25761
22731
20306
16143
16457
18870
14474
15934
14737
27024
14399
14422
15802
14210
25895
20593
21098
21867
17494
15952
29498
15203
33265
14864
24979
17225
29055
13647
18498
17689
15658
16056
17557
16734
14450
14424
15996
14423
19647
15629
23763
14388
14417
17462
14767
14967
15512
14315
29664
17484
14553
18839
18173
22303
19960
18915
20813
23702
20334
14771
19856
16887
32074
18065
17210
20962
13569
18168
15854
16231
20199
21603
16490
13162
19358
35425
40617
22432
36176
16484
14639
17649
13517
15666
20735
28783
30779
29116
17318
16866
13159
15397
18557
28790
28171
17495
16062
16025
23302
22127
15636
28809
18499
14585
19216
29765
18500
25129
18253
22043
47157
31485
16026
20491
20175
18108
35790
22099
14092
15502
16377
19893
15221
16350
26808
24006
16827
19083
15892
15057
20604
15392
24799
16575
21001
17078
15371
15040
13907
18763
14977
18055
34423
17687
14624
24444
17948
14481
28852
19581
14595
15900
16600
20363
17976
15907
21735
16646
27120
15263
18688
14438
20930
15227
16555
14272
17666
16907
15108
14499
22663
32189
18460
23398
19804
14334
17764
26417
24018
15020
25425
16262
22643
26156
19740
22100
13457
18883
14820
14402
14863
17592
16343
21012
20069
17912
14943
27644
16217
22623
17954
15021
28980
24846
17329
14212
17041
20649
14829
16260
14890
15653
20898
13109
29246
18237
13641
15967
16107
16909
14381
18983
16124
26928
19987
25315
22939
15037
29752
16585
18756
17055
16730
16772
14040
14876
28436
19621
20146
16713
14811
16060
15470
18253
19424
20969
20430
16397
17528
24887
25928
16053
15081
18338
19232
24831
14603
15031
13734
15218
19014
16394
14754
30171
18905
24275
17553
14894
34231
14712
17166
13808
14821
15914
17101
16615
19642
36085
18080
20758
16020
14413
20140
19055
34392
16355
14800
17329
22352
14075
18287
21646
36958
17190
13865
21449
15377
25372
28175
15082
15209
25291
16684
17083
15956
19000
21124
13515
16098
17705
16933
19029
20415
24858
26770
16521
24422
16638
13633
18584
13924
18958
25526
13782
20417
15439
20849
19084
20302
16256
21206
20442
17644
14517
16421
20072
16001
20632
15065
22569
20226
14040
23356
14002
15815
16394
25704
13327
14815
16757
13643
19318
19833
21354
16036
13600
15047
17635
13878
15736
13830
33126
14370
19401
17826
13642
15340
15639
14088
15342
14435
16754
20459
23761
15617
67519
80509
24335
18926
16622
14345
16560
12923
15284
24463
15654
26037
19580
15796
19243
32151
18762
14754
17941
21760
18829
19067
21924
13206
29409
16352
21688
19871
