35606
20144
27082
23244
18614
22265
17426
21024
18115
14842
20936
14444
21801
27761
28698
26839
22292
19006
15559
17128
19938
19376
18471
15519
19948
26713
30676
21993
14396
17901
12783
17566
17817
14251
21828
23739
18354
17166
24688
32622
24869
31664
25593
13193
17691
15916
14759
17827
12465
15852
15899
20901
15059
24673
20498
17657
23457
13955
21774
19046
16645
19242
17832
14082
13995
17543
37420
17098
25140
20894
16496
26065
13775
19057
22848
29327
28238
15807
19380
28716
19971
16697
23432
18215
19060
19023
14566
19818
19687
21321
14695
22552
31989
35554
19178
27205
22447
21551
14247
16622
18128
17008
34319
18616
28556
21578
15057
49509
16068
22666
16122
19025
15012
19055
20696
23814
14663
16224
17252
22160
13965
13128
16474
14934
14104
18713
20035
14161
15270
14408
16802
14443
17279
19772
19933
14612
19339
23313
31907
15286
15694
14948
17262
20520
13424
13576
24844
34143
16248
16984
20427
21337
19724
25356
21742
17297
23756
14638
16238
15077
29986
40904
15373
15988
20455
19014
18991
18367
24777
15080
14888
14885
17005
12588
22750
16460
15945
30865
13472
20992
18028
17071
15213
17367
21087
26896
27427
25589
23637
33283
18480
14754
13419
30820
14548
14922
19519
17809
27973
37402
17154
14088
19975
15249
25372
17859
16133
15981
17989
15940
15598
24886
44518
17844
21088
21087
15967
13047
19812
16642
17035
13869
17189
27339
21937
14858
14560
19247
21031
15604
13532
19671
13265
15538
16682
19816
40269
26547
18074
14513
19298
18306
15104
16580
33985
16734
27706
23810
20793
12566
16677
15096
15326
18386
14033
14769
14339
14628
15673
17795
35854
15109
18833
14265
16256
43482
18775
15526
17970
20665
13166
17925
14702
15589
15739
25446
23150
13956
20423
20566
13505
15051
15968
16488
16595
15540
16609
15931
14788
19350
18794
13629
23769
19007
33740
18430
17936
31850
15779
15996
14172
18830
19648
22605
15980
16234
35514
16638
18375
17811
30359
17557
18290
16081
19618
15912
22398
19061
16816
14706
16233
15966
20540
16045
15757
16377
17005
20892
15521
18881
21623
25561
32843
16947
16817
17761
17347
16370
13577
19473
25705
13373
15718
15854
22562
16508
21988
23672
25031
16614
17137
17362
18070
15133
21993
14378
14490
23582
14669
16699
14928
21407
14928
29657
16562
18378
13832
26241
15048
22235
22215
14847
24056
15813
21413
22914
17843
16589
17127
19682
19858
15932
16331
20568
22182
13570
26654
14892
16467
12589
31087
19680
24440
20448
18503
13596
17298
17307
22792
17722
26665
17836
19405
23737
29079
19021
15707
44548
15378
16174
16880
13582
16573
15599
14840
16869
34414
22531
14281
21858
23913
15863
32130
27000
15803
17280
16691
16400
26929
17489
16860
20275
21658
20550
16536
18052
18622
31775
15539
14707
21620
22968
16437
18896
13676
16720
37420
22449
19196
15784
16940
14720
16702
14695
26829
17319
40579
16149
24985
30109
17868
14328
20894
16212
31186
16690
16832
20297
14510
16490
13045
17084
19243
26900
18525
16804
14733
13208
18347
16588
14477
20208
16232
20140
22015
22637
15727
13297
19310
13653
20927
17193
19464
14403
14366
16632
19277
15840
15762
18634
17004
19459
16784
17133
13340
16693
14166
16232
18861
15657
17228
16447
18093
15980
32728
14251
25628
22054
18929
16222
12920
17027
25341
19146
14933
17538
19325
28940
19585
17206
17985
21172
16064
14749
16904
29970
21027
17326
16522
18208
15257
17596
13275
13646
13519
12172
22085
21489
25137
18223
14523
20529
13313
18785
16567
37144
20510
25625
14409
14854
26137
15911
17019
18008
15991
16431
15635
17713
16305
20453
43607
15337
20407
14278
18351
21856
21891
15584
13655
15808
14517
28166
26943
21080
16468
14803
13750
15018
15515
15988
20628
17664
14952
16650
15084
13661
20828
14839
13355
16741
15457
16784
17848
16165
13558
39267
44849
18038
21046
21490
15344
28199
18420
18671
45207
70031
24247
17061
23455
26221
15476
18656
18157
13711
14380
18612
17782
17813
17266
17637
17996
18735
19266
14410
19941
16978
25382
13808
18701
21396
13359
14275
14822
15731
22704
15331
15496
21431
19263
14849
17947
14108
14592
20006
19716
20596
14852
13743
17127
13749
14307
12748
15229
12644
16611
25211
22204
20203
24947
36105
52260
17418
16778
16773
28944
14472
14942
20592
21967
15965
15814
14957
16021
16156
15428
19404
20408
17786
19691
15414
15122
15407
24868
26077
21348
22010
23521
13631
13946
23961
17672
28182
13377
16446
17806
21361
12572
24426
14830
14017
27687
27028
14571
14322
45706
19690
14923
15754
13336
16034
22345
13336
15741
17481
20355
17639
12987
13248
14865
13955
14288
15577
19680
14995
16480
21236
15079
17813
20717
19432
15172
18232
14218
30088
26042
20213
18872
15858
25696
19195
19488
14111
18776
13274
13436
15069
16099
14991
23235
16784
14489
15591
14346
16035
32233
12513
13282
13980
19157
17498
17098
25990
35178
16297
15143
17287
13958
15220
21455
19206
23019
14647
47209
14704
16119
24844
40226
14660
15929
25918
17375
16487
13788
23149
20968
13614
15146
15978
32822
35605
15658
20211
15302
15077
18359
14544
12811
27033
18135
17488
30060
15633
25702
14031
26493
16534
14899
15793
16794
13515
24323
16498
17935
27857
19971
29973
22246
28820
15357
19788
22242
19529
17182
15927
17566
27675
20050
15221
13574
17087
18219
15702
23902
15799
20317
33756
18416
17903
20036
16535
14618
19355
15628
20950
23105
23833
21779
16249
17828
22695
29439
18926
16187
16356
15025
26951
13715
16068
18732
17682
14984
15122
20579
17639
18577
15060
22276
16560
15548
24751
14300
31946
20015
17535
18829
19302
16413
20535
27215
19034
20036
15064
45280
16437
15279
16751
18125
14602
24333
22132
16421
32514
27066
15769
22453
31461
20263
16374
14796
15939
17645
15596
15520
26682
15829
17522
16986
19152
16677
22934
22573
17992
12425
14007
15017
32930
18434
16840
22918
18763
13800
25397
17729
26594
16024
13608
27131
22920
16807
21523
17957
22100
27151
13928
15738
19122
40134
25764
30017
22280
23182
18781
26927
17463
20888
15844
16610
18437
19520
16717
14542
17782
14107
18458
15363
14173
30150
14029
15501
19711
15845
16512
18905
15722
26657
19458
15532
16432
21140
14540
14362
28490
16379
22830
15054
15587
19751
15138
21591
18775
13792
14039
14211
16112
27987
14516
14717
14990
19214
31264
17973
14817
40833
23457
18621
26411
20823
13999
14773
20268
18206
22942
12944
23445
15911
14981
15705
17638
16686
15070
18117
20489
16206
29807
18039
14319
18005
41712
14823
28152
20718
33798
23232
15561
20463
16234
14504
23535
33473
24388
31922
44329
30285
15289
18384
14845
18769
22415
13740
13643
14539
30933
19139
15586
17055
14507
14701
15007
18683
16970
14181
19553
15137
18603
15113
18434
20506
15086
15610
29757
18898
16592
18636
20918
18727
19125
18103
27921
13996
14778
14315
14952
16229
15393
14832
19046
18741
28217
16471
15771
37886
13014
51945
19443
14871
19271
16958
13754
14972
19237
14979
21084
19140
28891
36409
17624
22146
14634
17698
18959
17981
18107
15339
13650
16806
13441
15802
15002
17934
14942
15488
15315
22274
24159
22736
14114
15962
15595
16116
14962
21989
20434
21918
17960
16800
19204
14322
18842
16200
67948
15373
13174
14116
22798
16833
15943
17139
14484
17826
16787
21478
16326
14611
16755
15613
24388
14698
32027
14949
16540
17677
15488
18487
16470
21394
15186
14877
15357
27555
15730
18157
14210
19618
25537
13862
28977
29022
17732
16493
17623
27272
15690
25843
45081
16745
23407
14280
19420
28780
17542
15535
22469
24995
14340
14272
13722
16958
14730
17696
13917
27599
14166
14902
14386
14928
33646
13800
37188
15843
24487
43131
32113
36911
16474
17940
14851
15029
19936
20260
20154
24308
22517
17811
15509
20993
12917
16876
26466
18483
24195
21301
22670
16435
24690
15650
19390
19023
15794
24905
16285
15512
15356
16306
16843
22728
27187
16067
35694
36619
16563
21423
18026
38458
15325
15621
27831
39759
22420
18384
23111
23936
27533
14602
14534
17206
13940
14005
14200
15669
17519
19083
33456
14652
23503
38742
17444
16346
21565
13878
20321
41219
25243
13117
17888
14363
18618
15726
15652
16788
15823
16332
21984
17592
22784
18244
24778
14722
21531
16449
14608
16467
16117
16688
22140
20467
13680
14584
17317
14785
18855
14659
13467
18768
16427
15704
15965
16835
15773
15187
18141
16452
18428
18109
30229
19517
15072
14859
15348
25067
16000
24916
17516
20223
24101
16568
27426
26659
15048
16287
20821
24623
27869
15081
16891
26460
15630
17440
14873
14614
17691
17497
15256
15386
23770
18872
26120
22496
16462
17070
15053
25820
17022
23751
19181
16847
18507
26698
14560
16868
17423
15029
14733
14074
16243
16989
20836
18878
15433
16134
15443
15441
25109
24374
18421
17496
16750
16186
15610
16885
49630
13616
30779
18731
14636
42710
16356
15517
14537
13553
46481
63521
19694
21846
18128
14193
15469
18288
24795
17175
16939
21306
16064
14886
23351
23307
27712
14104
17043
16035
20388
28439
45674
17309
31539
33325
13577
21852
19630
39425
13112
16229
13920
14619
17375
17701
15014
14187
28584
21835
17064
20687
13832
23920
14683
15672
15077
22974
16290
13861
15751
25605
22999
18979
22873
19997
15070
16443
33452
24585
16177
27191
16340
14552
23501
16887
15362
22497
17016
15151
21295
18244
24313
16790
15458
14955
14012
16787
15839
22273
15632
17309
13649
15621
16335
23069
14622
14884
16749
16547
16562
18780
19382
16114
17709
21837
18280
17414
17849
23014
20899
32745
44728
16721
19098
18789
15190
15819
14678
14272
16469
14106
16067
28145
29235
18281
14405
19942
17535
20065
13833
18502
14889
16595
19520
30944
37043
20642
17252
23697
18399
17441
20844
13823
19333
17372
20030
19770
20886
35890
22669
18517
16441
15578
17897
14126
15358
18476
14364
24421
14940
17230
16984
15313
16282
25384
18945
23197
13366
16835
15917
21066
19625
14753
16806
18015
27885
16139
24477
31688
28039
21613
19188
22897
18258
33104
38009
15180
15229
15144
22887
14444
15128
18887
23934
14922
16369
25659
18759
29035
15445
13789
13498
14026
15328
14955
18878
20527
27164
17513
16512
18557
16662
14839
14894
17908
21319
17135
24162
17307
18011
16296
20925
16093
16951
13481
17356
15546
31922
19133
14911
15290
22705
18567
14403
13296
29382
38217
17702
14130
12765
20671
14005
15259
33539
19845
18904
19090
15315
14939
15510
21863
19793
20142
14355
21784
13805
16170
17264
15117
14009
16674
25757
22155
16508
25142
15772
17472
14000
21289
17806
22637
14755
13250
14611
21063
17388
19711
21261
16702
14320
12389
14784
15495
15036
18005
14503
12858
14277
18517
45935
19031
15568
14828
13928
13422
14134
24249
17746
17056
16529
21841
18491
23605
20616
16746
14496
23003
27698
27027
21710
14344
14025
15880
22935
15231
30805
28224
14699
17089
19550
14780
15555
23523
27353
14762
19192
18361
13407
14307
17237
34153
20190
17350
13808
18548
15272
13599
13874
15411
18488
20524
19394
17295
15880
22197
13526
13440
19286
12763
14311
15500
19579
24769
20436
16388
34401
13906
41504
15533
13607
24428
13377
13689
15685
24771
15432
14916
16905
28423
32554
23147
17339
20765
16545
22257
16241
17517
20843
20440
20233
14985
20648
22202
16797
16712
20216
19272
29956
24191
17370
18564
16719
38474
13436
21320
18380
20522
28167
17800
13893
18451
15409
18955
20691
19571
13578
20540
15959
14254
15622
14454
14158
25583
15772
16432
31258
14467
15691
14326
16895
18251
20848
15798
14822
15946
12858
17006
14206
14998
18294
16094
28570
18027
19440
30587
22400
16470
14429
18201
19316
16388
15634
20813
16676
16324
15915
14604
14923
22702
17010
27679
17955
23349
14113
18440
26585
22141
14316
14078
22433
46944
15434
14251
15775
15590
15021
15043
17388
21770
28818
16263
24022
41812
29758
19418
17874
16402
20724
15202
15496
26327
18451
15848
15885
16188
34399
16843
32257
29258
14091
14064
13955
25066
16042
13137
15032
15914
20036
14081
14628
25510
23042
14224
15473
16856
16755
14847
26832
30147
15373
16516
14260
32282
38638
15225
24936
34800
47696
19280
13708
16124
13716
36688
15675
14591
18237
32753
21851
17870
15870
31728
17976
19336
16821
13624
18644
38705
34101
30736
17399
14972
19798
15407
16643
24283
18800
17274
17765
13001
18530
22562
15575
19787
28322
18558
19203
22679
16881
17721
19329
21211
28893
17885
14724
14885
18233
25667
15673
28441
13721
15507
13426
23007
14949
15369
20335
21284
32981
20113
22347
28622
13750
24685
17943
20856
43042
18559
15430
24367
24999
20112
19954
19161
18061
14547
15693
14988
18098
16611
17817
21021
29236
18917
15223
20605
16757
18696
30037
27813
17518
25117
13731
15731
16223
22050
14701
18353
15996
15076
20152
28574
30986
15416
24521
14388
23361
14233
14268
15551
17610
14112
18213
16649
21283
14366
19411
16858
16445
14809
17376
17581
34517
14647
13606
14145
15913
27977
12933
16104
13999
31583
33689
16961
14777
13284
13081
23354
13816
24474
22018
13214
23319
16048
17627
15918
20502
17020
17956
14901
17808
16542
16203
16705
24211
23225
15403
18639
17828
18630
25936
30975
19986
17403
27077
22649
23378
38338
19922
21868
20932
28572
22788
14952
17833
17465
18849
17310
20828
16234
16516
14892
15080
19769
21406
15120
19324
16388
17326
14263
20576
18483
33080
16434
16737
24605
22216
37159
14641
14422
18182
14804
16531
26893
17013
15484
14352
19106
17117
16194
19301
21876
17310
16615
15493
18949
18685
13310
19936
16731
20917
24886
17733
14436
16508
28428
13784
15785
23647
17291
14862
31375
21782
22514
22628
17543
16163
16294
21494
16541
19369
14437
25471
14501
24062
16714
20340
21479
16319
17370
17016
24628
40736
15707
19506
21214
29024
24799
21800
18196
49015
21217
64185
19956
20497
15563
13365
20125
15560
21650
14317
11412
14872
41464
15303
20260
15204
14834
16591
23757
18758
14111
23063
19252
16311
46019
15058
17795
14502
14105
13929
15407
13402
14047
21407
19211
13880
15811
14566
19281
16729
15472
17235
15808
13843
17674
16483
18365
19316
17394
17300
12590
14592
16272
19821
15514
28937
27207
31264
19990
16618
22437
14611
16939
15538
16436
16241
19159
14299
19608
19817
17014
18765
17245
16345
26194
17740
36996
15105
23615
22835
18512
14896
19541
21037
14476
13933
13815
14332
14904
28008
27598
16599
40514
43005
20833
14486
13502
14163
14595
18223
29120
16744
15938
16981
25541
20981
15840
26144
12850
15382
31686
13509
19301
14257
21134
14079
27080
13829
23641
18673
22528
37423
22888
40848
17831
35146
15722
16836
22008
24317
16007
17562
24381
26772
18223
15923
23961
25709
22874
32302
20460
14927
23353
23754
27523
19887
14619
22305
22665
17700
14913
19783
20128
20001
33457
20603
15448
19232
37421
19981
21805
15637
14954
35907
15368
14246
24268
18084
14851
17489
24725
21042
26812
15892
15524
40054
26645
16137
17233
17562
14848
15323
22367
20126
33587
15382
21522
25566
20227
14716
24363
20430
33315
24131
20804
18217
14332
21452
15370
15967
16436
22558
27202
16794
21508
21821
25608
17898
17267
20434
17578
15106
14369
18425
18043
16745
23682
22388
19590
14553
21625
22271
17937
16279
19335
16057
16255
13270
21318
17232
33875
16911
16686
23912
18667
14867
21192
14444
22293
13167
14921
19699
27361
15329
27565
42248
20044
21199
15697
14279
22646
17306
14530
24945
16375
14424
16405
14916
21600
16327
24978
14237
14634
16772
27723
22256
17704
16085
18942
12937
26623
14291
20383
33530
27595
22938
20293
16061
14029
28828
26083
22974
30675
24025
13887
12903
15831
14340
22493
17490
19109
27204
37022
39420
13414
20449
16784
14657
19322
19772
17089
16795
15218
29791
13630
15559
15277
23092
18090
22123
14601
15086
34873
25358
18735
25473
22996
17777
15741
17923
15639
25460
14711
25713
19543
35168
19520
19189
17424
14109
23711
15951
26624
22885
16017
20047
20305
28823
25629
19773
24574
17394
37099
15233
20228
15238
14382
23885
18088
13971
14218
16796
30173
15429
15119
14780
15694
19798
19014
15874
17300
23593
29624
15383
17247
28245
14528
13661
15545
18228
15869
14487
17887
19796
15343
20982
21505
30829
23088
17861
18668
15759
16952
16766
18644
19260
15033
17455
18279
20038
14523
14200
20420
19791
19587
15785
21695
18094
22108
25350
18098
17294
19682
20822
28469
19579
20889
17652
16354
21872
14077
15224
23681
17549
16411
14059
19424
17062
24999
17187
14954
15080
16397
14074
34916
18708
14432
13599
14568
23171
15656
28558
22418
23331
19075
13084
28053
15835
17354
19367
16419
27836
14912
16073
15219
13602
14998
18916
15344
14892
30171
19691
28351
17728
36771
14475
15712
48159
15458
13521
15677
18087
21499
31529
45573
19828
14887
22221
22118
20955
26535
15236
24671
16145
18132
27141
19005
23586
21097
40709
16039
17800
26202
13445
13924
14541
12897
24997
23694
22428
39543
18950
16287
21507
27625
18227
16689
15333
32432
38264
20426
20213
21120
15749
15745
34103
35562
12996
17052
22299
24937
18653
21338
43753
34755
20932
14562
21894
25225
15297
24537
32175
34066
16671
33864
18283
15995
14230
14359
17013
32996
19412
16594
17860
19504
30140
32016
15985
20650
20039
17366
15862
16825
23301
18684
19386
14266
20394
15943
22218
24482
17210
20137
14259
21050
19457
28854
16493
17979
14611
19601
15913
32168
18687
18135
14484
18753
19035
15235
21022
22674
13132
13948
19163
16264
18109
28037
13622
15451
16397
18473
16056
23372
19004
23852
12814
15689
20474
16605
18517
14381
17838
44271
15678
15665
18766
33318
35592
28794
18040
18317
16006
16488
19402
19304
15238
18142
15701
18905
20328
30484
16486
13464
17284
16670
21583
14183
15347
17928
24035
17756
12516
14599
20878
19859
18075
16256
15864
18112
30740
31401
17513
24840
25802
21529
26208
14313
17957
25661
18887
18174
14427
17908
31267
25045
16616
16917
36735
44128
16644
16319
16263
23702
42818
19558
26140
15197
14968
19430
16127
14730
16089
43185
19016
27447
21309
41320
26795
21316
17779
16812
21082
19687
19931
22796
21203
18685
15213
22352
23716
15201
13620
22818
18314
22859
15347
25619
26009
16705
19677
17089
15985
13246
18011
22204
15790
18770
16660
28545
16234
18976
18548
33940
16221
28040
19652
15028
50890
19474
16906
16020
14989
18632
16599
17321
15584
16747
19820
15657
15140
22417
17058
21283
20276
30663
15446
15771
16782
15816
30344
18774
21261
32538
14838
17527
17051
14515
16924
16216
20365
24975
16693
14720
19258
19690
17504
15872
18693
14490
16420
20136
19308
17609
22532
17172
17216
24632
22668
20600
14760
15422
19128
18550
14724
25967
26061
19811
25119
14588
22724
15411
14328
21647
27739
16738
15671
33645
25985
19012
21615
23034
15697
16217
20615
16560
21934
19139
13541
13535
18971
18673
15467
18579
16461
23176
17678
15384
19028
14036
20284
13893
25234
16725
16108
16864
13655
17434
18386
31486
17317
17679
13867
19063
17759
21862
23084
19413
26117
17270
18767
26456
16307
14427
19652
29920
22125
12952
15059
22396
20780
23602
29104
31177
16591
21159
15128
23151
14070
15326
15086
19676
16639
15301
29411
21696
20735
18250
29519
20992
17022
18361
31464
25253
23984
15929
23007
20195
15073
13202
14700
27657
15493
27446
16258
15441
14501
14829
17080
18619
19086
19341
17968
24792
15657
15013
19590
18061
16968
19834
15514
14571
17829
18753
15144
14774
13447
20843
16871
17595
16116
18331
15022
23135
16382
18094
17093
35383
22505
20347
15802
17625
23504
19897
18001
30868
16034
15960
16592
15060
17916
18212
13867
14756
21204
14861
28315
20503
14820
16717
24602
23500
18893
15725
30129
23936
18244
25386
15099
24013
15251
21660
14522
15440
15539
15946
14152
15464
14918
17660
24798
26913
21538
18413
17194
21301
33866
17885
15789
17433
28341
15104
16000
16913
15304
16664
16220
15700
13882
14921
25189
31983
18521
14586
15454
17313
21743
16699
14419
15239
19111
15657
23742
15112
19365
16038
15881
19595
15806
26597
20001
12768
16265
16263
16426
27269
48521
19036
25753
30959
13797
22663
19841
15067
30221
17605
28729
26701
16990
19933
41507
34824
23680
19579
15450
14267
17900
17777
17566
19016
15991
26063
16591
16294
19317
16685
29323
20616
16332
19917
24256
28166
17869
16280
23734
19794
19303
14846
16574
15611
19175
15717
17621
22728
14678
29029
23079
15387
14264
20819
18025
14924
24439
29463
62458
16142
15665
20844
14476
16107
18962
13649
16061
18353
14035
13035
29658
12875
15437
17535
19172
18357
23604
14687
16297
15052
14522
20907
25012
17595
27876
20131
22794
15799
14906
31957
22425
20960
28522
25087
15885
16129
20630
14276
18786
18184
20696
15453
14029
17905
18631
15109
19015
13215
16250
14504
14107
17980
20732
19508
13865
23012
15017
17473
19005
23299
15292
13361
19794
37647
20841
15273
16166
18410
15159
15554
26427
14247
18370
16107
18577
19103
16596
15560
16012
18706
13882
14892
18998
13849
17244
15452
38119
15236
14378
15674
14675
19128
16377
21715
19932
15017
23866
15379
17567
16321
18665
19231
24560
16132
20351
15862
14186
16945
13795
15780
16694
21474
15030
18146
15583
28407
29641
17099
19734
14020
27340
14590
17668
15440
24884
19465
13915
18813
14160
14447
21297
16317
26682
17418
19016
17620
16321
17937
21805
16740
17598
17414
13156
21355
19767
17321
36407
24012
15686
26059
15629
20010
17619
18221
29556
17991
14584
28643
15514
23489
15996
16768
17792
18591
13449
14936
16002
15527
13533
15952
16426
16809
16938
22207
15460
19855
20883
13518
14655
14327
13489
19432
15078
15456
17225
21653
21625
17020
19340
32485
17612
15119
22669
20834
17431
20530
21548
17821
20301
18975
17483
20628
13995
14276
26558
16746
14665
19665
20442
15005
24269
13845
16037
16811
21304
19475
15302
14645
32618
17543
16919
23965
19632
18228
13132
16211
21524
20906
32162
16081
17464
21702
20224
18670
19198
13978
17263
14202
15191
14083
14923
16071
38847
16463
21735
30815
19545
15526
14699
24626
38880
19980
18321
16563
13646
14033
16957
17128
14940
13750
14055
19409
20316
16033
17652
15676
23457
30446
13945
28072
42430
17491
20548
24104
18474
26734
21257
13958
33207
15050
13688
18021
27596
15125
28666
28633
23136
14379
14620
16610
18736
17566
24065
14880
15150
21661
15005
15671
15310
15889
17476
33239
28585
19353
15231
15875
17665
30306
16950
15015
14303
22963
24914
13758
13908
25301
15122
23675
21328
12986
17745
26383
19375
13872
19466
20702
42868
18487
30151
18964
15763
21670
15655
29193
17721
19117
20349
15074
25759
25570
14935
17462
17611
18768
29279
20924
13959
15201
16325
22823
14562
15257
15138
15255
15053
15871
15877
20518
15432
18307
18944
14423
17545
14594
15686
24713
14525
14894
17007
25144
18784
22802
19299
15498
16439
18494
29183
32483
16714
18550
18567
25966
14810
15033
17400
16996
19096
28977
13756
14417
16341
17980
19274
27467
16095
23732
16885
22134
26027
15129
21277
26519
14843
13001
35170
20144
20327
26443
23058
20925
22375
15686
34528
18624
20212
23050
15743
31937
12817
36949
13387
24742
18084
19437
14719
24333
15895
17031
14004
15079
12641
27262
29333
19680
16875
15492
14845
14197
15352
13494
16797
19328
16376
16096
15930
25325
19049
17262
20431
15757
24672
12737
16372
17249
15148
14509
24163
19857
18972
34049
22127
16177
31298
19176
28840
19025
14196
21107
13915
17076
17619
14399
19385
16862
16446
20772
24410
16374
17039
20038
47123
21775
24048
25774
22919
27311
20760
33056
22349
18160
16040
15912
31709
23757
18492
20841
20226
17269
22806
14148
15757
21591
19583
14547
15088
17610
15276
18859
15820
16708
16168
18353
16147
15153
14241
23012
39188
23870
18429
26458
15774
14615
20514
14866
16725
29390
17257
15725
36877
17021
15617
19199
47664
55088
14941
23660
22058
26858
19653
17061
22231
16974
15853
20161
16489
15122
27746
22142
17417
23255
22970
20656
15428
15048
19651
31731
39131
17843
26464
29688
22628
17061
20596
20723
17814
17630
15609
13718
15796
35043
24523
24150
27550
19154
27893
20165
18732
19193
18678
14121
24202
14980
32307
23375
16344
14410
14570
20416
15943
27494
15761
13697
13719
22805
23402
16862
28568
15113
17280
20935
14223
25167
21073
17483
17763
16123
16199
16331
13908
20240
17594
29946
14891
17724
18332
15404
16073
21019
22109
16467
14860
16482
16458
36467
15540
19205
14516
15015
17650
17128
16382
18624
19678
16560
15998
16716
15880
18635
25110
17654
18948
17496
27096
14284
21214
16530
15746
27369
21301
15583
14541
31144
16943
15243
14238
13770
21506
16148
14547
16903
12929
15511
17206
13583
17077
18281
13787
15142
20988
22073
21266
20324
16504
23070
15661
18012
18721
17579
24920
14909
14748
29995
13253
18688
17163
25360
26098
32535
29996
15308
24086
22740
16694
25166
30426
22123
23981
23083
15178
35730
17002
16899
15795
28046
15672
19310
20472
30453
20244
15212
25227
17940
14073
14469
18832
16783
18620
24647
17770
13393
24397
16282
25416
20762
50755
16851
21367
31280
22452
20565
17624
13210
15350
20229
18579
25617
16810
15657
14324
24622
38541
14136
15749
21580
13021
16236
20804
15569
22142
17708
19383
26351
27628
15776
13765
26040
15217
17883
22089
16497
20590
17382
35342
15396
19281
14156
14995
16012
15240
14213
18993
34252
16478
13506
46136
16218
14818
13549
19561
16142
17998
19390
25012
15903
15093
22721
13585
17637
23503
18487
16800
13179
27329
19293
16320
14079
14005
14370
19593
19098
13956
14178
32125
13587
14525
14881
17236
15811
14748
17751
22809
13487
22066
14645
43591
57096
15436
34458
20883
23677
14137
27442
14492
16614
18333
16436
18632
16017
14018
20877
20597
13452
15610
20660
21277
17080
15344
13654
20575
18510
23134
15558
20413
16155
29102
23762
17870
18129
57613
14989
13872
26854
18996
16185
23232
18014
15982
20339
21953
25885
31866
17367
20183
29140
17798
18438
24227
20390
25557
15025
19045
14975
15655
23289
17660
17867
13217
18002
24311
21498
17848
24354
14341
16726
16087
15465
16978
21937
15205
12493
23030
28936
17457
30298
16038
17028
25592
14509
15153
15682
18140
17606
21595
19488
24938
14205
20857
14807
16719
15784
26799
29130
16047
17232
14912
15627
19461
14434
29777
15977
19616
25413
14988
15461
51549
14413
18052
19136
27532
20430
18090
16527
17891
20186
16079
35539
14333
18702
15677
14232
13800
18607
14008
21032
15943
14271
17868
22904
28263
18712
19181
22836
25663
14666
15795
19199
13950
16348
14838
13019
12888
40289
23777
18150
17763
16756
33850
22679
30222
15054
14757
18335
20261
30762
40425
39600
17050
24494
28929
19884
28882
21429
20684
24362
34578
14528
26553
14831
15599
15892
35268
17512
19707
15402
16542
18693
18600
20208
22864
14126
16973
16189
23554
15877
15021
15203
22077
36078
23359
17830
39929
17892
17722
50382
21970
37668
19589
24002
16964
13869
20999
23311
16544
27121
23787
25030
14384
16664
17243
16526
14026
18229
35169
24753
22808
17725
13208
16645
23810
24681
16918
16524
17037
18403
23530
13448
25059
16699
44233
15196
23114
18017
19072
16402
19097
20319
18473
15152
18361
17184
17267
16148
15986
15322
15476
32737
26647
17554
16796
28844
16418
17026
15201
33448
34849
20403
15049
32100
55696
17559
16820
58860
41533
18532
14966
26670
20090
13697
21404
15688
14473
24384
13922
24130
17069
30883
20307
18207
19583
22945
16599
17961
21396
16950
17243
16991
16150
20934
25234
31610
14447
22566
21247
18346
20240
26273
13821
14499
16205
20534
15027
19775
18263
15202
23579
16556
27932
14522
19173
24154
22783
17934
17419
23725
18950
18960
26616
21658
17359
25519
15185
17578
28679
24851
14406
15027
20090
15304
13313
13360
15694
16463
21727
32415
20642
14753
30176
18250
26570
20258
13997
16812
16558
15346
18960
18154
17672
15866
14492
13605
24756
36214
31503
15834
28226
14089
32217
20338
16483
25520
16277
16009
16180
23537
15707
16892
25471
13015
26971
17099
18648
16277
24274
25545
15163
15204
17462
16600
19310
33005
16520
15756
15816
16093
18106
16076
18218
16884
24025
18774
15971
23836
18611
19035
24970
23193
23905
23403
22792
27164
13668
15591
16276
13963
17985
20213
19649
21232
18667
19422
23735
19188
20509
14938
15017
14698
18504
16300
20334
17610
17113
17344
17748
14751
16526
15115
25298
24454
15505
17036
16899
14960
22495
15007
13671
20291
14431
22164
17478
17962
20639
22654
19263
20897
20254
16365
21698
25876
16404
15946
25041
27867
18656
22284
19648
20491
22450
18530
17873
25481
25734
26423
20104
14765
18955
15656
28419
26787
14885
22863
16592
33072
18007
15272
16739
16893
13610
14800
49893
29156
16312
14619
14270
31594
14683
18324
17779
18543
34261
16614
20337
17627
14761
21011
19433
14152
13796
24544
22165
22979
18808
25345
19805
21206
19833
27296
18209
16978
27516
45948
15572
18046
19816
15783
16199
24659
21040
14802
28523
19579
14846
17025
22171
25002
20096
17584
21604
22302
17321
24637
24051
16448
24229
14366
19901
16710
19765
18888
18236
20827
20157
20392
36464
20698
46256
20593
27686
25012
25033
22489
25330
17880
22994
15099
16837
19892
16678
16942
17213
24775
14860
16722
19157
17026
16739
22032
17590
17367
21358
21068
21998
23821
20843
24636
36204
22638
15377
17239
28157
17316
22488
18133
22187
16121
13948
15477
15303
28972
30048
19955
13371
16223
18228
16506
16211
19344
15281
16087
16373
19946
15211
21296
17659
13393
13885
31516
20500
15516
23975
21334
20671
14932
20242
19593
21817
16785
18347
14875
13718
19032
14765
14391
16053
16341
16185
16409
12297
18916
38086
15184
15961
15250
15243
17062
14028
19166
26324
35230
14822
18053
22505
13532
18743
13166
16528
18639
18726
15015
17261
25280
14276
14507
16820
15910
29642
15392
16791
25089
18548
21845
13775
18935
16344
20195
32522
14015
18805
16951
15841
19814
15747
18921
13496
17223
14225
19611
17511
26695
17285
16842
14262
15008
17952
24782
23500
28059
15449
19061
18047
29064
22882
20128
27587
21494
13730
21542
16064
24375
32812
18683
19423
20065
18103
17748
14286
29129
15631
16275
16477
27024
26847
26785
16495
19508
17846
18495
17382
15435
19680
15687
15488
20070
22101
15243
14470
15151
16509
18771
32057
20576
14528
15261
15140
17116
16127
34011
16347
27753
22605
17822
17472
17675
15348
13707
14520
13225
17595
23871
26703
28101
26742
35041
20796
30755
30874
27176
15483
14479
14671
23318
32456
13998
25035
15671
19528
19099
18734
17832
26954
19728
24037
20711
34532
18720
50336
21701
19262
17267
26815
44396
16831
14690
15653
22509
16858
23483
17525
18944
17512
19838
24905
15486
16600
21684
13081
22990
15910
17933
18945
15951
28208
41938
15018
14716
18314
27088
16934
31380
18724
22566
21092
24563
16308
17091
26191
25591
15953
21041
27205
21271
16475
40389
16247
17193
20715
22350
15779
21843
17832
16539
19496
25993
15364
22072
19246
20002
14948
19885
18694
18659
23128
16109
16834
15047
16626
12769
14601
24591
25088
17372
18919
16620
20435
14686
15442
17088
17889
15326
17064
18720
14623
16355
20057
16268
14637
16095
14515
39147
19277
18728
15720
15404
16410
15752
16456
17457
24011
20889
27456
20124
30053
17209
14211
16705
19900
15989
16546
26563
15413
17443
17102
28066
20597
14723
17266
30262
16405
18803
17565
14878
17522
22631
24345
16541
14546
24786
41293
27905
16953
19089
22575
22698
16135
17784
17584
27966
14856
45509
34362
24347
43473
17971
15252
15822
25116
29773
15445
16751
15053
27196
16744
15578
16331
26396
14468
14707
14387
15295
20132
15568
15175
27960
19024
21631
17067
13475
15118
19466
15072
19936
18778
26815
27197
34996
24321
32744
16579
16086
17555
14390
13482
18171
17979
24641
15105
15977
15350
14826
23402
27210
19605
24045
14532
17175
16469
29194
19164
13699
17226
22052
14398
20333
24473
19341
14581
14798
24309
15330
19671
17216
16689
23577
24815
14467
33908
17671
14026
29016
16921
23193
19648
32192
33483
14543
16037
14228
15806
18936
15208
21547
12822
17608
20715
18559
22935
23384
25675
18969
15779
27763
17182
29981
29923
36554
26238
13846
14664
31616
21316
19639
15595
16144
23832
18799
20790
20915
14187
19680
25762
38566
15829
15056
14905
25608
31213
19163
17486
20347
18324
18370
20957
14535
15181
21814
17147
15708
16330
16017
20333
20933
30661
16406
20345
16683
19206
15705
17116
15642
14083
14970
17249
16880
21499
13569
14417
18646
16017
27215
18284
15242
13974
15242
16514
16479
17682
14499
17705
22626
31229
15169
15289
15227
14636
15003
36003
14088
19035
25401
31905
21121
15629
17318
25816
17093
17069
15829
24882
18043
23585
17277
30634
18588
21192
14557
14142
16984
18089
28726
42288
13989
17030
17144
18861
15692
19103
27709
15393
15308
17485
18386
19046
14932
15746
15319
19181
19076
14482
13169
18550
15803
15306
18259
22275
15092
17903
12826
16652
25302
18391
18926
27763
17322
17300
20994
19940
34869
19730
17184
14838
14181
28770
53822
21619
21929
22246
18094
15148
14211
16591
17815
15378
16254
16067
17742
19697
39285
19288
25088
15654
18642
15600
14901
16027
15826
17892
18684
21293
16591
13632
17406
28298
28465
23674
23117
14564
16607
16403
20906
12896
23156
19363
17518
26843
19677
15881
15065
33602
21596
19031
36923
29701
28139
17965
22001
17865
22736
14143
18523
21280
14781
28748
13668
21284
18118
19382
25006
14370
20683
14038
18471
16540
17880
20521
21190
14770
16223
36169
47678
14845
26005
13465
16804
18714
20668
22334
26978
15570
24818
17057
40180
17700
15919
14481
13699
15055
18208
20166
15762
16315
20002
16679
18019
25724
15524
16312
13559
12955
15512
21376
14586
26170
20209
16949
21762
17064
20958
16230
16514
21115
14067
20786
14348
17324
17106
17348
17615
15640
19687
16233
33967
16713
15292
20579
14602
15033
18530
16671
17814
13697
14492
15711
14183
16638
21739
18352
12949
23528
19052
20227
27377
18257
14786
19270
17615
39387
16804
14923
19212
24872
21963
15723
15151
18604
34620
14410
18767
19715
25944
13666
13711
14266
20550
16693
20148
14431
18209
13417
20193
14945
13462
25244
20092
22244
15677
26796
15762
16689
13928
14327
20999
17229
16449
15497
17879
17343
14974
18540
18436
13747
14093
14497
18322
15188
14426
15586
21406
15444
18571
19400
26518
18088
25586
17145
14243
15447
15155
15399
18188
30372
16080
21212
29511
16023
16698
15468
17151
18406
16190
66038
27148
18919
19904
18203
15817
18975
18055
41083
19305
23962
46324
13529
18934
20423
16422
35036
20011
31716
18745
16107
17832
20351
15259
18591
27985
27871
25032
30664
44808
19794
30021
27525
18187
14676
20205
18521
13692
15254
14394
16464
17510
16191
23574
16898
17428
18490
13845
18668
22638
23185
30602
20013
30884
17358
16235
33242
28262
14980
13297
13897
21188
23379
17010
14269
14382
19036
15528
19857
14771
17457
20039
14539
15025
29712
15600
24176
16646
16243
15578
14869
14026
25531
16151
17788
19421
30696
22647
24848
20999
54781
16778
16902
30148
24771
16159
18748
17497
22563
25023
16639
18684
16549
13593
19434
17607
15458
23558
15152
25782
15532
14978
16662
55491
22429
14743
20857
14106
18422
20019
19662
23132
22289
18476
26992
13651
17108
16786
15351
27217
28271
40850
16777
23170
15196
20492
15635
32925
23673
13624
18139
14778
23056
19328
13516
14379
14737
22921
15185
13663
15714
16147
19856
14871
13001
17439
14946
14029
26470
20922
15767
21501
21265
18193
22781
15330
15142
17585
21783
17209
32740
29906
15898
16466
45877
49662
15679
18126
15880
21540
14952
18482
16322
20839
16027
22956
19003
18085
27422
15070
16195
17736
19785
26212
21819
15859
21139
29993
22306
21017
21081
14294
24079
18224
29313
19706
19400
18823
26196
30911
19937
16804
24865
19889
18852
16043
36553
17376
21734
13200
15137
15591
19234
16198
14794
17541
21614
15673
23257
21935
24586
17200
24815
13170
19204
19168
21187
16617
13677
29389
19338
15537
19873
25409
18531
20743
24579
26315
19048
14563
42522
16203
20794
14444
15110
28651
15548
17058
17817
26647
17900
22645
15670
45216
32971
15914
19017
14074
26119
18002
13901
20575
22030
15485
15421
15610
16402
32791
15896
34083
24067
24524
16353
18218
19383
23271
27205
20598
15308
17649
28621
49594
14173
20875
13243
20181
15866
18830
17228
17491
17177
19580
17227
15409
15807
15396
21841
21223
15388
35112
14251
21358
15034
13192
19200
19260
17685
14860
19390
14249
13289
13416
21982
23526
15164
18752
13484
15765
38525
19389
21315
17000
14612
14846
20100
44522
32990
38625
13646
16777
14746
19728
15987
16674
35019
26369
16616
23937
14516
13637
20617
13704
27362
14377
18534
23665
14991
21345
21541
17156
15304
19710
19701
14606
14880
17344
19282
16421
19378
17924
32613
23474
19574
13723
15943
16666
23270
16977
18451
16293
16549
21168
25504
19162
30683
19454
24042
14067
21868
21482
23912
15012
14953
15611
20344
21255
23755
15137
21357
15345
16155
14687
16873
20888
14878
14568
16490
26618
15340
22618
20418
19768
17315
21458
35662
17521
27858
23592
16070
18273
16395
15457
17097
21765
19862
20839
23809
16024
24242
14645
20353
15406
16360
16388
27581
14969
15813
13468
20418
15242
14663
27858
18299
20836
19199
24897
24008
14363
16349
16333
13886
14981
18631
15414
22588
50952
31407
21443
14945
14481
15992
19172
20418
15801
29706
25240
17482
13647
