18314
14637
18458
17603
14252
16070
21312
16297
17871
220258
14772
19261
17830
16251
14037
14757
13879
17199
15267
19006
35401
42562
13070
17363
17383
30768
21370
17312
15546
23810
15501
33839
19847
14266
13935
16164
17840
26380
14256
14407
19979
14921
29637
15695
18416
16793
17384
14908
20162
25130
15016
20370
15774
15634
14698
22992
16992
16124
18542
17857
24984
20784
15827
14511
14183
14859
18026
15937
14021
26973
17770
17613
13364
14841
15938
15359
27704
15833
14566
16071
16945
19802
14965
14951
13903
18398
16619
17080
14717
18982
22408
13505
22068
18476
15884
17235
25048
16505
13553
23951
18273
16836
16129
16192
21125
16573
23536
16196
19057
19438
16787
14934
14378
19682
19298
20692
28684
18423
14855
13922
21259
21462
31095
69569
13716
15626
13951
13622
14933
13901
24621
14308
15344
21495
17335
15970
14904
17113
22663
32421
16083
18572
16404
22592
16603
15734
17212
14835
12912
14474
16515
20320
20968
15837
24441
16927
15564
16635
17056
20099
15370
15372
23594
20736
14120
15464
16737
30173
16194
13562
19271
16451
31237
14963
15162
14434
14635
17554
16422
31093
14558
17042
16786
24435
16648
35782
14715
16053
15169
15502
15948
21326
15121
21012
23444
18665
14663
14290
18991
14692
15272
20201
17027
17675
14924
18506
23518
15938
18758
14500
15691
13801
14735
24663
14463
16228
17685
15635
14852
22379
31747
18544
16304
16241
16019
14946
16654
14710
15681
15945
17787
13913
14523
14180
14209
15520
18752
17575
18343
19812
19597
18311
17042
21629
12270
13975
15522
15286
19978
14973
21799
15609
16696
20516
14963
17431
20170
15190
31033
13851
17763
12972
19742
13625
16859
12838
14177
16932
15892
18197
14162
16945
14259
15015
20298
17336
14709
17895
15006
15416
18167
15725
15775
14823
19528
16575
15715
14967
18348
54771
14913
16747
16467
17004
14509
15754
28608
16861
19942
14142
16352
15381
17785
32789
15204
22460
19940
19793
17241
14983
19945
18041
14590
15586
18633
15420
24917
16444
14710
23514
14202
15011
26014
14174
18246
22444
15422
17368
16425
24732
17337
20904
28090
16040
17762
15535
18977
33198
33567
18328
17345
16084
20160
14818
18073
18232
19593
14155
19231
14565
16026
14635
13525
24320
14609
15254
20289
13799
16164
14826
14908
14550
25993
16216
27175
22358
19368
21510
18350
20024
15171
33108
18080
14767
26702
15905
16542
14856
16585
18172
19834
13079
18762
14401
20458
12897
16423
19353
15954
20289
19878
27084
15448
13673
14289
16607
14979
29422
15191
20335
17057
18030
15279
14754
22734
17408
29002
26547
25452
14856
13684
17830
16934
15259
14615
14620
33624
21136
14901
17384
17597
15420
33540
15732
15283
16250
17284
17449
15325
13350
26452
15590
16838
15066
17082
19682
20974
14928
19272
16036
19085
19580
18090
20873
21468
17552
14366
19812
17041
19650
17799
18206
22261
21503
22002
13540
18492
15011
16400
16417
14134
13197
18627
16956
14675
15014
16456
16157
17191
15627
13521
14087
17521
23670
17416
14893
14918
15705
15079
32724
15165
18975
14501
17189
18461
17233
31463
17726
16068
13256
18813
20356
16201
14978
18666
22018
17811
21112
15248
19994
18069
14146
29120
40772
15392
20653
15917
14491
16269
17601
17718
14894
20443
14633
24596
19397
15401
13330
16036
15760
14587
15560
18752
16530
29893
16035
15001
17322
13851
15205
25629
16726
22044
14387
19287
20303
19070
16826
14064
16722
14653
15898
34236
14885
14420
15911
15725
16424
15344
14890
14867
20540
17629
14948
18840
16149
15436
14500
13525
14747
13362
15184
18383
15182
16457
15704
25972
23768
15377
15256
18497
13952
15294
16316
21793
13943
18596
16323
14337
24545
14136
20743
17514
16809
16666
14539
24504
18267
17207
14516
12921
17493
16700
19766
19918
17236
16966
20373
19635
16708
15367
20495
15179
15428
17049
16255
18591
16185
14948
14788
15458
14273
21752
23295
15420
17958
14640
21900
27033
19549
14562
19554
20432
16907
15135
19892
15216
17133
21160
21487
15925
14215
16274
14755
33954
13746
19053
18576
20582
13879
16936
16877
16176
19972
15540
23708
29624
14762
18844
15441
17369
19182
15189
14049
16626
27856
14996
15176
27637
13810
15265
19054
16007
14081
16570
15884
22166
14676
15222
14718
15644
15269
15893
14736
17642
16991
13861
15447
20415
15286
16778
31657
15112
241744
14046
18168
14230
17532
15274
24085
15086
15471
18999
30563
22814
16325
15125
16557
16269
28338
20458
13766
16140
28917
15356
13645
35132
15457
14906
17619
16117
16158
13302
23979
15702
23201
21687
41452
14158
22299
14685
15323
16806
14013
20648
25613
19371
18357
14857
28403
14022
14910
14787
18188
13783
28650
32644
15739
17606
18772
13020
17481
14570
14486
13607
19093
17116
14459
14143
13460
15698
24689
18068
28670
17414
16155
14519
14969
14250
22707
16518
15564
14894
14542
20478
15955
19738
15106
18489
19373
15961
21916
23378
18646
15828
16791
22204
18738
14742
18401
15181
15862
16097
14864
18417
14833
15012
14353
14853
14572
14952
21741
19825
27952
21819
18801
16164
15597
12627
15100
14395
26206
15376
15645
14056
30977
17594
38322
26288
16443
17490
15298
19837
16900
13487
19504
14858
15644
16373
18633
13781
14314
29372
22852
22862
15134
15473
44103
18263
15902
58171
14638
57827
15418
17197
18785
20496
17891
18229
14823
13911
30076
24891
14203
20217
17436
18209
14315
30603
20403
22145
19767
33214
15346
16277
15678
17889
15932
18923
18899
18680
16891
23683
16173
27517
22099
14701
24700
42545
19648
23253
19929
18775
14858
25080
14123
17165
16118
21968
17375
26378
15465
21498
14834
20375
22504
18190
16289
24716
15843
12761
14546
39928
18333
14106
15635
18492
19558
15954
23500
13715
19135
13583
13557
14369
14119
14533
20170
20400
16656
17707
16055
22331
15695
31403
13897
17971
15569
13525
14637
13919
15871
14577
13767
20784
23130
16143
15784
22754
22032
17586
20099
16217
24779
15251
16827
19554
19108
20262
30001
23679
24035
18514
15239
15139
17994
16796
35741
13206
13385
19747
22467
15084
14450
19080
14743
15335
14996
24911
15831
16678
14789
14393
15154
27964
15531
21855
16345
14566
20217
17973
15033
16160
15526
16581
30966
15791
16277
18042
16168
13724
14905
15991
15683
17980
21502
15094
15153
19589
23756
23888
27249
21614
14784
20681
18922
16965
20617
14635
19995
14727
18787
17020
21436
26622
14810
17332
21874
18451
18519
18086
16659
15916
13528
15852
16540
24376
28264
12970
19619
16614
24236
16316
18282
18847
14667
26337
16548
26456
16532
18752
23186
15834
21235
16678
15533
20198
18586
17843
14697
14938
16631
14718
18436
17556
16873
16253
13981
28252
17440
14446
14028
24227
18313
15764
22384
13593
19737
18138
17540
14830
25862
14429
19812
15103
20260
13415
22141
16719
15638
15992
21443
17038
13305
13528
25185
15399
15067
15007
15522
16350
29928
13759
15305
18003
19295
17626
15714
13537
17747
78783
16925
14695
20729
15600
13235
15065
17194
15915
25371
14577
15295
12422
41294
13241
24442
15149
19685
17579
22035
13757
16845
15735
14581
15062
15925
15803
12471
15251
13648
15539
13985
29497
20219
21720
15825
27688
13040
14308
18887
21022
13350
16746
18916
15883
30867
14069
16805
23253
16812
16488
29250
14327
16810
16245
34210
18195
13274
17714
14710
13316
14089
16373
16345
17543
15775
16787
14922
18695
18189
18711
14955
15320
14579
15361
15956
19020
28056
14204
30084
24389
18815
17954
15386
17314
15580
18964
13204
22572
14113
13963
23012
21645
40308
35719
15925
15823
22885
16244
15590
24676
15484
23104
15660
15838
21660
17212
14898
17944
14259
19798
19248
28354
20963
15558
16446
19154
23425
13716
19332
16149
14269
13707
15197
15834
20572
23195
15694
21186
32393
17693
14906
16022
22225
14398
16167
17353
13787
13432
16849
21516
24188
17302
18077
29243
23419
14783
26930
13402
38507
15552
17883
35215
18022
15034
19875
14002
13392
15233
15682
17920
17428
16047
15488
14148
17968
16484
17279
17737
16546
14481
17059
15239
17512
21960
14500
19736
16663
13066
13435
14327
17234
16486
14936
44095
19363
21735
17522
22224
37348
17842
16328
13978
20865
15151
14316
14535
16800
16420
24662
27083
21732
15411
19109
14044
13879
18698
16109
27784
16181
19483
18984
15624
25396
15225
17264
16541
16262
19590
18833
17312
17460
15847
25733
25797
16836
13945
20809
26657
16544
22299
19792
15943
14711
14527
18182
20873
15456
16609
17960
13998
13993
16651
15495
21004
26009
23788
17060
16541
13437
17558
17560
15895
14752
16367
15845
12975
24985
15383
19356
16227
18890
14417
25295
14963
14450
13809
13000
15525
43653
18712
14429
16781
30596
13438
21236
25327
14096
16499
13485
14580
26492
13825
15775
18497
17365
14587
16145
20412
18812
15742
17072
16130
14685
13730
13586
18334
15153
16867
33386
15593
17011
15134
14866
14207
14405
17217
16077
15017
15754
14462
15376
43503
20930
15456
13840
19184
21160
14184
14751
17086
26532
14231
13973
32380
18737
17916
19734
16132
15540
16914
14241
20361
17366
22575
18600
16684
14845
16069
18594
47522
16656
21228
27195
19904
15335
15367
18266
14667
17942
18292
15722
14640
21509
15791
17355
15604
16277
13584
17027
15089
16745
14075
15994
14993
13048
25167
16314
18178
22673
15018
13994
17386
13364
24064
13971
21587
13812
14509
15827
16743
17178
15247
13938
23613
29169
14249
14539
14846
15466
22306
23130
16935
13341
14080
16122
15748
15285
20504
25750
16302
20069
23770
20834
19515
13207
13868
19404
18520
18152
26151
13874
15760
14942
17455
13933
17368
25218
13964
17273
21764
16668
17024
19258
16820
18940
14503
17648
13609
19055
14425
27019
14579
14807
15954
17854
17104
15793
13269
23548
19437
24401
26847
17583
16559
21771
14250
16809
18697
28635
15979
26046
37248
15289
16630
14053
19327
16828
17326
14248
15600
14304
21035
19832
17482
15188
17034
22436
14854
16285
22803
15020
19671
15857
21035
18920
14446
13078
16500
26783
15029
15023
18946
14834
13668
14618
14219
30873
13515
14903
17225
15855
20440
15601
14524
15316
19263
14916
15135
15292
16375
22292
14483
15390
21259
19457
16982
15200
20982
13649
28167
14269
32821
14450
14933
16433
17604
15117
13093
13984
16986
16837
16715
24472
14986
19034
17621
16008
14096
14490
13552
14194
15092
20429
15463
18528
20589
14146
25906
14822
16575
16866
17506
15145
16981
17192
14085
20243
31705
21124
14341
20015
51292
30338
23771
14456
17429
13832
13955
17304
23612
19700
15507
14525
20105
14322
13769
20090
20102
19744
16881
16333
15050
20617
17206
14443
30146
18966
16838
20775
14594
14229
18265
15172
13639
21876
20655
34960
16495
15369
23273
20871
15432
14848
16074
14324
14171
17966
24527
29557
17572
20813
14250
15542
18939
18405
17549
17509
18517
18662
29221
17866
17775
31366
37646
18517
16751
14831
14504
17655
17017
18741
20774
22762
15475
15508
15952
16225
14819
18771
14924
13796
15908
18759
13370
27370
17454
17349
19477
16785
16161
18358
14784
15738
15893
17242
24447
34244
14213
16858
28348
16054
17222
16763
35635
16582
23871
27728
26749
14944
29127
18741
15837
16830
14691
18337
14763
14699
14975
13408
13723
18575
15037
14326
18593
19737
15660
14949
13583
17599
15488
20812
17935
18667
14325
21732
17782
24141
26609
20071
16678
14746
17460
14144
25481
22861
18731
21743
13864
13763
16278
15015
14609
18050
20028
14041
17542
15976
15688
17972
15784
15967
17616
15178
18093
17943
15911
14534
18631
17698
20017
16608
20857
13243
14929
16706
14677
13808
13950
27597
16078
21656
15243
14916
25064
22182
16312
15109
21493
17784
26073
16157
24912
17699
15143
16452
14167
18126
15484
16787
23521
15240
16737
22240
14806
14484
18882
22253
21174
33348
20380
26790
14748
15101
23467
19311
16962
15665
14479
15980
14550
20747
19615
19477
25697
15923
22668
15280
17135
15885
24426
16292
15174
19196
15026
15720
14618
15755
21084
20786
14989
20896
24653
15529
17437
17494
18834
17081
14793
24282
23158
14613
17744
17080
24450
14829
14578
28440
19707
17173
17033
20116
17525
12849
15280
22208
14743
22200
26893
22839
15407
18485
16068
20387
34238
19443
15225
18833
18154
19910
16118
22975
19020
14543
15950
15477
14778
14662
18555
18277
31185
14461
19270
15764
19555
18426
18333
16739
18649
15094
13387
14275
30756
15544
13759
23198
24748
22367
16186
14529
15898
24037
22735
26451
26862
25008
15157
16177
15707
20926
23421
15670
15580
21602
31980
17065
22894
17663
24471
18290
26087
17348
16799
20766
16166
15929
21583
16604
15359
16372
16411
16698
17304
17717
20929
28068
17501
25148
40818
14565
16959
17238
28480
23047
16002
15549
17974
14329
16122
15464
15195
17880
28836
17760
24901
14985
17881
16231
28986
19747
17005
13881
16926
22082
15332
17672
15827
18324
16320
30493
14004
14701
18366
16253
28553
20807
15604
18721
17315
14351
16672
14416
18193
16324
14659
16022
15720
14734
18859
14112
21908
14885
16244
17489
16720
14145
16719
15150
16208
16823
26451
16230
17784
23758
17560
17339
21929
23332
14336
21672
16260
17686
23869
14865
19920
20327
14701
15384
15706
15514
17265
13733
19060
14192
15236
21765
17599
14765
14937
20946
19503
16900
15616
20331
14605
19986
21500
16126
26196
15753
17367
16319
20294
30990
20150
14625
13778
18206
31469
14338
19208
17467
19938
30675
15845
16170
21597
19346
19550
17191
14503
15537
15390
15365
26839
17574
19520
26079
13953
14913
15829
15306
21073
18685
32778
15255
32514
15617
15479
19236
14313
17640
14823
18878
20990
15155
18079
16427
14264
14639
14688
21345
25704
20943
20199
19620
37353
18774
15862
13477
15666
20207
14219
20486
15477
14001
16015
13622
15193
23959
15646
14505
16050
15366
25143
17131
23314
16141
38209
18959
16166
14286
13687
14881
16247
15430
16647
15904
19307
22666
21627
15001
18741
16994
20298
17796
16562
14110
14314
18685
24559
21545
18810
25591
24236
15388
14345
16242
15569
14849
17769
27253
15644
15038
27722
16848
15270
16454
14484
15255
22124
15496
16647
14672
18957
15397
31362
20119
24856
16750
16879
28587
15324
17715
35272
16751
13808
13687
17994
19892
20729
15592
20421
16244
16798
14500
15028
13953
21131
14681
14675
18903
58897
69606
14642
16487
19755
22532
14817
21276
16181
18317
13642
15174
18493
17952
20862
22941
15255
20171
17467
19707
19674
19852
25763
19082
16793
19133
16311
19578
16267
18016
27542
15207
22758
13610
27278
13775
12622
24593
19851
14658
15362
12934
20588
20281
16986
33159
16014
16195
17915
14734
17272
14872
21576
20682
18523
16279
33680
22986
15928
15023
17190
14616
21550
16485
25344
17988
15783
23841
17127
17521
28040
14509
16463
14863
14983
16918
16784
17499
26879
17657
17288
13959
16458
21971
14785
13264
26934
16887
16890
18311
20774
28939
17746
17174
16357
14055
17183
18242
14092
19267
25651
15760
16539
28808
15522
20094
14658
23966
20755
40022
18992
22086
18301
17247
26747
17325
25834
21241
19141
17232
16526
14065
17885
15074
23017
15013
16650
19221
15244
23170
43987
16126
16357
15803
14778
21363
15551
14382
17726
21913
15385
22484
19532
15482
19294
15075
16088
25217
40319
22124
18963
14985
16799
14571
14179
15644
15876
14446
16035
17150
16558
16352
17162
17490
20991
21891
208186
201704
41799
21688
16347
18983
16086
15345
15520
19736
18680
15441
16047
26917
19349
16015
17745
14903
19436
14295
26398
17539
16450
45100
25647
17719
24679
18262
18153
14546
13947
13205
15157
14481
14157
13377
48224
18500
35004
33661
15673
15824
15475
14866
15818
16119
15791
15302
16707
15105
14244
19539
15690
18312
15021
25664
16766
16254
15311
18465
13983
13554
14875
15586
17456
16376
29776
16382
19308
17223
21686
17964
17362
15591
15932
16953
16252
16177
15444
30352
16135
20117
23382
17399
23265
19549
17661
16448
19563
22155
15878
23716
14200
15617
18304
15589
20242
18290
19150
27758
19941
23113
15713
21566
16503
14769
23198
14867
16607
15186
27900
16565
22627
17205
14933
18375
39237
14246
14645
46181
26697
16259
17887
17772
26158
15681
14733
18264
24484
14789
17112
14295
15374
16058
15209
16343
15401
15654
14205
22277
18194
17036
19117
14484
19961
16055
15055
15049
17012
15535
14346
14887
19972
15219
15647
19803
18055
18105
16547
17834
15257
15243
22688
22221
21246
15278
19037
15568
16266
18896
20698
16549
17444
16121
18013
16470
17091
15637
19962
16473
17513
16958
16264
16631
25968
16734
13662
22425
17487
16940
15356
14938
18199
15732
15475
17546
17734
16475
14997
13940
17975
17507
19213
18895
14398
16491
16401
15035
15693
15306
31514
20310
15603
16872
15111
18602
15699
22422
16949
14866
23137
17999
15488
14853
19838
17342
18194
20508
17096
24344
19436
20936
17773
15953
15617
15581
25745
14975
15556
14628
16003
20492
16618
24692
16158
20489
25835
17010
16026
15018
24404
20866
16174
16908
14449
19728
16733
14513
18967
16083
14686
19298
24524
17206
19544
22816
16656
15064
13886
18812
21958
15612
18733
27611
19871
14627
14514
20197
22061
22095
21505
21200
14876
15785
15405
17893
23617
15310
15382
17087
14912
22289
15388
18954
18908
16510
15736
15120
16616
19014
30713
15253
34316
15544
33746
25743
21799
20299
14902
15017
16779
42074
18308
14493
15755
16140
32712
17900
18150
18415
17715
18148
14850
18495
22523
15140
15521
18887
17667
16651
35221
15697
13529
14733
14728
25646
20771
18540
15171
22070
21067
22691
15360
15138
13544
16829
16361
16105
15713
14727
15479
15283
21562
14562
19845
14257
22524
16396
18181
17573
29124
16194
21070
14511
16252
16388
16579
20547
13735
18491
15197
22815
14188
16319
21327
18620
19119
13607
15964
17327
25263
14239
15108
21058
17928
20238
20767
32990
16073
14408
15401
19327
24057
17721
21249
15745
39009
16522
19179
16115
14847
15578
22465
27725
17659
15773
17566
15419
15325
20711
21296
16464
23767
15720
20227
15014
19278
15351
16730
16070
14244
16209
16113
19437
15959
22623
13671
21175
14851
17424
14601
20806
14161
15580
13504
17200
23747
17102
38712
18432
50947
59161
16392
16736
16281
16474
16431
14587
16906
15586
17224
29562
17885
13903
19789
19259
16015
15433
18256
18240
14522
26361
16151
26607
22333
15068
20054
17574
17052
20092
16431
16168
21313
17174
17828
19741
14566
15675
16410
14508
25066
30611
15956
15686
16084
18227
15750
14472
16520
16211
26075
22930
15031
15168
21461
17611
15405
12639
14642
22316
14245
20717
14595
13875
15891
16514
14490
15673
14256
21359
17303
20731
16077
15066
17273
15973
14188
20795
15828
17704
16773
25625
16220
41332
20909
22628
15117
20079
15355
17679
19893
23604
15335
24039
14311
14580
15359
14246
14860
16089
15702
20198
15753
18236
15743
15928
14879
29052
15198
22638
14516
15479
24939
16757
15154
15562
14874
15861
17525
21968
14260
15017
18361
23261
42187
24261
20943
26676
18390
14864
19019
21116
15649
17064
22367
15584
21806
14642
22363
18091
13051
29460
14209
16042
18982
20124
19800
14021
15869
12864
14997
15828
17304
16541
16895
25797
14061
17744
18396
24272
20331
21680
19103
15404
14253
18061
19646
21968
22990
14589
15879
16354
22681
20785
16175
16229
16080
18832
20865
14162
14977
16008
19574
15304
18217
18022
14588
25973
17978
15830
28075
16479
27699
18516
16552
15302
21365
16768
21624
17920
15645
14821
14923
17167
17608
15414
16769
13622
28173
16337
15231
14812
20112
24806
18761
14514
19020
26022
33494
20064
14895
18482
19265
20759
19823
16953
28997
14674
14076
38476
18706
17544
15824
14107
14794
13735
15504
16067
18311
16612
14660
16223
14641
15830
14160
15340
14611
18306
17373
13976
15745
16797
15168
15388
22769
19577
18150
22787
18860
17406
18139
19244
16772
14850
15873
21399
17412
15183
22227
14335
22731
14468
19844
13596
17554
21486
26866
18857
18173
14321
19323
18865
31549
16444
16571
17456
15258
14908
19501
16209
21877
15887
19305
19665
15107
16455
22334
17813
15018
14876
17670
15598
15890
19739
13770
18666
27187
14502
15021
18048
15954
18140
15879
13954
14081
15660
17022
15917
20135
16108
18315
15739
15124
19819
17077
19752
20898
18265
36024
16766
17525
18738
17690
21281
21023
16982
19953
19175
17173
15928
15598
14289
33430
20901
18477
16002
18750
16455
24590
20105
20318
26931
17249
16228
15881
13624
14023
17105
14265
13967
24440
19465
15468
14562
24884
32412
16150
17943
14763
15585
16117
18022
20354
17759
15617
16349
14889
14699
20818
19951
15030
17566
15715
30588
16433
20742
14273
30623
14780
15445
15257
22580
21498
15686
18738
16378
14589
23181
25159
15568
25821
27544
14625
13665
19390
17191
14451
15221
20025
23483
14827
23442
16079
26574
14134
17553
16339
24628
20328
14615
20790
18045
22652
17446
21666
15970
26830
14215
17858
24417
26373
16930
16063
26761
16258
14456
14167
13760
14795
21303
15166
18750
15474
14238
19774
18913
15860
15781
14684
15498
29359
21177
13819
15586
15585
20160
17632
19783
18644
21076
27652
14035
15840
15220
19497
19206
17070
15987
15647
15449
28475
15245
15505
16045
19157
16231
19685
31786
14915
20219
33757
27135
19328
24529
16916
17241
50696
15326
16259
14315
20438
18479
18368
16303
16408
15415
18538
19518
17223
19485
15063
21944
19366
18332
19792
24847
16237
15250
16334
21571
20903
14789
23081
21777
19873
14359
16937
14808
13551
13697
21868
13658
15009
17325
15763
23653
17638
15195
13899
20313
16513
13996
14546
15087
18512
15085
18193
19167
16712
24601
16272
14002
15250
14564
19650
23194
14199
15854
27422
17141
34548
16774
20447
15163
14056
16349
22147
16242
14378
20088
14223
13900
29651
39785
21786
19191
14864
15466
15122
15377
23370
15300
20869
16233
16614
24528
21527
19085
18378
18851
16334
15713
17901
24288
19853
17663
16810
18773
18713
20238
15445
15339
14810
15625
15080
21424
16437
19188
17123
19443
17873
17519
14638
17133
18474
22070
49765
14589
24214
16411
19093
17044
19625
15765
14517
19020
18626
18612
15409
15519
19435
15450
14080
22115
15737
19380
21900
13940
15689
20091
19725
15233
16989
15684
17072
15026
18082
19028
14126
20100
13725
20209
38317
17509
19103
16394
15271
16764
15432
15147
18134
15325
14157
26399
19334
15280
25111
21249
21207
