30235
28217
18041
15785
24700
18831
24813
15074
38723
21240
46657
72095
15589
12369
11579
36381
25053
57001
58129
23012
19257
20497
30295
23925
14986
27545
28808
20466
20292
32430
23761
34583
45932
25357
22316
28135
34371
32702
20665
34583
37492
21605
18229
21039
11920
21687
12541
10463
18238
18981
13814
29365
26545
20087
20417
22853
17986
33993
17906
32448
27221
29551
26478
19911
18416
16298
22401
21268
25019
17338
23861
21141
21493
18116
18500
27646
21933
14728
27369
32254
19870
33986
16553
20844
29246
19683
29377
24049
25780
18900
12347
24963
21197
32442
50263
21558
24944
17731
35570
27944
23154
14207
20334
24347
16373
31454
37873
27193
14266
23667
19809
20653
17746
27637
44081
22170
18397
17444
24226
23084
46444
54461
18426
22864
13807
16964
21479
16430
23991
19228
22860
31902
37914
25723
25327
22112
21059
18682
22628
31420
16746
14462
22998
19439
15412
16348
12651
21591
40757
18539
38829
19992
22859
22560
29623
17595
30127
21395
21258
17113
22644
36654
25745
19576
19693
20707
23512
20125
19745
48644
52158
34388
15739
17165
18545
15846
18174
33799
35645
16635
37361
18102
23802
6596
22478
25617
20023
23992
16984
14250
38885
22348
23018
21052
16402
19227
12926
17171
21938
28370
39048
24102
12122
23508
13110
26382
25518
24507
20141
21174
23914
19769
21506
25497
23691
12948
12524
17735
41459
57246
17733
31431
39016
53028
54473
19548
30302
28231
18485
29201
30115
13110
22960
21691
19481
12392
20826
25510
31840
55988
23328
22915
27185
14761
23225
23894
26419
19167
30304
20108
11903
25690
29122
25171
10310
11575
27266
22995
18492
27011
23019
17665
26356
16209
48094
19194
53790
43244
22530
30173
17184
37369
26118
29895
19022
19522
25464
12711
27147
35545
30012
14916
19245
13167
21401
43514
24111
23835
11068
14687
17409
25129
20973
15262
18072
20684
31434
24354
24489
27977
14015
19830
28351
56864
19096
18564
23090
19273
32634
13832
18339
28740
32160
21005
16435
19718
16541
19038
12680
12659
27862
27390
36003
27052
16125
19144
29042
18801
26474
16749
24653
16349
20665
23700
26601
53935
21277
24923
19624
18895
21403
20105
26531
18927
26312
9435
21566
22407
18315
25054
17969
13095
27621
16605
17517
23549
17462
13854
54909
38567
18173
21819
20467
15382
22397
16495
18617
18758
27708
22851
25637
25662
12915
20809
21315
29922
24018
19428
21020
29295
25326
36137
17874
23124
17761
19944
33381
21438
14913
20919
13379
20889
22242
16652
22693
18918
25247
27191
56214
25564
21598
17466
13770
13754
17575
28988
27095
25390
41241
19689
32056
28093
10129
17421
15380
28154
18413
25769
31057
24375
25659
17373
15843
20289
38080
27908
17723
29589
18498
20685
18854
20719
22443
24882
11116
40663
16759
23681
29739
32976
23972
16395
12936
24126
10189
21549
18033
14862
21215
27149
20947
39400
17450
13521
21387
19711
15667
23840
30430
15448
33597
17114
15333
12808
12847
20267
15933
13115
32041
60845
81646
14389
15114
26037
47052
17371
22597
15481
23076
40606
27131
15710
18531
30930
27015
17757
16389
15068
37007
30528
24603
43643
21220
24784
21091
39343
33210
5847
25640
15488
24973
27644
19157
13481
21447
23631
23223
19686
24820
24845
23504
20790
22748
17044
24408
27303
34462
27098
22151
22232
38627
50646
35933
12906
19768
25135
21821
23484
25510
31296
31541
22241
20882
51417
36434
23253
21009
29535
19912
23775
28091
21390
24957
27807
22594
22365
27877
17728
18947
17647
25181
25544
29730
17914
21333
15435
17773
20999
27516
17465
23127
24017
23752
16852
12483
21595
36151
20621
13607
23969
28933
9993
29611
37551
17743
19924
14840
25390
19585
23207
18449
20256
20693
23423
28146
26826
18445
37742
37620
24988
18284
20924
26694
17538
16413
21610
21633
25368
29810
23239
26236
18286
16880
19573
20561
17486
26287
18079
32037
17383
20931
20080
11249
18167
18318
19290
19506
15777
18112
23195
34875
43464
20023
34532
24212
24885
25142
17035
33434
16930
15081
20179
17510
17613
20772
42696
20811
16411
15051
25047
21931
11823
14683
20583
18089
36237
28432
28374
28358
21105
17151
33020
22775
20914
13904
21350
21732
26070
24988
32596
21407
16029
24187
36598
33391
18931
21648
14922
14269
28173
29491
29830
34593
22862
26470
23106
34901
32748
21923
20105
31312
21251
24627
18496
19278
25968
25891
39548
9938
20765
18479
15724
20268
35274
28482
24930
27336
19718
34075
31283
28534
19795
17369
18025
20779
24415
22108
20555
12401
25434
23913
28798
25474
20844
17812
19632
27829
20027
23360
51907
21007
17393
29107
29967
21945
15280
23765
17180
15757
17857
18840
15798
22402
19834
20202
16978
22345
22027
29792
21737
22052
30074
18228
14938
19098
22290
28202
24618
22198
31951
32444
19930
14386
39110
24915
27433
20632
19637
36268
23081
22112
18854
22887
27720
24302
20167
27591
32672
32895
15193
31239
21261
29929
27524
24069
22883
17706
28060
24725
20725
23682
18181
14428
23153
18763
19341
23748
29227
21906
19643
26643
17780
19849
47778
20024
24464
17215
18979
20785
22924
22100
24344
29482
30988
17057
14705
25996
35958
53685
26810
17119
25847
17596
36482
20099
16964
25856
19730
19841
20628
39999
19269
17849
37300
20162
35568
21807
24408
20995
23259
16217
21597
16506
22514
23715
21890
19802
21382
22738
32982
20258
27650
14646
22083
18505
31302
15287
29524
14983
13490
22028
17008
27082
16487
22028
24762
43436
57521
20424
26101
20751
28217
26962
20975
21480
19066
16163
14581
37494
20036
19864
19076
28811
22346
27355
27119
28139
19013
26044
17151
18240
21966
25281
35414
45216
14025
28644
17052
16653
20533
41861
33970
33332
24687
69345
39964
23203
17423
26372
26027
14714
29089
17579
29534
24099
5338
23220
17652
39742
15409
19643
15465
29545
30551
20430
32450
27440
22779
16298
23132
15133
28189
35334
24772
17278
32364
41326
24357
21626
17009
19357
23596
17836
19553
15940
20659
20367
13352
28454
21400
46832
11809
15336
16000
16309
23965
16011
19479
24548
23197
15617
26269
26124
25401
17813
25284
45316
23313
19762
20950
33080
27295
19545
16627
23723
21933
20215
45184
27538
45818
21627
18481
14035
28088
18607
19720
16125
18123
21989
19872
40207
49084
24360
12052
24796
20841
12826
24244
18784
15955
20903
18795
21994
15825
13184
21218
13656
17884
23320
20763
16145
24973
18209
41932
18822
25823
17477
24827
23756
25175
24646
18089
21104
22226
36148
15178
19261
31291
19796
21129
18615
13419
22546
27324
17715
14897
30944
17065
17384
20509
21473
20697
24448
24110
21803
19061
21899
17682
19339
21558
36582
22295
20503
22171
24948
12201
11930
16679
21931
23247
24360
23769
16748
25860
26515
22548
15493
23563
19490
31238
19942
20134
21461
21985
16548
20353
23326
43187
64545
24209
19290
21732
12191
23135
13958
20967
28168
27281
14183
23161
23708
21748
18569
19198
21610
19874
23349
15323
50709
26118
23033
18907
17926
20301
17479
18995
24633
20888
21930
27038
18780
19501
30440
15537
19577
22251
33429
46528
29835
25087
31826
25909
27441
35938
20790
18967
13823
27415
20809
12233
33997
17692
24672
19941
20726
24713
20521
19439
23653
17112
26056
10240
20137
23103
19913
32423
31145
41835
26283
28038
22953
29511
15479
34928
20196
18606
34997
18253
25124
22850
28615
15492
24761
26569
35417
20008
48675
15268
26796
21460
11321
20245
20326
20080
31272
14075
24552
19421
23950
20583
21861
14238
19657
30438
15558
22838
25064
17246
23444
17502
21399
18349
20327
44199
26102
18062
16844
13844
22296
22837
32001
17434
19085
25562
20227
46869
23880
14758
18588
22749
23257
19600
25237
19750
30906
28189
27480
46485
25029
22632
19936
15910
27054
20767
16740
23217
19876
25488
13061
19901
19258
19556
16791
14351
22416
19310
17609
20049
19121
24127
39985
24517
28025
20874
23370
18652
20107
26667
22636
22962
14464
28196
15249
19103
30481
18764
20714
25384
36900
44429
21073
30067
26079
41219
19290
22846
25174
21951
28881
23446
22556
26473
21978
22050
17743
36609
19022
23061
22150
21099
30023
27215
23203
20804
21137
35416
24964
27956
18789
21938
13812
33195
27641
20191
20602
22722
28799
18538
19061
29870
11271
15208
16506
21834
22922
17578
16802
11546
39773
22956
25269
15576
18890
21029
20652
17907
40729
21815
17448
42004
27090
27655
19967
17555
21096
22800
23042
26552
49907
29592
63130
23855
14671
15180
18455
18889
26783
30051
20730
18388
21926
27067
20436
30199
28496
32818
43086
34515
20922
21680
16713
22207
18895
19195
28348
22876
35904
43131
28797
35336
19861
21004
27749
21761
26658
36500
50535
32002
26797
18440
18835
21227
20100
23414
28872
26486
24144
14428
22983
21881
21896
27157
23193
19825
15066
32547
24130
48870
14373
29369
12943
21736
19400
21052
22105
20962
28527
19172
18560
22140
40566
15924
20485
17409
24869
18951
29376
48444
21351
27019
19466
20615
20780
27222
33798
18302
24958
22367
19664
24635
19476
20992
35305
41260
23943
27524
15100
18379
20382
25005
28667
23061
24962
22562
24483
23686
46805
47432
22225
25993
13420
10609
21242
17402
19131
21935
19869
16537
26721
34439
30916
22651
16386
27782
15634
19154
13895
20040
19885
29424
14644
19982
26278
17271
23458
17740
20606
14093
22549
22813
32531
19929
16198
29265
15684
12908
44360
14507
22416
20265
13748
12247
19775
19426
29207
18032
17508
16118
28892
23896
37080
23681
26441
51963
58010
71198
75763
18493
24610
32781
27231
35175
41990
27535
15952
23119
21165
19144
28219
25552
32774
34397
24259
19033
21381
21159
17116
26008
25298
21582
20056
20801
16624
25382
21437
23728
22779
19799
22592
17886
27375
26262
21866
15361
22724
21944
21612
28731
14482
37538
18992
14610
20882
16124
20008
33671
14755
14485
17721
28763
23220
18071
23517
18369
24213
16947
16359
36951
41218
25621
17422
23519
21685
15167
15715
22904
18985
20390
16218
17523
20934
22862
29131
20447
25132
12636
25053
17812
20204
18396
18330
22012
21564
17938
24786
14613
27650
14896
20915
14019
18315
20538
18379
17396
22973
30088
16380
23618
48798
39760
29515
23434
20019
14818
23292
16585
27961
20457
23167
73913
76316
14657
20477
20668
26320
22146
18870
22594
24971
22845
16812
19411
17921
22257
29850
31181
18159
6794
20014
24851
16340
33289
20356
24416
24357
23135
23305
21967
31135
21338
25019
25772
17039
14004
14674
19529
26247
18611
16072
22411
12207
27141
19109
25262
23183
16422
29278
28194
29064
27680
35652
22393
19589
19420
17472
17366
27798
14417
21221
17158
19286
15330
27678
10351
21003
24512
34014
33892
16622
15097
19493
16530
18024
25065
42618
19648
11180
24169
22678
20670
17902
20530
17628
19200
30807
18969
18942
17359
20530
19977
19721
42013
44611
20606
16030
23881
47395
44389
24818
28051
16441
26511
37028
26619
30262
24783
29242
22125
12786
23985
20474
15800
21421
21950
19370
15968
19025
22682
24808
14678
21114
23021
27614
15772
23806
17432
19166
19316
10705
23405
23986
36477
20125
13964
23469
26979
23836
16443
18684
41681
21168
12444
20168
20026
34587
24939
22278
20272
20089
17591
31119
46951
22068
33878
20819
29978
17540
22085
54528
17796
31172
16919
40284
27417
40117
31171
25217
24185
24744
19037
20476
30288
21603
23366
13552
23539
35344
23694
18361
19894
20648
23328
15790
20889
28879
20773
47671
44979
63040
61509
83433
21012
13758
22184
21534
25866
21010
14563
21793
19958
19413
39505
39516
22764
23447
23362
17405
22813
17730
13049
15883
18292
26530
21589
15753
30401
51236
15229
22267
11833
27546
5797
19987
19553
24028
14936
14040
21694
28127
34307
23810
12749
18528
16888
35453
21162
24921
19700
16405
18449
18557
14958
24388
24736
12886
29646
20462
19749
18276
30726
18880
20549
24622
25616
19122
24440
18422
27060
22059
19388
14060
19735
24394
15928
32648
19690
26382
29335
43256
21307
16607
16584
15131
17307
13816
19786
22168
16995
18695
26017
21156
18688
22125
38971
23170
18902
22994
20549
25042
16324
20946
26210
23943
24691
21391
20526
21057
12722
23884
17887
18092
16408
30570
19868
25585
18658
36043
31138
17812
31410
18842
12471
21373
16523
27661
22921
21621
23275
17102
31947
24408
22965
13291
19422
21382
27175
27007
21969
24799
21186
28289
20767
21977
22208
24761
27599
17824
23507
27729
23800
17476
16293
16515
32785
22433
20498
37435
25117
23751
22240
19058
24770
28806
15330
19616
24730
12607
22454
19594
17872
19399
19100
24960
26377
13527
12350
17204
15630
17450
30303
23594
37510
31238
30999
11668
24137
20165
22994
27720
14224
44615
23724
43402
25796
25418
25399
22685
14269
16927
19024
24745
19583
13225
15019
18621
26512
31432
25281
15926
34772
32833
16291
12755
26382
19319
12246
16897
20357
20942
17458
16862
23235
31261
23875
13067
40191
23232
24336
26168
20708
21859
29074
30046
27816
32297
31774
41174
29177
17813
23592
34154
21506
16267
23642
21527
16086
25289
34450
14666
16991
23122
21683
25504
15870
23026
31089
15260
26363
23977
26936
24462
13885
18672
23589
10057
13921
24384
26130
15857
14376
25701
26997
20912
21363
15524
21003
20676
15063
23810
24185
21418
20337
24941
20202
13564
15080
17719
22516
14346
18501
16183
19290
16429
25209
13068
19584
23198
19404
19255
17327
23302
21874
32853
31127
20128
17875
22238
19283
16484
21891
16194
14587
18602
21139
17539
18451
14670
21294
21940
13041
17020
24665
36726
16897
32256
19732
20223
14508
23696
17379
24887
19954
37119
42129
20065
24638
26345
22047
27117
14736
5755
20394
24915
22703
21569
22816
31016
33646
22462
28339
22162
27826
38039
32000
19557
23406
13256
30581
21424
20561
25045
20031
34653
14152
23727
15695
21112
27986
29210
30716
28798
21108
36229
53586
40278
14956
19586
26016
21346
16983
25855
17851
26310
36606
20763
28996
22709
11393
24938
39975
16340
24270
26451
25137
29673
16492
28945
23213
23878
22791
25100
21188
22694
18251
14869
19598
26219
24127
21618
44593
19710
26006
18867
22798
17102
33319
26595
19555
27980
36866
11333
22880
9995
23386
25566
23996
29112
18357
19864
28552
28947
27005
19389
12701
17580
22103
29262
26547
28546
18889
22730
12497
26107
31794
16024
24829
19181
13400
29753
17627
26731
47014
19703
25094
23835
22670
19071
16631
50148
65191
21751
27961
22666
19804
7677
21314
21271
6918
44091
28298
20990
23032
29298
31432
21269
24692
34994
27681
23557
30185
32785
43425
31226
20738
25312
26777
21966
22754
18567
28956
25097
41423
53196
22108
20597
18448
14160
28827
16016
16001
17533
19754
18962
13975
18685
16627
11758
10465
17339
21302
22112
30857
24495
18206
24035
16279
26867
15233
35018
18007
17288
21635
18867
21958
25269
26951
24031
26347
23550
19058
15049
21173
24122
33929
27556
68837
14243
21001
17847
24506
28675
37258
20047
22644
11566
19954
32301
23768
16092
25071
17302
28437
13043
22357
17869
20691
17824
25399
14502
16745
25766
20206
42247
19924
21737
17843
23310
18135
17596
22931
12745
45191
23432
37663
24253
13307
13903
20360
33989
13600
21093
11688
17161
14345
20603
19099
25225
22270
43059
52700
26159
17364
21297
21004
22315
15508
20304
19704
25346
34482
20299
15164
33827
23268
11027
16164
16315
14471
32848
17152
16711
18922
26635
20236
11892
15209
19845
9857
23589
20209
18433
18253
17381
19254
34361
20819
20185
24304
31512
17999
17158
9675
22995
33465
18217
16155
28161
22135
29477
21320
15766
18840
22137
19241
18737
23988
20970
23744
26006
20300
20055
14548
21966
22405
19145
39707
16296
29264
15752
23379
18931
14863
23884
25154
24810
27998
37830
23050
21410
19834
21282
36103
21571
23292
18894
27934
23906
17281
21818
18291
17805
7973
10368
31128
21091
26238
23689
24378
24211
41466
25999
27127
26506
18309
16499
29800
24552
25281
32183
17428
21409
31987
50959
18802
25474
15954
19642
23366
16114
16407
20099
19419
22192
12183
27306
17841
20355
19450
20634
12441
21887
17005
32227
21607
20531
14839
17743
27394
23896
38796
21941
37885
20789
21354
12326
32755
27151
18879
15370
31957
18915
17916
17466
27837
24711
32946
31785
23997
24455
37291
38903
16663
14642
22204
21527
18721
12924
18914
21278
21666
36566
18941
14702
20046
38860
48108
24286
22267
15430
12177
18524
39299
18349
16963
19063
22285
17374
21923
29262
23132
18732
22828
29367
17210
10118
15922
17438
24210
18809
22743
22351
38385
15506
38193
11003
26747
25190
9781
20906
20448
14168
20389
30355
43756
19005
25644
28429
16901
24470
24333
17946
30533
18525
19783
21548
21726
18303
24337
22520
22991
21038
24630
18678
17478
12812
25121
12052
22289
36981
21109
33080
17227
16885
19961
36057
31883
17623
13249
22151
25216
13875
24716
14199
10819
12715
26898
13689
17143
21388
31396
28117
17606
20977
23227
14153
10517
19164
30583
23393
20541
20521
24098
12599
23488
24412
29324
33865
29147
41945
24332
24569
17432
30058
28015
23638
22217
24118
25928
17932
29885
22540
24525
15440
15301
18916
46556
22770
34040
28818
21053
40814
17937
21060
23364
19831
25158
21340
21062
47602
32164
47491
13335
17990
16118
23433
32711
26980
30662
126611
22523
16677
28410
20260
23192
33778
23124
20004
22333
33401
31166
32478
32357
24792
35926
19629
19952
28822
28629
36747
32254
36679
42541
26479
32104
21272
15981
20605
40050
48284
20107
14830
28890
29348
18905
40432
13873
22323
18761
29321
17284
21101
21584
19878
23374
19672
25875
11692
24135
28206
26852
27300
24696
35599
18763
18317
14479
14351
31799
32274
55291
77927
18777
27160
15430
17205
26355
39761
6936
54924
14762
16207
39205
19624
25245
38774
21635
24687
29049
18530
12156
16286
29377
34268
29487
27945
11720
22511
23480
11516
22713
9876
24237
22184
22582
22222
14456
16439
29028
47620
21576
17749
30881
21610
20230
13414
24181
27053
47671
24166
67437
32336
23505
19873
20383
23539
16393
20186
10253
18725
18747
25175
27198
27668
53458
22865
15612
20969
19003
24456
21008
18883
25496
26738
18883
25749
24082
47160
21831
35001
21202
19262
17415
21246
16973
23625
22559
23694
21543
15162
30458
20099
17515
32370
20693
19469
23321
12906
23836
20827
43128
14723
14007
23191
14978
29928
18447
11744
23717
35191
19967
22075
34735
19405
18864
21039
19573
23111
14064
53680
14719
20630
29617
27514
23062
21552
17817
22486
35286
14834
26232
19677
24341
26360
14251
17834
20374
17279
24286
14807
11125
18700
26185
13369
32836
33222
24527
22600
25102
27308
20872
21765
18642
23321
17284
22434
24248
26223
25489
28063
21346
23123
18224
28559
26044
21678
18262
28416
32951
19567
19584
20157
23974
22398
29315
18598
23593
20927
16822
28658
36435
14314
21677
19260
21264
25252
14440
22060
19089
20283
12805
27585
30916
35045
13263
32431
10961
15501
14728
30480
21972
25295
18417
21148
51048
28964
32563
21714
29707
28932
24854
36478
20111
15258
14433
25409
14508
10737
17033
15300
34799
22708
26252
29460
38083
41186
20353
19511
26439
18414
15674
14889
17200
27391
34716
21462
29537
19011
26188
16879
19144
18479
21743
14701
15712
25411
19050
28377
36328
21103
21583
19238
14650
40909
23189
15543
38398
17096
24179
25518
28723
18626
36753
21780
13810
26650
19931
11239
16689
16703
19666
18804
18301
30689
19616
21588
23714
21090
16916
21524
26723
18851
20236
28436
28583
21109
25505
18478
25010
18300
22348
25530
32433
23539
16735
24063
32346
16915
16618
21027
14368
14201
21681
17118
23296
28204
26668
15294
17981
14444
21941
25463
22574
15742
17231
11098
22247
24338
20545
14193
17780
19238
22046
14889
14017
24279
25756
48147
26904
17684
23758
20085
19716
20457
28850
24974
24007
32322
19033
15099
32119
28969
23248
19789
26329
23300
26904
14092
16874
19636
20713
14487
20110
22859
23665
25949
16518
34870
33186
15946
27445
17044
20281
15495
20981
27514
24996
32214
25880
18496
21935
21443
15231
20619
19573
26726
30604
24525
52373
23698
23651
23850
22840
36068
22006
40310
19601
24550
39588
27670
19151
15941
16733
5872
16661
19706
17597
23431
30472
28395
19607
25171
24119
31701
27726
25535
21171
35430
26845
20839
27511
18301
26299
12166
38501
27210
28189
14489
17856
16989
18096
23434
30493
15996
13521
26583
26432
11299
17947
14793
14526
26166
12961
18738
15615
16405
17902
19476
7114
15637
23768
14652
25423
18617
22997
18488
15059
18900
18930
14971
24233
21510
17192
32847
30184
37561
25942
23268
23875
15666
16825
20376
38164
16638
19232
17449
25040
16089
21174
19422
25209
17375
15209
18521
24120
10283
26645
21072
16125
25708
18508
36091
24371
24571
16278
9686
18757
18885
23905
21155
40726
21563
19674
20327
20516
20936
18861
18847
31133
19614
22664
17900
16797
38837
21487
43813
22904
22275
20012
17912
19728
20073
17331
24676
27592
43967
23060
24151
19265
33968
23651
19954
15916
31370
19692
23563
19842
25233
25185
18272
18220
17452
15186
19952
19561
13308
28577
33963
23035
25758
32921
19320
32307
21679
53140
16402
18953
13458
21619
20735
18888
17078
21757
20231
24274
22001
26342
16133
26476
38693
17424
23117
15274
19921
18005
6751
21610
12494
16635
19721
29853
12991
12468
28303
23369
22333
32604
20263
26974
16965
20901
20956
23486
25630
27058
12753
22066
16201
19614
21622
13588
27209
19011
25555
28432
19162
21297
25152
25526
38765
11610
22041
17164
21161
26686
20332
31482
25805
18002
24560
33939
14277
17048
27507
27801
26781
21045
18190
25770
13369
26350
31974
27373
20445
17378
16672
31607
46074
14890
29371
17973
14934
23873
15050
25787
22933
23751
26734
22137
32631
17534
19784
16321
28146
25409
17786
20373
19564
14869
30983
19616
33059
26571
21364
14666
28678
18362
19218
22404
22443
17042
29576
25446
18674
16522
25875
25316
23154
16353
18883
32210
26764
37387
47668
60272
33923
27676
38270
23354
21641
22017
21147
24277
18457
24481
15742
28644
19426
27346
16551
22165
21473
23427
30983
21189
16026
19490
15955
6702
11896
21170
20894
18730
20743
22344
21230
10810
16840
12956
24477
21091
21942
18204
27750
22863
29561
20664
26599
23843
21406
25745
11251
23982
20180
27021
18446
21453
18747
19100
15296
25883
25546
20432
32485
23565
21422
25527
15537
16403
36523
24556
28806
20676
17455
16836
17998
23768
17576
21772
21228
15841
30140
21539
14322
24865
22860
19392
22584
20438
20501
29515
23542
23109
22962
18676
18646
20310
31598
25823
13482
22638
20125
22298
25909
23525
22119
16950
18816
22870
25320
22200
9979
15233
20613
28579
23726
16766
17314
21880
22591
14729
19761
30716
31698
22459
21134
11101
23418
19482
9839
21614
19442
29527
28797
24485
26969
14181
28727
30020
49403
18681
28286
15640
17303
25810
21407
33845
22719
20472
11112
24901
21260
22904
38425
24897
55937
28095
62103
43231
22561
15945
23323
26015
20992
29867
28261
27181
15033
17778
18218
12472
27060
28358
30713
22521
33077
27835
22018
20859
18674
13542
28951
23473
47216
23974
22424
24873
16167
36429
19219
17324
18078
30834
41074
20042
26551
18939
28135
31469
25973
21544
20995
25307
19826
17774
17923
33097
19826
22155
20268
18065
22174
19755
14414
14098
17832
10732
19347
18657
21304
21563
23728
49511
25612
21882
22703
35515
39066
7859
31519
12396
21708
20952
36375
15712
22772
12001
37978
24529
12538
21325
22603
17006
21659
15151
33926
18205
20800
21809
16404
17468
26773
15464
29645
28422
20354
25360
42822
14945
12854
25866
41449
18818
19982
46612
20339
24167
18014
9850
27487
21742
22804
35753
14412
17180
27641
14537
31507
19862
17393
22727
34697
22686
19814
33521
22139
17731
16217
18969
19297
22010
26470
17554
26023
32472
19582
21018
19336
21887
34384
25090
22319
5870
40978
13615
20270
28592
11949
28764
21266
27864
15796
30345
20117
14758
17977
21536
17251
22691
21216
12490
18007
17430
14960
22458
33736
15133
22411
10327
20781
35506
18023
22992
16078
17919
25342
20891
23040
18951
19726
14338
12169
31637
31224
45177
43159
22323
18788
25069
16164
24253
20386
31141
22742
17366
28320
39637
18422
14043
12773
15823
15168
20329
30771
18067
22133
22401
24780
26107
28980
27171
24810
22088
16520
23115
25381
11509
18934
22785
26748
22504
17792
16947
21096
19443
23257
23039
28348
39155
6817
17106
19146
16607
16532
16662
19685
21506
20630
19405
23283
16851
19073
22781
17513
17040
25180
19231
18921
32356
23486
22096
17542
12622
18381
29441
22468
23774
23476
14972
15094
25366
38153
38447
60773
17954
25682
29182
23304
23384
29155
27718
24023
21219
17421
20648
20767
19310
24718
26347
47447
18624
27262
23073
14878
20485
19199
20432
23166
45260
20568
22550
31049
15656
18045
19722
25405
21868
27930
22727
18800
18020
43467
23352
20523
26423
27146
33031
21764
17098
20335
37996
21136
12902
21868
22278
23714
38655
17539
36776
46244
26695
22538
28531
19827
33403
28501
44307
35632
19925
25398
26503
24130
12174
29020
13310
14281
22402
13978
27125
20864
34239
16752
34590
25972
31165
24199
10395
14861
18868
22109
16270
17680
25161
29678
23820
20390
26356
27466
16722
17709
15304
27884
25824
21613
24298
20755
23877
33906
22157
13184
15415
21343
25255
16179
18758
21386
18898
16427
11193
14855
19057
23018
24781
20175
23290
14987
16835
18133
19903
42909
20230
29763
16070
20060
30461
22044
20924
20184
14908
21909
17715
10747
21246
16621
17507
11072
19713
20465
17971
26486
14015
25996
26168
33078
55317
29127
35553
17597
17871
28780
15606
21914
17290
19617
13235
56981
13590
15592
26152
31125
19634
24934
22674
31492
18159
14635
19658
13028
20528
26230
14472
23619
26013
13757
26250
20277
25903
24566
23392
16788
14205
19035
16303
18481
21265
17630
22546
40868
18717
14571
10565
19688
17692
29664
20838
18977
18143
23146
22605
22930
25377
18012
18667
26939
31482
29731
20335
34690
19730
25226
24187
15915
13351
25660
34724
36921
25252
22796
31770
18175
20675
20917
24029
23617
21778
22715
25413
28863
16442
17900
14917
20327
14586
13431
18041
15175
18690
15317
18330
19247
24404
16966
17712
15308
16831
19137
15903
11203
24634
11766
25328
20512
27385
16788
27126
13171
19965
19132
24525
23750
13951
29739
22758
36083
21357
16047
21390
11053
23285
17286
20508
33197
52224
23665
29188
40547
21901
42675
36089
22913
36187
19573
21377
17563
20785
20375
28781
26686
11332
16804
20345
13617
19626
23822
18219
19259
28451
24519
21572
13223
24372
28236
17834
26058
21820
17522
17460
19621
19194
9484
31087
15660
12738
26804
22449
20305
28356
14021
15734
11915
20091
19795
20331
24748
18220
20505
29311
25189
24147
25522
24188
19454
31390
21595
17266
13756
30813
23351
19615
27954
17225
22555
17180
22900
21917
13949
17174
24265
30268
18329
19128
20835
21914
16405
20121
33888
39029
17288
27643
23080
12332
21972
11348
31322
25071
36260
28091
16738
20494
22674
44440
13519
10466
29800
42899
22847
22844
13559
14150
19942
16170
19249
26435
25414
18864
18510
19794
20954
27075
30787
30309
31435
19664
20581
10395
21887
27115
23231
19362
36341
30245
50199
53547
22064
31386
20924
18997
9433
16752
24617
40774
18383
22130
36799
16492
25654
35458
21114
16021
24959
14209
22038
25495
17994
25907
16030
22338
15794
16310
26787
20410
20094
20010
39355
14342
20239
41068
24009
27652
25678
15630
28426
13519
29388
18668
22372
20222
17787
23352
23644
29312
23395
31196
34192
19534
30399
49594
20743
21554
25686
21212
24983
39773
16557
27145
17261
31466
19257
27850
26851
69284
19973
12697
18652
17943
19343
11196
32361
19214
25203
22689
22668
35352
21321
21635
21904
27515
21559
22273
35663
10108
17894
15215
20146
19335
21607
31862
29420
20097
33825
21393
24722
31248
20773
18307
22179
18926
35303
54862
60310
13009
10934
14903
21600
19049
18331
30710
14993
22415
23832
25872
14369
16203
18291
21635
12746
21943
21179
39071
29444
25463
17759
22398
31593
60098
46884
15016
30316
14251
26582
13755
16126
21057
17894
19889
16515
11417
34083
14554
12842
21213
18903
10494
29521
33421
29380
22105
20116
21279
20454
19688
21561
14905
14240
19929
22206
23562
17279
16727
21557
21403
22152
15992
17708
14135
20456
15109
25498
26643
58146
34309
33088
29353
21496
25733
22186
37606
34909
28506
19390
20739
17316
22131
27844
20520
24970
25944
19242
36404
19625
23263
29979
18860
26423
25946
15115
20452
19968
16048
22238
20669
23914
14941
14355
11811
15617
30482
18102
14430
22455
19471
27389
20131
27801
18310
18855
32819
18682
18063
7679
22772
17745
19468
24984
28519
37319
25914
21118
31413
20864
22624
21179
13996
17638
20612
24259
21028
27374
15316
21598
21208
27110
47328
26496
20258
16749
43543
21885
20049
27770
19665
25847
10493
26849
20324
14779
24244
25888
33469
13234
15441
24133
25475
13121
25601
27895
19301
22924
21566
22814
24304
25967
26820
19052
20040
23968
30664
18417
25099
16918
20182
16515
27842
32624
41931
14577
25753
29395
23771
35122
16386
30725
23379
17973
21401
19450
27378
18423
29606
17317
16386
14887
26606
20286
20299
21283
33256
28125
24934
35530
35930
35257
16060
29678
21164
32999
19004
25160
26389
12720
24983
27399
38618
26512
20122
21068
25265
30003
26124
20613
20726
19999
20712
26779
20384
19594
17256
22411
21579
28739
20482
16782
19643
18837
27470
19557
22824
20127
16831
20376
27889
21796
22971
48357
14353
26121
16355
24480
16075
20421
32598
47123
26640
13498
23876
18583
25073
32631
23268
19530
16643
13594
16101
21678
17367
23220
31278
18839
24610
14980
23700
14977
23191
21015
36094
32030
17030
22793
20975
19501
26069
17470
17354
18902
24304
25625
19878
18528
20998
23517
16330
18964
47327
22873
45684
46027
55855
38869
37354
20077
17744
24936
40587
37892
18362
17292
14561
27040
20355
19278
24942
25227
22735
24370
30422
20059
17170
21121
29061
15272
20993
31080
44445
65920
28708
21423
24538
11458
16303
16835
15723
21821
22917
18959
21120
22142
15170
30170
28412
23291
20906
21732
22451
39249
68410
22878
21512
22713
22002
23537
28768
15292
24011
27034
34585
21770
41009
26280
28063
20907
21942
39040
45401
13413
20817
19550
27199
24350
18001
19088
19101
21981
22817
18727
32452
29523
21264
26711
27559
24518
21585
26462
18128
19609
24187
10889
31469
22728
20932
21059
17339
27412
20330
26523
10498
38181
19192
14256
21571
17534
14028
24102
20591
25695
23002
22312
22286
10349
15837
18462
32148
19396
12238
23935
21630
22743
27779
24503
22711
40852
15363
19536
13969
22428
15434
18354
15367
21330
25201
13676
30107
24834
27760
27209
16242
19167
15089
56606
23902
28515
31635
45359
14706
27024
16359
17568
26385
14834
22045
15139
20658
28463
15941
21040
13179
27145
6262
10407
18900
22571
24417
20332
25157
20152
14870
17454
32260
23431
12819
25777
22581
21068
15031
13050
19528
19164
21702
22451
28500
25341
16557
23490
30499
13346
20618
20374
23299
17791
12640
14786
23885
34526
22198
19244
40718
36502
33629
53685
20720
32113
14550
22125
37779
19863
30496
23644
19178
22779
22815
18124
16733
19397
18413
28729
10530
17938
26719
32199
26386
18752
23156
9804
22707
23880
22088
18259
18570
17894
17823
28762
42258
58584
20722
15514
22617
25828
23981
22839
22353
20871
21683
19771
19371
23286
21597
22776
23352
22376
29906
15980
23638
40923
33687
26122
49390
17856
26743
38164
21194
17412
21744
32671
19028
18379
22634
16063
23925
33289
24762
28477
17779
24106
18254
20036
24286
30006
14193
20013
18135
14730
22181
31185
25506
20964
29712
19335
23884
14863
25776
21956
28781
19503
22243
17348
29865
38632
12825
24139
12269
17606
23385
28250
18969
24361
10001
21404
24749
21500
31380
22371
20089
15419
20516
19412
16011
22573
21217
23759
31848
24891
25918
14222
18525
19030
16819
28461
16875
16367
28430
18265
18653
30891
17935
31857
22039
20105
19689
18961
22342
34154
23415
27961
20371
27771
21066
23232
23339
35673
29441
27045
19385
13384
22375
22656
26573
15369
29383
23786
38485
20144
24001
31708
19919
13375
20653
17402
17748
12869
18523
15466
17498
15989
13133
27347
16256
27491
20428
25205
24604
27881
39738
48235
33164
35791
21312
24432
20620
23463
13437
24180
30081
25828
20188
29518
42479
22939
29367
12578
21692
20830
15365
18183
20505
25155
21191
25431
30449
22966
29296
15162
25276
18803
21301
25573
19870
11248
8876
14751
20589
20339
25419
22642
20620
24807
18395
22587
31763
64553
17671
21081
27528
27401
30042
14688
17386
28188
21525
18940
21282
27948
23151
24628
20454
16323
15244
19037
19493
19515
24049
28446
12233
14863
15152
15920
23314
23801
27597
33275
19242
20987
15161
23247
19454
18095
25326
28358
24028
13300
27290
13156
22508
32838
18363
20709
16632
21237
19419
19806
23217
19866
15445
19302
33983
20741
29410
18127
21193
22729
24067
15558
15414
30225
20043
23822
24868
21591
14453
16144
24043
38822
53254
25062
30062
25797
15419
25089
12449
15149
23270
33232
24235
15301
27210
26648
21910
15580
27573
19630
11453
26389
26577
17431
16185
16525
24483
21654
23070
19870
31757
24389
27077
20318
24466
31860
7061
33492
15253
16435
36747
19328
24129
21534
39946
25952
43300
21688
24467
22574
21312
21136
14464
18137
37541
19974
21304
14225
15714
22238
20403
22457
16333
17208
20809
18240
23775
24763
23076
15892
14044
21593
18541
34854
14654
20896
28571
24522
11799
20266
14493
24735
22935
22146
34600
31578
23734
20359
23266
14130
25448
19026
16775
28249
27964
21105
17441
18032
22855
16951
27818
30050
14018
13227
15281
10162
14959
24594
15954
29649
20423
42013
32116
31585
39203
14614
20316
29888
35312
20195
28747
30101
31415
29832
20150
19191
20248
26262
22718
19067
20682
24252
22290
19827
19500
10845
22862
28885
18981
49354
53195
15909
25414
18880
21435
20695
27276
19511
20787
19897
8971
19408
11374
19059
19074
14287
16240
18174
32556
18781
23917
31619
21525
33297
27834
22875
23344
25807
23569
15498
14859
23549
22061
15916
22927
6849
8562
24452
24071
39445
20165
16614
18884
21728
17638
12878
23910
17547
25198
14116
15245
19004
37374
39787
18885
6584
21236
26802
26587
17705
29548
22199
25580
18438
17881
20196
19753
14135
17215
6417
21738
30758
14273
19388
17606
37255
24183
27661
19004
21160
15043
18245
20663
27555
32887
15125
25240
42774
18778
9917
19413
22127
20844
26350
32212
16131
31978
21317
29436
23779
17792
11533
25889
21947
21940
26509
29823
22792
12389
13649
22899
27163
52238
27023
14550
18615
25033
17606
23421
20386
20375
41014
15288
21856
29373
13407
11145
24085
21558
15710
40528
22009
30212
12925
26179
29753
26318
33302
17902
17694
22084
31259
35088
39060
26729
22813
18910
19866
28304
12067
24218
30714
21938
11039
12578
18116
19078
16203
21969
24807
24025
30500
27949
37427
48609
18902
18062
24010
17956
14812
23923
23101
21038
14939
29897
29321
13702
16500
24481
21736
15466
15716
18379
22561
32585
37126
21252
37741
24836
45171
52879
23276
35743
15806
19519
24363
30812
46003
31569
19988
34764
23717
18173
30890
19988
25274
20349
43989
31590
28184
19906
20218
27295
18046
22823
18248
30676
27306
27135
18617
23252
14722
27047
21534
16095
7923
17745
22306
19728
20251
23253
21482
20750
26560
17169
17599
15709
20922
15760
26968
16760
25421
30846
15650
12862
21771
19829
14955
15460
21838
18357
18824
16333
18932
33218
14771
19722
19736
14040
24476
16764
16436
21812
26927
19791
16449
21525
19867
27178
14697
24749
18115
32040
28326
14343
12647
29649
20103
18286
33122
23356
20390
18953
22416
18640
13368
34679
38942
22301
23047
14078
20891
20575
22162
29270
31897
47384
24802
23829
24471
18858
22831
22912
28522
24606
21927
20188
17747
19674
14762
24822
36402
31400
20203
23737
17835
14728
20481
24018
23908
13717
16131
20804
25595
18074
24281
28678
27698
19334
34838
25986
36876
46023
24182
23269
19725
26380
36915
17932
17344
17213
25671
25873
11741
30931
26792
22527
23776
19903
16857
18277
26791
29661
27793
33951
11269
24310
26429
25102
24275
14143
21699
19307
15436
15967
18608
26967
22593
24489
25454
33730
18781
24395
33579
17461
20902
28767
21986
20657
18358
15999
13143
20641
20489
34601
27709
6499
28888
22136
16949
25927
17570
19036
32080
22132
20211
21622
21912
27900
16910
19938
25105
23583
25412
30370
17855
20949
18896
20818
18454
25621
45067
11426
14679
22049
12466
28905
35469
20990
19317
16903
28547
19837
23545
21317
27906
17438
21722
22579
27283
25840
11967
19117
16155
32404
41469
16815
23890
14151
27008
13174
14357
20467
14285
20443
15490
7174
19136
19504
14479
18675
26349
14798
26314
16649
21224
21516
16007
31289
19815
41325
14272
32234
25162
30327
21570
35581
16845
16666
21294
25515
17531
17328
21038
27932
10674
20284
19264
20005
22358
15611
20720
23440
22607
27085
18923
11238
23268
17209
26800
14509
26808
28400
29094
26001
24771
15289
14162
19222
14668
25189
27008
23639
18127
20358
35668
22314
24658
22379
15499
22563
13848
21761
32615
26149
16231
14431
30335
34272
23527
26727
22645
12300
22303
25965
29428
21698
22214
22065
21810
26652
24154
24598
21545
17796
21712
21851
28588
24280
24139
14414
34290
16777
16953
23290
14478
22038
23180
18475
19020
21811
37521
26953
25684
21144
28613
21864
23049
19157
19364
48618
22598
54614
22671
27524
14560
12499
15455
15909
21083
20820
21186
43975
20173
22989
35504
19728
18786
26808
20683
19148
27973
20156
11841
15435
22293
26862
16886
30358
46763
17241
24877
21312
24566
21921
13292
13368
19327
22948
20560
21399
14973
22406
19428
26992
19045
27463
20982
33593
9980
25711
21227
19202
48211
24738
17415
15847
28780
19240
23431
26733
32154
14762
22107
24912
45943
23048
19081
18134
22529
32331
31919
14844
28632
10885
15038
20898
13420
25390
22278
25258
18632
19877
19710
17798
17864
25326
32673
25098
17609
24272
9754
14285
12301
24624
26057
40786
37285
26867
20536
16566
21044
19908
16060
16869
16373
39300
11618
25748
26999
20192
26665
23818
26096
16483
17322
10660
23604
19433
17809
20844
27331
33872
29062
14741
17824
18248
15007
27223
23560
26602
42010
30246
19933
27161
30868
18125
19206
20431
28655
26445
31190
24966
27403
26736
16401
41846
20718
20030
17827
28953
15162
14651
16721
19202
29012
19225
17922
26254
34819
30969
25988
21203
29650
21386
22225
23075
14613
15813
35005
21823
21675
31580
21853
19110
16343
22167
24796
18710
19646
22111
24868
36368
22205
27298
13408
20732
29781
27151
18146
18338
17547
38843
49500
39469
19480
15137
21259
19369
21290
21512
17429
16343
23322
22866
19874
24722
26001
23536
32595
42117
21187
19078
18518
22450
16569
23978
26115
16199
14545
19439
22445
18318
23757
18895
15704
28253
16784
23541
20162
18233
20150
25581
23769
20488
21697
48364
12866
15249
19862
19086
19991
20317
30826
17776
27839
19790
19457
30154
33120
37727
20847
13397
11641
24443
20613
26599
20983
18096
18828
31350
65765
20201
18142
19470
17128
29452
19699
14048
25770
25201
17167
20699
23535
21383
28039
25157
24150
17993
22880
20253
28198
18624
40157
19565
20505
14565
18022
35897
21958
36192
18599
24580
25286
37001
16908
18422
24506
30109
20079
21152
22736
18364
27478
19769
22154
21621
20691
18442
25035
33208
22143
20866
31088
18096
14088
20937
26491
13762
18106
31987
18950
41082
22950
28765
10025
20579
16854
25558
26979
30689
28343
13515
22124
12209
26573
24207
34886
25990
21479
21299
20595
28218
15009
24096
22960
12388
22234
23668
49029
16886
28259
18578
24629
41676
25361
30857
19043
17580
19922
19783
22316
29386
17063
28863
27102
37154
23737
34421
23678
16890
27968
18382
26318
15641
16569
17429
20902
18776
15550
21073
25453
12628
24968
28898
16267
27413
39164
16887
30859
14162
25894
27892
14859
18366
19689
31165
17681
16802
35454
21906
11965
26873
22279
19591
20176
24281
29616
38697
16972
9529
23908
27678
19562
18135
18794
23101
23879
21141
19105
21642
25417
24258
20317
19140
24668
9466
20435
23963
19913
23629
25824
28752
26609
46380
13384
36123
47648
23117
17692
20245
17506
18757
24728
20753
21466
17969
23122
18350
16987
13173
17851
16274
32217
21478
16802
43059
16621
22630
29653
19575
20082
18084
20813
20149
29955
25329
22365
43847
22263
19677
26241
16606
22777
23901
23994
17134
27576
17637
18021
42731
27082
29054
16840
27245
16068
16984
18589
21760
16528
31283
32357
40812
21067
21754
39811
36007
14755
36028
17332
13685
26583
23444
14629
22370
21833
25713
37330
21917
18001
25171
26427
20896
31770
34910
20004
11862
21145
17825
28127
16164
19830
24670
38217
24673
25290
18995
24249
20872
14890
21962
24802
40170
18626
30109
26026
18440
21886
28712
10729
17857
15116
31713
28198
29237
25471
22591
26399
19742
13615
16046
20990
14518
39467
22883
18091
18469
23314
31177
16929
28159
20317
17450
17531
17181
20271
21663
40005
25202
40581
34441
38020
22880
26898
22680
25962
30513
21994
18328
22807
28607
20546
33595
25495
17215
18062
29203
45724
19496
16553
14983
23806
19139
24101
34784
19619
20527
19157
13733
27296
22706
40206
18760
27547
23719
17022
21143
23390
20376
13853
19131
38511
18076
22811
32635
31984
46727
20772
23964
26225
26400
19345
20074
33751
38047
23926
22545
20349
19818
24270
13280
16216
33114
23595
43604
36440
20648
19802
19934
23646
18316
24570
20921
19810
36725
22404
20291
20136
40466
34180
26941
22712
10142
17457
17278
29517
17271
27165
15862
18077
26907
23856
16767
53323
52093
62500
18647
30295
15344
22394
15120
21998
18662
18710
18594
18001
26196
23526
12988
16379
20321
23695
21504
25395
13862
31454
21351
11157
21930
21422
23226
28179
21555
29397
22574
19445
14220
31379
41838
17307
20483
19282
25068
19754
25851
19694
21898
26191
29410
23188
23845
29289
15853
19362
17519
18573
21474
22965
24175
27274
19285
11154
18277
19344
19172
24101
12200
24248
29360
19653
18585
19203
18836
23264
30399
17336
19647
18576
15719
35924
20384
19960
22860
16121
17319
20970
22272
23204
20574
15670
19806
22514
12101
14589
29340
26647
17339
24672
17760
23177
27511
27180
31064
25323
15968
20769
37472
29301
31410
34949
51062
48565
17123
20454
25209
27061
18983
20475
18717
23657
19141
22152
25635
20439
28133
17283
16802
20334
20444
13662
28438
19149
16403
21058
20616
47382
44020
17621
20216
16924
15231
24494
21946
20648
26028
20225
17026
19697
22868
22669
28327
31628
24217
19960
27853
21370
18974
26057
29170
26884
34565
24480
21340
25135
18922
19897
21508
38489
27352
21341
22960
15836
21368
27854
17653
19200
22239
18722
23914
26784
7300
21876
23851
32644
22851
16698
19973
21621
27826
20958
14047
23498
20642
17253
27606
18025
15173
21891
26986
16574
26262
49308
58846
48260
25291
21649
20596
40460
23334
21240
35362
18249
23573
39141
40231
23967
11353
21249
16351
14788
22326
12496
26685
20499
20023
17799
17384
24922
19055
17291
29886
23515
13397
17306
17650
19382
20310
14881
26935
18341
23431
26038
23301
25048
12447
16135
31357
34008
19721
36176
22907
15202
27514
13201
18142
27421
12310
18671
20514
22371
25195
22467
11783
23640
11217
24958
21662
22115
21587
24952
39754
18653
30644
34537
17884
42838
22992
19885
33934
16638
22060
32183
36460
16929
14864
19628
26611
12252
28122
31706
26899
22092
36074
15150
16559
47024
24344
42864
14719
19788
17834
16929
21599
22244
19183
16661
16821
22681
38963
13502
15132
19618
21727
19919
16572
20188
25232
35964
16333
39179
15056
23545
24536
11628
24394
16876
19075
22655
25605
16862
30164
30970
16332
28748
22175
21257
32716
21617
25536
20832
20337
20819
9926
23995
31529
16481
12202
18575
18703
24237
15172
27539
36634
27554
17342
15092
23904
25309
21121
19928
24359
11004
34932
27391
17253
19679
18456
14419
14494
19930
36128
14891
20148
22133
17722
32460
19433
26799
20784
22493
16725
16916
21586
28315
17028
25821
15224
12055
21152
31658
40687
18083
24587
20169
19255
18629
17974
19972
19566
25978
24583
22007
18779
31399
18434
21677
21601
26126
10321
10743
29086
20670
29871
17770
29830
17363
22985
21102
23682
19605
16384
19886
15092
19464
23357
27700
23292
45192
13757
17327
30214
22273
21304
24817
16927
22418
28428
15722
16683
36787
25372
21514
15310
23272
21644
24194
19905
17470
18256
18984
15298
24165
18691
40014
23398
34917
31045
20554
14508
16759
22853
20553
34990
18253
13403
15204
51826
53539
34390
15448
24378
17882
16020
20973
19444
24591
41638
34374
42879
12122
22604
24230
18986
22865
26527
18460
14273
24863
19741
20615
17767
15178
34083
18560
20746
27112
21684
20105
23674
25536
14179
18745
34566
20686
32625
18158
21411
15184
14459
16218
19538
30376
17108
20407
14894
22016
19904
14778
33468
16264
28123
38966
20291
33152
23508
17977
27249
25645
21190
18913
28025
19336
18266
21076
18089
18964
18373
28307
18795
15591
26572
31417
23017
20410
22942
19615
39074
21817
32694
28393
48652
25589
20402
30684
18743
30957
34709
20285
32094
16538
26734
19933
18449
16670
14602
31226
17505
22193
18153
20969
41865
19157
19694
26913
21713
24715
22525
28837
12042
20055
16859
19518
22059
26430
15264
30372
15324
14203
24656
23990
20253
36568
43628
24082
24486
16167
22295
25628
23331
18936
30952
25979
20793
23102
24516
34184
16034
23102
24610
23537
26890
45101
25783
15339
16695
15946
23002
14249
17920
31240
40784
53772
22446
24684
21289
21913
32652
13858
22380
23790
17929
24433
43677
14519
22049
20183
15862
41772
34049
18792
16052
16842
17681
28668
16266
31448
31340
44218
25270
19437
20682
22965
21911
34986
26531
21491
32512
44028
28585
30727
13869
18847
17566
21873
35099
32425
31491
20444
22268
12877
20763
23504
16457
18855
23916
22384
15129
27894
22099
19722
16770
25759
17025
16701
17684
23515
20930
14184
15862
21185
20595
16169
18685
14747
33157
23971
22409
18858
20163
30753
32997
17773
18029
20228
14221
22722
22778
22786
19819
37537
28567
27708
22475
33853
44994
15478
21462
21670
25476
24437
21391
27596
17399
21741
16577
26823
24107
21720
21356
24687
20478
24855
21398
23309
32777
22393
13646
25764
35350
18931
22369
18630
20320
17330
21259
14757
24412
25630
29213
23806
24846
17801
20747
21432
27163
30217
20268
37062
24576
18802
18590
22687
24628
25280
24563
21328
10352
16773
18485
17641
17221
21309
34747
16016
14877
22794
20884
28089
15258
12069
16514
15500
20917
12330
20896
17584
15928
26497
25101
20319
28697
37302
17457
20075
15688
20472
19192
15082
16494
15351
20193
17860
21400
15093
17474
26115
18839
27265
14817
18284
18051
27334
16438
7250
21742
28411
42692
23068
25918
18558
41758
14226
25331
22433
20219
20106
19784
26657
32550
17134
16856
15605
26017
30981
28833
35002
15699
24844
28606
18191
17681
21952
18942
26289
10547
16243
19998
17270
21558
27459
14957
25351
29981
24183
22686
31191
18647
19050
17012
21209
13710
20446
25828
16683
26836
36829
25520
19872
22748
12678
28083
13652
16833
33697
28491
22113
25341
25974
19559
18088
20498
10480
10381
19199
27093
20891
21539
25353
18135
18868
25901
22905
30054
22137
17654
25655
39124
24879
26299
13700
10412
29460
18365
30765
61185
19291
19573
34071
16250
31016
14850
27621
21084
25735
19340
22029
21007
22578
31229
18605
18142
25511
44008
19131
18697
24820
15651
22244
23464
17397
21357
18960
21672
18227
46855
15978
11740
27846
27158
19120
23470
17586
20669
14067
20545
23399
20207
22939
12382
17333
21429
21725
29412
23120
32661
17099
17680
16411
26665
21588
13779
27620
13956
20785
20118
26484
23250
27417
29204
21928
14274
20511
20390
15506
13630
22086
32772
18937
27380
32587
35031
44980
21518
38568
15666
21048
12211
27654
25450
34248
27533
19882
15414
13080
22580
23245
22212
33950
23345
14419
19421
16347
23306
16207
22389
13618
20463
25938
18017
18802
19520
22029
17518
24332
16653
26713
21226
18880
34344
15866
25592
20310
13748
22266
28669
23782
22625
17114
14246
18478
19801
13917
16852
11887
16989
11355
23996
22550
25067
27406
18971
26570
22648
19555
14081
25112
19004
13902
15601
24746
21203
19705
23114
25746
12308
22141
16675
30045
19534
22570
22794
27989
24354
27123
19369
23619
14644
33965
25943
23310
20153
13441
16230
27200
30521
32289
37844
16982
16969
21454
14559
20364
26640
20912
24131
19322
16765
24872
19106
22292
15645
15080
20457
26318
24400
19174
19536
15832
21525
18420
21599
11172
20351
12914
7260
19579
20926
21441
22891
21608
28154
22849
23185
15156
25987
18321
22741
27844
38787
19388
21108
23397
19054
29939
13326
26701
8874
25845
28404
27142
21447
12752
19958
11055
21312
20495
21818
21751
37096
30890
24175
26342
17192
21046
15381
20189
23314
19686
22132
28986
14545
21433
24688
18484
15398
19690
34836
12278
24376
23239
13822
15336
26351
18999
22670
31281
15249
15355
18661
23262
30116
15395
24364
26633
36104
15254
14023
14398
18437
19779
25944
41738
18738
27351
23769
13111
17730
17126
24290
6855
21001
24962
20600
26730
25714
16573
20526
16972
15313
10307
19654
21150
42676
23016
22036
31357
13057
48072
43666
21247
25711
21260
20422
23339
17015
17328
35800
18909
25394
38701
19759
18008
15531
15199
17235
10998
22313
21076
22819
20901
24999
20639
16549
24864
29714
25292
21735
9814
26039
21565
17802
21519
10922
24838
24336
15434
26157
19813
15049
10721
33158
29724
12197
14668
21207
16604
20020
16036
21902
24108
25543
25323
18957
20525
9174
23736
17180
23572
27153
16393
24469
22598
20003
19066
21100
21379
16674
29316
16225
26326
18642
26822
17782
23470
17460
19983
14225
33846
14352
18661
30739
13867
43642
17998
34786
17328
25551
18047
15563
21653
25673
19086
16799
25277
18226
14210
18223
19043
17667
24400
15373
9744
20233
19916
15821
59113
32551
19967
19474
17674
19524
24967
18246
22305
20392
22038
20864
22726
13695
24957
20504
23246
28557
46130
24337
16475
16977
27262
15495
27547
16723
18320
22187
17759
34078
27547
28114
23600
15139
17254
17820
16800
37371
26661
14208
13182
14934
19271
12302
24843
18091
19510
16056
23891
17132
20591
28476
20065
16112
14873
25690
26345
18431
20235
14432
22471
31804
20816
12934
18434
19041
21102
22797
20471
19407
19522
12073
16240
20636
23684
17638
18239
16139
39375
13351
21837
21596
31030
16505
19070
25139
23359
17371
20849
32665
26166
20423
26012
15249
28915
14057
19896
14825
28069
20463
19836
18304
24004
20270
12531
23164
14923
19282
20628
23646
28681
44872
30282
28073
24854
17572
16507
24023
8071
18811
13344
15780
16749
20633
23818
20612
32868
18803
31683
19104
15633
22237
20157
17489
20067
18883
15224
27063
25791
27397
19492
21757
26420
22595
15046
17969
33469
21863
14117
22968
24794
15628
17813
16775
16955
20119
17424
31766
32580
25464
33327
24890
16492
21118
19026
17230
28449
17742
18103
18822
18949
23671
18167
17777
22072
18617
22321
19270
31382
50330
13824
21107
16730
18710
11555
17804
19122
11808
17017
31521
20566
33975
46054
61820
16822
17770
21314
15198
22667
18423
20484
17173
20027
9107
33480
24379
16590
29325
15869
19985
18267
13976
16337
18212
19655
16119
11497
18917
19647
21303
17537
11830
22332
23630
31591
15678
23149
19293
22754
20310
20290
18907
15605
17177
26108
21686
19929
25168
27850
17679
50163
26429
29151
13482
24050
23522
38951
26077
7341
13567
12749
30614
37666
17684
23225
27240
21744
18313
20834
27508
21795
30757
13920
22710
18114
23550
29391
17825
19720
21607
19054
25712
26652
33490
18066
27484
16516
22644
21082
34235
18760
20939
22435
22350
30798
16128
23337
24632
22138
17002
21303
24323
30763
17703
17059
16895
25935
23793
21243
14406
22225
19042
20088
23929
14959
21443
15018
10212
21079
22379
18939
14664
16137
21995
18998
22923
21124
26201
17365
13051
14318
23826
27417
42333
18303
23712
23308
23917
15730
24712
12944
15533
23282
22342
16718
19426
18891
42884
14224
16836
31976
15207
15399
23225
24676
19623
29074
47494
33477
17352
19685
17501
19005
34639
18533
18290
21648
13328
20571
16723
23018
21099
18177
37851
33083
20368
20353
20734
37960
19327
13427
16271
13059
14254
27383
20941
23322
41247
25173
23335
20175
16159
25322
22276
21895
22352
18026
15536
21298
26839
31715
16325
23657
32476
23587
21179
18854
18107
20120
19968
25679
21358
39093
38525
29311
28818
25112
9785
24460
12513
23758
27674
33050
19560
27533
15260
11993
44632
20656
16834
26316
29254
14770
18042
20265
23251
24985
14311
23885
23458
20324
27901
34721
26712
32146
15530
23023
18512
12892
20227
22590
19000
25660
17296
17120
12409
17069
19920
42224
20682
28254
16000
15085
26297
36288
21961
12883
17121
19300
25407
31545
42035
15127
30814
37437
25453
17862
20431
34515
25052
22576
23157
46895
24417
23416
17322
16058
19189
19989
21676
31029
34041
18876
19866
32093
16055
13757
22817
36813
19974
16634
16253
30552
21278
25767
20665
11408
13274
20334
19697
20760
21240
13566
17352
30799
26102
16528
17887
17184
17306
21145
21855
27449
26140
75941
13375
20727
27466
20641
29931
21790
20191
13889
15755
24893
22310
19440
18646
27398
13314
19287
14618
14517
20305
18472
26891
23002
19541
20190
18033
14116
14262
15034
30231
20541
20558
18632
30476
19454
20139
23241
14192
14263
23476
47148
53092
12289
20226
25198
19951
16347
18241
19160
26843
17842
19860
29278
21167
20853
21494
19262
13351
20977
20460
24808
28913
17464
31016
23941
18769
24603
19213
16656
21505
19283
28010
20055
13467
9275
19877
23929
21554
39398
17195
24294
55704
27691
21040
18412
17490
22395
16349
15377
19706
24357
35613
19617
21457
18631
22147
17885
28278
11908
22614
25305
11441
20468
18530
28863
19551
21019
21927
17464
17481
21121
23065
22755
24174
21714
11738
30205
20250
25858
22831
33725
10511
23508
17547
22191
35555
23263
24543
31349
21383
19689
22922
22742
25644
16246
22468
34556
18850
27350
23197
22453
23072
23191
23075
22156
19068
20480
27144
18971
23194
22146
14657
20233
22927
16395
23347
20389
16929
25108
28860
20707
23779
22414
7447
28062
16787
16008
27543
15102
29815
18417
19928
16495
16856
21388
21369
28209
19212
15410
24307
35539
16785
11648
33929
29035
25358
19634
27204
15058
21341
17163
31937
26539
11345
19778
22732
19380
21283
21493
18318
21442
22789
22465
24074
37325
23912
23279
27083
46000
15038
12600
21859
29368
19042
15576
25965
23706
20346
20008
22456
33343
19348
17006
14965
18979
13300
18445
24916
19158
31018
22422
17105
26336
20912
21192
25780
19093
17829
14646
17686
18723
33983
17957
26917
16880
30360
14005
32638
15957
22258
23146
22141
16948
22045
29792
21007
18772
18863
11740
21625
15431
18188
9246
19171
24643
21719
33130
24086
23312
26575
21512
23778
21976
20368
26862
24135
18806
37687
34431
33754
19871
16330
33252
21378
42172
37060
23698
19031
19146
21934
33113
11882
18446
26514
20848
19014
21049
21365
16928
22625
33218
10552
18220
20907
20554
20131
18017
21736
19170
16460
13115
20649
36131
17878
34083
25275
29763
13059
28281
17277
15750
17491
17980
9865
17617
21053
17866
42471
32224
16800
22158
15938
21264
24493
23486
28280
20102
21296
21153
21229
22500
16636
18340
20134
21546
14681
19297
15998
24989
14159
22259
20865
21995
16869
21410
18742
36130
28423
23480
22415
16697
18103
13123
19965
26244
35194
19843
17202
19950
30513
23089
21463
18729
15960
19198
22506
30918
24260
20839
29411
23580
17679
17351
20434
20689
17095
35620
19774
24415
12930
21393
19666
21685
16223
21649
26929
24677
18501
12704
19589
25760
44066
26641
16572
26701
19730
16097
28834
19932
16239
22104
20684
37889
21072
20000
21018
12704
30407
27887
18191
17863
20621
24999
21551
22845
13693
19343
30777
39781
13442
26368
19186
17927
18659
14188
17209
14082
19624
20353
26772
16806
28630
54895
77495
24273
20781
18973
15974
25290
21974
19854
18218
20691
29853
32087
26480
20492
26433
26093
25236
18927
20930
18914
37148
27515
16413
26148
26859
21901
18739
20476
15439
33323
22623
19946
16618
17238
20825
14754
24737
20882
21220
22466
20649
39606
10896
19558
16686
14748
13038
13907
17968
21633
21447
16056
20247
21306
19140
14556
21770
18578
17571
16307
12802
29686
15733
18059
21618
21834
18136
33038
12327
25995
17201
33322
28466
20489
30486
16015
24610
25360
13287
27504
18285
22299
25795
19934
31018
22773
14506
26157
24443
34020
17028
14847
13879
19022
19485
36329
36372
18833
25060
14098
22033
25874
15150
15256
22842
23264
23181
18912
26130
37238
21814
21582
18697
20132
18957
16514
21758
48886
20853
14664
24809
19713
16892
20960
26475
16151
22267
18637
21708
14966
25697
19009
25173
44229
25861
21412
22700
23096
35712
65150
23739
38337
18482
16269
13925
19622
16515
19602
30478
29284
17496
21319
19248
13336
18341
23438
13812
13628
17673
14728
22392
21544
22928
19086
34137
17995
19889
22534
45812
24073
62196
61222
42992
21279
21669
9493
17765
20248
30448
11769
32393
37001
18935
21098
11022
12171
21214
25258
12561
24984
20571
18149
22412
12800
19384
13863
20835
41404
12792
20784
19525
21992
18523
16188
21316
19248
24357
22498
48861
26150
25247
21406
12585
35438
19249
14266
28069
24316
22936
21764
21476
23915
21139
20109
32746
19337
43215
26669
41444
11524
23207
16958
12551
22900
27768
20534
21741
13508
22698
18896
19271
14321
16707
23625
11464
15300
36205
12955
21878
12523
15821
23608
13608
13703
16255
21214
17565
40366
59427
22166
24638
15827
16691
13255
17056
17059
30041
14544
33305
26016
12681
22039
25325
18131
17333
24109
15006
14818
25392
21608
25468
19316
25000
45801
21496
20925
16749
25913
12604
15879
25002
22674
19285
22534
18848
19406
20447
31232
31174
22226
12339
22312
23558
27118
17516
22792
27138
30559
14225
26608
18194
22101
12013
29667
16221
27430
16495
33343
18155
36773
16770
36394
52457
65532
21309
23100
11530
20254
22178
15353
20915
22505
24133
10889
20173
22683
27748
15187
22180
23957
21808
43844
17343
22926
24939
41857
22806
14521
14007
10985
21914
20907
21850
21044
32847
21277
18465
17470
13293
17265
22418
17476
13554
10578
19720
17619
22646
35831
19899
29419
34836
16829
29939
28281
19651
18073
34523
18449
26124
19931
22303
35003
17934
19461
19113
20841
14042
24197
13157
18838
23512
15474
24780
23844
14635
24947
20439
20923
13927
16158
24425
22871
21315
34406
19508
18611
21019
18985
20255
30191
19506
15336
15590
32038
23689
15213
16802
17245
24739
26908
53146
26773
29741
16915
20895
17712
21798
18625
16207
23289
18621
9727
23597
35398
15597
14437
25215
34875
24064
18447
14957
26221
17513
12628
18223
24445
26252
25535
25112
19236
20668
32898
21161
22291
17118
33643
17794
19164
51871
19950
15837
12974
23723
19053
15949
38921
22880
30956
12833
23426
21817
19914
29726
19556
24418
15628
35750
15245
28823
30056
48869
19060
28699
41679
14827
15340
21183
27655
33204
20530
20821
23310
31723
37545
32422
20461
22912
31569
18222
21733
26142
19232
29576
15070
15757
13704
18836
14360
19743
19291
15646
24216
19707
32893
26246
22169
18230
22338
19849
25018
36652
28772
22770
10857
33494
27496
31717
32015
23857
13891
30335
19812
27134
26728
34028
10275
7669
26502
20467
26768
23213
15901
28142
22984
40524
24032
33930
40206
24071
38056
17116
27587
15108
19955
23090
22048
20477
18853
20817
15970
18638
19695
22874
22413
14288
24057
18990
18424
25094
22505
28477
14893
20495
31473
16563
22631
20633
22603
16860
23773
17546
17006
32686
27838
39967
21336
10521
17952
30205
22462
25106
18344
38596
16986
18992
42879
38707
25553
22872
24817
25584
34104
17644
23796
14247
22672
14883
19980
33212
24739
21268
38489
12962
20937
17240
31722
25810
17165
25820
27340
19439
24460
35045
24791
18117
24298
14019
24934
32222
43348
45189
35418
23087
18977
21346
12921
19261
18533
15086
20447
27185
19910
16221
18050
19832
19145
16629
38273
17874
20603
13447
18699
25830
21537
23962
12476
17230
19693
17323
13866
12023
18362
18169
17320
23376
19972
13165
22017
13655
21550
13196
20088
23012
30065
16345
18382
20402
23169
30104
25644
43984
16544
14284
25247
21784
19705
31171
17036
25232
19105
20422
27510
26739
12068
22635
23228
27764
44712
25084
28466
21279
19162
35243
8527
17534
18499
20998
20067
22285
22794
22687
23058
22956
40891
11011
22247
10076
16116
14614
33450
35216
25384
20203
18571
17755
16276
23559
32951
26141
19303
27836
16316
14381
26189
13079
27319
20587
17949
23910
22182
15810
19231
24188
22614
24103
16635
24152
19872
25301
22217
20116
13887
32851
23964
50019
58669
19164
39700
19462
31254
17274
12151
32742
15740
21639
19016
29004
23296
21916
17352
18278
20102
21124
17095
34487
15831
24825
15502
31373
23540
17359
21998
26880
23834
14397
29827
18017
14810
19744
18287
25503
20556
9954
18453
24288
26139
19843
20212
34984
15671
31956
19820
23057
16897
25646
16285
21788
20263
11552
23851
11510
20462
27837
13245
17643
21332
20119
13065
13154
19666
19502
21425
14383
23019
16653
17920
23714
24677
21312
28255
30030
22808
23634
16911
21520
17535
16828
28849
10213
24240
27289
16697
11618
19944
25415
25842
17108
18428
18556
14519
22155
20909
17453
10786
21759
24869
18714
19638
23956
29596
38922
22585
14202
19887
24457
26951
36719
28912
18174
30712
14678
24420
20409
39600
18256
23573
18690
10033
19190
19723
29001
23432
21043
19297
23750
21082
20234
31433
23480
18628
28636
36077
17838
20841
17680
15572
20555
26607
21306
21840
22996
18679
20118
35451
17905
14787
20104
19656
22052
21798
22765
31564
31852
22434
20517
24902
22832
22561
12829
16857
44845
14972
19793
19512
18664
14694
23464
22125
19773
51911
16572
37599
30512
19511
19532
17427
22490
34183
15631
19332
21729
16374
24849
22124
30011
19304
20779
15779
19472
22897
21827
12922
23387
23927
20684
24992
18664
27263
16683
19867
21752
25484
27516
21544
17659
30108
15611
17323
20920
36818
19928
23334
9584
18560
14884
22674
33625
20052
29834
11969
23124
14050
32672
19515
21880
29097
20842
13506
19909
28748
17567
9710
16239
18729
21603
26570
15092
19286
20957
29574
16811
27834
18489
16414
22133
18514
10776
23167
14804
19266
21599
21760
6772
14607
25863
12350
21189
16583
26705
32561
11180
54805
68109
46422
19554
20609
20629
20638
24742
29982
31874
37307
16188
24276
39112
21215
78053
24170
16687
10400
34160
25806
20815
17644
18531
21655
21282
14570
26429
12059
24226
25387
18309
23398
17989
20669
21932
19660
23104
20655
15294
22825
27086
20478
21039
20030
30878
18521
16995
11298
17570
17695
22008
21920
25967
20363
14689
18136
12294
16802
21233
19613
23587
22741
18133
21672
22414
23783
15575
17293
17548
20222
16211
27898
20562
37489
53780
19258
15230
27753
33217
19127
19728
20980
20165
21593
24160
17585
20440
33960
22969
23845
36222
18921
19413
20415
21078
16016
20637
17754
21573
23532
20875
13450
21833
13612
22971
22577
23453
11685
24241
18781
11767
27786
17758
16992
32118
13378
29042
41224
21068
16631
21158
17911
29411
20520
22680
25359
15683
20203
17980
15994
20778
16945
23981
17641
17561
19356
17706
16626
23039
18177
27112
19650
24089
18786
36270
19639
16708
29141
17770
25751
14253
22497
16324
21370
19745
18946
19824
25163
17298
18742
43007
18840
22931
23749
21221
21949
17242
28553
17194
19170
20192
19323
18044
28271
17292
17644
23436
14090
26930
29762
22127
15919
21330
19796
18387
18163
22171
12750
18874
16632
18839
21700
20991
19146
17017
26060
25098
17808
31594
24503
18909
17381
17975
17545
22965
24878
11942
25887
18795
20951
20616
21960
15602
17390
17008
21207
28994
21980
14058
18691
15132
19491
30797
46605
21267
22844
17433
22262
19534
19340
17140
21423
24279
12454
15931
18601
16857
16974
18933
20989
14811
20997
17814
37186
37335
25331
33208
19595
33843
21583
18740
15323
24545
20904
17810
17431
16469
20809
22279
11861
19065
26567
34680
23048
21873
17975
17951
20013
13096
17632
18874
31996
24525
23732
20509
14443
18615
16848
27604
51319
61855
23357
10738
21023
18432
18053
23229
21697
23430
14697
14145
23759
23733
13956
23610
14753
14012
22737
15284
19504
25998
20133
27350
23325
29049
22021
19872
13784
20174
21479
19397
23060
22377
36444
26827
18882
11531
18728
15022
32280
19979
35484
22635
15616
20586
19004
30078
9685
17259
16245
20441
16699
23904
19068
38420
28804
19573
17353
29206
18850
15662
23926
17061
18699
20427
24256
11177
18632
22893
16348
22427
24645
25345
35117
24046
42594
25820
21236
46318
52628
20995
22290
14360
10474
15317
23112
19857
9593
22842
15698
18236
14303
19774
19188
16487
34100
20267
35177
30132
19793
24587
41444
17784
20296
16098
19153
22683
29345
23072
26034
21836
19701
25325
21967
40434
21430
23218
12750
22251
16895
14422
19046
27788
29947
14619
18572
18421
22170
17210
22963
22102
31682
13845
21672
39707
17740
13675
23747
21203
30179
23736
20334
13129
21011
27706
16251
40560
51546
16724
11848
33946
20976
12824
22574
26202
25841
12314
37647
16999
20420
15055
46747
16456
21512
27484
47539
18194
20402
12746
21148
19817
27209
17033
11122
27016
26169
19020
15473
29257
23435
20733
19684
24810
26983
29102
23254
18288
22837
15595
31408
16845
20542
16000
21454
28050
19900
15691
36497
17104
33068
51872
16640
13880
16739
19317
21645
19714
28128
11574
20210
18493
18291
17309
23428
16095
18013
20410
23684
18744
20134
29458
52181
22863
15406
19176
12421
19464
19485
18323
24166
20317
16219
33553
10588
22492
13550
19900
15346
21211
16726
14724
26094
19359
20494
20009
24514
27296
22378
24699
10068
23740
12619
19060
19276
20195
20729
22158
17602
38432
39617
19664
15414
22897
17088
19992
26000
15797
28147
37034
19582
29886
16726
14487
20177
11497
21384
21779
29590
24156
22011
21493
33530
14790
25076
18314
18990
21630
22372
11486
19172
22330
13841
13025
18691
23524
18672
20937
36417
16802
20812
25439
25863
22470
20000
18147
14489
19530
13458
23455
15713
21707
21458
19979
20773
15244
18859
18899
28069
26364
28113
19415
17473
21014
23332
15349
22779
18497
22393
27819
23513
21667
12293
22822
13306
26331
29458
22513
33238
16117
16227
18150
27651
17872
19095
25559
21574
19798
20665
16716
18251
16179
20232
19898
17020
15040
13663
17024
31083
19664
18021
16486
23668
40805
21585
23718
35021
19183
14842
25882
24361
14024
20741
23592
21335
21982
24224
20938
20743
27666
19718
18591
19405
20566
30508
45708
47451
15192
20694
15123
24821
23292
21563
22386
26154
32349
23108
17120
9619
25671
21958
31844
49888
41522
66055
20003
17399
16250
21137
15304
17129
29324
43808
44082
16039
22032
22917
23497
17130
22416
45990
17800
18372
21076
21412
20501
17404
64884
18436
24346
18397
20787
23618
26167
14149
22609
51562
13390
22433
30979
24730
14520
20233
26654
18866
16656
23268
20564
10822
20505
17382
17737
24684
18646
19851
24661
16741
11008
19463
9915
24535
21867
15920
26295
20540
19080
20801
20802
12766
17289
32321
18485
28026
16895
14839
20089
20192
21043
36126
25750
24874
16072
20259
13088
27018
22197
32172
15789
16669
13718
28240
29878
32588
20042
36900
23571
25925
41895
23247
24445
28318
14550
23010
14343
18951
20231
32732
40426
32563
15557
20444
32294
22458
26496
19163
23556
30685
17649
21639
24377
11569
15115
17681
23462
21102
28288
20071
15143
26116
23955
18250
24091
26946
16928
15088
13617
18758
29908
17228
17069
24271
25224
23204
22884
30354
32043
25238
15647
14221
17583
15630
17445
21570
13283
24939
22915
17857
22809
29854
17603
18447
17562
23921
17430
15323
16537
19014
18829
14883
29053
17568
24558
20823
19118
21791
23540
19234
30560
15598
24720
18229
27151
29478
32080
14285
19139
24757
22711
21876
24651
36606
30953
15183
20158
23745
60041
25512
18659
15524
20510
21985
21020
32199
23271
21230
10766
17820
14948
19377
15300
14587
20589
25768
19196
15139
29506
29362
19767
21315
17294
23322
20086
20318
20183
25754
20695
16814
22567
22308
20964
16578
22745
19932
16568
20493
16512
22461
23366
17337
31448
24855
14241
20527
18735
29067
21903
20806
17172
30815
47880
21866
24445
18771
17141
17728
33638
20075
14079
25122
25459
29018
18102
26321
15691
34688
28325
25647
18362
32014
21767
33961
15742
26266
18698
35079
22161
23682
28244
18643
21387
26998
27000
19687
23815
27240
15032
26664
14366
16334
20741
18521
19811
34250
19846
21756
22904
19133
16312
16941
15389
17517
27332
20466
22768
16009
24454
19711
18309
17124
30481
23620
23141
28168
29726
17886
14933
26953
17767
23373
25117
28725
22051
31257
17328
24309
30383
20821
16759
15797
23015
17803
38413
22148
23415
24257
11293
25377
18415
22715
17254
24452
22927
13642
18633
31012
17602
16518
14521
25182
25505
18109
19206
22303
21343
22532
15698
20303
37823
52198
20362
17939
16535
22251
12168
48214
22086
18048
16730
18239
24189
42002
19852
35747
22364
17228
19751
15115
18334
26271
18371
28773
17980
22240
25436
18031
22059
19740
35365
23311
24897
18948
26061
23678
21139
15501
12129
28955
21898
14720
16858
24708
20139
19818
24821
16318
29350
20693
21918
21242
28495
28516
22412
27866
22623
16676
23007
24340
20080
18566
28435
11550
18719
21895
19045
20422
19407
19183
21762
31612
35565
25933
25202
15845
23659
25142
33552
19867
30086
18007
29567
16719
16127
23650
18987
25678
20281
23836
17703
16734
36472
15072
20528
23811
52786
35958
17392
17290
16157
31229
21004
24283
27546
14644
22217
20653
23304
20073
22459
17910
17652
17536
23752
20299
22300
10694
16946
17240
21419
26429
21255
13311
15996
23860
17863
26242
26019
12748
14342
26763
18475
16751
21576
21384
22813
15519
21328
19147
24770
14733
25312
18579
27406
24264
29915
20144
34747
19572
20267
22170
14533
27032
21196
12622
13686
18889
23907
10761
18264
31361
20738
27372
17888
14783
22206
18597
12560
15703
14138
18693
54035
26928
12241
18439
11175
15011
12829
12303
62556
25219
44248
22434
21512
22123
22308
17973
20542
27858
22473
14069
19655
18916
23355
31127
54251
75334
36968
15435
19426
28377
16376
18550
20452
17582
21501
20299
24774
17277
20029
15674
17435
18611
25118
22786
24946
38803
20578
20058
28473
21904
32624
21359
22251
23410
21314
20428
18720
17384
15772
17215
20345
31060
40831
21601
18949
23034
22198
24445
34668
13872
26404
30670
10114
21076
23409
17232
26334
17114
18592
29627
16862
29232
16136
22291
18474
23935
28917
24039
18505
19672
27551
30811
18486
16430
22121
21151
16252
50791
21621
19112
17858
24163
24101
9639
20992
28316
13969
13211
24194
17025
25469
19120
9150
21199
20588
21407
24525
22466
22916
13386
26135
20703
11268
11819
18231
21679
18663
19021
22267
11438
25557
42041
29937
53851
18717
19964
26231
30161
21376
21238
24558
21163
21539
17385
18100
24720
12551
14317
16863
24887
12217
46890
32870
22225
17823
26301
13671
23351
16539
9298
22449
20117
17292
21472
20697
25376
28288
27443
21914
18179
20874
29702
19659
18251
25575
18730
17672
25761
22163
20980
12753
25824
14015
26117
11985
24445
30843
25629
30255
19609
15534
10101
25006
27348
21366
22148
27221
21168
21472
20826
24267
16097
20775
18764
29657
24173
23402
23785
25115
24066
24482
21036
24360
24398
16394
12975
14992
36589
25532
13012
18315
10460
15638
14029
19919
21128
50865
26065
19357
20149
18490
17963
24152
27300
24907
15201
20656
20517
27606
23828
15660
24079
22862
21385
16710
25630
21092
20339
21622
23843
9958
23824
20981
18926
15008
14574
18312
22121
13545
27285
19752
15305
19484
10178
13359
16265
34906
28824
18615
16246
26335
50175
57987
31169
19686
25419
17436
14121
21805
22776
19275
21904
28571
33862
13937
24242
18561
34357
22777
23188
18459
19810
19316
29634
28070
20335
24736
15027
15165
22383
20270
28792
11903
20907
27136
19327
18845
27055
22809
32406
23274
15711
16734
23625
21340
20677
36425
21390
20594
18720
29260
19498
15976
20984
31261
17067
24857
18434
16234
18700
30492
15629
17951
20891
18517
19920
32537
19798
16016
16160
18537
34756
18212
26854
42212
22780
15059
14488
28785
21360
12996
16172
14694
23233
19015
44621
21208
18579
13287
16052
19678
27263
25647
21701
14962
30632
26559
25700
26058
22980
23415
42461
19815
17647
24730
19580
20484
21489
19898
25307
18636
17784
29270
18829
9987
26920
15084
19970
22079
21324
17940
17866
19082
18546
32628
17911
26423
14198
14158
15525
21183
22374
29289
26543
22006
24370
18894
31809
24456
15625
14974
22664
11602
17464
20581
24948
21443
18073
12533
17363
22906
27052
27526
22490
19057
26302
20403
21337
13781
12080
15584
19667
19292
17483
17350
15518
24766
23511
15810
27447
29284
15821
57239
42948
40793
19699
25649
15300
18477
23210
34193
17913
15184
20570
17202
23821
21771
21144
29143
16925
19424
20287
19745
24166
29641
30878
19970
15863
25091
16757
19488
27054
18512
17809
11874
26333
15918
22603
27539
20430
14343
19479
20090
32030
25469
23437
23795
23150
23982
24777
16721
25890
34923
18347
6686
20199
13953
12702
23563
22523
19296
16093
22367
26638
13223
18831
18182
23123
15875
23581
23723
22232
15799
14813
16734
16245
16137
21439
15779
19390
16329
14475
13610
22718
18873
14542
12000
20500
21897
17812
37344
19507
21499
26495
27281
20028
13507
15678
16219
18482
22101
14397
35763
24947
25037
23713
34406
22193
19663
50494
27601
15222
22832
16894
23004
17942
17440
31470
7544
18046
22928
17332
21457
20476
20159
27788
20123
23308
28052
48446
41272
22585
25516
34815
55084
39085
18330
19237
20558
22714
18974
24974
18863
21116
20384
19682
18658
12148
40397
26604
19547
16696
23464
24577
28514
39917
40473
17299
17543
23210
18937
32206
20277
15830
13251
19019
16843
14198
22679
32649
16957
18654
19324
19609
27302
40907
14213
21105
16343
20751
59181
28726
22961
17649
22295
26684
26333
10806
24448
22791
14830
13430
24228
29557
15819
25905
16953
15201
35274
13996
23180
19035
25224
27126
17781
26702
19520
19951
18272
18796
14954
14466
18487
22998
13132
17298
20372
20067
31721
23685
20283
22262
17913
18521
16723
15067
23181
29602
12182
22606
13065
25846
20776
31171
17481
23279
22598
20477
22250
20662
20003
12010
19847
21266
25347
23789
26862
32560
24044
19722
26750
19883
21658
16915
9866
24226
24902
24807
51552
14361
27988
23116
16785
17097
17880
21613
24295
18001
27057
24233
29651
20750
20756
22520
15820
27534
14657
14051
12475
20150
16970
19329
35776
22463
36529
51538
64975
48946
56544
60486
16861
17784
33915
17497
19816
19846
15292
15521
16752
20038
21728
14851
15539
22320
43906
23484
13748
13018
23922
21877
28767
15147
19869
22391
17215
23855
33239
17104
23074
9525
18537
18895
17383
25800
17727
13027
30109
22574
23053
27396
20934
14341
21631
27826
23062
25999
14874
21823
49614
16983
17572
22132
18249
21891
13455
23045
18890
17251
20908
19195
15594
21511
20274
18474
28983
25561
21323
24642
23842
18192
11786
27194
20571
18235
28959
25538
16101
17105
28022
25559
19664
21006
18004
16308
28706
14831
13744
17942
24299
19172
21273
24026
19703
28933
27016
22507
20791
16875
20886
18290
20688
26542
40569
18077
17133
31846
18327
20225
26122
20358
16403
11855
23773
22618
19502
21061
25208
23066
28338
22286
17404
23454
24479
17551
20274
20234
25188
19132
18258
14875
21808
37977
20617
20798
16407
19441
18420
18242
12804
23050
24778
14652
20631
19286
19584
21136
11556
16799
13221
18963
19941
22479
12196
18331
17870
25133
14189
12932
22843
19399
15105
20896
13540
28178
32856
20201
27192
29186
18205
15540
11908
23616
25065
20521
47341
13930
26590
23799
23311
23898
33935
20379
14395
23188
24130
24333
19702
12809
12570
18838
11329
18458
27074
26167
48024
15075
18882
33587
12460
28059
17157
33677
28056
22631
46449
18314
11567
21928
28529
18721
27718
26850
27480
17549
11045
16646
27655
22226
12709
25017
18275
19533
17569
17400
19614
21280
14390
18500
21630
31778
15193
15804
14391
57997
19299
15631
20698
20707
17232
22617
21517
18270
28950
20894
14431
27470
17655
18810
17897
27095
16977
25954
24485
25282
26004
22687
14077
24132
13795
28856
33839
19528
16245
19525
13049
25950
26346
18575
23364
15277
23189
27735
24738
36747
13948
28309
16863
19591
17293
16369
13724
17094
19732
21103
40018
31999
13974
18597
17134
24557
23292
34543
13689
16320
20086
34003
17874
26533
18045
17164
14264
24206
32551
16416
17608
23760
17168
33275
18027
29960
24595
24750
15196
15450
16485
15717
33795
28351
18482
17196
19680
22986
34138
27293
19899
15515
13954
16513
18360
21271
18129
13466
22031
20621
20693
12073
13774
18053
17024
24347
20881
39848
21980
20050
21921
39181
32412
21234
36542
46320
38016
20258
31955
19152
13579
23770
24398
8791
16494
29242
21254
18786
20337
18154
29231
18452
37430
15815
33314
22392
24852
26673
32434
30054
20754
13366
31515
21956
19015
25549
25776
17993
31432
23920
20379
29346
18440
19562
21037
20677
15584
18369
25305
15349
24742
21026
13653
20024
16563
18401
45813
55128
59770
62022
11534
20023
17754
23448
23478
22924
22493
19333
24586
13525
18608
16024
18431
18663
15506
17644
22413
18872
20043
20923
18736
15873
19542
13850
20147
30599
13542
18899
21541
23979
18535
27974
18275
17981
23268
15815
21942
24106
25164
23161
15349
17182
17262
27536
24468
16780
42332
19942
20351
27391
19229
19317
23348
24233
15673
21505
19548
25115
23079
16605
23349
15133
17949
19305
23840
23345
26225
23096
26757
19338
18499
21408
23709
18387
15666
13248
21547
21534
15237
16406
15767
16706
29528
20507
22045
22796
15463
18696
21398
23036
20933
11184
15109
22406
22524
42701
39142
19107
64585
22745
20643
21094
11141
22448
18743
20150
31082
33658
17715
30056
19115
33855
21353
29135
27448
14564
22393
17254
27202
17532
24009
16554
19280
16835
19010
39994
22806
18881
16630
19517
16540
17317
27161
15999
15029
13981
24989
20503
18128
33968
25014
29146
14384
17033
15614
22477
35832
18469
19012
26486
19082
17528
21967
28919
10474
22157
21357
20054
26586
21941
22249
23840
16958
33901
30526
20941
19503
15419
13621
17888
13766
18315
18067
35314
25222
15740
20195
17735
16109
25053
22284
44772
28461
19268
19201
23971
46375
27694
22537
19393
17735
15309
34636
21173
21009
22106
19206
13267
20541
26470
23303
35554
19157
21043
15900
22361
12834
16771
12335
21403
23027
22889
21786
15358
18559
19588
30341
15517
25350
50603
39162
26233
11685
24562
18251
18603
23004
24917
20617
18310
28050
33778
18894
23408
17864
21683
18449
26123
34101
20548
16331
15417
21428
16937
19416
14676
17298
17525
22864
28893
17947
20156
20929
18039
20555
16464
36747
26169
21220
18886
25235
20065
17108
24784
24693
17017
16033
19759
27631
19530
17480
18600
16396
19262
24281
23450
21686
18457
15697
21950
23202
24407
20345
19587
18077
22584
9946
17995
19794
18995
25473
23384
12924
17331
21751
22773
18972
18906
21089
16729
18588
33028
22019
21635
19998
24349
19951
41604
18264
36979
38841
39340
26996
21597
19005
18507
29392
17603
23492
19641
20597
15565
28913
21171
22863
16461
16966
14687
27977
35448
21278
16771
29765
19269
19492
36416
24764
17257
26064
19956
13382
21037
15542
24441
32372
46340
11423
20336
10788
20773
19461
31707
31487
30168
23690
15799
26851
36459
20559
11790
29312
20191
19447
20460
14916
11491
19476
14776
13057
32939
14076
25736
10351
19248
17091
18566
32939
17475
33459
16788
18660
17248
24943
25301
15373
25088
26944
30093
26553
12928
15420
11271
15052
22293
24041
18093
21271
22829
15410
18044
28413
21084
18578
26945
21070
17247
20075
16365
18074
18852
16180
17389
22682
20105
17499
17373
24987
14972
25723
14961
23301
15711
14517
18316
24380
37019
17880
25346
39076
21816
20137
28682
19052
13370
18549
14475
21827
18589
18627
11269
19514
33592
13124
28216
16720
34250
28117
10653
22652
20046
51263
38659
19792
11810
21165
16212
23300
21706
16021
34158
18534
20185
20625
21349
16579
15414
23949
29053
19795
53272
25879
23371
33237
30993
16965
18494
20740
19542
18304
21568
27100
11042
21844
26286
22445
27613
25257
14759
51308
21141
22886
23835
20118
18988
17435
16815
23336
11082
17201
16585
39341
27352
23839
19947
21790
38351
26751
32934
11785
18718
24847
21681
29306
19655
25137
19612
19525
17319
20309
12254
16095
18532
21401
20821
23498
18853
26176
25543
20761
9705
14368
23658
25262
25804
24780
15773
32495
19920
18992
16483
24882
17705
21519
20152
16607
37126
40141
48908
25219
17338
22496
14157
13260
23043
16539
10963
19297
15552
10114
19746
14848
21804
16298
20341
26408
14741
35728
25465
34705
24572
21154
20750
23109
22982
23375
21974
19711
12404
20798
19772
21510
22514
26548
20338
17806
21990
24615
19243
15559
25332
20187
14390
13634
27083
33290
21864
18734
18788
25167
14817
19866
14868
26087
11319
14455
21139
15134
13006
19452
31659
19684
16974
20251
23494
13672
24874
24921
16298
17210
23212
36950
24952
24835
18160
20745
22078
15705
47927
14093
23288
45351
18397
15401
19103
37047
21885
17915
18622
22178
11854
17776
10573
19003
21184
16185
23222
15545
16302
16911
19958
11992
22796
20281
19859
24972
16723
14636
21070
19682
27789
16978
22636
10929
14150
16653
32504
19305
11790
20850
25702
24611
16172
18951
20000
19799
17074
13666
29245
41555
27065
16297
14848
37622
21479
20572
35814
22350
35967
14171
20282
22971
24279
22839
16405
22432
25106
16176
15407
14299
20058
18340
15081
18982
18026
18648
21483
27946
19462
19992
14515
26549
23081
29222
21404
24396
16995
25238
22127
46073
22060
20094
26582
40627
48210
17093
24215
20371
16402
22205
16651
38179
19887
26953
19588
23918
17854
33124
24566
17757
18695
35548
22601
22879
17324
16774
31638
22882
17239
18902
18617
21882
22438
18954
25379
15291
21384
19104
18004
15829
19176
24881
13823
21961
28952
22149
24644
18443
21953
22302
17946
23305
18482
38645
16213
25817
16185
24846
18891
15448
19918
43064
13880
19719
31669
20391
17052
18654
22001
21909
25836
18075
31065
18481
17493
20894
15448
19508
25171
23111
12732
19346
20917
17791
21915
22266
20108
21303
32812
19279
11874
14202
19480
65411
52650
55582
27676
33717
27318
17924
22279
12660
17422
24095
34811
22519
18569
16993
20152
19915
31551
21501
17561
20835
21832
22936
16564
12328
27277
20635
14334
18500
16724
22722
29770
20957
25456
20292
23100
39599
22536
18996
18459
29162
41350
23880
18819
24546
20378
34423
25634
18598
18271
28371
19587
19524
17198
19874
14398
23266
20822
31049
23226
25571
26414
17999
20480
20276
19840
24399
13111
14747
12941
13189
31678
24870
18503
25017
21538
36536
17755
21800
22767
19394
19618
21431
18934
14321
21881
21449
18704
19128
18837
20314
24072
18799
16651
20108
17131
20170
20967
26789
20146
19774
25327
22402
20126
23568
20903
23392
17959
21096
18944
20631
20954
13108
17803
13857
18698
33183
13011
17796
22285
38240
22137
21530
23823
20402
22097
28226
21849
20074
15953
24774
24059
41191
33149
15928
19040
33198
39769
16953
28064
33621
18282
21227
27480
22203
29484
26707
19465
21580
20087
23908
46173
31024
20263
20468
22605
14051
16969
24083
31833
24509
22355
18289
15981
