20019
31920
36267
45017
81194
37753
62968
29815
97802
92153
91362
83591
74699
72945
62979
30100
99702
48359
26961
22893
48490
23492
14556
72185
58827
16733
13584
17866
45460
21683
92943
68077
13089
34035
31933
19705
77942
107670
33034
25317
19495
19089
15583
45145
54996
23319
34589
21285
24632
26600
19076
14329
28166
73128
63043
27559
18098
73548
15012
18886
26660
27185
20390
17096
56169
33731
25955
49320
35751
19941
16898
24193
28132
33378
13695
17193
23813
38278
15715
13989
20347
35402
14433
20263
19099
21449
26032
39482
16213
17973
19110
19419
28191
23695
19427
39128
53215
63746
72979
24744
38415
30924
36050
72208
44561
43333
17881
18228
20358
20118
26622
28004
15441
48587
18442
24147
36427
18939
38947
24960
15034
21318
15452
23970
47023
35049
26980
19834
22413
40519
51495
22940
29725
18641
14964
19720
44295
14462
16028
17178
16671
25349
13152
14100
36057
42135
14276
47039
75188
15311
29828
29696
31778
23484
50162
15001
25597
18183
17355
16688
23731
21560
18814
35710
17691
14827
22769
37411
67325
27916
59452
27275
27185
44825
19849
37905
30583
14347
17147
24159
26484
36931
15515
34280
42925
13763
26720
18473
19311
34162
57262
18683
28071
17547
14342
25886
14961
34347
18176
35497
49365
51315
30189
12730
32283
48617
20202
29886
27113
27592
20399
14508
25698
23828
25694
45799
17704
26115
34337
17616
15847
52230
18059
37663
52607
40537
24587
14780
17973
17237
29721
21862
14411
26400
18050
16989
17860
16556
38186
82234
70616
16141
22709
47002
54790
29535
34540
29652
18413
15677
22935
35000
18866
17011
54693
85866
58721
12730
15529
26688
26667
18145
28376
18787
40638
20950
24868
35311
31656
18492
42786
15913
15700
25716
22513
31270
17799
28356
41475
22513
22476
30872
28513
17642
29297
16365
61016
13825
16142
41019
32641
21750
14178
19731
29997
18686
94537
21951
31078
21756
23640
24119
32749
19565
22801
15553
32434
40986
55922
33220
41849
72820
46921
111931
63857
12795
76928
19727
18407
62372
26371
14772
25911
33688
29020
24755
22365
17719
18890
22313
54767
29895
24811
49832
15939
17259
22112
13551
45841
16517
16346
17594
39716
13919
22771
14937
31524
20025
17897
31019
14911
39811
31576
49436
34266
19116
30209
14563
16763
84907
16190
20601
16267
71575
20578
18540
25827
21026
19731
22298
30562
65037
13622
16608
45612
18570
18577
17103
13755
36029
24784
68859
48817
30489
15689
17712
12777
19223
17418
15775
44854
32407
45688
14048
19807
44296
23369
39829
34286
16589
24790
14538
35248
15905
20549
36942
19973
15661
35928
35651
27244
32767
30238
27506
20950
16160
33273
26598
24444
45166
71714
24732
28502
18902
36757
24299
25114
60038
67209
15252
52263
31772
42172
55508
32164
17692
15713
13367
95898
38449
50476
21425
16832
25083
13986
39965
19305
40904
22806
16931
20986
24459
17485
17968
18216
33646
31568
32524
25612
27432
17013
21988
29573
28044
36739
46596
26954
50582
25132
19413
15029
19998
21410
27483
26866
24184
16030
27403
45653
18644
19255
51672
47368
14869
14262
19579
32317
23863
18055
13954
38936
13116
19386
29340
15431
21155
79259
61054
27538
19959
28142
24644
36836
37264
16892
27919
45984
24808
18696
16047
51150
16158
50201
27244
22863
14097
14806
15939
16955
33928
24838
77353
15510
16428
19350
16349
42589
118674
50279
20498
28541
36587
20592
22693
18785
21304
18001
19262
16990
43115
38166
19698
21436
27937
18588
20410
25334
12722
15761
43916
14917
14379
17438
16709
17271
54377
17319
18354
103682
13762
15270
15810
19212
31354
26791
14783
29093
52213
49401
22959
20009
50821
17048
13333
29891
20137
32920
15333
38739
68889
20140
23516
233220
71174
31292
14502
16097
14320
33398
29887
45655
23225
14009
26247
17076
15523
28261
15271
24900
29227
16280
12729
15105
24081
32583
18115
25290
31023
51936
16680
66738
44700
66860
30161
17722
14200
68905
74267
71607
103947
46875
54824
78567
15638
39211
41962
15336
50390
73298
40786
18867
72987
15613
81463
22271
16032
22967
16284
23776
22906
14372
18513
24361
79840
25259
48105
75452
14271
70148
32411
19757
46704
26288
53985
40206
17546
16928
18580
35091
14266
14099
80396
77930
17892
31624
58261
39010
15536
26727
17147
18398
19789
18381
24795
27481
17428
22638
14353
24085
14213
40997
35953
33248
14918
25846
43294
14194
22356
36486
39977
15807
15084
15039
14064
13407
26707
20561
45735
16300
15524
15430
27678
35735
17048
34307
45616
18757
70519
15252
15964
19661
24943
17910
15237
75584
17801
37556
57931
54789
15080
33534
36917
16376
21085
14046
48670
22120
37704
43338
53853
56982
59358
14152
18796
15872
13718
22443
21233
45112
61284
53512
15271
48665
55490
23346
14009
14715
15936
49909
22830
53012
14217
25587
25064
21575
18256
14719
13514
34419
14164
38529
29637
31677
31319
13163
24439
49586
39375
21769
39319
45727
27156
32404
20431
15115
14451
14420
38865
14376
46906
19252
16694
40042
16114
16651
41815
42333
25201
30050
30250
26018
15276
17621
16635
39612
17305
24356
51359
18932
23076
18690
15978
45474
53081
54856
52643
30829
35341
21735
29306
30441
16999
21474
21316
27555
16756
14546
33686
18675
61238
49069
16724
46932
14325
70564
118880
96809
48828
22752
40596
15305
37376
28061
13751
16268
51344
28754
30183
27528
14463
20133
12935
18974
35636
62354
19720
17855
13181
13408
18637
16926
29169
20879
20497
15934
22365
28094
23057
26557
22425
18512
21679
28880
18642
42754
68344
15183
27217
89594
18696
31092
36088
50291
48630
27256
17567
16560
17936
15055
29989
17345
16646
34704
65638
70971
16464
18992
20185
25641
22086
18665
18726
22823
20933
27228
26896
38740
16707
18600
15437
14827
24680
20547
19290
19381
46025
41626
27566
18587
31061
18681
45304
14638
22335
30051
23770
15948
16473
20722
32974
36703
23974
15553
29882
26403
26485
20399
20168
18709
17641
20490
20648
17896
15918
20704
23454
15886
15898
18042
15258
14187
19940
17005
15545
51484
15816
23245
26668
21822
12945
16888
39964
20785
20714
14000
55676
14404
14017
36378
15328
47150
81563
15137
40139
59882
17833
21739
34683
56490
61246
14950
14462
31609
30597
15796
15033
16974
16537
14424
17815
47301
110095
64592
44678
18266
56632
14768
58515
16325
52195
46864
23063
22295
39488
14013
60144
16646
14016
16080
13668
42408
21829
19513
23068
22588
17263
13987
16518
24333
17034
15282
53348
30998
13644
43773
18668
15005
53109
14669
16873
37485
58427
43456
73619
103732
124876
20852
15143
55677
93841
14712
18175
19254
15499
19137
41299
13526
13788
40292
60115
52477
18628
20253
40764
58526
15781
19966
13917
13374
62274
14081
16176
22747
34240
17685
16341
17982
15561
55800
15614
94974
38822
14941
16289
16066
25622
222210
13883
28647
25253
16175
17028
21411
44923
56946
66980
35771
20434
13307
15082
51897
63035
73338
22310
50493
16374
36769
51044
43385
54511
74406
34940
127394
12671
14280
70365
21931
29957
31588
30544
34702
14036
19999
41451
17317
17162
30754
12927
23123
25775
17483
23759
38314
16351
14779
15404
16463
48071
16023
16122
16337
39859
16752
24294
17174
26142
48522
35669
38108
39335
42943
17333
14368
41147
54419
29296
17863
16531
22385
15993
30249
20772
17316
26018
14087
21991
15292
21775
23148
38645
33703
22658
22494
29829
54008
44928
55740
40765
76038
57447
19861
15006
23404
31386
17308
31309
24247
31395
20344
18137
78989
109707
44618
21374
38000
24599
37280
13344
76908
81352
29918
13799
76198
24191
21387
18940
50565
32202
86497
65010
44205
15788
31259
15527
14584
33707
21576
16148
21478
19495
59330
22957
27392
18477
19604
36145
15298
44646
21051
18450
20052
20766
35668
40085
15386
37287
27197
53819
43748
41270
24979
15102
13479
66278
14998
58576
27268
19437
14758
14796
56174
17749
17044
39698
32122
68147
37646
29686
16076
12950
43633
62272
36308
14796
34168
34597
14651
25269
23632
34278
41400
43157
16565
21833
16722
20880
31325
36121
31297
23984
18572
17410
19252
47266
81291
16182
17174
57003
17764
14004
26658
40686
18692
28832
13458
17245
33773
29543
60456
19938
15471
16260
17902
20871
15701
16027
18181
24718
25551
55318
52741
57985
17265
32203
19367
30794
70885
36555
26498
57614
59888
69731
35346
49264
65230
19910
17917
18108
31268
24981
19841
13851
36198
16246
28378
17323
15554
16388
14901
28029
29586
58747
17819
230825
49842
40027
55994
56613
57052
15976
16635
32123
61522
25551
34222
21698
59484
78874
25805
16758
15081
98481
74454
14686
25261
43374
22885
41738
51430
167710
65991
57432
27099
102035
184496
132248
136199
39557
96225
136573
28409
169791
145072
26965
64790
46668
54254
16684
84810
110618
28556
120165
126614
26598
222170
267336
90478
115266
87691
56384
15503
20168
90164
44506
31355
98318
13992
19142
30715
48555
24272
51654
15299
14339
56078
68003
46053
27024
59542
23706
20258
72565
87567
53830
17220
18770
14084
47759
18407
23817
43360
15281
15861
25121
92227
48090
55791
18091
73106
44217
60867
49883
92358
120524
57664
51472
75472
21275
42920
21797
53462
58215
92524
67535
20262
41768
94441
27518
87320
37055
71913
147838
20896
30789
25850
28907
99945
133823
89751
34208
84362
79652
20407
130155
16643
121065
15284
70908
23952
15667
39282
15862
51692
59172
50441
17077
36776
44756
36812
31348
20818
68329
55579
90305
89635
13602
18993
15359
75999
58697
103223
61677
57949
26234
15226
57411
14314
51208
54703
17028
15190
25333
47446
43935
86917
15547
32193
32199
81189
123306
50981
14846
55313
14178
36015
17610
35460
16957
23900
20394
20072
16752
59835
68670
49044
14126
46953
37367
60236
14133
30603
69304
103039
59350
23083
13793
87474
112443
157138
14962
15675
21348
42341
26784
15779
24302
37324
57695
14829
22262
19225
70149
71323
54975
54883
20540
20511
54824
78384
14028
12776
41356
31467
17301
17833
14750
14612
43072
14616
29157
33504
40938
43705
15895
17153
84911
13415
63241
13983
40647
75122
82727
15047
17840
27637
58348
25653
33015
26512
19000
16471
30328
21383
16149
26755
16515
16932
24625
37108
32663
41481
26326
21655
21294
20150
22247
31096
29035
34129
22893
13087
16733
32041
14002
18799
19942
64906
63778
78715
56985
13568
17101
21155
26561
14956
61052
21726
39522
41376
24376
20245
23204
18342
24486
29752
25505
27117
58228
32977
49000
51385
59821
20074
26257
31813
13205
38934
70871
23537
15451
57073
25832
42752
24328
13920
14816
23889
13622
15024
22045
15524
24769
14777
16290
43918
21397
17929
26345
14283
16665
64920
14592
13457
15308
14329
27400
35184
19930
45539
58052
25965
30322
16342
54862
22407
35492
27457
21186
37136
19369
26923
18649
18404
20345
56576
25133
39532
22717
22218
18554
14198
18895
18622
16231
45020
14310
23301
24416
41811
14353
35878
57259
14655
22032
15063
30997
27783
20433
39043
17592
33341
14535
49228
28796
14210
35335
21558
14769
26667
17884
15455
24677
33193
29357
39748
42018
54882
32648
21293
25597
14567
38589
13554
16798
37658
37493
39329
44108
55334
17969
47939
14723
23993
13720
44499
43854
13755
19613
13236
15556
26660
18877
32510
40953
27787
26337
58273
19098
28097
37658
28154
18424
17348
23296
12586
22925
17861
18513
16367
29572
25508
22125
50755
36342
17087
14432
19024
24578
43383
35584
18683
34189
16424
13776
19625
25039
29099
83484
35855
17786
52632
14965
14746
29578
28526
37687
16629
23397
46910
21527
38998
15100
21721
52226
17401
18652
24259
15879
34753
13520
28996
13623
36650
27142
21659
84510
33529
25508
32914
14857
29693
22927
14221
25384
58484
20863
35958
65832
20874
24726
15819
20236
16711
30748
46863
66706
19287
40951
22887
31739
30137
26343
48553
32492
26846
54219
19372
56065
27260
13021
14432
23513
17231
27228
30825
19990
13601
18209
30128
14883
28127
17819
32497
14997
20355
24672
19321
23948
15797
24723
30054
47201
66322
31744
16976
18132
29858
34299
21138
22646
17489
16388
25671
17995
25213
21530
15056
16649
16008
15374
44460
20658
18424
24557
35352
15565
32602
21039
22973
32180
20724
37933
41869
44442
14859
26978
13727
20187
14679
35713
15886
23015
30618
15592
20579
18955
67323
19032
34474
14995
25427
15956
31184
64376
22938
66559
71289
20885
77842
42266
69692
22707
73562
47215
66020
36851
40019
38693
17702
27967
40030
15763
27933
51019
14664
22315
29199
15728
42486
19518
15664
16095
19885
42354
23478
47077
54049
15598
30772
21539
19848
60761
26690
15225
18367
34139
28949
28099
19616
18723
22826
22890
35258
25243
24703
14206
16811
19518
16706
49780
22614
17156
29055
19858
19361
13623
26090
31881
38763
38410
15004
41334
23119
29492
52236
18663
22289
15384
21984
39507
21486
26532
16444
25805
45059
21336
15510
26076
19890
54947
17697
18508
15733
25458
25537
20163
17409
31507
22496
31503
15188
36669
50300
26348
20181
18050
13732
63446
19167
23973
14364
20374
14974
17545
17215
15867
17172
42190
15067
32469
43810
23816
14036
12352
15022
26338
15054
23195
20609
32119
24586
26287
30397
23505
13888
28524
16679
20621
24790
14221
32326
20019
40756
80615
16127
20350
13913
76859
49581
34852
55876
57169
24446
33895
15021
40900
29987
74706
50794
16191
17859
37230
62001
18335
30385
15674
40727
25412
21231
16576
38160
22473
29588
15284
72594
65103
37558
59679
15997
70261
23142
58037
22255
19450
29688
17326
18268
48696
17058
53005
22267
28655
41186
27027
51914
23075
68868
14213
24097
14205
46119
20920
18303
16786
13355
57596
35228
14615
16175
45751
55469
43017
27450
17997
31585
42580
18540
46939
42104
31203
16894
31673
40112
44870
40367
16737
27456
13537
27012
24273
25752
19473
32770
33255
17256
17672
15494
29188
46041
17547
29922
15223
23212
19379
18632
26244
14913
21762
21443
36182
19640
24185
26483
18149
34485
19461
30243
43899
24557
46312
34008
34027
31148
15237
27933
15875
66959
17632
16154
14943
17330
38833
57116
52395
17005
13032
25071
14554
33481
18373
66650
27085
43415
31189
43191
44145
67759
45715
13070
26345
16065
26730
14512
46375
17834
14663
41508
13088
14717
21650
15508
88337
35210
13475
13304
16027
15878
44511
14065
22245
28271
20661
19399
14248
16267
21408
34148
31334
22515
15707
40591
36659
40376
19457
22227
27490
18083
35790
14316
30250
28477
40017
23922
26774
25335
35210
34500
32064
21779
44775
20062
27123
75217
77712
22845
68288
49246
80190
79337
17994
45078
42184
41169
21794
30165
44322
21944
31838
16725
36464
30892
18872
16967
15154
14697
29934
50024
70134
40465
32348
43650
38499
60140
44688
14645
18935
26314
45823
17925
14567
61591
24291
18501
35850
23482
36432
35054
17484
24943
28900
37479
13318
33877
108418
14857
11980
20621
20254
90446
83478
101809
65509
20482
53742
91582
14996
42038
53624
57063
19979
28918
19568
14436
18476
15433
23075
15109
13964
14743
28636
45295
45250
69385
14178
21180
27662
15102
37939
30181
18198
15108
15282
54129
52939
76578
14227
23239
16832
22764
18063
19580
24308
32618
33949
28864
34187
27641
30740
19581
17741
52843
41626
19395
46782
30932
57587
47299
19161
20038
35566
55393
17555
26281
28317
12958
48385
21502
18064
14462
26820
15996
19189
39298
20199
70366
33296
28169
16111
14628
19884
17022
30195
45532
34774
64477
42987
16907
24940
22577
22744
19136
70150
19267
18658
30470
40549
31972
15520
62902
14568
105857
55790
46252
20155
24989
30861
27399
14102
17124
26903
14479
13476
20221
226008
117732
93482
14291
57515
16915
24931
16776
44959
14349
24935
20046
16063
13872
28816
49263
48849
98524
21807
38234
17341
46747
18097
28002
14264
36147
24793
15426
14851
19980
43441
48854
28559
17659
27487
23535
39235
25116
18883
26826
13551
13359
28912
72896
22268
74931
35906
89524
62417
20751
96650
38178
12121
32652
14330
39565
15155
22821
16048
22316
76767
58000
20153
75543
29550
80072
13425
24020
21443
21765
17655
42950
25046
22744
64898
25128
16150
37720
27255
34397
42969
26126
36660
34501
36159
40566
21008
15658
28426
16551
56864
20204
25934
14474
61189
22370
13307
16033
53471
44192
15441
58504
68848
39007
115436
66221
26404
84850
120560
88877
69967
88401
24979
33946
16129
14209
37744
51289
15965
46823
15686
95231
20237
62210
17281
18504
35866
34131
48861
16112
82094
55708
34344
19007
18335
42113
46858
17671
29749
37782
75992
46937
27768
21650
27256
17125
20203
57819
41096
60038
69604
19923
20058
21618
16492
58570
21403
16155
22590
32368
32657
15147
17061
22639
30525
27878
103492
52745
52444
17165
38654
39322
27670
15201
40975
17954
17066
33641
17729
149608
152837
21113
112858
143817
16407
14981
54407
75555
33798
70350
17906
17422
19700
16410
37254
21047
67520
75502
52639
46256
19542
55380
67343
73425
29395
24934
15210
13345
16531
38058
53158
15836
18192
100100
44674
38326
13945
21515
23905
39813
56068
25257
64592
16467
73661
19464
16172
20189
42428
56284
39451
28094
23993
50774
16143
16288
45911
27930
21796
21964
25303
15856
16197
14496
27598
60678
15866
56691
17281
65409
13704
36513
31511
15044
32719
36179
26676
35061
41293
40888
23611
26746
21919
20644
21854
23152
15228
53175
41640
19295
48868
17101
54401
29539
14256
47021
42842
33823
18299
18805
34591
16357
14434
31682
19752
12751
16158
31978
48952
14696
17921
15850
36829
17524
31424
13226
64720
15785
15867
26819
30555
28335
15071
18062
14597
23831
20081
20444
19211
32806
17376
11975
34672
13207
20572
19134
55102
24613
42056
15924
25333
31938
14493
17348
58325
14336
14857
32792
16477
44136
35213
81890
47519
80755
15848
15566
37510
31755
26824
23306
53830
54234
36166
16137
22141
35646
28513
15078
16064
15638
62288
15435
51429
55402
26443
49330
135768
29161
18904
19120
18662
69880
32537
14973
26105
49387
75429
35010
36821
21631
37193
59825
15242
17553
46128
20045
70343
30430
17812
14772
13863
34893
22486
38958
21894
20224
19362
48958
35775
24555
29079
16191
22131
49516
18266
53670
47736
20970
19106
17710
36523
15295
16593
15068
23109
14953
17630
62640
20166
22763
28353
71233
17570
45731
58915
53531
24946
14966
21073
29731
27882
28709
36413
20461
17853
58047
38564
16829
15251
33343
24374
86309
18500
27371
47393
19558
14537
16490
55815
66981
18889
29157
15435
18344
36310
14628
33180
53313
13985
62688
28287
13819
27871
28396
45522
21865
28587
23470
66974
15457
36001
38263
20441
27026
15615
22760
40879
25587
70111
111839
129219
178234
92983
17682
18121
23324
54324
15275
21910
17579
40163
16318
17069
15706
39475
35487
44058
87300
23712
77359
16117
35222
21428
85581
51369
40328
26197
28976
16365
19896
15658
18531
18569
19987
18438
33259
37280
16984
22070
46073
55866
31107
52281
45807
18809
35739
17292
20804
28089
39473
45805
16024
38725
17834
42421
18586
29743
14364
18680
22861
15852
21344
14817
16548
43239
44025
46916
60619
88767
29812
156164
31715
17193
17917
20757
23499
60034
24127
48694
14290
34364
49490
68318
55276
19112
34983
20000
24715
23450
17112
14756
20717
27982
14062
20771
18787
16790
16422
24621
31283
17161
35790
19266
35849
20759
14153
32859
19937
16080
38791
30890
26480
61774
52850
62752
17592
23870
16135
17267
29407
27114
13680
14240
32361
19247
14497
16396
30904
28830
36700
26730
86868
32899
37170
15613
19368
52926
23785
20651
14497
28053
23858
16110
15855
72290
15559
40602
51175
34707
22888
21921
19279
17794
28235
85727
18727
51922
40566
24554
30658
63678
39549
21194
45723
27551
16714
38995
68367
75578
16593
33166
29976
14942
27595
24041
14816
28767
33272
19064
12767
35619
64926
70293
24588
39933
53571
17328
12549
24971
35472
25226
17285
20983
16913
26952
28293
31584
15742
64999
24970
65628
40445
60064
60253
20358
19700
36922
15892
40080
83171
14967
45003
16187
16309
67548
73298
88876
23541
22088
81473
59558
30104
17044
26998
63539
19478
83648
44954
85449
26761
40283
42636
18463
23917
102103
14604
89216
26599
44007
20051
41778
63534
101644
118799
110527
51456
34895
71185
78492
17597
18979
49175
62879
96659
68913
125449
35774
26567
23745
40015
29834
92941
55187
48030
79872
30441
60364
67250
17946
84039
14592
83701
26811
34471
49924
21076
57096
51020
12585
29761
14038
55218
20828
58147
72137
56968
20722
24052
55360
17320
15214
25059
13892
16533
85692
155499
17333
65733
16686
13563
40226
17459
32987
15137
52235
58410
51718
52928
26287
73493
44467
44695
27749
44952
40870
39480
67786
126992
21938
121605
19164
40229
23016
70732
15560
16276
70213
38605
53407
19195
37426
24405
66168
20951
53154
46576
44319
23318
76059
14631
64549
110353
166052
67277
17786
15934
18422
15033
19469
69506
35969
14303
20414
20784
14147
19514
14658
26864
44826
20305
40181
30992
19937
25151
15096
31002
16800
34828
28003
15313
14511
81972
15456
37478
22180
41605
17872
30037
81747
64114
53300
30969
43883
22416
26690
27808
30393
32423
18869
17787
21672
59319
41476
18958
18381
48153
56359
46717
23124
17094
56822
66709
30649
60647
15144
15457
28329
45808
30697
19973
14553
38656
16151
16654
52810
217647
173856
33032
15958
21900
23336
37317
33997
22708
39255
21616
30903
65604
12921
23727
13109
15024
36083
37649
104838
30663
21532
29243
16032
39431
15789
16776
33113
15897
30682
16105
30189
36883
20852
85777
43616
44651
16879
23417
24842
18187
29850
29872
40067
14050
24630
14885
42162
70016
36381
18022
15371
88667
77359
95682
55913
16216
22288
14464
24078
55365
16114
35259
42901
46206
18471
33073
33708
17544
16365
23974
15214
38285
47926
34842
25947
12996
25776
34708
40684
25312
14156
50733
30634
69564
56104
15088
18848
23651
62821
25280
38804
77894
16356
49846
16198
25215
26441
17546
44287
33244
20143
34046
58091
16473
88464
36729
16784
20208
26156
21623
27768
19804
14517
37906
19432
30600
47450
13787
32977
26595
23890
21097
16081
15624
75159
49249
16882
26821
28339
34832
34692
47867
13164
22624
58983
36021
24945
46411
16540
26418
37453
23771
21943
15923
15016
16980
21980
47615
21115
15666
107000
40862
23719
48603
14756
15734
45865
34640
19602
21381
47851
16706
32177
35738
20528
45784
16362
24602
21445
22531
14237
24348
38045
61688
20169
14245
25320
40570
44575
19618
22206
43124
35559
13903
22286
21731
13704
14805
31151
40540
28444
16038
23056
14156
15664
53690
42413
31103
16791
16962
34702
40983
16577
20210
42115
32364
22496
48533
42872
37526
17515
33776
36154
32463
14100
18948
26297
19019
47375
27286
24229
15807
58437
25068
64062
31418
22002
18090
25570
22132
24455
45343
15743
37145
34042
36683
50742
85386
86306
44077
33746
14604
63897
50658
19397
51201
19932
32673
84397
56176
15619
13777
27508
19630
22930
72115
55642
43618
14388
20049
17157
18189
38299
34552
15188
19066
74735
45384
18543
17759
20586
53151
35517
28059
18330
82760
94433
22523
16887
15395
20373
16643
20026
17173
17716
27079
35700
35429
19537
47098
17729
30536
16975
54209
22883
14225
46472
15400
19668
21073
18671
16355
34013
19666
23622
27843
18130
36851
30531
33078
23164
66313
75512
89846
16534
17626
37569
25961
52974
60415
14809
18055
30090
22512
51316
48029
50046
74243
14812
68570
45503
64170
53171
15699
29884
21219
34080
41766
17419
16594
45453
61773
29617
56477
18324
37557
64982
59397
19824
31287
16483
13588
15888
21228
35099
17513
20577
20253
39077
21227
50682
41919
19845
75347
52215
22458
76773
16514
53470
24465
35157
46915
57483
41352
41695
45845
55635
16586
18164
28727
15374
27837
36935
65359
18807
21513
27858
32318
26441
25311
22497
19975
15221
23456
19640
36920
17539
24660
16191
15893
17306
26879
17437
35193
24183
28410
18395
15753
18087
21142
32626
24459
23025
30010
22343
35654
38421
19836
28645
48479
14826
25987
39758
48982
17546
29000
37293
84656
101207
19149
20899
26812
27565
41391
73061
35226
15479
19608
27658
43015
16810
55493
38598
18786
15676
86413
85758
23151
33468
30129
23522
40674
23103
18581
19073
38467
14533
41358
34009
54137
24235
21816
15018
53526
60159
13541
15029
15106
25797
21575
23840
33859
18068
35628
13677
86374
46337
15222
20834
29326
15062
14906
46608
96567
161566
57502
36656
15031
26136
16551
14030
13380
30831
21391
28672
53227
69626
23807
43136
22934
28029
16679
20807
47820
14238
18154
62107
40438
19844
18736
36036
43195
18751
15393
18017
26379
28992
24975
23116
50113
35047
17009
51829
13903
42342
18062
28233
20724
31492
16641
43929
19260
14856
35919
32619
16803
16684
18463
15592
45406
16884
47126
30222
31575
15661
67116
89995
35358
45817
25004
39222
13797
49113
65815
52482
54880
18540
96209
148704
14659
58187
14220
15639
20478
20397
17428
13792
50976
28182
37909
16810
44518
35688
56675
69466
52472
37426
70939
27832
20939
25790
32582
24910
29239
35245
28553
16712
15297
15822
62588
91157
20160
26462
23088
18169
22243
17398
17552
19252
33786
26251
31182
36595
61923
44140
71158
38558
34813
36085
58933
110823
32976
114019
17796
127048
15645
76768
62459
16336
25908
21488
21244
34547
16157
20972
17833
15235
15608
25361
16480
28838
13680
14296
28914
15405
16792
17097
22759
26661
17349
14605
17828
46407
62904
18382
44336
13451
33294
26719
20499
16375
28816
27431
40073
52707
23639
22994
17862
14151
32989
17478
26073
17803
24383
14069
16473
23531
36144
14501
13816
21298
39907
38906
21843
20012
79273
18932
22172
35938
13393
14027
36398
54857
13857
15240
42801
60119
43510
19440
15218
26512
45577
35972
34929
58205
31337
48366
16600
25493
26375
44962
19255
23479
17277
28133
12444
31073
30224
34374
24749
82207
22414
54238
52960
41365
30977
15530
28930
17883
13869
32062
15370
17237
35909
34023
14059
45941
37032
18876
23308
28761
14954
21118
42472
35053
42143
36531
14916
42510
33098
17277
43063
63460
74831
16678
24871
15373
23558
67378
17669
50199
39202
15023
17063
34414
28353
31148
19538
57250
43224
33120
30717
58751
23268
19323
17626
54582
15428
26651
49096
13710
25202
27340
31390
61176
59835
20509
16444
30447
39409
29608
13717
19555
17842
25317
24876
28304
14494
14391
42655
25878
24176
14575
13094
49669
14797
18745
45796
27594
81599
14812
53249
20214
22971
14652
28618
38545
36210
82017
19417
27655
21494
30205
34626
19287
32698
17837
41428
21484
14355
20443
13732
19146
18886
34277
60944
15929
32857
16057
25686
18926
15078
13878
23787
14410
26080
71300
82462
116808
17205
17465
20940
31365
19206
40934
48855
12479
30894
34201
17190
25236
16316
35800
14075
53791
18178
85005
65018
15704
70771
20500
14557
29324
19555
16607
18926
19043
15977
47854
15103
29457
16595
16749
17720
37331
20857
17103
18242
18982
20196
15137
19047
16664
15037
25006
26390
16596
21053
21727
46786
30498
41036
19814
28294
58819
76398
69801
35433
32932
18874
46193
27027
30603
15305
19212
16907
36349
18969
28970
30923
55535
34789
15861
16805
17551
16811
37271
20201
28917
27641
16527
18906
19470
16824
19772
31186
14876
14991
20080
12319
42866
53490
47258
53954
23544
25040
18887
19069
19972
36396
17560
18397
22046
14229
15608
16860
16302
23693
22770
26236
55635
37329
14673
15965
15220
43367
13970
53201
33104
75079
48643
13500
63351
51995
37131
45655
18124
20434
36733
15016
18929
14162
30608
51711
42877
48231
19298
13622
17522
13704
15336
16554
55232
36320
23573
25877
13375
18993
28084
18005
17805
15979
18352
18440
15736
50700
66087
14024
26882
12285
27746
16582
49509
26942
16585
17243
19039
109902
19540
112378
14340
23169
26774
21526
53848
48032
27646
21568
16374
19454
31089
17464
38615
26476
52905
14792
16676
27629
18781
35854
53097
14802
31315
49992
13965
19443
21322
32620
47302
15175
30808
61873
13746
38535
14532
55654
64451
15707
83679
46518
40503
23845
46389
27768
14042
16614
23106
41975
38747
21898
31336
34165
20540
30044
45062
33106
77063
78041
21614
14018
15206
50311
41286
26434
30081
19340
13224
48993
18333
21981
40529
42556
13646
48582
31495
13019
16856
29821
34344
44833
21429
101866
15988
19979
54088
28108
29367
14020
15755
27354
38548
44242
88487
19745
89317
119413
18008
16789
25932
49187
26031
26701
22624
16629
13149
13671
15291
25348
22595
22119
14236
43719
15691
24156
26764
15470
39989
15069
15675
30567
55477
90952
31408
23889
57213
31340
42950
29523
55810
33777
22276
20032
21596
27791
19778
50310
13925
58206
12853
21821
24737
26526
16796
16561
53794
13276
14335
36460
44004
21474
31007
34851
58691
44885
66989
50558
26376
33128
15654
14106
38072
24848
23350
14111
14615
14960
32231
51662
34317
21928
28061
48680
26559
30127
30597
34347
24319
52235
14476
18906
22206
12723
15657
30467
44218
34199
84955
108386
115887
115651
127140
138081
32451
36096
17102
54650
17927
26518
14586
39899
14978
25025
39532
27563
38999
25413
16396
27603
56609
75391
14050
29807
38990
24993
14265
27627
14135
18979
21554
15859
18876
17854
18582
185893
116737
66459
17654
58515
48580
52223
17635
14710
14634
41374
62078
34613
39664
72290
15438
48479
26000
15571
17330
14241
40296
51606
42570
28774
13897
13776
18491
72694
119248
63864
57791
33153
51861
22915
17512
50279
25427
42367
23059
44884
15065
33510
39797
12682
43270
27526
18756
37840
21325
80749
56234
82506
16030
21759
15158
17935
19493
17420
15674
28186
21125
15310
17476
29167
18450
39769
28581
22956
37329
14760
14335
19194
24200
18864
25729
20018
19043
46025
13447
18837
14322
18382
18202
17802
41325
18215
13565
50458
26515
18221
26857
39585
24725
21623
27402
25598
39952
21306
27346
26066
36776
37518
22826
28116
18531
15832
39166
16965
15937
24928
14497
15925
20048
23485
20157
13729
22524
18509
14331
13628
14068
36059
50879
13675
23909
16887
19716
13584
24546
27280
26895
20097
17936
29471
16270
13950
13957
21064
43938
76575
15284
21521
102828
45762
57842
17345
37289
30748
21004
36298
52949
60163
22170
15061
38144
19773
15891
19507
15496
14412
51846
21821
50417
18009
88534
21361
17479
75206
63848
117419
15152
164832
63486
17980
16918
28308
43049
27968
29287
17564
24658
30872
38408
29294
19613
16740
13634
20042
18621
43951
21122
93735
68905
19842
14646
85912
44881
16673
24379
28545
19382
16926
14778
14764
57249
63286
14408
56002
36943
18707
60138
39736
16204
38329
28510
64248
18269
15401
23159
13439
19004
14881
22182
19744
19656
22482
23035
23804
15568
20709
43526
19445
16259
14176
20334
15816
14626
15891
18339
57443
23276
18042
21063
30310
27997
16761
20732
33329
37720
39094
15369
19761
38794
38530
54139
14254
152302
25912
18420
55457
15445
33616
34497
32022
13865
15518
18274
21017
36818
18384
28461
15189
15937
36803
15182
22856
32637
35401
18730
30136
20747
28791
23759
50333
14963
16405
47006
15860
16962
17716
13948
25184
16002
18939
20776
19429
13218
22528
13246
30583
51967
19502
48579
20809
13006
13639
15276
31256
17447
26780
20902
18712
17133
15856
29111
47981
62926
13613
16804
15531
40626
34529
24366
22326
19149
36334
28373
18259
26073
16826
15345
24800
17087
13178
23431
39029
14450
22375
37135
40270
14488
46499
15356
42199
27599
16336
46980
21448
23776
21894
18527
18732
19318
14934
19237
19793
82641
13627
35808
24960
15048
34262
17269
40771
24389
15468
25745
15938
22927
22661
19216
16563
18567
58066
27360
15046
34437
20592
17954
48071
18747
69401
16053
23952
22713
36624
21197
16660
36537
16151
16122
17462
38345
13225
16140
42373
12185
20802
45336
17539
29340
27901
14763
32587
22129
21675
16037
16475
23010
16249
16344
15180
13023
18844
13946
16979
34989
15758
42954
79956
16145
28597
114382
19656
32803
66273
18546
13451
118692
98827
19086
120262
131684
72332
16469
45441
66731
27225
24530
15271
15600
43852
27999
36061
42022
39923
37242
68571
156666
14274
18357
87184
20357
87309
22635
22968
84312
94006
102549
58340
28467
16633
83308
48090
16734
24818
23818
17780
14450
60673
42577
26271
58518
18684
31407
43896
18017
15570
31364
17173
22941
19852
26580
14374
22658
24429
31540
29101
17534
53159
51306
96735
45700
19940
41014
19559
50930
16135
44476
13695
14941
26441
53513
14827
14937
35959
14740
16099
24068
15357
34085
42032
45851
26600
19709
14091
47940
23363
30993
13469
15686
13555
55716
22861
52549
23520
13943
40403
18351
65439
15299
13850
13361
16613
23042
19066
25546
42781
30617
21447
16328
33449
18159
20474
24054
47433
25423
14869
18625
18031
17191
38355
21162
30802
17167
16989
21491
14926
21586
15110
19174
15713
33738
87978
36688
43057
13843
15363
46840
23227
40854
49825
57737
17275
20870
23577
18989
36315
55371
87960
26876
14532
19373
18661
21084
16485
23079
14233
33440
37399
18094
16150
29435
27510
15436
23209
24013
16326
22956
27101
32171
14079
16488
22884
20701
14375
27695
18168
16338
15028
15547
14958
50458
15999
32733
42080
20145
35271
19951
19948
35524
47537
17379
17354
24851
26267
13628
34112
15605
54699
38102
16251
53752
48255
17922
20778
15842
21976
20005
29583
16962
13486
22249
16391
39057
47517
35986
36869
57920
42587
35815
57359
41434
75900
96924
124869
44868
65658
33950
40664
25619
40783
98658
29121
57066
126269
62975
84350
31384
52867
102744
124592
21318
107734
99721
51298
66138
110437
27396
129222
18909
81904
50295
72511
87975
74895
71822
55365
27553
52784
43551
61058
44989
25688
69211
65328
26974
105754
192297
137496
156483
16109
122258
110224
60568
85635
37028
17154
74680
48424
28920
23115
20119
27251
42851
39108
26401
97032
117750
87356
78555
96232
12872
24519
88464
19139
28469
121828
27649
71083
65359
100139
20033
49413
58647
25442
20607
64542
31207
42683
50271
18561
58290
38954
42859
15570
39929
14928
97120
13630
83299
102804
137175
148082
24879
34150
22858
127311
144145
14842
40476
86967
19694
42447
16325
34851
54846
137087
38045
52733
87577
33327
63368
34709
69188
91764
17147
116000
17140
24253
80810
28436
66896
82998
78898
91159
152475
181314
21352
32816
17249
51190
47533
69990
62909
57089
153618
20180
93391
95874
48673
21283
94909
42658
117208
28953
43821
43038
171816
194325
77343
75309
15444
23091
115960
144899
159088
47606
17156
15118
18639
57898
22563
43986
14382
43033
69750
130162
60826
16536
14970
55636
78727
38695
29054
17349
39473
48182
45413
17062
35000
21444
59162
65546
51586
85914
20378
16176
76614
114334
43267
18708
52520
39739
80962
55820
67669
61862
19181
43489
19001
70096
18222
18324
18599
59027
107763
17115
18751
62765
23491
31733
21311
149013
84039
91160
42391
90555
62063
16856
16557
71910
30103
81844
81549
23639
14598
15176
26503
34782
38087
15220
25708
36359
17395
33839
16171
22224
18493
17672
51733
24298
29393
28970
42759
15625
47659
57160
46955
85886
87136
14303
90357
40256
23028
24329
54466
99450
152897
58011
15080
72181
13365
62803
65321
18415
64871
19107
22279
22172
17980
20839
89912
19595
55910
55527
99049
18759
19390
27480
32699
26899
50655
29176
64444
67098
33505
51087
21829
68748
18982
83549
143980
12367
238046
196998
139572
91140
16122
14135
15912
59497
79022
66351
25636
41042
31627
14919
34397
48987
14900
16678
39435
27683
13365
17650
15111
16615
56613
25727
80983
15024
65168
26277
81114
18615
51382
57623
42651
61696
34080
41672
14584
29339
36338
17426
15722
16378
17675
48812
31090
75740
71065
39562
23005
62269
37082
17477
23677
67035
14284
52473
57311
40316
22867
36550
29774
30292
19787
32249
16525
29100
21853
43691
14114
42654
43891
33399
19883
41143
17316
25344
20493
35808
21333
14846
16065
14554
46608
28158
27425
51799
18744
38241
48239
40226
53242
15112
26507
39765
46550
43870
23343
29298
18627
40821
14001
23626
64321
77743
14327
14476
21879
22944
78927
14887
40587
13810
16868
47619
13328
14254
41843
30048
36628
13872
13819
16876
18040
13093
15770
46360
18702
32015
34944
16046
33584
15697
47421
16006
43172
31978
17511
28616
46305
29399
18191
18762
14674
52157
40257
77080
14581
18216
23390
27329
25739
27270
27525
28289
30609
47233
14796
16055
34949
61489
53940
49255
74827
52612
16855
15356
31212
64871
18202
15671
17565
21584
28285
33045
27305
20550
55205
16928
17824
18732
31094
39379
67701
17430
15334
18452
26553
18271
40744
30774
13953
19654
27836
29157
17765
20922
19227
16477
18417
25055
19957
13902
17635
24156
14907
78097
86288
45952
13768
16435
49044
22984
32216
25069
34382
65395
21826
13397
26801
20274
22840
19402
13715
15083
16350
35506
28871
32085
14226
21122
18295
15339
32580
19132
23912
23483
13759
14164
34734
15417
15759
18407
15875
81269
13945
16639
21743
21346
16409
23734
27502
18344
15533
28054
16890
22783
19954
20421
31051
15243
30424
14455
20743
31030
19261
29055
17341
25595
29697
16440
15989
21982
24555
37275
15194
37951
13345
21106
13423
25475
41912
51728
21354
16552
38407
18915
20618
18292
16737
39667
15531
44889
13916
25148
22344
42266
15701
28272
16255
17755
43801
32607
20086
20026
18072
51853
57754
62741
32089
22437
22889
26413
39989
53530
14885
29561
14533
16377
15766
20270
23441
14628
48345
14238
17959
13256
19597
17020
28683
19522
16366
30601
78964
18608
43126
31422
23249
22137
33729
30762
13956
45066
35712
19714
26499
28571
49227
20322
39930
20088
68583
27308
33459
39732
23540
37278
23767
26461
37301
27557
68002
16820
21261
19295
15169
16158
21287
14846
27065
24579
18023
24043
15325
13974
24015
18800
24826
31175
14837
15562
17997
14647
27863
19519
13784
25022
17449
21725
14358
25466
21248
15333
34386
43758
61615
97898
18729
14755
16103
25777
35079
17446
13585
50353
19115
52191
82661
42113
19015
12793
14554
13471
34122
29678
17507
17040
34175
35208
16865
52957
39476
43112
59600
21255
19462
19088
15220
15663
18073
18281
13567
14509
83306
32250
22033
18454
19506
20792
41831
21196
21324
17270
70718
15091
49545
15101
37087
28418
13942
43417
40450
14746
15717
19739
24670
51893
76934
32413
64310
64670
19027
80558
13704
13051
80781
30679
47955
45542
14486
18204
43991
19346
28083
12363
17987
29427
14880
18242
27557
25375
35247
17920
15383
37885
19515
32784
15922
60287
76930
72935
20068
31455
35051
16302
22098
16848
49307
20481
37285
45741
18992
24318
16793
14168
26647
26153
23542
58513
26061
26004
17033
29924
14810
44396
53627
16758
100417
16750
17429
49757
16966
16994
73352
66743
36642
22194
20678
31293
16684
38575
48035
16933
19271
19288
39285
15208
16140
13868
45333
16400
45965
16034
35568
18700
15285
66879
26009
68236
16567
60475
18935
30462
14550
23623
18520
47599
13599
80816
91405
90395
53149
21547
54137
47606
53223
30421
42577
30013
55925
22841
21370
17741
14501
25696
27534
16329
35886
24610
17423
13674
16159
17649
34584
16447
31588
23677
31164
24793
17918
33539
56848
23221
16739
24677
58422
20926
14785
28341
34936
16109
23972
27149
26994
54741
17825
42409
56846
37389
73451
75731
43727
41896
19603
24637
15014
51344
24796
40333
27342
20209
30110
14901
15538
29415
13862
21660
35136
21080
52597
51002
21369
34539
65506
46789
23373
19697
16566
57417
15088
24998
33391
14120
49124
18078
20490
20494
55567
71666
16659
19389
23626
62821
25763
47638
21455
44575
37344
48743
16101
14672
27118
19966
15682
33358
15468
23065
20767
29727
23759
36185
30397
24778
39875
54813
82366
32141
20834
43177
44866
29568
21530
37495
51057
33999
15866
44520
19356
45668
17497
14419
29442
26553
53897
24755
23527
31957
17068
25419
12109
19284
25499
21609
30218
12763
29094
47195
19789
26263
31390
17327
56595
15952
14869
25499
17870
39374
14622
13526
22560
25379
13136
21207
36648
75804
84252
18480
33939
35137
47049
20834
29099
18426
23943
17259
20614
17910
26515
30550
35634
39867
18905
22367
18728
55247
17733
41583
21677
15133
17029
19671
16522
15164
16171
17056
20026
33408
14069
39704
16845
18688
76623
24922
19463
15394
19681
34088
20987
50299
22205
25775
27088
14539
36873
15305
20197
16795
22005
29418
15420
16035
52201
33865
31557
57265
53638
20063
41351
27301
37624
48083
34492
20874
18897
35725
20802
16564
15208
12996
19764
17269
48291
14429
16762
28161
19195
16589
26347
15227
15886
22821
18491
16106
15224
17041
13596
20264
26836
41446
49037
41587
24669
33216
16891
27090
35399
20326
19871
28243
54098
45700
16112
22173
19556
23154
35264
24243
24536
14201
24997
14751
13882
13335
23928
13601
16874
21141
13326
15686
34381
17400
16262
17697
31535
43251
106045
37857
41915
23050
21926
13702
20915
27586
19509
24837
18220
18156
22846
20756
13424
23216
32945
15087
14589
29323
101844
97795
33454
16039
21881
12243
15938
43310
24030
76079
18161
16642
15892
39207
219703
16422
30944
59074
69192
20461
40659
15032
101367
164163
14661
78650
114452
14010
65224
14803
30116
17256
18079
16608
15793
34840
24369
19796
15495
50342
15279
42982
20284
59304
37517
18374
41793
14677
20859
91798
14965
15015
15554
15770
32328
88551
81509
14944
19549
28532
38202
20446
20165
23290
23148
25916
38852
54332
20789
27525
24376
66606
118621
20509
45711
28622
117476
23414
22320
95830
67130
15746
62969
24400
57928
26775
39685
19936
14702
17609
28960
12468
27386
43711
59971
20123
14208
12254
54640
14350
52422
25566
47547
13370
22406
74079
14160
14768
15834
16770
14468
16741
103827
49766
16624
52724
16333
21777
12880
68853
25161
46281
16541
15658
18704
53850
24929
39352
18266
56976
22901
89457
16742
15285
15458
48775
96399
116709
20899
41746
15874
21181
16139
69954
16252
26433
28163
27030
32107
31608
33098
64430
44677
20819
18012
69646
56936
23237
42269
15850
29642
45648
29058
27845
40275
24542
23241
19142
35989
33808
17936
38382
13998
35744
59719
48359
32866
25713
15442
14848
24389
17074
14871
17797
18345
30778
46264
14156
15590
31251
13563
13841
25510
15015
19846
26646
15160
40111
56060
38328
27343
17260
41742
16415
41721
64054
15557
101447
34919
25028
15189
23643
16906
21479
35162
14552
22195
15077
14308
50676
17055
18534
20545
16248
16707
23866
27084
27248
27414
33160
38214
44166
21526
20784
20159
22100
21243
23539
28217
15654
20398
23405
20226
21182
14758
17040
31144
20127
19668
14071
20149
17180
29495
32127
15523
17927
31374
25512
15468
17773
40232
17098
60040
19838
17733
20706
48278
15392
44992
46888
14885
20744
49448
26703
18682
27784
13137
15232
15019
14812
15990
21625
15222
23282
15432
15392
20231
207739
16063
17465
32015
14392
54897
13780
43183
18963
37215
24124
19553
84149
14198
15656
16611
17236
45847
24171
15457
43800
52168
71546
29946
28180
107787
68002
27187
14281
50681
13797
16657
75015
70087
56238
16703
59606
17712
18197
33264
33847
14231
20415
17493
55225
20875
33343
15724
18382
27809
20399
23151
22657
38529
50949
25636
22127
33915
14046
28717
33110
16121
16546
14925
32563
13612
16436
34963
14915
14264
29846
13868
19362
27312
14844
23641
15666
68382
21226
64082
26129
25646
25895
16578
39500
37654
56352
93626
78533
18611
16264
74426
16838
66324
25486
22099
83483
32880
89258
93253
71617
20162
26620
39936
114907
20761
84924
16323
53230
30190
37255
23688
44747
18921
41616
35644
12203
29790
17054
15626
15692
17595
59146
24462
27235
53864
17049
136424
18656
50239
15774
21252
36558
17586
36399
28316
23171
16028
42994
51528
23825
16066
31506
15630
25934
17007
26130
28392
30816
64548
17905
32558
19969
26836
19958
47180
42173
18750
16562
31547
14753
32208
28990
78329
17234
15906
23430
50553
24941
100847
24143
44153
18105
47372
88051
16494
26953
36488
80245
14599
24791
15435
18747
31794
24594
15320
15532
28918
17938
23040
28319
22004
25080
20178
37004
22517
16588
71629
16813
18406
31675
28068
15383
27667
13401
28755
14029
25630
41553
15359
25857
47276
21978
23017
34720
24246
35235
21679
30749
18662
23132
17311
16801
14943
29851
26760
18061
15552
24379
31571
25542
53259
20128
16268
34937
14044
29937
26157
28979
15656
19151
26609
30566
44111
33689
27910
21616
26849
48687
29849
16874
61658
37942
42932
18065
34295
25123
19649
23659
17861
38738
15246
33212
34930
23200
15101
101895
18784
37961
30785
23180
16219
21000
22228
32841
28860
14597
46229
15240
20889
13807
16005
26680
32803
19508
16730
22683
19365
17614
29232
33915
17090
18906
21725
14700
18194
60661
26026
39677
80211
27692
17979
14729
13902
45658
19518
27031
117623
112923
88252
20579
14412
22960
19126
19903
23133
19844
23605
15144
19280
18975
19143
26869
20679
18791
13643
23223
66070
37785
58377
25589
22549
33143
30186
13076
15480
27619
24170
16727
17346
12834
34096
61032
13578
15862
34549
57697
22263
15686
49598
71826
29243
25926
21573
14314
24306
22412
33112
14693
14879
20052
20431
51984
13186
15826
25586
18999
15220
20000
16511
47108
45772
20915
13078
37893
16957
19723
17929
21686
12713
21278
13993
23668
43982
59757
15630
21321
13530
24729
37030
21595
84035
14788
66778
24262
33721
33677
39094
17859
18728
30530
52191
13760
14442
42779
65389
21264
51304
14105
22218
14721
48839
20032
22244
19503
18695
45686
18626
36537
16815
26486
42019
16885
15163
20481
36424
14865
35637
42023
37606
14463
104259
106242
77368
89563
16411
13576
20362
14454
25066
17544
14820
27137
25691
36494
38307
26642
16491
27347
29219
27663
23522
51855
48549
15777
80716
13957
19771
12672
32891
13540
19555
16105
46724
15140
69903
89172
16185
16640
16800
46522
23498
13753
26148
70983
53161
13863
15276
50396
24910
16099
18088
40436
20878
73651
82972
18608
32683
32673
19259
15877
27726
17235
19705
15712
65591
58774
20088
18028
45114
28619
14109
17186
17318
25538
30464
72059
13233
29953
17965
14899
21233
21786
34619
19597
16445
28741
20048
39513
30833
17106
59558
56321
