19575
24729
15140
18166
14544
13823
14010
15808
15360
16736
16392
18610
15100
25856
16167
13582
17546
15883
16137
24181
14312
13439
31198
19732
19274
15091
29500
21637
15617
15351
16958
24423
25798
18051
23056
22644
15498
16968
13764
13465
17027
14884
14967
15161
17361
16079
14256
18453
14246
15004
17249
22193
17737
15726
15593
17313
16886
15280
36493
13624
17416
21778
14771
16085
15894
21098
23072
14061
17937
14591
14027
16503
18637
26293
20643
16351
14743
20089
14562
13086
13999
17635
17182
45575
18044
27814
35875
49305
15662
15747
13047
19274
20371
18431
26634
18224
18409
23432
15195
14846
18321
15846
17671
16639
22289
17925
24834
24035
18343
27770
23761
24203
13779
14362
24786
25197
14851
14790
17447
16201
16436
15277
22748
14620
23056
13441
17408
18534
17342
15411
25245
16152
15822
14590
17773
14599
19156
19073
16631
16958
24909
21176
20070
18800
18796
38134
17117
27833
31704
20166
23243
18963
14983
28736
16531
15816
16719
15237
19821
18110
16727
13791
22637
14951
20316
16708
15518
17963
27763
20952
21607
24192
15774
15294
18705
21489
18964
20828
20893
17991
21906
19720
33005
13115
14073
18084
16489
12814
23616
29088
29883
44249
21184
17711
14654
24198
17131
15489
31981
14286
13142
28376
22109
29852
15476
23670
24094
14495
16290
27622
18256
14311
19136
35696
14420
17249
12735
21978
25938
24573
19028
17165
15143
13798
16503
14823
20528
28129
17329
15888
17676
14044
16348
41219
40779
15866
14742
22186
17091
16711
23117
14197
21587
13443
15796
20410
13305
15899
14782
14343
16388
21181
17292
19641
21797
23800
16219
14989
23390
14602
16156
15332
18866
14050
27453
19252
29506
64873
16622
18754
26922
19855
18251
22553
31853
43484
48045
28382
13299
14091
13882
12908
21187
12668
14129
13965
13885
13937
14296
22123
39899
51525
19473
13441
16492
15654
21366
18330
15176
13612
13305
14196
26324
17943
14423
28027
19647
43658
21012
36505
24069
23414
32809
18192
27887
15941
14360
15552
12837
28275
21496
15705
15343
16406
16968
19328
17599
20523
15224
15852
46118
14232
15649
22664
22668
38632
27155
17058
12597
32810
16675
19024
31509
17557
18785
22581
15419
14845
23540
35178
20580
14178
21027
21640
15530
16020
15307
14295
34239
15154
27217
16573
54104
22125
25137
16241
25989
20922
15913
13992
15099
26982
22377
14770
21310
16712
17528
17291
16241
22036
22486
14923
19328
15263
14913
22852
17733
16748
15298
17688
19932
36563
19192
16600
14567
17924
16262
20295
55418
17453
34324
19733
13857
13738
18478
16987
13843
23012
20651
29594
18312
23547
16782
14531
15505
18797
15103
14706
14016
14834
22270
41114
40842
15194
17560
41897
16614
17453
24074
27702
26685
21339
15436
17976
14951
14730
14643
23192
24093
18233
17698
23741
20481
15410
41934
28375
13666
24796
15185
13834
15346
15250
21586
22801
26296
16137
16420
29389
16236
28657
16999
14890
16353
15842
13598
13018
13979
16527
15594
17002
19898
24493
19038
17259
23877
17203
17038
14438
14245
13912
18103
19346
13484
20915
17192
20557
16311
14403
13188
18239
17517
23285
25990
13840
13682
16024
14993
18946
26299
21985
20721
15768
12577
13371
14474
18595
16093
21620
33470
15523
17830
24983
13853
14727
30581
15794
27024
13030
15779
38809
16177
14068
16207
20142
25217
18607
18235
14264
13505
14920
16987
13964
14644
17686
14860
24364
29568
14604
16691
20092
15018
37082
21446
13765
14345
22668
17701
20422
19473
17977
18115
24352
27394
18266
15719
26876
24268
36445
19732
14390
15544
19793
48555
15276
48993
53088
36354
24448
28538
22249
37554
15945
35508
13227
26025
16655
29451
20279
24644
33992
14833
27766
20848
20902
41676
17654
19072
38393
23682
23732
32244
27996
17124
18383
27634
20135
15770
16201
28146
35246
13864
26691
17983
14533
15499
26151
25857
17187
23534
20596
16517
18586
19250
19800
35504
17835
34027
14439
30860
21915
35263
27956
23293
36936
13540
14984
15550
21664
33366
18748
16921
30373
13678
19931
29331
24929
19435
20316
14098
31912
17584
17212
18625
16273
41308
35997
48011
30909
17041
15857
26199
14971
22012
23129
22329
27252
14457
26526
15275
21297
24612
16892
15343
22321
17281
14514
18599
45214
12727
14414
23548
13581
14459
18071
31754
21393
23337
15015
27015
21706
16310
15446
22613
22478
17380
17642
21072
29323
14037
14563
15007
19681
18615
22535
19123
23349
22614
26143
24348
16866
13829
20075
14467
21879
22952
15034
20544
20388
14837
18226
22592
65747
16545
22598
32084
43838
16191
15040
25040
19344
23740
15175
34963
24383
18305
48894
23502
17551
31067
13883
18473
23694
18458
25573
18927
41498
22456
16055
25263
20579
20594
16941
14706
27323
25941
19475
14734
27089
15073
35800
22817
26940
25822
24247
18236
14024
16656
18026
15801
14956
21859
14443
23737
13985
16496
18427
26559
15558
14389
15568
13287
21549
19433
15093
44837
33084
21494
13668
38059
25066
14449
20334
17214
29310
20986
18845
20244
27657
15362
19758
23779
19095
17209
13860
17223
13608
17255
15510
16212
18851
21633
32492
13957
17110
15399
14941
45360
25415
37245
15202
15467
17764
31215
15705
16336
25076
20636
35998
27339
21555
19073
19658
20679
15350
18645
17950
19991
19242
18721
15422
15185
15932
15594
18983
32711
14763
20355
16101
35298
20510
16726
32832
15481
16989
17327
15785
24165
14124
30261
22412
15905
14952
53239
16897
16212
40083
19318
15741
16790
13156
14496
16971
15353
19408
15624
18687
31087
13607
17927
16030
33594
67936
31303
17486
22607
35019
26177
18085
18143
15767
20472
16529
14428
20344
16124
22864
17581
17861
23293
18707
15119
25415
16027
51388
17629
25900
28173
13303
21961
16349
15467
14141
32634
13773
16295
26789
15511
13821
16144
14568
26523
23107
13555
17845
14278
13950
16599
19672
19938
12703
12836
14494
16836
13750
22490
43300
21390
17124
24775
17963
26273
13791
15719
25349
28351
15425
17364
21514
20102
16237
21476
14942
17388
15831
15664
16575
19981
19019
17538
18297
21673
15985
17955
14426
18023
28517
23806
22525
30218
19329
18548
17555
30833
16563
19288
20103
19280
23386
29827
16529
20488
13041
17915
34025
19706
22617
40177
23294
15570
13903
25516
19497
21659
14094
14610
22721
15315
19220
34945
19221
14357
18868
20097
34432
22711
15306
20051
14800
15556
15000
32153
49827
18003
23434
14994
14791
52187
47873
15910
50598
14951
18464
14411
18886
27043
25146
20876
19187
18400
34531
17914
18020
18585
25095
21699
26826
24865
14281
18599
14664
29757
24402
14972
17648
14723
15625
15219
20159
16405
19117
16607
13652
18134
14826
19142
16658
50661
14603
15422
16803
20179
15525
28970
20850
17998
14672
13211
23623
16329
16495
21406
25847
17707
14576
16285
26453
20234
16519
14016
22608
15991
30746
18032
20926
20396
19026
23028
19915
20284
14302
15706
21682
25895
17507
20984
44663
15188
17698
32914
24560
19122
15418
14775
28161
15329
13821
27326
14580
22482
15791
16654
21479
13537
18271
17960
26369
17741
16124
22182
31411
15884
21012
18459
24007
17209
15259
14700
18268
13821
19651
19267
29870
16277
19906
23017
15160
27999
18715
19398
22682
40335
22002
22769
47707
28948
18915
43879
34588
40784
16135
47008
17102
14579
25237
17160
26275
16566
23010
31089
29934
13720
22613
29244
20360
18555
16322
28829
23077
16104
32806
15404
23766
15435
23743
46082
15635
16963
13685
23114
23960
16686
23159
16263
30897
47793
19606
16139
13109
16733
16719
24376
17662
16932
30461
14491
17883
12946
16071
14320
15954
14733
16356
23922
14533
17862
16467
13121
16218
32533
25027
16456
21265
19896
16833
21457
14174
28066
38597
18982
13905
22033
20072
14983
14885
19604
25405
18049
22442
47427
13683
23879
23696
21349
13328
25461
19464
59834
17893
27392
15933
19447
17193
27910
16136
17845
18984
29540
16777
16310
13993
19075
15310
23081
17320
17355
27460
35765
14473
21420
45847
18478
14208
17506
19099
14116
17251
16623
20394
17962
14146
28965
14119
27949
14879
19937
22615
13358
15037
23787
29187
16747
23781
25346
20357
17020
23742
18032
24914
13725
12958
14951
54342
25668
18018
16275
18232
19655
13575
23742
18244
14666
14614
19481
16959
26187
15790
14437
16034
20668
14017
17092
23096
13967
14658
14790
15056
27355
17011
23275
25373
48255
15279
13870
30738
15786
67459
17943
30574
25602
22340
15314
29633
15735
15546
14008
14733
18165
17945
27629
32766
15069
16371
27801
19237
15289
24966
14391
15967
19987
13459
12989
14290
14996
14455
15936
20613
17851
16478
16285
21051
22682
28107
16293
13490
18810
15905
19514
27723
15582
15951
15581
20420
44514
24327
12667
21349
18991
36198
55978
15905
19885
18439
31195
16773
18676
14652
22988
19553
19486
16239
28522
14230
15042
17776
13163
21469
27288
16600
22488
19338
15211
19411
32730
22591
28837
38910
15045
19176
20004
19781
16110
18525
27244
30689
30272
18406
27845
18311
14791
14932
27249
13871
29451
13741
20926
14647
24737
24654
13716
15385
17252
15887
48167
14988
26947
13893
13107
26641
21053
15390
13339
16540
19549
15355
20357
17654
15585
23951
14169
29770
20369
29454
13453
48232
13740
20591
49345
17882
16285
15292
20270
14118
16642
12936
16291
26022
20620
14620
44175
20533
30131
16562
17370
18803
29286
14128
16009
13983
36145
26780
36281
17157
14478
15016
28236
19096
13452
15437
14746
20602
18702
22071
19526
32286
14390
16220
17484
26898
26377
28612
23219
27592
15367
14270
13067
16925
21576
19288
13515
14982
23774
26125
23205
17009
15208
16086
17835
14219
24320
23616
14744
22689
17380
15526
37194
48814
15887
16243
21053
21818
15693
17375
19702
21486
17989
17563
17054
14764
15317
17507
16262
14103
18420
21283
19380
24968
17358
30379
15653
24837
25320
13978
15097
14576
15933
13833
13770
21787
18653
19932
27685
14065
15409
20780
71131
14786
14344
20145
13894
13036
15816
20595
16589
18220
30486
18954
29351
34914
28484
17039
17626
16334
29001
18853
16798
14819
26002
16656
19143
13791
25385
13826
14813
18078
20714
21397
17701
22505
21503
24402
42202
31343
24151
18170
14822
15535
29233
13218
17093
12645
26398
13807
32962
16546
14327
16057
22134
13121
15551
17432
13371
20872
23077
15891
21576
18283
16230
28739
16377
16972
21145
16019
30909
19100
24586
17762
16250
14674
19793
14925
15651
14131
19884
23176
21152
41617
21570
21202
16631
15841
14636
14596
20479
14518
36889
16561
19699
16737
14193
25565
15106
18868
16654
15196
27749
16936
19713
17557
17698
16757
13437
23073
15330
36911
29266
19436
21138
15205
19397
14539
26130
20339
15939
13630
16152
19851
32221
34446
19659
26237
17622
23352
26452
23787
27859
20121
32533
29654
26600
18123
23283
15512
21160
16437
21982
17972
13644
27915
24769
30058
16434
16082
14160
16631
22871
14686
18310
25192
22589
17399
17291
20824
18490
17619
14850
14166
17594
20685
19386
40605
43432
15116
15926
25741
15030
15406
13240
14355
15759
14128
15613
22356
22527
29301
21721
16529
14255
18212
17363
15113
23052
21956
18719
13800
27721
13634
21535
24359
41258
30262
22227
32085
15891
19597
14840
24260
20881
14777
22500
27556
15969
18796
14787
36604
17344
17786
18871
15083
33079
17723
15889
16285
21341
15633
28280
13342
41561
30748
16721
17260
18097
16881
23512
25152
16889
14833
18870
16458
18809
14291
19237
17684
28286
44934
15351
40967
15300
17988
25583
19573
15918
23226
21309
33752
26904
21060
27685
23246
15883
14768
26061
29214
15075
14901
19970
15546
19651
13099
19478
21835
14432
16708
19216
13989
29796
20302
27756
15758
15194
20219
16538
23747
24016
25907
17615
16975
18186
17650
27384
16415
40613
43390
25072
15552
17719
14549
20104
21857
21022
19445
30970
26477
20566
14868
19531
13179
15024
21217
24459
16131
16729
17118
13628
32971
29682
17704
47313
31786
24949
28708
15449
24043
22390
20384
19868
12641
15477
21095
18538
17350
15156
15948
14954
24573
23837
22762
14707
14537
13485
18387
19595
31310
27421
15125
15442
21231
16725
16955
15288
21050
14101
13966
18573
17660
50193
56230
15069
13947
14142
25438
28684
14754
14471
17918
13415
20993
44584
21121
14082
19131
15207
14921
25675
17151
13177
16291
24811
26128
17158
14509
13953
17954
17628
29703
15709
22051
14854
27423
45183
34719
25681
32785
17598
18212
14843
15302
13071
15159
16748
19409
15503
18319
18079
24661
15630
16556
14499
20157
14434
28085
51337
22499
30728
15037
16786
23935
15051
23463
23943
16941
14775
14104
15382
19022
31240
22352
23362
22086
22934
16009
22825
24881
14655
24229
15688
25280
14445
16099
18987
15112
15401
19591
24576
22083
17637
26490
18361
16561
16260
18642
18170
16672
19208
32002
29325
19899
22407
26629
18736
17691
15305
18305
19689
25394
15561
25261
16738
15028
31481
14551
14315
20523
22473
20459
15244
21827
24980
12609
17496
25086
19471
16631
17122
14576
24524
15517
14731
21906
31370
20798
19065
20394
17400
15820
15390
22625
13493
19177
16124
17430
16428
15305
14332
16856
28151
14353
38793
39394
40991
33757
15196
38210
23862
19792
22943
16524
20497
22300
16129
17497
23768
14974
21207
13516
13325
19998
17549
16685
17171
19680
17642
19423
31153
46557
20838
21211
26897
55367
37679
31157
29067
19855
15796
21415
18677
23015
18339
15863
26029
18620
15536
14846
15789
16910
14206
37395
17218
18334
15335
14870
16788
20559
12693
17729
13618
47343
17429
12142
17197
14287
13910
19422
18551
14651
14308
25920
14404
13066
14727
17690
13889
15320
26972
20465
14615
21674
22076
22857
20414
21736
26268
14137
22867
24465
18510
12038
15049
14486
24573
16666
18036
15199
14297
15144
20318
16010
15421
34318
22810
14469
15700
14582
14952
16906
14520
18632
20541
36518
13816
13679
18484
17224
18298
16201
14975
16398
20230
21382
16880
20495
28433
21747
24928
20589
23983
15401
19163
14606
18138
13799
16741
21819
18162
13889
25260
14106
23378
18895
29369
23128
28746
26032
28467
22816
25061
25585
17076
20587
15337
15361
22562
48301
14183
25115
18038
32438
49245
15385
20783
15870
16986
28937
27339
17257
15544
12887
34262
37855
30993
20732
14031
19748
19567
16195
23597
18009
29054
32975
14335
16455
54825
16753
15735
19959
22342
19194
21360
56790
21208
17055
17984
15458
21728
30454
17165
16279
20226
15366
17716
15089
19725
29485
18096
18850
16478
16154
22526
17513
14501
13757
12798
17323
18477
20927
17421
15691
17900
15673
28599
16133
15899
16797
17841
16876
22524
14502
20123
20179
24843
19877
36211
23117
17929
19283
16098
14007
18311
15495
24328
23468
14200
20328
26872
16107
51169
16539
25807
19525
28092
25250
13942
18214
16320
15911
17668
15124
17862
20548
19036
32405
34652
17720
23400
20210
17232
18677
17061
15530
19538
20677
19243
22762
21960
29506
19010
14264
21540
15117
15618
15439
15127
14263
20137
39426
17514
12717
16892
18437
22754
38859
22780
20538
22726
14697
17538
22289
15404
17564
15980
13402
29230
15629
15542
29665
30391
17483
17059
15939
19343
19847
15204
15159
19113
13280
37190
15913
14529
30358
25050
23991
17057
14150
14433
18086
48034
32806
14458
17288
15856
27546
24294
20599
29838
23193
26711
15343
14300
16227
19716
16009
38317
18210
18078
45108
34935
23377
14456
27060
28984
16826
15875
19358
23963
42980
16700
20845
16162
32731
15837
16395
16755
16431
17897
20864
17384
17541
17415
16062
20231
15844
24162
21022
17458
27862
20118
14624
26462
16139
14466
29308
37079
14520
34469
26377
19529
16999
19907
14600
21107
17888
17887
14599
15097
17883
31359
22423
42108
13790
25934
37471
15958
13113
15809
15850
17089
17370
32695
13697
16157
25614
20174
14060
18725
31936
21366
17229
17306
24557
22416
15939
51268
18755
15332
14083
27338
17698
16158
15586
16978
13845
17352
20832
18049
16071
15405
17460
17718
24591
30574
20372
21268
23558
14501
15902
15748
27621
24251
15063
15074
15336
22859
41819
15609
27795
23499
13715
23641
25045
22203
16894
14314
18851
15758
60536
27275
15322
17841
17941
18792
29624
42462
16522
19541
36144
23170
22613
18393
26327
19596
21062
19477
13860
15229
17775
13016
21860
18256
15465
30207
34396
14481
15866
16420
14223
20814
25669
24666
14694
16404
13290
18736
20543
19109
24612
23728
16932
16748
24886
13273
12710
16767
17304
13234
13225
15728
15791
18297
14757
17850
17220
37063
19472
20777
23849
21242
20047
17327
15881
12819
41195
33966
21792
14033
22033
13737
21820
23795
35361
15283
12908
15584
15597
14822
14290
38055
27451
13343
22269
17407
18885
14771
24565
14937
13876
16852
15837
18330
17627
14620
19180
19415
14077
15302
24319
15206
15060
27925
15933
14345
13502
17623
15507
21936
33843
16246
17699
26212
19499
15852
15392
20475
22706
48788
26486
13569
22637
14348
16105
16360
13974
15350
26527
16480
25169
16845
20590
27852
15054
21524
17802
13708
16830
14513
14925
14699
25526
44318
17789
15264
14775
14976
17107
17024
17991
25995
24567
17097
20564
14192
31528
15082
22705
21224
14902
29083
21599
26794
15970
16227
16271
16381
17354
14113
25984
26681
14195
22779
18927
20944
24269
22262
14642
15882
18109
14162
13409
15256
15531
23953
18386
26098
13820
21648
27487
16486
15399
29039
18514
26197
15669
18561
18987
15049
26801
18787
59948
19383
22191
27097
14496
16882
25961
29250
21878
14265
16244
16928
16659
20215
22910
14432
19831
14385
17399
15480
25760
21760
18449
19745
33553
17601
25923
16444
13815
22137
45478
18870
19168
18008
22652
13763
18188
15553
21046
16366
16158
14142
17052
15954
21078
16544
14640
34885
14508
21054
33842
24993
16965
22827
13729
16038
18083
19399
35550
15825
33057
27088
23080
14802
33999
15676
25331
20393
15023
29483
22000
27470
23306
16624
16096
14644
13636
26246
20323
17405
13970
31863
33665
23754
17530
23867
31695
15197
16155
15645
12709
15419
23503
14375
20751
15982
22178
21094
14212
14739
17662
27723
17521
23270
16684
16388
14986
21603
35384
14765
24186
21072
23453
16717
18712
22480
30825
22247
20856
55517
29317
20073
16673
15009
14861
16140
38527
16980
14903
14950
17559
19829
19438
35593
18840
22160
21558
25899
15033
17668
52564
14723
16541
13659
21477
14893
17717
17833
18974
15646
16089
31532
24186
19679
15993
30960
14029
13529
13346
25737
16138
17226
22311
19477
19338
14861
14350
14044
25148
14702
19848
13764
17008
19764
50073
17614
14409
17918
24660
18310
14994
26890
37719
15154
26232
22670
25249
17232
13494
14529
21031
17844
23168
18356
19186
12638
14599
15232
22629
16784
21936
17904
28073
18003
19144
16375
20102
15651
21548
14419
15191
13927
18796
27421
17265
18830
19679
14167
26820
21738
17291
17123
14135
18675
18195
14870
29735
18300
22155
18289
35531
15830
18963
14565
12795
14662
14149
17095
24042
24323
17796
21496
18684
24947
22797
15962
17366
24938
20463
14654
14048
35154
22765
37011
15023
13496
14952
13530
16372
14830
33128
25251
18001
16519
14953
26978
16471
15443
18169
14496
26914
20133
21819
23889
26624
41129
17607
28837
20414
15839
20709
25318
16719
15876
15780
19280
16275
16978
14602
17117
20029
17253
14532
20012
34984
14554
46675
13556
15379
18545
16244
18968
20697
14557
17109
13943
13310
29970
21117
25789
20456
18323
16293
17577
18811
18131
34240
40041
17782
16076
15785
19834
16231
18831
14168
15577
20619
17936
16654
16495
23546
15850
14622
16013
20294
23836
17143
16863
19848
15758
13890
16050
20066
15316
18635
16668
23105
14284
13478
22145
16281
19620
14232
21380
17904
21181
25706
13584
16045
15999
20676
26659
20802
14600
13239
16217
14325
18938
22469
14551
14721
19776
18441
16008
20110
32603
29079
14833
23277
16495
21713
22063
18394
20792
19016
29903
16031
15694
21333
15901
28624
31084
17966
14991
17877
14516
26272
18301
13099
15922
58322
25934
31153
16269
14313
23941
19298
21058
18097
17537
15131
17529
14582
16205
17966
18284
14730
20461
16264
16796
15712
13824
16493
13039
15127
30894
20896
215632
17954
14484
16361
14566
53004
13361
44632
14705
25203
33310
48599
29363
22027
18557
24442
15927
17521
25366
17909
13944
14617
14887
17597
14901
22488
16242
26589
23683
13627
16334
15279
17611
17552
12513
19445
17875
15252
24168
17530
20737
15936
14812
15943
18705
15257
39200
16395
32197
33864
19175
21660
19320
20337
22655
17010
13055
25909
18615
36218
27168
24095
22478
20971
18311
15837
16716
15992
24996
40921
15769
19547
15915
16177
15119
19902
23078
16100
16079
16503
21887
16674
21190
16089
24374
17674
32965
14925
26409
25139
14260
30459
15806
23006
20693
38450
17280
16635
19409
17703
28666
25998
16188
13468
15752
14760
19195
15799
20753
16752
17453
15791
21647
14022
17096
20058
15330
15347
25913
28486
51019
16748
26112
24367
18652
15602
30451
14822
15457
23076
20401
23454
51855
21348
19270
27790
27589
24593
19291
20701
15972
15328
30367
13608
17223
15790
34892
18588
17372
18427
17805
13442
16423
15950
60672
19592
14980
21198
19294
15913
14120
15299
20176
16575
21041
22523
16884
18406
14816
15407
17529
16437
16463
14860
21540
18176
16099
26888
17960
16238
22118
21606
21425
19845
14374
20694
33831
16738
13602
14980
17440
23542
15315
14327
14053
15563
13208
17708
14657
17264
15092
13649
18060
20499
15518
24886
15080
28283
17664
14251
17903
16104
20467
21147
23623
21076
18169
16321
16849
14145
16398
23226
15532
15593
15459
16337
15443
22105
16628
51669
68402
15947
21139
14320
17975
31070
24956
13174
30781
18640
24482
13476
33015
19200
36251
18040
14893
17906
19275
23889
15207
24432
13939
15869
26356
15210
21378
17728
14700
15698
19281
15584
15368
15627
14046
19063
21100
24665
14835
26430
14157
18184
12935
15635
34346
16831
14057
14004
20107
14080
16027
20341
27608
15117
18199
29672
21386
15482
18466
19849
21919
24453
16444
15329
38344
18567
14725
16975
27792
20128
22253
16631
13680
27941
15170
14314
27863
32226
21077
16715
20976
21990
15538
30340
25687
32812
17125
17948
16108
15826
20146
21526
16483
15621
20544
23876
23650
15584
18504
21649
20836
20372
17575
15370
15464
16903
18270
17090
22740
18062
16175
15831
16962
20198
15206
15328
16367
26030
26456
18760
14672
14713
19131
25781
16178
17683
47384
16651
16989
31987
23651
15965
26372
25555
17311
24562
15442
15304
21762
39866
14700
17039
15851
15054
13871
30642
24548
14160
27909
18151
14381
28713
30939
16281
14620
15247
18760
13362
19522
18234
21715
20498
16215
17288
13898
16124
23654
16099
22543
15427
18748
32535
27201
15239
19403
19023
21819
16218
17038
23902
16461
15465
19700
15731
17349
16590
18007
28519
22766
13972
15881
14522
56733
19196
15923
16772
30744
33075
15561
16804
30410
17136
14665
25445
24145
21662
18203
14087
14849
14369
13959
14330
14193
34513
13765
20604
16828
16709
20140
13260
16057
13841
15501
22982
34694
13771
18320
13554
19601
13606
18261
15175
16198
18082
14807
33819
24452
16149
14765
15827
14830
14271
14732
34477
16382
18264
25688
31642
22411
15351
15060
19108
22037
14350
16849
20669
15810
18839
16323
15076
16105
20659
23886
26070
12710
17038
22197
29012
26277
22993
26011
14892
13581
26772
20771
14790
15143
16212
21625
23796
17590
13757
32117
14282
24122
16618
14795
15867
17634
15877
13970
15401
13632
15849
24126
30767
13534
13682
52677
21529
20926
17317
17514
14952
16941
20753
17389
19396
19901
20529
15606
17438
17808
15313
26778
24798
14206
15384
24797
19137
15835
16304
22541
14522
23640
25662
21991
18714
19980
13867
15572
20759
29567
20540
15067
14293
22146
22130
18865
13915
18089
13806
20026
57630
21471
22041
36035
21310
21108
15154
23281
31313
17629
18961
15749
25022
15961
17188
24644
16332
14157
20116
15226
16795
20754
16068
41666
18409
23731
20034
35323
21830
15903
16472
34158
29928
16328
15122
30268
15027
16571
18163
30572
13799
14574
19771
16151
14071
17861
14858
17957
20264
30208
23963
17556
20411
14299
21510
14992
14776
14388
15427
13805
13000
12877
14032
13715
14052
22721
16103
19657
21456
17101
18618
19317
15026
13953
23695
13155
16554
40130
36941
17617
22575
42364
15623
23783
19727
17892
15482
25822
21035
17830
31837
21649
19393
12920
18779
13323
23568
17591
31558
20981
19658
15022
21404
14955
17385
20215
17148
14349
19223
14777
18938
15967
19590
22774
16318
14583
12553
29961
31947
20637
14460
15044
14344
29062
13375
18805
14837
14817
25625
21597
34081
15821
35541
19314
19434
17529
16368
19738
16035
41747
16793
14067
14374
18497
16027
15986
17313
20935
16508
22042
17058
17083
17789
17069
15366
20144
24725
18501
24536
20653
19257
14810
14790
21310
16013
18855
38905
48160
16623
26024
14244
16742
13439
15223
14305
19300
30615
18092
14440
41371
15220
13379
19636
15306
18647
14853
14742
13012
15308
21993
21499
46765
17404
17946
18024
25507
18803
30960
15667
14998
26353
22906
17249
13878
14013
15540
26088
18401
20080
23074
25387
14260
14525
15864
19540
15012
13510
34401
17889
18109
24964
19509
19901
18826
19904
17097
24639
14639
18274
17547
13106
22102
24941
15755
12853
14358
18786
15021
13878
17279
19181
21038
21347
15333
14013
13304
22860
21644
36486
14078
22424
26798
26093
20095
21012
13487
28076
15446
19332
22215
24819
22546
14178
13567
14340
16859
13400
18719
16631
18601
19222
12964
18573
16692
13049
43465
23721
15239
13447
14545
17788
16704
16756
18844
23395
14658
33261
21537
28031
15952
22270
22608
24204
20003
32828
23499
17032
17783
15234
14292
20290
15225
63175
16055
13553
13998
16820
14057
34990
17160
20758
14971
16927
14282
17295
16770
15592
17937
15312
18648
16223
18367
19095
24997
13944
14823
16690
20955
15367
28681
42054
18658
23008
59230
16750
16088
24878
31263
23687
18757
20518
44129
16583
27144
14715
18040
18215
26434
18610
42099
33444
27744
23923
15528
17403
17490
17436
15448
20183
22667
16380
23852
15323
17993
17640
18534
18396
25330
24541
22016
27041
31425
32370
15157
15459
12803
14097
15573
22430
17452
13859
23378
15186
15057
15987
15440
14441
15234
17694
16517
20937
17111
29978
18897
15641
15431
15993
30853
14611
17457
15586
17369
23096
14482
15638
23111
15673
29221
13901
17137
13701
17336
15880
28372
22579
16927
33633
22184
14986
41820
20895
15712
16500
20470
15323
13857
21249
15945
16185
21992
14612
21949
18186
20449
16442
26507
20134
15898
29535
15879
14088
15913
17229
19778
70092
37070
21308
20678
17504
15925
15005
16287
39449
15105
22211
14172
30734
17777
15648
23673
25836
15508
23901
24452
15532
21057
24169
17464
29306
14812
13472
18412
15747
19350
18426
17857
14750
36816
16313
16477
21509
17901
14237
13861
15072
21144
16959
23522
15232
17121
44504
14925
20822
17916
19739
23629
21800
30227
14428
16167
15392
17477
17292
38791
20321
23903
33598
15279
16041
16380
19387
18855
22013
17336
16891
18147
15981
19863
16336
21135
25239
16905
16854
19202
16976
23686
14324
21920
30848
23988
18056
16848
14021
19243
21738
15166
20943
16419
16880
24526
17193
19787
15273
16740
46444
34638
18690
19987
34447
17147
21604
14430
23460
25610
19876
13422
14497
14451
14461
21357
17333
18705
14631
14481
29676
25312
15454
17801
17602
16307
19245
15767
18616
13168
20295
39923
19729
15842
16915
20919
31019
18534
17996
25136
42738
16876
26417
19224
16708
33613
15075
15427
21709
17581
18613
17379
13758
14888
22694
221572
14727
14650
19407
16243
16047
31363
15551
19233
18522
19526
15954
27175
18381
20341
17163
13680
20031
17488
17654
15584
20021
23589
17803
47052
16336
21935
14472
17215
22966
18560
14704
17984
23328
23818
21182
28109
19130
14167
18076
24721
32666
40388
16847
21622
23732
48015
21352
19442
17414
16914
16164
17971
14870
16879
19161
18331
33882
16112
26401
18773
20331
19101
19125
20556
22426
30124
18757
20190
45640
26506
32549
16634
16148
21449
15303
27960
14185
21155
18938
14723
23452
14838
18488
24356
16484
32910
30624
19803
13348
18305
18683
21079
21690
17741
28370
13995
20040
16663
19688
36345
19644
29168
15027
22075
24938
28112
18980
15515
16508
14148
15550
17861
16444
15512
23990
24666
28762
29921
13012
12651
36392
36434
13942
17204
19606
15946
24482
18290
17817
17530
16567
25451
20736
16882
34890
37239
16201
17191
21301
12831
20534
13869
14682
28207
27927
33230
34651
14771
16162
20610
18680
14133
17075
18964
20484
26698
13524
25607
15758
16010
21094
18016
15359
15477
14736
26289
16383
24971
15277
19315
17390
24283
17681
15881
15043
22134
18887
20046
15064
22468
17050
22407
22938
15401
18156
19265
18439
31623
17403
13764
229630
38206
20832
16976
23412
21982
20225
15030
236487
17011
15480
14188
15854
27387
25825
22134
14043
18088
16121
18088
17924
21452
16861
19157
23477
14361
14386
39305
15665
18874
19135
59184
15873
24662
14599
14773
23194
15442
16615
28900
17674
24677
15721
19828
15117
13538
16527
27702
31317
14384
41756
31374
16197
14061
14113
27936
14766
21134
14069
13962
18332
21776
29617
16382
28689
23469
18041
17654
45198
31215
21597
35421
37057
14838
14248
15143
16504
18738
35727
14342
15178
18716
25377
24909
24405
15944
18847
24643
33285
14429
19560
14267
16378
17729
14293
17685
15848
19376
15191
30422
14875
27724
20484
24045
35910
15344
29814
14533
16359
17502
16038
15626
15142
41048
13235
18840
17229
19987
24665
18561
37622
17270
20161
24277
17560
15095
22311
15683
14254
20280
16016
21587
16113
15961
18494
17729
25343
28793
25785
21756
26870
17141
14436
20760
13571
16528
24115
19998
29497
16742
18607
17616
18161
16518
16723
27888
15637
14778
41767
18168
14079
14688
18162
14909
13570
24223
22397
15666
25600
17526
18770
21022
16084
16717
16505
14160
19042
35040
34254
26322
14226
17040
15286
16277
23902
23666
34261
35911
23468
15008
40248
14736
14647
15855
14033
13922
18371
26363
20032
15246
17536
24579
36341
14298
15406
36529
31723
12597
14154
14376
18043
15570
14628
26216
15091
13540
15479
14432
23890
14732
11745
40180
26324
15277
13546
17858
18395
19459
28081
18721
17577
19593
18010
14848
15669
16184
15807
13895
17206
27960
15145
22338
16933
25511
13402
25070
19630
14472
18625
33558
15255
15283
23934
27699
20162
35260
46146
25356
15703
37123
15913
18340
19555
16743
20531
21520
26655
23031
15231
17761
14981
16167
17339
19270
18052
19865
14527
15961
18907
13450
29327
27369
17327
17356
19401
22696
15936
16550
20353
14377
13009
13918
15230
15591
19129
14891
15221
14669
19901
15796
32467
16229
21064
13578
15009
14504
17038
13166
19813
23808
17544
21024
14712
19307
21670
22397
19569
15131
19482
15113
13909
14497
14619
18033
34803
24825
16032
14223
16105
13553
22915
15866
16873
17715
28324
18881
17806
32697
12589
13871
14758
19513
13988
26988
41071
12535
18992
15581
14070
27627
15100
12786
21690
16209
20165
22185
18579
20964
22370
15074
23114
16918
17336
16139
15975
19658
15559
15161
15566
15293
20648
30255
27163
22364
21544
17167
13891
15580
18769
18942
13332
26076
40826
21971
23465
36979
19389
32957
17666
20699
16766
16740
27679
26325
33355
19334
18064
23283
19302
17050
22441
16996
16736
39206
24676
15065
16485
25321
17745
22539
18401
16201
16502
17171
18477
19142
15445
16177
15434
17355
15497
26255
14937
16868
14243
23720
30219
26957
37631
20715
31705
13654
18014
24132
28189
19611
22679
19105
22704
27412
18628
16118
17718
13172
46528
56804
13702
22174
18711
21320
16753
25771
14399
14846
16142
15348
14770
24896
23675
36214
15453
19812
17853
28841
21353
19848
18016
23089
29106
18582
20400
18007
18103
14572
12632
17631
18948
14556
15297
23507
13912
21343
16735
24787
21927
15452
17832
16192
20678
17101
16686
24657
15117
16363
18082
19110
21818
27143
15781
18138
17464
17556
21090
17207
23145
28575
31928
21101
17220
37579
19145
20124
32248
51689
26892
15397
25829
16192
18868
15759
69549
75659
14557
39857
13899
16488
16227
15876
15861
37566
16085
17980
18782
16170
31565
21394
19702
14431
16820
23460
23784
15615
22070
14098
44161
38310
34325
20871
15044
15424
15968
23072
45514
16814
18435
22542
38666
19851
22585
44000
18675
18682
15658
16750
24505
22501
17046
15780
15327
15212
18389
16692
21846
18480
16211
16750
19341
17705
14465
18845
14789
20793
25342
18986
16462
25788
15021
30469
23115
16747
15043
17677
14741
26772
25311
15462
15723
44735
23533
20615
33401
26778
17330
16479
13709
22474
14724
20044
16543
20728
22892
21489
21233
26737
14579
32113
14379
25269
23450
18810
31943
40440
16638
35326
29256
16829
20168
15409
20287
14756
15170
17920
19010
21181
17334
16758
21247
63953
16714
30881
14370
18330
16484
23270
23358
32986
17963
14030
25104
15690
18033
16966
15438
29174
19505
14649
17865
16567
21777
16945
19577
27563
13448
14456
39425
22406
15415
21664
20253
14847
16753
14634
16549
22203
16369
52725
16471
17708
19427
24029
23030
25170
17348
32468
17368
17522
32465
55469
17316
17187
19557
20190
16145
23511
17157
14201
14473
13740
15203
17771
15665
31270
17070
27967
21695
17204
14933
14504
14435
19495
33266
25982
15574
15181
18378
25386
32617
19756
21224
20026
12247
14642
17273
20179
25623
15903
14347
21142
14713
14537
41202
21038
14744
23871
14475
28587
23465
14579
14348
13159
22898
13645
14858
34773
19790
20840
23200
15015
24246
25736
15203
20454
16734
14582
24487
12884
18306
19153
22674
15083
16149
15012
18105
25686
19181
27925
14565
15287
14672
17511
15806
22850
29125
23354
16715
19588
22620
16736
18102
15174
16437
17168
14526
17002
17567
16530
24320
19303
16312
18123
16449
15592
15941
17008
15345
18746
14102
15372
16041
16955
18159
19987
70072
19391
19582
14566
15557
16383
19500
19635
15411
24072
13577
16053
16086
15625
16464
16182
19806
17587
14369
17313
21023
18322
30030
15224
18556
14019
29099
16449
23625
16973
20195
30052
17963
17253
15810
15369
18618
19711
20368
16396
22367
15861
16501
19577
22125
54071
14522
32689
18062
244163
29318
14962
13511
16695
14316
14895
19570
21640
15037
16795
19738
16772
245705
21381
15274
13608
12936
18487
21984
31379
22240
52854
17622
18628
27439
22834
15869
16292
17630
18262
22033
15183
22594
27964
16174
15395
26117
17978
23939
19115
30202
20680
15653
17725
15889
19981
13996
18942
16590
24553
31247
24005
21962
19196
28255
17182
20713
18617
18635
16722
32238
14918
18152
33984
28690
27989
18017
18838
18058
19052
18408
25999
23338
19815
14894
20072
15291
13031
19458
22414
20880
17053
17216
23790
24369
27816
27283
24261
14787
17803
25852
17767
23135
23296
16360
17631
29142
22437
17302
25606
18450
16391
13924
17882
15830
18626
57162
21665
16344
17482
16911
14322
26693
14717
14702
15642
16285
14279
14566
19593
26914
248447
19267
216834
20694
244351
19162
15483
23925
19372
15470
15653
16232
15299
15188
17473
15774
20541
20675
19462
16301
18899
26928
235101
52275
19611
17158
14696
27403
20994
22758
21006
14581
15147
17568
16460
16338
16473
15970
25571
18285
16318
60285
31764
18855
16411
18298
24304
22751
26754
17075
18227
25498
44165
13647
17999
13388
14534
21212
15376
16268
14324
17558
16190
29201
15296
21792
18191
20241
29503
34212
50260
17427
36229
15150
18726
14323
27532
14583
27180
21828
15694
15784
29303
20382
17240
15109
14332
17109
30922
21115
18704
250157
242826
176141
18365
20246
28985
22647
31478
16169
17520
14222
20783
18129
18208
20020
34847
16440
16205
15733
18275
28462
17335
19500
16473
16441
15130
16435
28487
18085
19998
17093
15189
19599
15320
18563
24612
21154
18391
26699
19612
19763
18011
15480
12963
14871
18338
13755
18650
14413
18885
27200
21340
13460
30487
15178
24064
15525
15816
18165
18197
21644
21720
14278
17629
23229
16209
13599
15839
18549
14886
17400
14824
17014
25862
16628
14679
14825
17683
15386
15169
14909
34653
13843
15783
13623
26422
21962
25071
17624
23304
17443
22403
14797
14855
20741
15731
15676
27670
15223
17842
14395
18363
44824
20394
19097
15016
16486
17375
19894
13854
17567
13579
17557
25924
17927
20015
18275
18458
17305
19993
32084
17440
22619
14702
14079
28740
15587
31635
14898
14114
13774
54839
19286
14394
14298
17170
17743
15110
13714
19467
32226
22558
18675
14760
43484
14513
24298
14775
15908
16727
13464
12791
13567
14365
22772
35383
13551
14145
26222
27725
14228
33812
16409
22116
45468
18405
18499
13813
27401
21586
25270
32040
20872
12976
13524
14585
14296
24744
18208
32740
16105
18086
45442
19125
15420
19180
24251
45565
15780
14254
18678
13062
32751
17058
16566
19717
14994
13955
23433
21096
17084
11922
22879
24806
17262
34344
34786
13973
15157
16587
16010
16824
19887
17004
23246
17074
28471
23909
18956
15823
15636
25981
28346
36710
24820
15455
18006
14942
18375
17526
19943
34765
26020
43924
15160
37616
17427
20302
23125
16812
18203
30162
59794
33807
14201
26408
14857
15062
17310
14097
18136
22061
17627
15650
22175
16543
22097
18547
14950
14283
14694
19201
14668
25662
18841
16814
21462
35905
12721
19858
15783
26896
18080
14250
15984
14276
15288
15789
19582
21078
17393
18133
30546
13743
12847
26334
17804
14453
17553
23122
19683
18952
23219
16893
27583
23565
15350
21474
14676
15735
15068
33647
17355
26967
20544
18235
17360
