16855
30428
23020
15383
14747
13737
18317
16759
33634
72651
73177
19408
23345
19627
24636
16754
12701
18196
20947
22255
14840
20252
23816
17007
20836
16734
18986
14744
14329
28876
57945
46650
14627
22203
28358
15259
18953
14244
23771
44364
59247
19588
30144
24708
23665
31019
28254
27214
24433
19279
16099
17327
16857
26682
15700
15700
16129
36986
29074
26512
15421
23765
26764
25722
29110
19130
13810
25260
23337
28135
17813
23151
50752
32804
17086
18966
23978
34098
33690
49178
66928
42069
16681
18710
18484
15696
14388
14078
15269
26625
31755
15907
16958
19278
36589
31577
29569
14614
17197
26835
18332
22699
20803
49411
67506
16306
35301
34036
14957
27378
47535
33910
20875
15006
16795
43182
14907
17336
17626
15947
15548
28018
17825
32380
14918
17390
53991
17509
240510
194704
13734
14196
16580
16806
26326
13904
28014
12006
24266
32215
25315
33834
40551
24960
37143
27395
33524
23392
23465
16328
24845
13806
32542
19732
24927
17853
26089
19366
20294
15363
18126
36913
25651
25414
22628
14587
23092
18782
21770
20808
14889
13092
19844
26779
17770
20250
19443
18905
29328
17973
19552
18901
17303
20314
43648
20898
16378
16914
37550
15821
18922
19633
18191
20191
20290
23900
37928
15830
13812
27782
15067
17238
17361
22568
18441
16606
18090
18300
20043
32873
42050
45166
16859
30460
18642
31195
19585
13761
16770
14343
15194
14379
28733
44704
25062
19414
12989
13530
15210
53047
24414
28024
15025
28526
26908
19302
18535
19361
16369
16815
19740
18023
15823
13717
13665
22962
16094
17471
27382
28669
36020
25598
14875
32385
25016
29473
53103
40836
14868
28873
15289
15214
27059
32493
40613
39810
81292
31892
40582
32271
16563
46883
29185
21549
28236
13813
15267
16566
16489
19011
19457
37820
50608
16229
18371
13697
20539
29898
50832
31795
50882
21887
17664
16511
16343
26260
19047
18352
65630
32890
54975
13588
41778
20703
19537
21381
18551
23521
16639
19987
35557
17751
29438
14607
21849
32537
15342
17703
17422
13673
13499
15595
19283
17480
36580
13332
23037
21280
14038
18902
27991
12785
16237
34436
15194
20946
15886
22214
19576
17856
35843
21312
24325
21140
21839
15822
29361
22842
13260
23439
21651
17148
19207
16511
35362
15777
22318
48423
31222
24153
30224
15614
16673
18540
15560
19926
26346
19654
29984
19426
16283
37430
45158
23847
22966
17398
18492
23435
13470
22683
16748
35611
16130
15301
22252
15512
15565
32862
19395
19927
14410
16915
21633
22665
46150
37758
23132
34920
15501
15837
13228
15621
15893
21590
14880
28564
17833
38341
14902
18652
36412
17645
16031
14466
16901
15661
25677
18939
16991
21588
17601
16218
64355
45193
16607
25545
25610
16428
22691
21816
55025
19362
26261
26551
21919
20833
28617
15677
17752
14476
25589
12680
20143
19733
27625
26923
15538
17507
16081
25636
32633
23112
21097
22396
14145
60566
34138
17158
27061
14557
20076
29578
28549
54944
44928
19194
18059
16729
20848
23926
18557
17416
14151
20404
21550
18925
45852
15965
17808
18167
22200
13645
20233
38100
26147
46446
26879
17201
23810
39733
17060
35584
37987
32127
50993
15466
27781
17641
16224
14233
12983
13965
25793
23325
13285
19052
18884
24227
48750
14926
14879
17089
16924
30849
17773
36282
38971
16447
18389
39562
22144
17940
16671
23234
17893
14985
13902
15472
18323
16250
13566
21959
22479
16452
49924
54874
39625
18271
15215
14228
14406
14324
21355
19399
38649
20702
24430
14952
22796
16863
19888
32228
14752
15356
15347
23156
14257
14237
21791
14236
50150
21538
18341
21000
17046
14779
20897
20244
17840
15457
18648
17036
69591
49167
15380
19984
15881
17647
13851
21643
23237
24500
28191
18591
25317
27602
28221
13636
22585
41489
18763
18921
18141
32890
23532
22698
16804
16552
15264
16965
24042
19888
14935
19199
23473
13439
19950
23582
20261
22829
25450
31519
15988
18687
45528
69554
31415
20911
26470
28218
21581
48069
31488
16475
64101
291810
16326
15086
18305
17392
30236
18526
33173
44669
15646
15010
15225
19995
26652
29906
16458
19929
23271
20132
15100
23875
17251
15402
23273
18818
19273
19354
20763
19340
25766
110693
13718
16204
41578
24379
74682
63195
43980
40603
17241
14712
41795
23635
36036
15604
15695
22823
14330
38041
47052
15163
12900
16050
37733
18583
16761
15122
25703
16577
17514
15925
23995
24036
40917
15535
14622
21863
56191
30438
46291
64505
40458
17889
29390
13776
29184
49744
16363
26494
14106
52826
25072
22248
24807
13437
19230
25901
13497
15605
23445
22159
13002
16177
25964
13697
15068
22042
17314
12794
28535
19921
21235
23266
17226
37735
21685
18589
29395
22329
18012
17302
18349
39977
14819
23974
17829
14726
26651
18099
19270
18446
14396
28913
33529
41464
21786
17685
33789
30641
20986
16636
17754
19663
21238
23657
21163
27093
32936
31641
26763
17283
36792
32466
16348
15925
20044
55211
65534
40757
16596
20994
18785
25395
14194
41753
14674
13730
30747
16807
16197
19998
13107
17228
22946
13996
20024
24056
13532
23839
17672
20745
21247
18428
17552
18769
15860
28687
24414
18659
17904
15054
17649
18220
36497
18795
21153
16197
18312
16430
30897
19682
17527
42354
22454
24289
15492
16052
28463
15906
13954
30156
23743
17920
23971
20506
15658
15907
17529
21113
16163
22800
29696
18612
16480
67875
16656
14440
65227
17122
43057
18238
18679
13544
31744
18597
25642
17653
28737
29929
18318
17213
20392
49356
34517
14665
17873
20088
14279
19127
15666
25278
29197
24016
33778
35428
22850
13510
15969
14791
13391
15670
25028
15561
26547
15090
29267
12923
22855
52031
12817
21328
20545
13732
22813
18069
16911
22186
17016
17791
23895
36232
25290
16879
25161
23235
22650
14920
27844
34667
49454
39237
56239
15294
16489
13247
25578
17388
20101
16760
26559
21059
14788
16651
20847
16178
25837
21767
15148
31549
33102
21439
15399
14730
17543
14605
26702
51485
45379
35898
15500
20258
15802
19159
31885
15249
33989
45165
26236
16974
66270
19128
21673
16684
17343
15699
27845
36974
18081
28039
27533
14370
24543
27232
18694
18063
35192
17314
19841
22817
15316
14699
17930
15801
21954
78691
20862
15800
22015
18604
19626
17584
15978
17567
26616
87654
17722
16954
15404
22054
26718
15608
75271
45762
26364
19608
14199
20995
15732
15325
19715
15979
15543
14286
15513
17026
20995
25624
15459
18062
19761
27131
28988
21398
19584
15077
17738
17781
44868
26359
28581
19066
19213
20985
14890
24690
23928
20989
21615
32798
36598
31945
15178
27113
26494
18379
19241
15975
50025
48173
13074
17880
13464
44064
23210
14903
19930
16026
23598
15119
28878
33240
16108
16322
32316
22414
23010
23022
22507
16603
19462
17684
16794
14987
15476
25659
24372
18063
24908
17307
15310
19225
14086
22506
17679
17805
16818
18779
25026
25579
24142
22366
21871
23225
50505
26758
25084
15250
16198
13956
14322
27602
25679
42745
18053
71655
83410
19234
41448
17035
18282
20122
18080
19854
16988
28242
18717
18138
16249
25657
17046
19813
16904
14823
16254
16019
37236
31803
26719
19578
41004
23934
24286
42618
24010
16810
16395
25165
12805
15474
16796
19952
16996
15226
16879
19661
19885
12578
13145
18226
14459
13023
22112
23695
31423
23348
23601
16974
15214
16106
14746
13922
15163
17065
16447
34871
53249
15090
21838
19251
14870
17130
39301
19502
16761
13937
23623
15202
26551
18846
13650
18986
24037
14685
17005
21998
19022
20867
22116
22968
13546
14801
18211
15983
22185
13225
14746
25171
18651
24978
23811
17481
17884
17387
15125
16472
17798
23585
16396
15579
19568
20039
34035
57618
19853
16875
38178
15381
24055
25665
19433
60387
55551
32925
26383
34388
18888
35901
20964
53023
21315
20177
12616
21468
18316
17318
19040
17571
19712
29040
17115
18441
14446
14357
37521
53280
30336
15220
14857
24234
19221
17954
21605
15326
21212
17460
62269
73853
31587
21124
32630
30035
14892
18318
18181
50785
100323
17039
23493
24434
16848
16647
17849
13718
17921
24888
51704
24917
21012
15688
15450
13439
30711
20826
18047
16949
14931
34559
42751
28214
40274
39071
32661
17013
45980
13364
51433
26935
13321
20442
14802
15201
27828
17760
18208
19946
23301
31772
47032
16985
18471
15293
14644
16843
19393
28410
19960
16004
15672
15727
19966
19840
15633
36071
19120
16128
18507
15704
14948
21128
29888
21141
18978
15940
15992
17660
16576
32566
43031
15156
21548
31584
20791
15655
21499
15988
21558
27954
35616
19341
26929
19042
13781
21249
14930
13563
17826
16991
53825
17334
19289
18135
35462
31954
25187
19363
18583
27345
15944
14323
19207
21069
54077
14988
20369
15154
13395
28797
32678
13986
16187
23561
21887
13567
15178
22571
20832
20241
15435
24940
25175
27619
15743
15205
30159
22032
14847
14488
27705
33825
14597
16276
18860
32142
19218
14620
39718
28610
14305
16379
21308
17929
15841
17246
16154
20134
30995
28830
42496
16554
19201
18254
22619
20881
33288
34854
14864
18192
18284
17145
13854
23904
26042
19340
35060
22281
16784
24184
21556
19147
24350
18203
14127
20037
24133
17903
107317
56587
14680
18002
21389
21552
13104
24058
12691
20068
71624
62268
14855
14817
22112
21446
20267
56059
17710
31477
14354
16737
13792
16378
14688
19357
13711
13468
16814
45449
25285
22856
21337
13754
18053
15985
23360
23705
21392
13620
24435
17716
14295
24226
57837
15133
13137
12612
15843
19949
18017
14288
23504
22836
32459
44817
20917
21124
14557
37428
14352
41787
22843
58507
31719
13932
20949
27056
23967
18900
12634
15130
22226
20632
24862
16475
16438
44101
30241
16146
26757
15043
16740
13024
28834
17484
13981
34303
21698
12479
42399
26980
30874
56991
13491
17833
16128
20973
17467
14514
15540
17429
47775
46092
21657
18860
47768
17127
29667
17568
22471
18257
13309
14279
22135
19617
22174
19358
19465
24905
20093
19774
25715
23847
37023
12823
26960
22989
20239
16879
34847
22325
16171
16432
24465
17736
21819
14207
34193
26601
40088
30261
15945
19293
21010
13860
16521
15256
20255
17472
36165
19830
14809
22113
35820
29741
13911
12781
20153
20060
14220
34598
41147
43744
13880
14303
14566
13418
18800
15438
51482
35759
21298
15464
20590
14474
25349
13171
13929
37893
14079
22914
23399
14290
16498
16746
26564
41897
38815
20528
16279
23768
21578
16407
14982
27251
36400
18047
16767
26899
15187
16144
15307
33509
20393
12579
16152
13906
13335
17538
19477
19947
22443
18868
15639
19654
19571
17958
24749
14799
26470
48373
76585
87737
16860
29704
72412
87910
67144
24535
42564
18580
19962
16927
14189
18239
17937
30724
27532
21536
34466
25381
23136
22744
26613
16015
16888
32286
16289
17050
31439
19043
16210
21199
29667
20458
32673
18728
19423
25887
30191
37241
28371
64053
48025
32374
21819
14128
17427
17327
18238
28498
15039
30148
15199
20246
44148
17765
20222
15375
16744
22962
25334
19605
13867
14504
27721
26563
57546
25862
45363
25591
75296
23789
14083
16395
13565
26616
16158
28839
16088
17583
19638
26527
42960
116398
62926
17470
18425
19671
28464
17036
26724
19005
15679
16017
14953
14503
24366
28223
43097
17460
27013
21367
19842
21915
16404
36581
20131
18068
16072
17469
18628
31057
18236
17142
32080
14520
29508
21586
24275
16566
15894
15272
30447
17493
14673
15034
17104
15451
19545
12833
15015
16205
16282
27835
43238
29001
35057
44417
24220
46271
58080
43938
20701
16263
17298
29195
16940
14264
15889
14779
28931
25908
24140
16759
28257
32813
19498
15959
24911
17421
31398
42406
15054
17922
35350
16960
18996
29061
20955
16643
15165
17438
13945
43547
54542
15468
19051
18936
20634
17689
14360
28036
15621
15806
22486
27905
52311
31427
29902
23622
18150
16270
15091
27496
12264
13652
26358
14791
13533
25525
12030
19635
17044
13759
23489
21881
20143
15486
17007
14296
16110
16839
13340
16525
27018
16046
16718
18469
19594
13296
22685
17897
21643
40122
34620
24947
47814
24804
18929
15416
17195
15258
38739
42537
63926
12737
22652
33087
23139
16706
33861
20410
15593
14680
15802
13705
26254
51275
14260
20903
22998
18342
18115
26284
25846
17167
14091
15762
19516
16552
55361
13990
22086
15407
16556
15671
25256
15405
50532
20622
13885
29635
22539
31129
14560
19576
18009
15678
16309
16823
37770
15244
36405
51062
17978
15984
17677
13315
26138
23142
19362
25251
17628
38154
14339
20364
38034
24744
13738
19111
24888
17203
20109
23948
15252
13200
21261
228956
165049
22719
103170
101570
16933
83334
21242
23654
40603
16293
57484
19857
18167
13939
18202
15534
22675
15170
25612
19461
18934
17942
15644
17841
32250
14679
13183
24155
20833
14933
16954
24485
35671
26117
31626
11867
23891
19374
51512
44580
50353
32602
14148
21898
24965
19921
17774
32904
29467
15273
14223
14220
20535
13599
22125
27402
34004
54656
24138
36636
68540
116319
20973
129685
31152
38103
18239
34255
21960
28319
32794
21844
14497
26112
31687
30183
49167
16380
32107
64195
23048
15592
16163
18383
16638
25330
20684
40732
31086
17126
17111
16186
15319
33845
14273
15659
16460
30960
22184
19885
31617
24037
39144
14784
14405
28239
11940
13013
15933
20444
31972
16845
19205
24582
14407
15993
16575
15380
13525
16574
12751
21647
20073
17660
20271
30735
18646
23977
20815
21948
14330
14448
21873
18283
14738
15760
227259
200992
15725
21890
22472
18571
13930
17358
19273
22696
24682
14112
13767
22914
19463
15309
14100
12982
22449
14302
22332
17509
16494
14730
26447
26521
14089
13747
12646
14460
16200
14233
16179
14507
25205
15605
17692
45460
17753
20266
19351
15665
22902
24313
16164
17206
20284
15805
17651
15574
13353
20911
41917
18703
16668
52675
31552
41998
48644
70313
34265
103634
53059
110688
40987
29513
23024
40647
29614
30856
31337
22262
27263
14423
26111
15582
27965
16901
19355
19142
14050
14671
16671
15010
56232
48243
74342
17297
22469
15015
29371
21653
18270
13696
21056
26525
14681
13393
14522
26507
15832
12692
12665
17859
19459
28806
20351
28467
20544
44096
25551
25077
24032
16003
16300
25007
14642
16347
12856
16235
17643
16547
40340
28834
14649
40750
34647
22318
18332
14607
21290
15142
23864
15767
14517
24247
18221
26935
23352
50191
58029
17856
24603
22969
23497
39897
15660
20168
33895
56686
13329
18609
26999
17824
18180
34497
22223
17253
22117
19949
36973
31876
17038
24005
17001
28587
28810
48282
22855
21615
16401
13385
15966
22213
16477
16678
25683
15226
19083
14794
16889
34308
14277
36832
15823
17822
20750
16256
19124
19961
14269
13389
26833
22254
26401
66741
36672
59078
25899
15522
28520
16022
16617
21276
17309
15086
23105
29821
59714
17227
23171
14631
24482
12952
22280
19462
14912
38604
25586
69712
36004
26957
23773
18065
13246
13886
13391
26514
13789
17324
14632
16409
24621
45145
32719
24864
23084
19280
21465
19151
16201
30523
14804
50859
15752
17769
14484
19208
38479
15949
14406
14436
17382
39572
16527
27453
17454
25054
16649
17385
19777
15414
13743
25800
14361
28797
21029
13850
21135
32067
13873
13570
20345
16820
17022
19511
28549
15884
28707
16721
15912
21596
24950
13440
16514
23188
16509
16417
26258
20444
17250
35025
19536
14747
23378
15540
24357
39707
21954
19713
215560
48837
27765
39817
14773
12778
30815
31169
16946
14937
18095
21975
17803
24853
22298
19202
17105
17925
31794
14629
15141
13907
25884
27827
21500
14761
18605
20017
27340
16790
22368
18377
20220
17258
22142
24558
14317
15973
19345
18645
16114
22314
13877
22702
18020
22776
48985
17236
15460
16851
18557
17557
19012
18984
16959
14409
21817
15614
20575
18279
17347
14809
47487
38006
17284
16005
16234
38774
41249
13333
16769
22932
19615
14592
15968
16863
15559
29457
30610
19885
25024
24113
14690
13983
14342
17225
24765
18385
22120
29690
27647
21096
13981
37866
30758
32623
18643
18180
16709
26133
22164
12815
15488
29868
18504
23387
27457
19761
15171
18099
17886
19029
16139
25310
17658
49872
16625
11766
18723
34982
17141
40356
20164
38152
19516
36378
26572
32753
39186
14190
39207
23702
25933
19375
15172
15954
25918
44116
49396
19204
14628
14085
13740
15453
34689
30892
14226
27326
15282
23084
18834
21532
22330
20879
31660
43459
14254
37670
19573
13306
20823
16236
27904
39259
18906
30753
15881
17701
14464
15616
20841
19309
14818
21001
18459
37230
33034
25914
24727
24120
14395
28861
28598
16515
22247
22593
27378
20461
15652
15898
14360
28060
29273
48087
23503
20823
17282
17971
15838
13601
16611
23434
16201
12246
15495
17085
45029
26567
20301
17873
15494
16481
16163
52483
55952
14903
20027
16356
13577
14239
16226
14881
27723
37772
17297
22183
17123
18888
30751
14282
25335
15000
15437
16292
22655
15339
16834
14644
14956
13778
16318
16918
13952
19340
15017
17141
13599
18951
19622
19190
14472
14125
22176
31911
20578
15417
20465
19946
22318
17187
16019
14766
16659
21606
18482
15868
20318
17511
19921
14015
15315
15163
21586
23467
13798
21492
15759
33559
14795
29948
23117
16318
30337
16404
28212
15473
14634
36415
28603
16572
12663
14562
24738
31448
26783
22647
13536
37685
19496
17480
24894
14479
24005
28461
42703
37598
14860
24275
20246
14956
16735
23427
16022
29270
13329
15462
15659
16416
24256
22097
21557
31449
28387
49670
73281
15654
113272
75552
16268
17110
59808
29811
55399
18068
32531
15501
21045
30988
24456
27111
19701
16165
29057
19952
58217
30846
48121
17974
18742
33024
25336
12995
16179
18119
19196
24983
20131
21220
19898
27666
14610
21297
14804
18424
16484
16959
16747
45787
20016
17362
33911
19701
18339
13433
15072
37368
14544
14449
21731
21402
20485
20150
17604
20099
23170
16815
15718
18732
18154
15950
16482
52842
20704
24375
18652
16617
18222
15200
16221
14092
28027
24066
18422
17038
26301
17463
15373
27181
15033
32932
17080
38999
14761
12473
14942
20660
72599
85901
33767
18217
41714
14531
17755
24532
17356
15147
12892
13873
14030
20460
22329
24957
55385
23186
26663
16327
23563
28536
14146
19278
31467
17777
14877
13921
21141
16155
24649
22223
33611
16740
15457
19808
13906
20652
16913
21306
18704
14995
17102
20177
15563
60379
38726
14398
32650
14774
17835
17677
32498
21845
33777
25572
22419
17663
17566
16573
13571
16692
17992
27533
16677
46636
24144
16439
52662
29162
26661
14925
22994
20728
32578
28176
22823
16133
25987
50504
62598
17868
52470
43451
26246
16499
14363
14501
19640
14070
23160
29567
26650
39185
22089
15090
18227
17436
16230
17877
52498
23188
16199
24300
20323
14768
17791
18658
16700
15263
23285
16212
23929
23771
38826
15969
27402
41434
16584
15380
15273
33612
17457
16974
15502
27004
17879
23737
15795
27557
13475
47458
17597
29865
32566
15768
13752
19767
19782
19136
13609
23113
17815
14493
19800
26942
33558
18849
18121
14236
18518
20854
34471
15626
40809
17435
18761
26081
15108
15982
16602
14132
21102
24250
19876
17646
20056
28004
41951
27319
18361
32316
24662
16506
25168
16206
17057
35156
24209
20156
53068
15802
18356
20018
18222
40897
15975
15791
25161
16982
17877
16765
19441
44470
19939
43756
30223
68189
16559
23771
32384
13402
27065
48314
23669
71726
15313
37533
48362
22466
15675
13480
21526
28411
18197
18833
20527
23238
24326
20147
16339
19813
37910
15701
28594
16012
32240
15119
38352
40127
52134
19341
18076
19881
17561
16149
19972
13564
26611
28965
15765
21530
14466
16291
21464
18371
14283
20804
15973
17534
18042
31034
29811
16767
38703
19120
18255
17023
14483
24548
23984
21675
23370
16438
14966
23642
26103
15219
16313
25467
14086
28045
31059
30042
13334
15848
16201
21014
16958
29935
15778
19818
19055
15511
14475
21848
21466
33129
28663
17199
16871
39569
16618
14536
16715
15691
16736
23941
33723
36489
14759
17274
101472
47923
77424
16925
24123
18112
27608
42540
42017
17750
33537
24093
14705
42439
18010
42908
48552
39382
24747
35216
70926
78654
55223
80448
40454
23656
50452
63251
84693
32377
32011
35259
25462
99105
137874
16207
16235
84740
51473
47075
116885
46481
27402
15683
16233
19021
13166
13108
32715
14798
25001
17579
31823
22358
33037
16338
20548
20114
16093
21546
20639
17326
20840
18924
18364
61069
28659
15392
13520
15110
20625
25777
12973
30825
19205
52975
16834
219374
224463
27748
24986
29446
20624
32409
19646
23510
21769
17592
16224
20150
67255
30216
61158
22050
32388
14491
36979
23623
14974
19087
20202
18877
19853
29291
23442
44988
18985
82414
13216
26527
25314
13440
17162
15545
40638
16356
35911
22800
15032
32727
27565
51837
39037
15346
14133
19475
15431
18091
21766
12873
18948
16947
32714
34306
15518
25805
20533
18977
20050
43046
20712
18615
27657
21428
41832
19865
17291
22261
19931
28774
18667
22532
15174
21248
31043
50299
14854
40548
23287
25228
13019
12962
16897
14637
26167
15053
36830
14879
15032
23015
18391
17641
16998
21573
21803
17764
24135
37634
27797
76359
16003
57165
18524
36726
23471
17774
31819
19559
21479
23260
22271
20569
24196
17255
18669
16949
20451
14974
35484
16819
16272
32946
45653
37166
69597
30806
17160
15941
14634
19525
23239
21710
17382
16769
20345
24420
24271
15385
17257
34613
32490
19325
48121
16398
16325
21220
14797
15236
23249
14309
27406
14540
14155
29991
14297
14657
13961
15912
16733
17989
13727
14053
15022
17309
29722
20595
53445
58969
14056
32611
64964
19785
15084
37732
22941
26881
17448
22607
20657
16920
15960
28338
25714
53008
17757
17724
15197
16698
13779
14068
24645
18039
14325
15493
13894
16469
29150
30060
14547
14290
17675
13419
19925
18524
30449
30324
30090
13606
22467
23196
15362
39769
70349
21659
17091
27494
26446
19423
21975
14451
18062
16851
15863
35512
78213
26114
13916
15772
36588
19241
25465
26336
16284
24280
15641
14173
17411
30895
15442
12678
20709
29964
17580
15502
32829
15628
15239
15770
25632
16809
15848
21009
15740
15121
23127
17408
36947
17073
19560
43864
29510
14986
33219
15267
13082
15519
32444
21622
24747
70048
20498
16256
18824
24974
33720
16330
18558
20565
13711
19414
34430
27414
15630
37743
14001
16180
22350
33310
20226
22830
43430
25738
31137
18291
17464
29606
28740
32958
16360
16419
11946
15624
15408
18839
18620
20783
12899
16953
26599
13597
15318
17459
20200
14656
17723
20575
27685
15300
18984
14685
12587
26297
17129
15998
13282
13705
61416
77952
67158
36730
58647
13788
29377
37778
72229
54855
32567
50669
19345
49137
30850
90986
59918
47804
26801
57361
14090
15971
17504
47502
15090
35011
12975
15288
21143
26294
17484
33578
16869
16945
22996
29245
25740
17695
56124
15302
48159
46437
23185
14025
14578
15402
23721
18961
36570
27831
61019
50098
20952
28652
15080
15220
17114
31037
56495
34326
15572
21075
43893
16146
16293
43466
20705
22697
15060
16152
23354
15906
15224
23929
15635
15478
29979
44847
32960
21716
57123
58968
30709
50678
21658
78080
91347
20783
28114
60124
25363
28000
39148
19107
54994
13407
12848
14424
19710
25455
25444
15136
15408
23517
17616
14592
26286
32790
16128
22733
18670
27208
20406
19738
20435
17295
31356
16603
17455
16038
17513
27077
19460
13671
33946
12891
28949
16942
29833
17448
62797
100983
98028
21522
21881
24231
23393
33374
23201
16644
18712
18287
23676
14770
66908
79525
17431
25410
16958
15797
30760
19356
19623
20949
16178
113343
119432
32110
13835
22522
24035
23356
16133
29631
32772
15585
20751
29006
32906
35426
18279
18130
21232
13311
20248
16035
21114
18818
28112
16034
27141
19298
28723
17584
14217
14131
13976
20216
17766
18370
20981
17225
17323
19398
24044
14862
14742
18677
16747
15144
16563
44355
28838
25784
18068
28617
15196
20705
16303
17916
16043
22582
18121
18875
16621
30389
21207
13506
28909
16865
25177
35913
30301
47820
44641
18272
18187
20726
25546
23296
21914
17060
15889
13828
24418
24718
81750
22798
16125
25559
16361
15715
19046
14227
53923
13873
18832
26630
16956
19865
41618
17135
16898
16769
14605
20152
30771
14440
18304
18206
18245
15519
29230
21188
32368
15983
14043
15965
38449
19686
42210
26638
22837
14168
43034
54921
32049
20925
14456
19890
20521
15379
33242
38989
11774
25395
35425
16397
23329
15352
14613
18703
16952
23171
23409
17026
17292
14862
27050
15944
15453
21886
22736
17255
28081
22374
18751
16107
15795
15976
42336
27243
21042
19122
38989
27763
17224
33821
19842
15644
19592
16754
15376
31543
18866
15761
20687
18797
27478
17087
17416
27980
15892
26024
21486
33062
19269
18137
16875
16405
29810
22004
16254
15907
23840
26938
18829
15107
16493
24051
29324
32082
49664
21669
26808
18838
15757
20663
13055
28376
13771
14321
15187
16787
15836
32225
15240
25166
16831
42967
30280
14160
32286
19184
16637
14574
15188
20680
21502
17784
16357
15341
15002
15851
24550
22676
15998
51922
20873
13985
39816
21931
37792
18263
15204
15074
26344
13169
17066
16780
18775
14671
19612
16923
14555
17431
16863
17174
20368
18042
18289
15662
17658
26380
18884
16943
19584
17526
16632
14398
20147
18758
18575
21090
27281
33382
21315
13059
20511
16272
15702
70873
40626
14360
20476
17973
36133
18364
18362
23379
23268
17244
20859
14272
16792
19111
22821
28148
19152
20040
22043
20114
16414
15654
16358
16806
14976
17102
19172
42784
21793
13855
14582
22352
20141
16259
33059
17089
16100
20817
27407
17012
13278
17212
17371
16784
14628
41969
40289
20109
30998
31301
15975
23793
51583
18039
13759
25751
36518
34369
17695
14498
22490
36239
16029
46265
31850
19613
20927
14035
20720
16214
24136
20841
19502
16420
16132
33280
22334
18525
41714
42110
17658
16613
15201
15873
17536
13942
23789
21021
17104
15952
19473
16932
18249
24597
59256
14952
21708
18656
22628
22594
18298
18198
25079
15141
18449
14509
24367
14305
33792
18325
19575
21414
15362
17608
16606
30055
16866
27928
15484
17069
27909
17569
16262
16424
19261
40419
29998
64863
14769
14653
19074
16241
21179
21531
17878
15585
20704
17595
17301
16488
17130
15185
16252
19654
13646
20566
20011
21752
14601
17810
30461
39679
15142
14764
59155
27166
17598
26892
14639
13116
21682
13756
16219
21390
14838
17562
21171
32420
25642
17842
15169
26236
18490
42551
31678
15975
82730
22205
71862
27018
47763
34336
15762
33250
15593
46149
16575
18880
27231
15529
19657
20615
14698
15784
15242
18331
19486
27739
23695
18166
23183
19386
32572
15601
27237
17371
20731
18007
25675
28046
16210
22607
13731
22356
25830
27054
14883
17373
24873
27994
14395
45599
24885
49304
31546
13692
57016
19634
14500
15066
21827
14036
16224
14797
27251
21016
24820
20931
15313
18806
18956
27058
34758
20171
1033381
1010184
825599
837611
605739
592913
326625
192502
14999
14729
18935
32872
14149
18094
25001
15139
16140
28267
20054
14698
17920
13718
23939
32722
24037
14871
15602
14689
20550
15983
17608
15597
15755
14632
20187
14416
19139
28413
17404
34198
22257
31922
17520
20821
20643
18357
18231
26797
18524
15337
16876
20195
21584
16881
22702
29737
18305
24309
28924
26946
22273
15297
20256
15349
18356
15993
30489
18135
26418
27068
22073
15509
17708
17229
18103
19855
15596
16687
16246
12509
23615
20066
28618
15535
23561
18596
29880
18943
14584
16422
17915
20664
21828
15149
15654
16479
19401
18078
13578
18819
15322
18465
14336
14410
17370
17195
25703
27517
26711
23371
19381
20329
13953
13717
16910
19872
25042
22111
27015
15335
19689
16684
35150
18950
15856
24010
15484
16006
25824
28272
26517
15951
17985
19198
14672
16678
16804
16795
14910
18157
20225
16021
17701
13853
14487
14453
23865
17035
17395
20089
20892
16787
18459
16542
21058
24469
17248
18235
15340
15340
14946
15073
17375
19655
24783
22018
18540
18945
15420
24609
32769
34784
17844
26603
63960
28924
19930
17359
16463
20160
20201
18987
32907
20662
17044
17712
24009
17003
18028
20595
16941
25463
17784
20863
18350
20947
18192
26504
15894
17865
25492
21221
19749
16225
20238
42055
46440
15609
31225
45643
22702
15061
18399
15205
29553
19491
14458
32179
62082
16588
15173
20652
33293
21867
20931
23682
55155
69184
58192
19431
19546
21008
14547
17887
17822
27156
24149
14169
14461
19784
21349
33950
23694
58660
77021
18264
15079
15609
16536
15288
20740
34567
16035
26677
26428
19893
26156
20011
28515
15550
18704
34707
23997
14877
18513
28932
19273
45771
20999
13349
18514
13662
16833
15135
13674
14209
16839
16300
16903
18955
18427
18245
16644
14509
25255
46574
53600
19859
17064
26114
13908
21573
14957
49874
39968
16548
26483
20073
33042
22685
23401
20541
14645
17314
15812
33681
20797
49910
18519
18349
20533
13875
20129
26718
16413
17228
35407
15611
23156
18964
35936
29885
34646
52481
20302
42461
16477
37915
49732
59950
114446
18495
48042
14766
14239
15841
18621
20202
15134
19667
17327
17538
19840
15165
21203
40081
27820
28376
37996
16873
15671
16026
14531
27426
18157
17255
15562
18489
24472
39249
44214
40956
17297
18940
50160
26119
36054
25653
23133
21153
31150
21055
16433
18359
26630
37808
18043
18648
15485
24816
32585
32875
36367
23791
18142
34005
17212
16385
14000
40464
18825
20473
52085
90622
31296
17471
12938
19220
14231
28197
14981
15105
27980
31077
44877
32179
44541
49499
35307
43498
15042
15732
16066
20554
17216
23943
27598
14531
27395
14028
38277
16869
18701
16704
43630
29511
45927
14807
16615
17035
25319
19309
34922
13589
15100
14632
35009
16013
28474
17400
23656
16567
15570
13509
21201
16625
18299
18219
17091
46835
12319
25306
15425
14267
20624
25015
67360
99336
99166
64906
44176
49913
18919
17226
31152
16523
21335
17962
22569
24703
17955
18067
20152
77578
17034
32388
39066
27118
22692
15503
24382
13612
14795
41390
30662
15214
17261
17399
15019
13529
17570
20162
45407
20611
20854
18468
15247
16099
14268
26748
40128
19616
28416
17742
17194
14502
14470
16173
19736
13261
22470
15117
33347
15087
16488
62832
25221
23213
15165
24115
40760
20934
36202
14882
24224
25398
13402
37265
18592
60762
18150
12600
25410
23926
16801
20320
36424
34925
15560
20710
14054
19693
19707
28701
15031
24871
17631
32553
22581
19532
13641
14700
19616
35081
19316
21903
17982
24760
16137
18453
232091
269658
44180
25817
53087
16729
17217
17397
19660
28119
22582
15993
44686
17284
16357
20277
29523
22991
57104
20134
26255
20404
28988
49269
37684
37917
74482
22823
21310
18854
14850
16464
16381
47072
26072
31413
26784
25351
14203
15543
15774
17084
16194
14124
14014
19626
14111
15849
17817
14590
16696
24791
19056
18152
16655
14719
16818
15721
13642
17554
17040
21229
14161
14178
17323
22150
14818
23684
15617
17671
16404
20847
15060
15247
17295
14123
28016
24522
18857
26948
19273
24343
16583
17850
13958
18196
12844
21967
17920
19740
14635
18041
21020
13763
21364
14766
17296
41660
22103
15377
15532
24484
14904
18552
16134
17522
16639
22326
17089
33841
15844
17631
20745
18125
28903
31070
20235
30370
13789
18682
25267
24547
13996
17365
19584
15603
18712
15258
18932
15276
58051
17875
16928
24782
30429
17226
23487
26031
16070
32554
67584
32043
30803
39326
46256
58048
16879
21500
45723
54514
16583
25995
49055
21643
14912
17049
25208
43827
49913
17801
15467
14604
15866
16166
14445
35099
17082
15206
19499
16453
36691
17575
16750
14702
22661
20889
24095
23946
24562
15553
17019
18884
19008
19663
13439
28836
13845
17343
21542
23268
34072
42505
15523
42711
13735
25659
18494
16574
27454
14110
14908
38038
23670
21704
41317
21927
17470
18323
19466
31426
32306
18969
15729
13214
36572
15601
26136
25109
27663
14519
25228
25843
14288
15720
39192
14890
12946
18053
28045
14586
20320
24047
20442
16247
13230
16881
22559
18330
12620
17809
14543
19792
19479
17538
17413
18901
20191
14277
30058
48639
15825
25850
16550
15647
19013
35589
15879
18456
16410
18873
54237
17504
19922
21174
16242
27739
27422
23226
23202
28140
19424
13599
14826
27122
50583
18119
18181
21274
36261
17199
21105
31251
23989
46360
25771
16194
22039
15918
18149
27311
23791
48347
18777
28814
15271
14554
16233
29340
15410
16654
13704
15181
15608
21816
15693
13899
14607
26180
22139
23652
23222
16133
32805
16227
21221
18141
34545
16609
22801
19332
16485
17248
26883
17219
15484
26084
24311
17746
14653
28266
15070
12846
18110
17069
29820
18924
27709
16233
13771
15294
17098
26088
15798
17898
14174
15208
13558
15511
25072
21388
34903
29618
22354
61180
20823
30015
19090
21799
15071
16418
45116
35440
20551
29331
57512
18352
16475
12987
15651
14777
16652
16770
22555
25853
27094
26043
18348
18306
20343
20157
27125
22713
26749
18883
27877
18079
19932
25770
21462
16565
16419
14228
25693
14268
17644
13862
15191
17048
21878
14970
17345
25584
18100
37404
17117
30775
15334
17042
32099
14082
14933
21092
14108
20627
42412
15677
19161
20845
13472
17739
13853
16332
31183
23293
18936
20926
25452
14359
17963
18075
38851
16047
15261
15144
15033
26875
22826
20059
13870
22164
27524
14086
15272
41377
21875
18112
29760
17292
17892
17458
14338
34874
29393
15441
20407
18410
76802
67032
18432
14655
20297
19481
16527
28037
50919
18797
17221
16577
14525
27914
15059
22469
13280
16969
27790
19364
26072
36797
21910
16745
19283
14925
18121
26577
19302
13643
14843
21214
16831
26184
14916
28561
20653
32136
41287
26871
32755
19404
15802
15753
44356
24422
17668
42968
16988
16088
19310
21835
24490
17857
16775
12216
14067
17374
16514
48260
27910
14837
26188
22647
22379
19646
25149
35784
74307
43235
33420
17833
16183
15273
14090
21632
25640
17111
26450
18299
22265
37832
27609
15931
28917
19066
25903
16370
61391
27077
13799
25511
29036
18521
35347
49346
86829
14565
61543
70417
73217
14796
16274
14082
22796
15872
14642
24332
20975
18427
42225
20733
69462
37947
66391
58194
29421
16005
65260
21847
45032
32627
19910
23287
41911
19890
23727
13417
35844
16335
17927
14495
21127
16327
27631
17767
16884
30948
18075
19621
16292
25373
17126
16261
15012
18058
21831
20391
17690
17934
16513
17394
25474
23645
23295
35635
49807
16729
49216
17685
15772
21840
14849
14360
12597
25955
14181
16310
53931
21307
25011
25802
17443
21715
18170
23100
26991
30236
34706
17062
19709
13800
21357
16017
16387
15098
13272
24935
18227
19860
15823
18612
13981
19259
30326
37712
16311
16368
14128
15636
14980
41722
31440
14294
13956
36168
13471
14144
17027
21164
33959
15476
31108
18758
25074
23103
22743
22000
52632
24139
105752
18858
75245
21394
36147
15816
19684
15575
17372
14974
29628
14835
17071
20917
24235
32236
17384
14809
13735
13886
13653
24103
22056
24999
13154
14951
39793
17017
45466
18654
21434
15951
49497
53966
29806
16847
13520
18642
18221
32595
27325
20239
16204
28218
28592
16232
38004
21636
15745
18482
17117
17454
13624
53869
17367
25020
25645
48917
15584
24573
27897
35828
17953
16406
26518
26761
14803
13731
27304
18020
28398
22830
20525
17028
18243
18753
30488
17319
13339
18207
16874
17805
15901
19084
17391
21172
23819
18918
19859
26596
25100
20903
24941
34930
20362
17956
29988
16302
15339
14812
14472
23930
16099
24284
38784
12953
19522
17096
24385
43752
42486
24387
22522
13660
15348
16219
15437
19666
15268
26110
24335
14977
20983
22771
28681
16811
16988
18789
30346
18159
20512
19587
16693
17145
26527
17675
14096
18868
17311
27164
38751
25108
26099
35193
28715
35916
20008
21339
16173
26036
15405
18324
13458
15702
13167
15240
17406
15099
16372
16427
17182
57426
35716
16504
18397
13578
13382
16647
12975
16144
13715
24976
17780
75219
50753
38532
25519
44310
14680
25438
33120
17808
42276
27481
20875
32192
14242
56394
64458
42501
30239
29790
57118
26543
28004
23551
17759
34482
49458
14274
17919
36737
13069
20694
25823
39040
17376
18046
25741
39869
17242
17096
39585
31033
17638
18544
17388
15668
24130
15135
28121
15799
19566
23605
18712
76751
56424
29399
83825
52309
18506
69780
38248
13052
38106
15394
46827
14570
15182
19590
12427
25887
17067
29785
15055
35256
50437
29107
15272
50136
15637
16518
27841
16014
26632
21543
21268
14903
14388
16607
21220
17437
27675
16750
56413
18329
26116
14867
16365
43637
21254
15347
16599
19664
26151
14425
22450
14384
15979
21150
28634
54550
38853
21085
27324
42392
22839
17201
26343
17479
32319
14731
40119
23171
15970
19493
24699
16590
27368
22303
37936
22394
16672
14449
15459
13798
16895
21302
21609
36317
22286
15627
23391
14793
43562
16954
17443
42350
17747
26649
19224
33582
14413
26419
13325
17463
31324
20020
15002
17552
18271
215346
57308
22455
15580
16688
16151
15173
26542
17479
13784
16253
19403
12799
16624
29834
16331
13486
14812
21897
15393
47633
29325
26836
17797
61584
16240
13720
14731
14205
24464
14191
15315
19669
31613
22923
25508
15359
25517
21335
15763
15500
18194
31821
15515
16304
17179
16859
14901
26912
23552
19545
23535
15268
21544
21395
15286
16844
15166
27655
14851
27785
15252
19039
29422
25751
14741
16632
34415
22325
21769
16116
19787
25987
48269
35132
23779
15550
23407
51767
38474
85585
43621
15113
24886
33358
33286
28687
19103
38730
16815
31410
18106
38190
17479
14654
19655
31116
25079
18309
15629
14847
17483
18284
25737
22693
13444
24896
31318
14568
24385
20492
15852
19960
19598
24088
13530
22662
14802
16380
20223
38142
18552
15903
21985
23213
32679
52829
38565
32253
18950
22408
16428
15165
30577
16755
17887
26933
15493
31665
17080
17672
15445
20997
15339
19159
22332
18213
17108
30266
18331
25961
18193
20698
18894
16730
18507
21935
15230
15799
14448
15448
15034
17978
17202
21909
36449
23139
45533
49264
15365
33389
15440
20981
20005
20774
23191
19832
14724
18478
19302
15271
17155
15691
26677
13878
22213
34126
17629
33836
17817
15302
19317
22451
20061
28806
17286
18033
28058
35982
15224
13450
16426
15897
25979
34064
15191
19533
22049
36767
14252
14893
28476
23964
25795
28036
15132
18428
16130
17787
13779
18656
17698
15433
17528
16837
15579
23723
17462
22480
34517
17735
19785
37203
17722
37073
19209
19993
26702
18339
13274
15429
18182
20388
16083
30308
16848
20563
46235
24573
18563
42999
15647
15068
31292
36615
15768
14993
32150
15684
26580
17485
22233
25611
14690
21803
22553
19518
20211
13547
18422
14075
29285
30849
26914
14133
24684
14621
28375
18771
24752
24143
46761
16127
14267
20294
21981
19386
16545
29723
18435
18120
13464
15829
15814
14849
20315
21997
15086
59866
20311
26857
21075
31352
16458
16291
20733
35374
37658
15848
35427
27864
24812
42548
46409
46807
30852
15668
23533
16785
19429
18683
18211
15077
68351
21124
33735
17016
25255
17351
16749
18331
19099
18988
20894
26220
15735
30185
15235
16441
21631
20542
19296
16546
16192
13945
16412
26091
16095
27491
44905
17448
18106
34032
14674
17298
14848
21369
15988
25813
21240
39291
16622
15342
17758
17827
15614
28278
28860
14623
18205
16352
13658
14674
14432
29726
13560
20455
19172
16323
16270
27186
19094
17955
12835
16299
15890
38053
45781
14025
18271
16041
15068
19099
21013
19341
18423
14251
16423
29322
14791
26712
18801
14632
18178
26624
20068
60756
15206
27626
17818
21008
44340
36189
19356
13016
15896
18644
18915
37584
36863
54728
40054
21415
18363
16475
21185
26749
19836
18405
23596
14005
23592
18044
20474
14451
13617
25430
13568
27180
15907
36099
14791
14042
14849
31270
34577
32128
27448
29859
13347
21076
15656
21261
28737
14300
15243
21615
31208
14590
19853
34153
17942
20078
16198
15795
19894
18096
38196
24551
18654
36708
20055
14503
29348
16616
15673
28893
19146
16535
19247
15880
27001
15989
24566
14742
18508
14067
14675
18029
15568
35582
20455
16846
16367
15285
20305
20231
21395
65466
22663
30624
15610
23405
16936
23421
19625
15688
14343
28417
18694
61694
77661
17009
44751
18371
13944
17024
22872
18771
26821
29123
37639
20765
14114
16233
20990
17575
24617
30138
20575
16744
23468
42350
44322
25530
19023
18783
19611
15688
19449
20810
17469
18418
22437
28996
31418
21453
20768
23968
29995
14117
26076
26895
18840
13546
15800
20429
46549
21805
24661
24219
14994
23866
20923
13398
26299
15973
19256
14318
17600
15844
20691
18783
36475
14515
41245
16609
15197
26898
32596
23598
33020
18398
16209
42180
53555
46799
53212
65152
13381
18334
13369
14274
15822
16754
22809
20989
42756
24534
26420
70343
12787
14230
13089
21923
19641
14766
20634
22400
16217
13656
17375
16408
20432
12528
17066
20278
23809
46449
18469
16661
15737
30624
29254
24840
21566
32689
37571
33185
25910
45794
17834
14897
19688
29406
35457
14274
13202
18883
20778
15703
19887
19506
28240
20341
14551
17085
15948
13783
24338
16833
27804
16973
15231
14203
18667
45910
24025
24782
14845
17574
14780
25043
16024
37786
15499
20589
14722
13983
15475
17080
24042
18883
18619
17424
18645
26034
32642
64677
83565
46794
26686
52665
38308
28763
78632
38782
58793
48829
21745
53713
18691
20063
23645
22772
23998
14449
21993
14808
23609
37798
36680
44484
20737
16284
15388
17622
43248
28896
31750
16766
17922
15909
15887
14242
21913
20829
51323
21203
16830
28746
17038
22796
16116
16870
21882
24531
13706
14695
32101
14332
33815
16864
19584
27454
18887
13334
18016
15284
18075
17998
16416
19412
21596
19849
19020
13580
14351
20035
15277
14809
15792
19039
20082
17001
13288
23455
15660
18632
13927
15852
29098
26264
21529
18711
27189
62260
15254
21754
30267
18200
17183
21909
15629
13993
15247
14515
21240
14475
28165
46200
44403
15624
21714
20917
20603
19229
22940
14434
19416
17645
17252
28032
19198
15807
26740
16939
44009
15843
19515
23466
29275
17589
16397
14702
18959
17291
14473
36984
16940
32033
20345
49264
39740
36575
33969
19789
28896
33327
24010
13912
18896
18947
16200
20941
19560
22391
22934
17849
16456
39400
12839
15358
25876
13750
17342
18069
15199
22923
23203
15923
20384
14577
16726
19836
16018
14807
22815
16805
15211
13785
15529
21634
19826
15210
16817
16859
15955
15453
17385
23623
14299
27634
14809
24100
41093
20700
27078
20326
28891
53103
15975
17397
13981
18818
37288
13583
16484
20427
18142
37891
16932
24845
15849
15968
31134
47749
32498
23451
45157
18087
21639
15624
17456
18432
19823
15503
13382
14959
16126
14391
32838
16009
13579
29913
61687
24381
15078
17394
24197
27983
19212
15124
15585
20412
35760
33224
16107
13490
16331
15033
13768
21153
20446
20048
15961
13134
19682
22625
14589
13203
16141
20201
15152
14080
16832
14376
15806
28659
18164
18865
15500
14581
27739
20666
19348
15910
13855
13446
13963
32315
37968
46802
14056
14071
33698
31988
32745
19781
23765
16550
17320
34441
57965
36011
24664
15208
33089
14218
19192
13741
46414
25013
15716
24982
15104
45216
18381
30247
21495
16265
17420
13258
21296
19911
20670
25386
25614
19882
21507
13957
16617
29655
15086
28786
22752
18637
24725
18366
23330
15511
13999
20394
14029
15686
20042
15180
16627
20433
18115
16933
14410
15936
15892
24787
23121
21370
17461
22150
27624
29350
14767
26019
13011
16686
22299
17951
21418
42150
13574
20985
23408
19093
59094
18059
14571
24055
13616
37892
38603
26374
51437
37150
14775
51158
19068
25235
26125
21832
31034
19829
19791
19193
54694
14439
23909
16775
43117
15258
18292
24533
15288
30790
15451
22651
23617
63933
91655
33435
14773
19751
30307
35830
13811
51139
21190
53896
37050
17562
19108
15375
15213
16693
221329
17769
20708
35022
16762
19352
19461
17620
15110
16918
22901
40299
19495
20484
18861
15797
18891
29945
26972
15161
19372
20646
14682
14925
18778
18193
23052
19719
24299
24983
18550
16685
23998
45547
46689
17404
19909
16166
24422
21676
14532
16701
19418
15493
18635
16866
13426
18486
20683
15459
17196
17648
23301
20217
27874
20442
16785
22670
16138
18470
17853
25210
15148
19863
17163
17133
15919
17436
17732
17144
14479
13422
32979
24460
48842
13229
25460
20220
22938
31735
21734
18644
18595
15139
15501
15584
14329
13934
15885
15465
19687
17676
18005
16799
48524
18688
37317
19775
18058
27346
14358
38425
14662
27260
14526
23528
16474
25624
19970
37353
29302
31974
22942
21559
47233
48530
13545
24270
12991
26483
37675
28290
19556
16757
18167
18125
17879
21346
49681
18994
14648
19942
39186
27312
15183
16986
13621
16310
19710
23199
25125
20597
71113
68424
70073
125806
59709
49535
33507
24182
14617
33827
26290
32682
16033
17307
25220
18488
26197
16942
14830
15526
21050
18085
13927
14562
18307
16235
22021
20177
15280
14243
19378
16903
16915
25201
25502
14760
14880
17688
21623
25827
23415
30856
19961
36648
34279
72604
31456
76870
19196
29752
13881
22629
31156
13163
17113
18431
39843
17165
16487
17996
39897
16479
15595
25949
34601
23037
13014
23423
17100
19587
32379
16311
27153
24827
20654
15726
35843
26337
27034
14656
29425
17778
18121
29897
31330
18623
15694
13762
20481
49482
14109
17095
24818
18920
19572
48715
18867
20061
33234
15102
21225
22416
20352
22854
21371
23247
15479
19325
15864
16674
13007
16982
23547
13345
25485
24766
27681
24841
16219
13801
18773
15914
16062
30513
16218
18843
13304
14707
14982
25404
31612
23113
20999
13652
17652
16070
16331
20583
20189
15817
18159
19789
17851
16434
30491
31659
