18781
22170
18368
17169
35610
20323
28380
12952
13432
23773
18137
16073
17869
29401
19538
21415
20099
31520
15422
13341
15291
15663
20094
21185
21431
18762
16038
15443
15734
14968
23780
14508
18279
14344
18826
22681
19700
16201
20782
16430
18131
17589
23439
18389
22980
18676
22186
31142
41306
29709
21711
17731
15333
20977
27227
13453
16195
21885
15493
27247
19237
16728
16499
19607
21948
31588
14678
15864
18180
14804
14191
38432
15756
13257
21378
16470
14993
14387
22629
20247
24062
18758
15616
15741
30396
23039
20352
16051
20990
16936
14241
17428
13125
17684
14809
14805
17109
14697
21599
15187
21226
20303
23265
18371
13497
15433
13702
12936
13885
23659
17391
17805
20570
14635
17027
16053
13617
13037
14095
32607
16006
22247
20470
17206
12971
15307
13298
18620
14262
17114
26642
16806
13624
23424
20068
13555
16702
14744
25416
24298
16667
14494
15203
14737
19537
14992
15306
17311
20864
18822
14739
16485
23447
13470
20432
14057
13096
15952
20972
15270
18148
18165
28581
24310
22176
22154
16499
18439
21310
32100
15566
23228
22001
15357
15276
26486
32861
14409
19172
14547
17082
18668
24610
15193
14623
15272
15470
14172
27400
37400
19783
18189
15686
14748
27394
19753
20138
16202
14896
19839
15919
50047
15024
29064
13856
17475
51432
20495
16555
15965
20652
16888
17847
20572
14758
16341
14839
20982
17111
22061
18390
13787
22096
15138
13223
16304
16085
15943
12394
18491
33910
14192
13550
16077
22365
14378
13999
15707
26278
28225
15727
23423
18982
13714
14420
18385
18619
22769
13690
58387
24265
19632
16338
20215
22165
14864
14009
14007
19239
13099
15692
14239
22861
24451
16127
14363
24803
27519
33172
16025
13392
21436
14557
18422
15480
19135
15137
16670
15011
16816
15825
18155
29979
36042
22929
14353
14093
21541
21016
18507
16892
21847
26824
47538
27354
17688
25057
19700
17702
24638
28262
21986
17689
13468
23460
19691
16035
14666
53125
20519
22212
23908
22075
14387
15686
17925
27040
21480
14420
13308
15541
20736
18797
19649
20834
19305
14421
15716
15214
22143
15114
17595
24811
19527
16356
14879
33855
17435
18394
14468
14548
33156
14503
20261
22101
23076
14637
19307
21996
22084
13707
21004
22004
14443
17722
20918
17254
14418
22866
15507
17964
17218
14326
14829
25543
19712
17548
20312
21465
17287
14973
13960
15196
16322
15537
32151
26643
33204
14206
16980
23987
14492
25436
16493
23810
17068
15381
16349
13794
16673
26987
20638
16653
16634
18630
39244
16090
22683
30632
28357
46709
15582
16463
18307
18693
16796
24371
14959
13586
24067
18507
16240
17277
15755
17143
14461
21979
17832
15325
14345
16462
22681
29200
31168
17638
13242
20232
15065
18758
13735
15504
16005
39468
20259
14278
15376
18142
15992
20918
20313
17748
13757
11827
17250
27105
12627
16669
42002
19525
19172
16528
30089
16146
14663
15058
22254
17157
15901
21385
15295
21051
29132
16773
17651
19215
15882
14565
15367
14333
19365
13020
22413
14021
22588
19427
15868
16008
20512
19786
14516
17039
15782
18665
17142
21948
33890
19364
13990
22369
16336
14618
18041
17573
18206
26614
18995
14944
16642
16374
14370
15433
13811
16008
17327
28538
15152
24090
19608
16150
15280
27092
18160
20508
13424
20231
15613
18016
15265
13777
20501
16838
17481
14221
14918
17174
29583
14456
28464
15704
27781
19091
13311
15899
13365
27504
14675
19412
35016
17441
20123
14720
15005
15717
32924
13793
16650
38928
17530
14750
23541
14483
13513
23377
19290
16268
16004
14306
14738
14657
20785
31164
24840
21753
14070
17545
26970
19118
24784
34354
23773
15089
15483
22475
28965
14817
38701
18291
17190
16071
14378
16250
16283
28175
14559
14299
14950
18782
16686
17671
14502
23982
17046
23409
27211
13351
14759
15840
44605
18874
22776
29418
23514
21477
20060
17274
17638
13846
14252
17453
20956
36252
14593
25458
28141
25706
51099
22621
20342
17294
17071
16514
15694
15015
17098
20776
16234
18118
18525
16972
15659
16139
15971
21082
15209
24129
17557
15462
15491
15311
13575
36528
19140
28394
37110
13633
13995
20830
31896
14266
18194
14459
14246
18175
18867
16985
21718
20901
21715
25500
17334
30740
17418
17527
21436
15271
21768
15215
16408
15058
15975
14639
27670
36193
21449
17382
37920
13477
30733
36282
19879
15733
14311
38882
15943
17611
14980
24920
15106
13530
15924
16799
14996
18315
14944
15492
19209
13589
23748
16234
15069
16661
16458
17189
25966
15587
25933
15831
15350
15693
23043
14043
16548
15290
26066
18855
19290
37745
32393
13134
16543
15089
16068
13773
27980
15562
14208
14644
16208
22399
30721
18395
42747
23174
19687
26251
27885
13201
22997
15022
16492
17278
15121
18132
15696
18994
14817
19225
14533
33714
30357
24982
17148
13667
14026
14987
28231
16593
24207
23222
18650
20210
15157
13957
17825
16339
26710
15117
24214
18645
17044
22495
21915
19454
14971
17194
16492
14624
16565
14273
25521
15266
20425
17723
17400
21280
15373
19131
14537
17799
14093
13998
26391
15817
16563
23280
17891
15558
15618
20053
14817
17768
14853
26543
27465
25761
44473
22006
19649
34566
16368
28999
24536
18173
16644
14435
34876
14374
16376
20997
20784
21819
16490
16500
19247
16473
21277
16477
40842
14930
14442
12760
26429
25245
20139
17582
32446
13762
22600
15555
24213
25168
22677
15312
16941
47169
12615
18777
29951
49901
22125
15449
15794
20431
22063
23887
22779
16490
14919
22289
20043
24901
14472
16128
17076
21456
15396
16555
21647
21717
21285
14401
23337
15410
16488
15942
28133
23233
14316
20008
17328
14295
22354
14287
35159
16678
13363
13721
14884
16763
15612
17035
16724
14461
17539
14356
30704
14533
17098
15687
25084
14212
21064
17145
21860
18852
15850
22787
14373
15456
23467
19066
17773
16272
14562
14284
19314
25736
20324
12350
15356
13151
16389
13741
14646
29741
15569
15562
15282
17788
16454
14685
14102
26457
14260
17943
21283
15791
15118
21185
23170
19143
16981
16669
12939
17246
13575
22644
17204
24045
16331
25562
17661
15446
17572
15029
17088
24470
13882
14583
23767
22585
38799
34590
15296
15913
18661
14419
16169
19042
38748
14847
13961
27274
26795
18594
15668
14387
14741
13531
17428
14924
13200
15071
18552
16977
37882
36215
13697
36820
19902
19310
22476
29122
14457
19862
25196
28245
23439
25843
24358
18256
58275
14955
16321
22490
15361
23753
25175
15337
15044
13743
13720
14964
21967
18341
13870
13072
22175
15624
17424
12876
16644
32541
13548
17650
20262
13205
25382
39695
49639
27632
27834
16699
37816
33727
20786
24860
16635
14663
16517
14415
25967
16448
21653
17992
15307
16958
19175
33530
19044
14755
17593
18549
29378
46588
18633
12930
17218
35991
15493
32193
16050
21199
29337
15955
16668
13581
21228
14603
23323
19146
20347
26599
19230
17591
18726
28981
15437
36457
15128
17333
18542
17105
15171
18488
19954
15801
18017
22890
24891
14887
17983
14434
13455
15371
20839
17741
33800
16097
14191
25482
28506
14239
19767
48787
14415
26582
16987
16732
20561
71168
15828
18915
17262
25022
18971
16875
14992
20624
16201
19649
15150
25143
20812
16992
13794
13399
22688
17700
15804
19335
31516
29641
30442
23205
16527
24990
19428
13522
17550
15865
15411
14767
17998
20822
19501
17797
15801
16784
18649
22867
25607
16404
13752
32117
17173
17216
14615
14950
14813
15402
15293
55561
25577
32101
17943
15465
21826
16117
14331
12919
22212
14192
14202
15694
15746
15156
15762
17331
16277
14878
16135
28227
24077
14491
29157
12705
47540
13774
18294
21735
30276
15330
15481
24068
14529
14558
14333
15682
17453
18393
20531
22983
15491
23505
24204
14196
15367
14741
14687
22547
27043
20679
13785
21340
15192
27691
14161
15461
13836
16530
23040
15276
18376
15810
22372
17710
16003
13829
13904
15839
19680
14048
17977
16431
17050
27705
18031
22425
18574
12547
30113
21910
15991
14637
21562
15374
22943
16449
17306
17165
14540
20949
18102
15911
15965
14830
14860
19590
16095
12658
19445
18197
20343
15096
20752
22573
20831
22471
20932
14977
16389
16629
13172
17068
20165
21938
33918
16358
15772
14345
24991
17900
13271
15868
18500
25968
14492
21549
17643
16585
18122
15561
16234
34084
18944
13912
51345
20126
15625
36013
20410
15517
20309
18517
15123
19136
14287
15095
19324
27356
16512
21129
14019
20348
17295
19512
17402
23793
20330
30371
47873
67519
25036
24641
49382
24551
21360
16923
38223
17510
14057
15543
16473
15438
14235
16070
19294
15686
21800
14417
18860
14083
18593
14804
21498
19170
15228
14625
19764
23125
14615
20615
25361
17975
28897
35336
24560
17772
26009
17917
17336
15587
23043
19519
29456
36205
14233
16266
22900
21160
19951
18616
14860
16464
23638
19000
15124
24589
15411
17046
18911
14399
12653
16926
24635
15586
17751
16721
15785
21728
15521
23189
20647
24146
20965
20474
20930
24065
24958
19127
17167
18448
21851
14784
14211
32498
37939
45224
32421
19207
20357
16561
21410
20675
31439
16563
16039
20854
20558
14623
23014
21588
17938
15444
14590
13988
19697
20981
16044
14476
28675
15572
18506
14420
12996
15524
15371
21372
20202
17813
14677
20649
16899
17086
16315
23388
14704
18704
15198
16029
17941
26971
16134
12631
27007
17527
14099
30346
15222
22755
19628
21681
28213
17775
14068
23056
18376
17363
15271
16745
14636
17477
14380
19399
21954
13529
37870
14846
14281
15373
15449
19695
23474
33520
17639
14513
16688
16459
14604
22775
23320
25096
14077
17787
16155
14675
17245
29768
21993
22106
34801
24820
21124
30407
16164
13159
30592
23171
16787
14796
14640
20030
17414
25879
18367
18590
16651
20676
40622
17798
16275
30559
30573
20466
17754
17371
13706
25929
15646
27314
15377
39313
15340
13872
39785
15801
20931
23004
21330
17679
14708
20203
16216
15168
16984
14931
18852
13687
15882
16108
14052
17492
19122
15687
16403
15678
21449
20751
22142
24298
25475
16304
20021
24265
19458
29044
17237
22461
49591
35681
22953
17185
18931
37215
17483
19714
21188
23218
26069
15759
17043
16946
20941
17893
23535
16335
18630
16472
22946
20856
15897
20119
16067
14112
22112
21086
31201
31189
16076
14947
28354
17971
27244
33402
15198
24973
17132
13693
16784
16846
17962
15210
15080
16826
15795
26048
18035
14855
16191
17149
17087
17419
34754
16103
18970
19363
16362
22193
29037
14652
24719
17933
29704
25618
18893
14932
19980
21003
15215
16961
17399
14571
30923
14645
14324
22335
22454
23064
40231
17495
25925
14856
18297
26812
13854
19878
16593
13939
23257
15677
38502
19496
13884
25052
19010
18889
16917
21536
22896
17432
20618
14986
27089
14062
15071
14328
15045
18037
25259
18523
17770
25209
28071
15376
15451
20017
18773
29643
30844
16980
19851
17676
22312
19009
13850
16539
25355
16026
21436
18339
22982
20366
22779
20386
15001
19248
19433
15210
15765
27389
21043
15026
16071
24960
18000
17934
23651
24739
13549
25898
27573
17772
14618
14430
14784
15262
19586
15870
28943
12209
17906
19758
14463
19224
14943
13392
17486
13660
14426
23806
24720
21221
14922
26486
27726
22127
21876
34312
19672
27877
17885
13621
15990
13897
15012
20752
26698
14988
18507
15969
16242
14499
13701
31890
22334
22580
16434
15865
14100
33773
22537
14888
30843
13853
28139
18269
20523
12587
15952
31168
18650
20429
14025
14972
12671
12892
26102
13089
16368
17183
15517
19437
16086
17925
20349
28085
13530
26221
16469
18508
16219
15903
13886
27328
14918
15546
14635
14163
15172
16202
19978
15949
17293
16985
14709
18144
19790
19882
23155
26231
13738
14985
22646
18692
21210
20462
14163
14547
17856
20629
14253
17937
15814
14369
20601
19994
23974
20261
18942
14321
16428
13992
15014
16109
19120
14886
14381
16947
22013
19747
15997
18578
24896
16864
14098
15768
23474
18629
17614
21958
15125
17694
16116
20366
14976
18913
14578
13760
19303
18726
19128
25382
29819
17036
20080
15089
16420
14706
17770
21477
18550
17038
13495
17638
20659
21521
20993
24059
29279
13972
17556
18953
23197
14838
15216
15080
28683
22427
14308
14272
14692
28795
14482
16254
15827
14898
13314
13831
16332
16288
14887
21833
15942
13357
28571
15229
23348
28296
16212
16573
14003
15562
14716
14426
24518
14296
18664
23949
20896
18188
15077
13479
13541
17071
21469
20719
20399
14852
19949
14975
18866
15133
18872
16146
29812
18163
25054
28517
22553
16544
24643
15703
44780
14264
16791
16253
15669
20671
18566
16356
17972
14389
20410
18272
21865
16140
17653
29304
14034
17300
23101
14556
15296
15160
18427
15425
15360
19996
16295
13588
27034
16340
27875
15534
15851
15569
14779
24253
21052
19364
13795
14521
13760
14645
15237
20154
14532
17129
19508
26986
21760
12820
19215
16127
16512
28005
14183
24197
18749
22914
16840
18593
33722
17027
17011
16335
14565
13382
14684
18267
24022
17006
16510
14528
15494
19188
15485
50532
32783
20379
20382
18295
16159
39027
15441
32350
16333
14465
14567
12974
16610
18453
16050
15703
18547
14304
19150
13334
19608
21576
14058
12353
14087
14442
14672
14615
13092
14918
12586
13986
20319
22051
14453
18128
19527
28371
18599
30591
15404
15464
13973
17922
17366
24198
20763
16541
22442
14238
15981
21543
18664
23582
13955
22528
17245
18594
15054
24139
15187
18600
17880
14477
19697
24254
16343
25409
19815
15010
14056
15220
14990
17756
26224
25133
18289
17657
21002
14301
21705
32541
15087
17325
15134
19547
14798
20161
14461
16491
18008
16331
21376
13465
20105
23616
24884
28653
34778
18244
20988
28975
19463
17892
17603
15312
23235
31915
36400
20857
19756
16105
14338
15299
18687
17988
16550
17206
23623
21297
39339
16410
24985
15808
22122
17533
16123
18213
16519
15583
21305
15603
15711
15694
34395
13645
15890
18067
16481
18131
23032
18975
24453
14756
14539
17750
16825
19394
20220
26959
15800
15432
19823
29783
16294
32314
24346
15801
19371
16116
18674
14693
20426
14259
18172
16307
15117
17554
21789
18511
13082
17293
25293
15115
15075
16046
18552
26589
20861
15104
19837
25979
32039
17435
24982
18652
46016
15629
14822
23900
13848
15023
14184
19071
49455
17057
14317
14226
18720
33834
18400
20809
17111
22503
15226
17730
17206
37675
14914
17868
18542
21321
26515
13871
13788
13811
21086
20596
60773
40659
19721
14549
19265
15180
18788
14848
24501
17844
20132
14220
13600
16261
15127
14858
16938
17520
19662
14889
16593
22327
24678
15841
18813
13720
14782
29092
16805
17672
19184
22910
15640
27352
15678
14368
16307
25999
13573
30690
22801
15000
13272
34242
19265
16080
16431
20872
29229
20000
17042
19988
14473
21518
15353
19549
15630
19598
14478
23257
15964
15023
16580
21518
14777
17105
15040
46752
18482
16852
15785
14383
18248
17022
16460
27836
14886
36653
30491
16513
30017
14021
22632
14062
13772
21220
29377
14602
17541
13610
52723
14275
15764
16800
19039
16072
14310
14779
15144
19960
20165
21366
17147
16732
15635
20922
15610
24718
18006
24308
14438
16928
16578
30323
20161
21593
17400
14689
25778
23998
16422
37945
16323
34152
25393
17758
26020
31962
14720
20589
17687
25822
25113
14765
14574
28294
16106
16049
14061
30917
16717
15582
22847
14142
16813
15677
29942
17466
13779
18698
15671
20035
37453
18653
14597
13735
13138
19415
23104
14121
17678
15022
21187
31496
19874
17371
13785
15557
17592
23234
15687
25396
14211
18445
19401
30253
15046
15858
15867
18241
24715
19313
16193
14647
14110
19132
14690
26325
19407
28090
15101
19954
17473
15309
18635
17839
15618
20577
17944
19063
19712
16476
24084
14253
23632
25559
36296
16660
21843
18495
30898
15180
19755
20396
14505
18020
13491
16235
23604
30641
15064
21027
15577
14892
14467
15597
22377
15158
22892
29424
18491
14947
17118
14928
18661
44427
25686
18158
19068
18493
13825
14729
18682
19239
12743
19791
13878
17477
20294
20545
14959
14546
18373
16276
14096
18798
16747
17646
16037
15327
14008
17799
15195
26369
20723
15590
18453
17365
17282
13792
30597
18026
25936
17269
14094
15485
25977
18208
25125
15765
49456
20193
16874
15997
27806
16231
15394
17159
15950
15824
12829
13336
20341
15923
13471
16726
14639
16382
33312
45537
14533
18910
22417
15044
22068
16063
22193
14722
15114
16954
22289
16850
16257
14098
15096
16682
22584
21054
14203
32649
37529
14710
15489
21342
16778
12267
18398
18928
21201
14622
17139
17568
18309
20620
31891
22927
36554
19920
15120
14424
15265
17996
20401
13296
12533
17047
19690
15938
15379
14350
20051
16181
13334
15442
21263
14368
16182
16584
14823
12974
13421
20279
16512
14695
24505
18679
18317
22335
43631
15415
15222
16745
16388
15494
16673
13290
19247
31063
16084
15147
16751
18860
26653
16352
14264
21451
13224
25737
12512
12870
15310
44521
58875
25021
19943
71816
49580
19499
20770
17481
15363
41036
27071
18859
35242
14127
15656
17321
24248
22423
17330
14920
15639
14963
18062
16909
17123
22336
21808
15774
17007
15175
38174
31927
14365
14714
17030
14568
28610
22928
14960
14584
19782
16060
20849
16771
13668
20640
16110
29795
19211
14027
25835
14576
15173
15334
16347
22015
19059
15542
18577
16926
13935
15392
27289
17133
32424
18059
17485
23293
15153
13674
13946
22750
19662
14807
20068
26764
24204
15190
16456
25394
24299
28736
21001
21075
18927
21711
27193
15699
12868
17466
15070
17997
16154
15282
19616
28328
13424
31039
14101
21103
14798
13927
31528
22551
16984
15059
17704
37863
19443
15904
23978
18211
13934
18287
16956
15657
16962
20308
32712
16993
21197
15693
17153
27948
44530
18693
14574
16447
21897
22022
14302
22256
13844
14501
17309
15602
28059
18162
14970
26979
17444
32333
17983
15480
20226
17944
17100
31216
15074
15107
15601
27147
18884
16743
16003
16746
20837
14285
14176
25384
15278
27988
16946
16915
21589
14135
13557
17438
14954
14504
17984
15642
15870
15265
14850
17209
16679
24920
20828
22415
35355
14957
18640
18759
13862
19173
14148
22867
45329
14809
29076
41368
15636
17147
15388
14267
14907
15137
20574
20823
20848
18264
25164
15742
15394
15718
22542
19016
14808
15580
24221
25588
56627
14923
17457
16825
15958
18443
20122
15331
15780
21427
13179
21827
41598
22370
22180
19906
14549
17234
15605
18001
20688
17896
17888
22833
14278
14777
20648
15352
15594
28245
30778
13456
20456
17263
17398
18169
20112
17776
17681
14130
17606
44052
20765
13206
14714
35913
23596
13981
14242
15858
49835
19747
28626
15678
20879
15513
28146
12465
17936
36729
27841
22313
13081
15572
22473
25522
17122
33099
16172
23834
16199
17010
20919
54741
21090
21605
13999
22223
16392
14986
16562
25659
22671
17515
16208
28936
16066
17538
15160
18807
14829
23431
13658
14079
17861
15507
15967
22008
15415
16693
19242
27985
14797
25779
22829
14313
16157
13696
13829
17811
17554
20440
18989
15188
21560
15396
19367
15706
14199
14345
14016
19098
15405
17958
13683
14719
14215
15374
18429
15075
19076
21997
26928
16830
22734
16395
14669
18524
19041
18320
14100
19274
16497
15692
15675
15089
20324
17710
19876
22413
14711
14325
19348
14707
13857
15037
27730
14306
18995
19142
23377
19384
16462
13851
23537
15332
16555
17589
23081
19836
17151
18349
17981
13657
23072
24022
14640
15181
14187
13429
13855
14685
17308
21275
14646
16189
29667
16911
18858
18899
15889
13229
23160
17077
16031
15285
19918
15222
14842
16597
18413
19484
15845
19137
21336
22387
23881
15917
16080
29026
18262
15662
20380
26449
16095
22486
21997
22626
14165
20622
16615
14950
22087
15685
18519
13912
28956
21296
18752
15871
15633
17251
17859
15391
15054
15914
15089
16070
14259
27429
15152
14308
25284
37723
17706
14859
34004
16312
29732
19162
13824
16199
16105
15545
27073
15186
13988
13988
20345
18650
21410
15745
33483
20488
17767
15291
23973
31466
15759
27537
13587
12705
26042
18397
33978
21272
16005
22658
24179
20510
14874
20535
15363
22188
25019
19677
13449
23754
14820
18981
25489
16817
17589
28172
23920
14526
29873
16644
14403
16486
19719
15563
18901
15434
39706
16314
13871
30535
14429
15884
14344
15287
17833
18709
25492
23077
25175
29523
13703
47821
15124
23146
16098
19821
18288
14158
18446
18030
25499
18584
22274
18060
23643
28802
25602
23833
15940
27538
13925
17521
17685
15855
15272
19809
15468
31562
18899
20399
13905
26558
17082
20578
24404
13063
27578
15226
15634
15923
17386
23992
20394
20229
15745
15139
15923
21067
23418
16534
17572
16114
20667
18010
15567
15101
30186
15566
31393
29029
13638
18116
22455
24309
20664
16526
17584
28425
13978
23334
21923
17879
20856
25946
14131
17880
22922
15291
13522
13560
14638
24550
16698
16743
20799
23812
18680
14342
18178
16590
14472
13459
15771
22079
15942
13856
16844
21593
14516
24270
23621
16241
20074
21239
17034
15040
20876
17669
18612
12915
17982
16845
37221
14075
18197
27093
17479
16628
17413
15809
17120
17955
15271
18876
14906
15569
17771
20524
15752
14656
15318
20069
14055
19225
24139
28594
15709
14450
27066
15468
20573
16328
16252
28026
15779
15312
20179
27903
23876
17377
13823
16688
15001
18262
19545
14192
16110
17000
20013
14579
29401
14347
14368
17459
26918
15524
14132
16336
18885
16037
16682
18314
21249
18684
14371
36982
18035
23699
16516
29952
23879
14984
15593
27959
24551
34973
27225
18498
15189
14449
22201
14987
16786
15860
18683
15606
13710
26186
51415
27376
14669
20052
25972
13542
17260
15952
28148
13905
20472
27597
23582
14928
16544
15160
34187
57441
15570
14025
27611
15609
17738
27124
13811
14371
24685
16538
15070
16584
16880
14477
13302
16709
19639
15071
18452
23983
22175
18071
21058
16913
28005
30136
17071
19519
19325
14543
14614
21549
16564
18746
29175
21734
21153
14532
17105
14535
15779
45540
21481
21356
18172
17413
14642
15840
20086
17338
13674
33986
15477
16115
16832
29919
16548
40369
18523
16535
16802
19759
14829
15004
15664
19165
21249
15378
17686
14858
18277
14993
17716
17312
21300
24179
19848
43292
22872
18815
19564
17991
17924
22688
21641
15895
13763
14176
16337
25750
32380
18150
18296
18536
14700
15775
14121
28593
26138
14474
21177
44191
31985
21884
19689
42087
15319
27906
14877
15366
18177
19029
14236
18699
15647
15531
14892
19991
14926
15307
19247
16348
26063
15391
21628
24816
20266
33249
15648
17049
18707
15637
19757
15734
14314
25605
18367
18025
13939
17550
31968
21805
18234
23296
15640
16141
24258
14153
17873
18672
16012
19725
21639
21911
18239
21242
18208
22684
27053
22473
19842
33619
22333
14928
19176
14581
19871
19812
16904
20062
20647
16548
14313
16028
14326
18833
14533
13338
14644
15842
23389
17145
32420
19082
22357
15390
17566
18622
16875
15084
24745
15129
14916
16006
14761
17052
19130
17233
22753
14394
17631
20205
18837
18420
13797
13629
14583
15783
15585
28687
16906
17122
21798
18294
14515
16907
14544
18437
23009
14402
22772
18322
15139
15688
14669
14552
16657
14449
16379
16627
17716
18529
13891
13223
28842
22173
16975
17891
17824
13709
16563
15033
27666
26361
18952
34579
28975
14597
16754
15520
15465
33711
18219
23075
15003
14452
42350
21867
18791
18647
15440
13770
24879
26664
14612
14605
18545
20362
14247
23514
16400
62043
26809
15278
15194
15006
13988
15257
22356
13464
27042
33058
16883
14287
20430
15662
15540
19018
24489
18089
20768
13789
17623
16608
18543
16738
16182
15359
15349
15133
31204
15406
18575
20354
16956
24985
19011
16446
23266
14119
21009
14976
13652
18492
16846
21609
18248
22195
41211
17458
20882
16511
14349
24314
14208
24392
16814
15551
17927
18989
18091
17836
26249
14166
17235
13946
30445
42527
35890
16187
34405
19705
14998
14197
17749
19740
43176
26880
29620
15154
22869
15721
17156
14265
15681
14315
13990
16179
14393
16900
14369
20633
23492
14888
15560
22094
12879
16006
22104
16024
16312
16045
14693
26784
21284
20288
21996
17867
17162
19168
15374
14438
16115
15235
20329
19633
37771
24758
21699
20652
15648
14016
19645
58650
25906
14340
16668
16882
18239
19892
15416
17296
16585
19404
15387
27374
15624
15425
17358
18183
14112
27746
17865
18435
27272
14593
14035
18454
18185
27748
18308
19141
36728
21909
19016
14139
29251
16452
26210
31138
19410
14338
15822
18575
28416
16765
21325
28485
16103
16702
20156
34508
14930
22898
27819
12620
16462
43441
14904
44108
17111
16247
26516
14782
26649
16253
15252
21924
28870
18213
30841
41012
14901
16024
14860
19102
22904
25147
27928
26345
19235
19099
19744
15121
14633
14625
32131
16832
16289
25075
16187
14345
25505
26091
25339
15216
23680
14269
14992
14167
13713
15081
20226
27820
15647
16802
17753
18258
24394
23559
18277
23222
14983
28755
15192
15262
14729
18042
14463
19017
25559
15906
39162
22949
18567
14797
22132
18842
16517
14364
22779
14799
18651
18315
15803
16520
20864
14355
19831
15841
15912
15016
33016
37868
222195
18451
15360
18125
20701
26093
26057
18639
19392
23186
13412
16968
18686
14730
34849
20253
16868
15948
19439
24358
19945
17241
15122
28965
19899
51251
34462
15863
16242
27823
18972
15920
19260
17285
20381
14563
24593
16162
14452
13987
18771
44878
18796
14778
18909
14998
15287
14500
16028
27754
16860
29429
15483
25397
23450
16480
18138
17098
15491
19914
33051
28875
17334
18178
15380
17691
22707
14212
14644
16494
13332
21234
15663
15032
17795
20032
15857
16108
32407
14445
22041
14977
19293
13624
40959
21948
18607
23282
18441
23320
16885
12892
17368
29411
16710
16126
31629
12545
19173
24562
18377
37489
17799
29122
18941
23335
21635
30077
16026
15924
15484
16275
13617
19978
18860
18971
23810
15273
16315
16485
22396
14440
17460
24712
37948
22812
23928
16665
21007
32075
21930
28998
18307
21578
14842
15237
13834
14833
15280
13065
15266
16086
16806
19002
19867
13692
15408
17524
25042
16284
14459
15482
17949
26170
15701
18608
18333
14030
28091
27180
28519
17979
17201
22476
22821
34988
30425
16236
15946
15603
18119
19359
13066
13789
26424
24106
16210
14617
14523
22707
15382
45166
16497
15629
29103
16326
21019
17050
28134
12745
15746
14803
19776
17711
27871
14382
26287
14088
14988
17724
14764
15328
23693
15069
14590
21311
13778
18552
17184
14579
15470
15053
28835
24390
25095
40354
13912
14099
25203
14796
18240
30485
15563
13479
19988
15035
15337
17029
12875
13359
28506
16079
15782
16523
13604
16704
15955
24237
25981
25020
15493
19909
14777
20602
16476
14718
19743
17018
21026
19468
18887
16450
16760
12940
15296
13810
17643
24203
16644
19991
14929
16135
17603
18412
15209
19409
14438
15064
16596
14325
14542
18069
13430
14364
14422
19316
21978
16034
24850
23051
17368
15476
18311
14639
23547
15568
20626
18160
14777
14634
15993
17425
13481
13394
13638
15157
14009
17261
15927
18902
15066
16193
15588
16937
20640
13377
15355
15845
16946
16158
14953
18776
17720
39614
15619
15826
23988
15171
13664
48407
27932
30803
14171
21392
19777
20092
17740
16485
20143
15200
17782
26471
14391
18369
16121
15447
14440
16698
22182
16339
13325
14650
20056
29781
13950
16690
14263
16569
24786
18229
13370
17020
17527
13912
18250
15985
18689
21140
20533
17359
59035
17609
14071
21088
14364
17915
16433
23362
15223
16821
29609
17990
15592
15846
26592
17408
16184
17002
17898
18727
15582
16904
14880
14170
16945
14614
22084
18593
20491
15219
18872
17255
23852
14698
15614
28136
15470
23506
17427
35413
43002
19290
23474
16503
16965
19587
15280
18660
17820
14391
21949
24795
19609
15809
26887
15148
18164
26022
15104
19447
17988
20000
25686
14591
20730
16827
18061
23307
15572
14514
23124
18970
28736
18911
15376
17110
19210
30869
27126
18776
15838
28536
15451
15562
16054
23143
17760
16305
21055
33585
15402
16854
13682
22918
16236
15129
28481
19899
24280
25683
17229
16097
21671
24743
22129
16501
16608
28978
19338
18515
17067
19769
21439
16086
14634
16643
15890
29575
19173
19058
23860
20785
16120
18872
21907
14319
16641
22668
25363
13783
15288
20902
33681
18386
31989
17541
16771
55999
16394
13578
15455
13927
21874
18411
22448
14508
20848
14114
14751
15243
15286
18252
43681
14970
14620
16830
19474
15941
16364
25003
20951
24354
14012
15077
14620
27408
17053
16637
12499
19753
18288
13596
13008
29006
14826
22521
15559
15350
17639
14797
15399
15656
15811
20664
19375
16806
17373
17606
19135
15589
16599
23735
27140
16028
15920
26396
23283
29789
20588
29706
16780
15642
18957
17986
41410
29428
13421
21904
16643
15369
17389
14785
18812
15071
14817
14559
15326
15498
15001
19600
15571
27625
14279
14326
17853
14647
16192
14911
13397
21236
16966
27197
18299
25140
17959
14771
20255
15474
14704
15752
15548
21028
16800
14339
14776
18050
15558
17429
19393
15999
18394
18606
16596
20444
16156
19629
30817
18544
16175
21094
20903
19015
36786
22421
19854
17024
15898
20404
21256
15498
19666
16425
13753
22249
15198
13230
18686
17629
16452
18083
16095
20037
13081
12518
14885
12392
14695
15558
16368
18567
18194
18228
20288
21384
14966
21450
15151
23403
17313
15715
21852
15927
31878
15862
15148
12989
18611
21478
28216
18839
14705
17037
14406
17979
14861
17021
29037
17789
20572
17536
14345
18471
21420
16773
13538
26968
12733
15218
13386
11692
16052
35233
17528
26770
16714
23553
14260
18757
15502
14468
23703
17415
16998
14841
15541
17874
18726
26250
14278
17376
16989
14929
17763
30407
23830
13694
14468
25691
17362
16246
14029
15280
13344
13146
15083
22329
31798
50319
21883
19001
16678
16173
13891
15771
17892
21066
18929
27179
15509
15054
27747
17143
29896
25588
16204
29013
17170
17596
17476
19329
26163
16387
18595
27297
17365
23850
16319
14390
14437
15836
17515
14483
13960
18069
25158
37489
24153
15560
22509
50780
22240
21542
14278
14372
17183
19858
28044
28774
26538
20035
30530
15047
15755
14949
17293
13742
15173
18947
21411
14577
16124
14326
14941
25326
19076
22072
13782
14260
14924
14944
21947
13847
14523
19896
19255
16483
17112
19097
19513
30280
19113
16181
20368
29935
14931
15448
39372
22110
22579
23754
14169
21999
28724
18001
23076
17431
24367
36768
15339
17381
28397
29380
22578
15224
18651
20132
16645
15119
15398
20091
16701
17832
17004
18348
18094
19848
14902
17476
15338
16816
16475
17949
17410
27260
33428
15890
16322
16835
16228
16152
15291
18902
14344
20445
34776
48075
18138
15534
17876
16619
13899
19314
14860
14956
14318
18395
15896
14722
25081
15222
14571
30511
19826
15596
23309
13928
16111
19857
20968
18776
25701
15039
20535
14852
13707
15559
15570
13557
19711
22151
16295
16885
17108
20365
14139
17801
21580
19625
14291
17672
30392
23352
21168
22462
26806
48344
13653
24857
18106
19695
18477
31405
14815
26082
40546
19736
21522
14994
12990
14800
23264
13636
18861
24280
32608
14489
17334
22271
17346
20316
19123
15549
28293
16195
15311
21435
13724
23497
14964
15268
19753
14688
22390
14805
18895
30683
18886
15976
25176
14939
22381
23414
17035
13891
17892
17925
14482
19564
16542
17359
15589
16025
16982
23415
14132
44146
16399
35067
17245
25369
18621
17372
22509
14796
14428
19228
13284
25308
15692
16724
17593
26042
14292
16217
34696
33914
14693
16248
19525
20141
19255
15161
35634
28660
15514
37998
14843
24525
17086
14348
15321
20699
17164
18096
17669
26564
19613
19869
17701
35773
16720
17068
18798
20274
20660
18789
24429
17603
18101
17477
26451
21240
17323
22809
15583
18909
21835
15263
18387
17623
15819
16158
15465
16866
21050
32601
20838
19243
23051
17498
14880
16752
13915
16089
13025
19476
29478
16133
15543
21881
15471
14720
18144
14791
13542
36324
41930
14767
21633
20762
20913
14328
14630
15543
14780
22006
18960
20301
16701
15990
19628
17813
26384
23313
21600
25178
26680
19901
16873
15545
14653
18345
14957
14267
17517
19028
14459
18560
35492
15878
18876
18173
26686
21631
16022
17375
22352
22326
16371
21131
20049
24343
16224
13844
19999
17088
29606
24851
47744
21302
32482
17998
15567
24694
27095
19615
15412
18154
26817
30160
16709
13012
15299
17933
16096
13002
17270
16806
16816
24250
15845
19516
14021
17001
18670
24146
20534
16134
18331
14870
14268
18148
16450
18012
17149
16462
19079
38387
18889
17607
15704
20309
15179
16448
22295
16349
18703
26180
31753
16938
15502
20152
18694
15875
16869
39876
17265
21319
19785
16231
25178
26364
19064
17087
15015
18129
25171
27454
25034
26012
31234
20004
20350
17800
16095
14057
13508
19582
32837
33584
19795
18607
19938
14775
15345
16289
15585
16650
26093
18962
16713
14742
15252
20137
14947
22348
20261
14743
17961
17248
17653
13511
12762
19660
16270
25628
16666
16454
18070
15093
18901
27348
15934
17158
14497
17379
17297
16016
24037
24872
18305
15535
13846
13629
24864
17267
18849
16469
37129
18561
15227
18207
25116
25070
17488
13876
13919
25464
15101
19608
25086
14176
43562
20574
15504
23025
14021
17866
19943
23040
16254
23466
17942
14927
21110
19935
15101
13945
14386
15735
29816
20180
24644
13310
26419
17473
21144
15967
16124
16833
23698
17468
16546
20918
14169
13482
17581
15322
24423
17285
17833
30959
13415
15556
15614
14387
14117
20925
14383
15707
14128
14030
15832
14334
19326
14306
24666
15689
16471
14875
19796
33510
20015
13644
17470
12683
16301
22278
16959
35514
21964
19663
20953
19344
21450
18116
26033
17492
16952
18271
18884
15700
15643
13763
23705
14790
18176
21839
15280
20610
19353
18123
31598
23972
20416
14910
14671
13169
22016
21786
13542
15308
15776
20591
26876
24136
22603
18476
19137
16853
15675
21351
29231
19769
21992
16895
14887
14931
23336
36863
25021
16767
16704
41580
15077
14783
18266
14972
21108
18948
15288
22412
25106
14442
17019
25545
20022
18990
26958
17874
18250
20722
22307
14098
21308
35002
14958
19129
15006
28267
23906
15995
17386
16596
14517
15916
14399
20785
17311
14806
16386
23863
14259
18425
17635
17307
22156
16797
21567
38781
13183
16152
13601
23776
27986
29952
22840
20173
14674
16126
42442
22413
21611
28215
19662
15586
15768
14693
22401
33982
15618
26458
13372
24098
17311
21084
16418
15625
17874
16637
12694
18769
15864
13556
25923
31503
18206
22194
15492
16397
12847
14433
15478
21115
15351
17332
15350
18846
24374
13957
15615
14035
15247
15469
19713
15200
22939
16023
19912
14579
21078
14446
24250
16225
14145
28404
32453
28864
37574
31857
15008
16986
18517
38369
15319
15677
12619
14745
13569
22624
13888
15657
16603
16870
22263
15269
17973
16399
17324
14765
15983
16095
31502
54072
59435
15875
26200
15918
20948
17679
13693
19100
18830
15798
25758
17381
20196
17674
16808
20062
17214
19632
26851
17399
14246
17923
19412
28924
21683
17579
23449
18841
13819
14746
14932
21439
19879
28367
13470
19572
15747
16078
15247
16918
17986
25364
15380
17352
26793
14704
19859
18960
17114
14745
15942
21798
36625
17056
16883
16466
15701
15457
35825
30809
15583
21865
20416
16378
21114
19973
21790
16561
24892
15173
19145
20899
37028
16549
13544
17730
18347
19158
15668
25422
16854
14386
17726
14267
14954
13446
32531
21942
18078
17654
18019
16381
14347
27003
25698
22811
19579
17507
27591
17375
19521
15466
25837
30562
25940
21955
25802
23227
17903
27619
21392
22289
18920
14858
18613
15154
15641
15464
14811
23009
13630
15737
14724
19794
13156
13970
14103
22584
14817
15678
21607
15283
18962
15502
20371
13803
15943
35971
17180
18490
22511
17814
19704
24141
27466
18839
34436
15145
20008
20519
22896
17404
26775
17219
17308
26616
30526
18204
14368
19273
13866
18245
16136
16348
17659
20303
16521
14056
16456
14418
16894
14702
15321
15616
18931
15209
13607
17862
15177
15658
15522
15479
14519
18121
16419
20870
14602
17311
27441
14875
13934
20417
19580
16890
17032
19006
15101
23641
14045
15461
16634
31854
16449
45063
25179
14803
16929
14717
18246
32629
37521
20794
18819
20955
13375
15296
17096
31451
15007
15004
19794
20840
18735
22224
14597
28069
15380
24232
16828
25332
20126
16610
18624
16055
14295
18180
16648
18367
16490
24870
25512
14693
15762
19551
18127
17852
22001
15831
21245
23951
16555
21660
40116
14360
39431
15904
17409
16454
17440
18951
26319
14314
19667
22535
15317
20028
20780
20680
18626
37420
32669
14448
14273
18669
13559
17296
22041
17270
15174
20072
21931
23663
25211
17855
14435
15538
15088
36301
22510
16155
17970
31183
21454
35568
14345
15477
14893
21806
18286
34048
21808
20581
31622
40549
17541
22523
13718
13217
19400
18118
15138
13624
13804
24765
16334
21222
15590
16065
19932
12962
17751
28301
20301
16458
13982
24658
21684
24890
17772
18746
14790
30329
15725
14134
14746
21016
13925
13569
14680
17012
14730
15225
23319
20306
14290
17163
18201
38849
14474
14328
15694
18430
13751
15048
14435
18424
14789
18790
28540
17077
19437
17605
15137
15204
12930
12984
17720
22374
16959
14667
25285
15865
14825
17747
24433
13290
16560
14609
14428
16160
16451
15859
14067
16084
15267
14731
13758
18243
14342
12816
40502
16448
15297
18829
17952
15327
15060
16723
23415
14766
15032
13771
27340
15243
17093
30729
19110
19257
14266
22577
15408
17731
36885
15753
19648
14660
26063
15432
39789
14741
26898
21431
21337
15622
15757
18873
28756
33047
23624
17803
22469
57054
22486
21934
23858
19301
17382
19354
26626
40262
15624
13362
14267
15538
29016
14842
16175
23526
15421
14833
17821
19552
24329
14154
24219
22106
18365
21687
14622
22877
17128
15877
22701
16588
44059
19127
16230
18769
15558
16207
35421
48947
16402
19867
19239
17040
20813
16038
18163
29256
18632
25850
19409
14592
17554
14563
13703
15800
17521
18082
18680
14555
15492
16316
16750
18438
21673
16910
16334
17691
14508
14308
16668
19170
18454
14669
23125
16748
24684
17184
23675
39818
21370
20461
25791
17629
24164
14970
19478
16154
16516
13920
16652
29575
24298
17343
15592
17517
13341
18551
14810
23553
17961
18765
15313
22697
14433
15004
19773
21957
13601
18116
16253
13594
17272
16008
18318
22457
23242
18571
17534
23117
15773
16239
13196
14595
16384
17256
21268
16824
15758
18248
28573
23682
30855
17955
16808
22819
21668
14841
19567
