17830
36224
20377
26202
15073
22356
15697
29202
19255
13450
20753
17797
36611
14203
15423
16173
30893
13376
13749
18449
19538
12889
18866
28091
19333
16398
17448
18186
20115
20826
15150
32208
37142
24342
15897
15122
38185
14195
23309
22969
19429
28072
24457
21997
14437
22793
16227
25655
20000
42062
14736
26553
17947
14156
16847
24799
22436
16234
38250
21650
14648
46582
24018
30490
15106
20706
34888
15976
20883
27231
37237
36036
18348
18053
13298
22089
27373
16688
23517
18333
25681
15819
12874
13831
15336
32749
15691
17342
26798
24144
27466
12922
25983
39708
20314
26995
24920
20883
59030
16208
16763
16773
25195
17661
15325
14370
35311
15648
21098
39604
49365
48483
37024
23495
16777
23828
24453
36443
14526
65428
20319
28303
35720
14008
16754
32609
25924
18211
56138
52290
18463
14404
26907
32790
20151
17618
32008
15547
15054
18432
12156
36818
17185
24803
14263
23742
31834
14870
14429
16978
19155
13134
20928
14970
22286
15662
14143
16175
19310
18867
27297
15481
14342
12518
15255
17314
17742
22692
24373
15177
14694
18596
21936
14222
16499
12699
20033
32881
22234
23319
14342
16446
17800
22308
22139
19613
17897
12953
31955
22144
19381
16338
13933
19795
14216
34010
15352
16208
19480
13617
16990
15051
20237
14646
21997
14379
16257
14997
13364
13414
13445
16245
15536
18224
19013
17871
17082
20308
17775
20391
15121
17236
16623
19224
14161
15773
16023
13983
24586
16241
15923
14729
26609
19194
21891
18307
21588
14939
18277
18743
56936
15501
26880
16774
21406
14060
15107
20911
23154
17708
19783
32832
13925
22458
16091
19266
21271
29720
241011
108146
13301
23395
14038
17377
15941
13435
20902
18353
12447
18085
28705
24639
15316
20514
15008
17973
25476
17868
17888
17875
16100
12092
24252
24497
13428
15016
40010
14426
37484
24697
29120
34138
29111
21103
22490
13666
15358
20116
20362
22936
17451
13156
26760
17512
16933
18525
16288
20502
14504
15670
16016
30181
14017
17761
17009
20733
14283
24104
18902
16798
15140
16285
23958
13680
27193
31285
20365
16333
15213
36048
19109
51435
49778
63847
32606
45817
109358
103325
46010
20439
14879
26299
48731
15515
38752
15131
35326
16302
13404
30799
14504
19230
16654
18856
18441
17346
18372
15637
30391
22432
16943
22202
20120
13494
24570
16090
14632
39985
41862
39488
36595
16276
15441
17529
22651
16689
20396
28412
18920
34274
15930
16265
19913
14713
17576
28192
17699
17346
14807
15685
13655
13574
16035
16874
18794
15198
27882
46673
18388
24549
15891
21452
28684
16065
41339
14526
14365
20274
17911
13884
19131
30714
20670
32491
29911
37610
16780
17513
22065
23726
14539
14073
59055
19174
26454
15619
17506
16575
14703
19328
45894
17206
58191
19824
33962
16666
67444
19316
24484
57726
19797
36254
15390
24230
16707
34497
16968
23695
15615
20317
14482
21617
20132
28825
18145
35971
13427
14527
15515
32859
21436
18469
31292
16154
18210
30850
15894
36010
18712
19633
15201
15606
27925
95250
17531
16269
20004
23231
16785
16998
20079
21497
18758
28547
31973
54493
36126
23350
23120
20826
21413
13596
31104
24585
31734
19449
19265
35596
61282
25150
59284
61706
92280
42265
16113
15886
18689
26946
15390
16101
17757
17558
14558
13474
18132
27301
23505
35226
47247
19950
18853
24902
18166
29643
17048
33268
18165
37535
17726
13412
27487
22882
25410
21495
24927
20950
14343
17350
43779
22711
19183
14263
24895
16978
15777
16878
18365
13527
19018
19931
13483
22034
28940
29843
43927
43512
19276
15387
26576
14253
32991
63805
18031
23799
53367
18876
23235
19540
17729
31172
17532
19103
16736
33746
29458
49802
25580
37195
24799
14190
14352
19332
33249
23708
21400
23865
32524
18872
20160
20200
24392
28627
13838
16444
17034
23869
14447
18698
13101
20057
18510
15053
15344
15969
14003
15426
16154
16883
14564
16991
31519
19949
37426
58823
68677
30936
46454
14878
30280
32529
22043
14124
24763
15191
28656
17488
17626
28859
14745
18963
16702
14975
12866
18484
14229
20831
14064
16507
30245
15649
31818
18372
18617
31316
23780
17060
16418
29181
22236
17143
22093
15178
13938
17653
14748
17393
13856
18477
17007
44763
57152
55451
14569
12932
26002
15785
25966
28690
22758
15881
17031
26623
36279
17520
51136
13701
53389
39102
16174
13432
21700
21210
14305
29000
16325
21502
13535
41131
24973
22341
23251
43184
15782
15425
13533
17262
15315
12869
13251
28588
16481
28501
22299
15266
15584
17333
20105
15014
15224
32682
12922
28536
26767
27437
22259
15778
21090
16934
17466
26015
39570
36303
17341
24168
21331
15141
14853
36218
17351
12156
24403
15008
18307
22495
21440
23820
17239
63120
28705
24554
21279
37849
12382
15464
14570
19515
15049
27217
26407
12493
20694
22674
15289
21736
19775
36589
32614
33454
14182
24271
18976
25699
18315
32297
14717
26648
36825
14997
20462
21893
20586
18476
16832
14474
19758
13858
13920
19155
13239
15386
16054
22230
33190
24814
24080
26791
17754
14651
15672
27418
22760
16115
25319
41863
18567
46222
15507
15476
32158
14489
17332
21076
19672
14811
21144
17747
19832
16007
20973
22471
20521
17714
24274
16362
15783
40718
17381
16013
16773
68266
76187
26267
40133
65782
27995
18877
41965
17307
19536
14433
19929
17980
28549
16492
32696
23240
14991
23625
105266
18512
21896
15228
16422
15582
26724
16798
23061
24429
24180
25467
15671
15348
20537
25981
33025
40855
13525
41509
49343
38345
53284
57501
28873
17422
23403
77235
98267
59954
22389
42158
42960
16095
14770
24309
17184
19309
33187
14528
18871
17054
38275
40379
43955
60041
39606
69213
28378
35332
17878
70388
21761
75304
17946
19944
31144
35201
27520
30339
15738
20742
15671
17393
16723
20543
15409
24908
21761
15585
15905
15145
20443
14201
22130
47078
17151
27411
15985
13038
29843
18002
14277
17821
14922
16775
24143
19101
14382
18136
16603
19111
33835
13415
18909
23828
25196
21725
17176
24040
29443
16573
17311
43947
15368
28756
15602
13157
21283
18873
21222
23314
17274
14066
17224
18222
14941
32621
18675
36282
19696
25496
12682
29403
17043
13177
18207
20246
25566
31916
27325
31548
12785
16126
16625
26234
14153
27326
20271
14760
19200
30557
34187
56437
29527
24137
18981
24065
15469
16893
19344
16925
15408
32156
15725
34195
16457
17295
24869
13989
17191
13602
16041
16740
38248
21735
14294
25407
15118
19737
27019
47677
45444
15887
17529
16618
20551
27420
46282
20598
30797
29864
27616
18474
15939
32499
14264
35836
26612
22478
41502
55800
25203
48342
40047
44524
42104
92878
73932
18579
108846
41493
46203
87792
69027
50065
23273
45196
17235
20249
56614
46811
87516
15269
22364
44641
17338
27465
23294
20858
21603
19132
35845
31993
17908
21818
20057
36960
32421
40959
19711
17356
17231
22361
15404
14972
92198
60465
24674
37963
48932
23758
24931
52884
27086
91699
42177
54680
33038
26265
36802
42047
14247
39002
18701
37606
27349
35794
37222
28325
20684
22663
18258
22397
26194
22022
38232
14025
17303
17945
22320
25911
15180
16703
18702
20151
18980
20946
16840
14527
17549
16680
18470
26187
21469
18686
53937
22374
26011
30257
15186
19045
25732
30387
49714
18065
24029
17399
19998
28552
21062
15322
16983
15059
34423
31495
21419
24422
15149
35073
37221
14883
13453
14292
16682
17234
17414
13683
13636
14447
15941
20979
19963
24961
17261
21739
15938
14404
35187
15155
13965
48175
18477
14968
18459
18641
16372
28115
33319
21959
16110
40699
16456
15751
16605
25042
23038
27702
25843
34163
15813
32459
14274
17278
19369
27601
26383
15194
21074
18108
17216
23758
24192
18667
21346
20038
15714
19269
17377
33565
17767
14946
40138
41278
20912
29698
33349
36377
16022
53280
51317
30979
21394
66274
40652
54951
29529
123214
30499
38566
141221
135437
23726
71023
83909
20761
69448
25370
75398
47531
19571
16944
14132
17744
24057
14233
17713
21944
16335
27564
16039
18117
55519
20921
74080
47040
51198
16534
20023
25933
23892
25569
46001
32639
35038
36501
27156
21386
15024
40108
37884
36824
19355
37539
18079
28855
22863
23828
17306
26376
16134
17742
17771
15061
20069
27910
24217
16162
40977
46604
57775
15496
19608
23730
32517
36383
21392
23258
31241
15210
39908
40611
24552
29385
15423
18837
16609
16388
16047
14877
17469
44740
18133
14024
20775
15837
23490
19319
17558
14339
14487
17150
33672
15069
17616
12996
14256
17310
18701
31752
15646
21940
14155
17521
15900
13279
14138
16834
12874
30537
16110
19945
19184
20142
17709
15229
15216
14660
15638
56108
53659
56767
54712
17508
51834
18375
16700
29942
44306
14992
26903
16438
19494
55850
21183
18480
15558
17682
17755
16827
16848
21459
19508
22932
21507
16265
17458
30514
35860
36661
21058
21074
34053
16863
18526
22538
71767
20447
27349
15397
18650
31892
22074
49258
17444
33483
16522
18277
15399
13242
14777
19146
18255
16476
22583
24148
15787
38192
20171
23672
16549
18007
19458
15434
20178
16489
17332
18794
19823
26885
31271
16017
13948
28511
23285
21760
25200
13837
17118
23809
23038
38719
20873
74148
48502
18764
35537
47087
14220
15933
13493
18523
14483
13204
16507
23302
35610
18002
19458
21651
22679
18585
28742
43669
42702
24627
14958
35386
15365
16369
17172
16199
20002
48975
51103
16566
21477
14847
38712
35260
16061
14304
14721
26933
23063
74845
17604
25545
22085
18024
23787
13833
26340
31612
21683
26636
40656
21078
19020
28929
17318
20133
19449
16994
40957
15905
15066
15042
14113
13622
15149
19445
15271
24391
28016
43886
23020
14497
15765
13864
20192
33772
30532
29261
44118
20338
37712
14976
13300
14285
50108
19258
15686
23578
21307
13577
21196
21469
42626
46748
55583
33233
65135
42845
26618
18518
27880
22859
24125
90786
40915
47547
18376
35931
15236
39171
19645
21332
35293
15449
38397
20482
18075
17124
17348
16332
17208
20076
16685
17853
16656
14109
13577
22252
19582
33290
19852
33050
17060
56733
49199
21849
20237
21466
20233
27450
14691
17118
17113
19545
73363
54162
25109
25821
24166
23413
39417
19952
26515
32556
20894
17479
32718
25325
17583
21426
13075
32356
18291
32027
16830
21560
18184
15485
16189
14947
15369
20503
34349
15265
46913
17936
42448
48993
16992
54797
19525
43780
19755
33021
17924
15028
15348
16768
19016
17760
15010
17853
22422
15745
18293
15024
16696
26190
18583
24374
15484
13582
23181
34427
20587
13609
14312
18709
13036
16794
17316
13360
21136
21265
18427
16153
23420
15924
18435
21138
25162
17393
19516
18377
16679
32986
17479
15833
16947
13873
18675
13624
14804
18729
21554
29486
14832
38436
15754
25943
24057
14988
18207
17543
19561
25632
18347
16012
19083
17103
22631
23130
16877
17240
53346
22767
20365
15834
16775
16359
18069
14981
14908
22810
24697
18754
19199
22111
37601
16038
18732
30520
39083
29455
17637
24531
13108
14149
27486
18694
17499
13719
37444
16288
17267
22065
13360
17209
15444
42172
60322
12845
18532
29585
31974
14450
16949
14371
22095
14847
14679
24076
15355
15726
23957
18390
43002
13982
16561
12735
22990
17923
36855
14613
15418
16885
17188
28798
17744
24248
33109
43643
42203
13814
27397
14708
18114
14505
23473
29531
22776
23351
17096
26959
28344
14284
18547
15213
13081
13528
13034
13363
23745
23965
13460
22991
40605
17353
14032
24916
19089
15893
15474
23891
28550
15733
15614
15319
18228
28843
44579
16856
14314
14066
22885
27452
22767
16245
25879
12849
18363
30924
17189
23375
24432
18682
29296
25146
24361
14477
17648
20245
18540
19831
20068
23524
17848
19505
40379
59021
28267
16733
21158
19597
24709
16407
17064
21522
36878
31112
17461
17706
31760
18325
49723
14449
17362
22520
17491
13466
17298
45394
18369
29560
48237
17715
16654
16776
19432
14318
34738
20755
13804
17094
20136
28277
19294
20254
16932
33259
13460
43105
39497
24297
36319
25135
20622
19661
16121
15761
20189
19727
52994
23377
33073
18987
13221
22758
27171
15815
21859
14755
20402
33266
22591
37465
25951
17457
23105
81368
41636
42862
17017
35140
79991
53005
16237
27256
23752
49631
14403
28721
56407
92225
18721
20345
33884
20704
50974
30946
53102
25999
45431
43817
17839
46704
92282
43399
118224
18370
80804
69826
76599
37863
21119
14896
21167
56763
56472
42504
43160
102759
23703
70799
50488
60891
28893
33613
43842
31790
69679
45859
67430
26367
26842
71992
59507
65268
63246
37279
92802
107912
52679
48987
61102
56450
50406
59002
71284
32155
66035
301504
124330
35839
109894
17040
55982
24811
23650
70786
50525
74707
91622
70925
31434
76966
31731
80472
67446
38858
20500
56727
34214
51199
66240
52825
34980
18909
49248
22336
42335
47840
45961
21145
75406
48510
32911
23089
34333
16111
66508
42966
58162
16594
34004
48784
69843
24002
30311
52157
60652
69746
43680
72483
77242
23539
64978
109853
63899
36081
24151
44725
41476
126480
19303
80586
28636
38664
43898
68999
64452
35426
17497
38268
43946
14711
43475
18811
112156
28549
66615
34712
50914
59543
14075
16192
91729
68888
53804
22900
60306
22658
62745
83874
64578
74959
70237
17062
32481
21969
41489
26755
154732
108616
112187
33188
73880
35365
24979
44110
16284
49363
19870
99662
67678
56446
50443
49421
27654
37368
16402
25454
35831
23380
42769
96349
63675
64809
95939
24916
46320
43578
51206
25144
36577
18685
30889
34816
65437
42118
29730
20612
56527
102004
87974
97443
24210
56137
35077
19655
80164
40855
53225
41316
80773
56442
94049
44193
41988
16155
14687
19235
24311
14867
28011
42052
104284
36125
30404
28049
14848
89017
114769
15298
63770
21467
15830
15522
17425
74724
20987
37990
19110
112859
120153
54657
42364
61474
21341
29727
36061
18390
24876
13699
45027
65095
40197
34880
47940
14026
23911
66478
53793
19548
20258
54945
17833
20889
26023
17307
15438
18124
44225
27440
21358
56621
14465
61480
23393
21608
16219
23099
30360
25278
38062
26228
16281
24295
32138
30619
13004
21011
19128
14940
15977
22488
55709
39344
41023
16966
22682
15731
16801
58436
99915
37199
40740
67978
64190
110021
83128
19404
29858
23234
14836
35188
25472
26925
18351
100693
17953
14455
15676
15029
16036
32447
15698
18870
12341
15863
18318
16657
27549
18750
16321
61910
22899
16234
17856
16450
15246
18372
41446
21813
21073
15288
21390
22374
22758
32031
23897
13194
72061
17242
31210
17597
15709
16442
15388
35279
14740
21663
34572
30671
46437
15643
14099
12880
13859
24460
15935
19400
13316
28967
17128
14240
15362
13143
31450
18536
23782
36618
23690
35487
33289
42191
16273
19816
23758
23060
15946
20890
26978
32709
17181
12592
13242
13814
16448
19875
13555
13624
24171
18459
14283
18675
16153
15643
22326
16935
64103
21515
40075
14649
22346
29632
37024
27864
34795
54745
22514
16314
14133
51074
22423
12232
20424
15535
23054
21652
30836
19958
15116
13294
17373
26120
17986
17675
17838
20269
28772
17051
24758
24286
27531
20058
19110
24983
18352
19097
13336
23330
18543
16965
17550
37606
18597
19632
14665
20176
13765
24121
13798
15079
19461
24664
17097
18467
22093
23777
38013
15969
30250
16765
16492
28474
19779
21769
16407
17572
15690
15149
20466
20450
41346
23445
18647
35092
15868
16642
26801
18394
35608
17668
22179
23572
21282
28620
16110
13822
14645
26436
29594
18376
36962
25927
18021
12998
20571
49112
37903
16921
14643
26452
22160
14826
25380
16190
18049
20323
18117
18935
16565
20907
28916
41845
14729
46144
19758
44475
19561
12803
17932
35064
37028
19359
17179
15176
15807
14152
24612
15786
19578
20791
15306
16618
15005
16365
22282
18838
17999
13374
13398
22237
15668
15097
13605
20845
25738
16637
33172
15971
14094
23339
20947
15826
23453
15586
28044
15286
22318
21454
15062
19242
13069
15259
16520
14478
24979
22401
13809
21074
24599
14954
14453
25585
24156
31800
16085
14496
14787
22021
31084
18256
19894
18852
16642
15047
33137
14397
14471
14873
17570
18555
28084
34735
15241
19536
25491
15825
24287
30006
18769
30454
17602
16655
14918
23394
28386
14559
19913
13803
32813
23446
22018
16561
29527
18549
35292
24090
16846
18486
32827
26963
38464
61104
16661
21621
36810
30839
15877
30308
46628
14956
15425
15645
20102
18345
19675
16149
17811
17608
15592
16798
15535
28026
51395
14789
24910
21448
60985
28215
23623
25223
18793
14759
21733
14545
19814
19612
19716
15127
15482
15568
26707
218101
26090
16062
32920
22678
15398
20843
17805
18726
17244
14190
25140
23740
18790
17293
13847
39823
27503
33859
15060
38652
26683
21647
20596
24474
30412
19161
24384
31722
26917
14919
46314
19765
42452
24822
15134
24935
17036
20632
21556
16930
20677
36104
23174
16492
26299
13626
18300
14530
14957
23262
14604
14895
17606
15123
14514
24064
40896
64453
103574
36001
21589
32892
38378
32715
49977
43009
38011
13200
13773
14954
14422
19030
16697
29030
14794
24414
15977
27058
18681
26289
21315
17184
24025
13621
17899
25999
21662
22457
16670
13508
17243
17718
28662
13758
18049
34420
26061
36093
13522
23683
48613
19624
17285
18376
35156
26886
65262
16005
43814
17199
12219
29917
14724
48922
14268
14861
31906
16119
58438
64008
30669
18624
39328
22168
16252
19210
32795
16255
24659
15717
21652
18077
19479
16997
18065
15806
14838
48621
78416
26722
22792
47681
40645
18291
20111
24485
35220
44375
13347
16092
23850
14930
20633
17020
20813
47393
72982
13704
20595
27608
16255
34178
31455
28871
21339
16831
17513
26314
22751
16638
15812
22145
15296
16160
17957
36663
15383
22777
32326
14974
24805
30004
29972
21339
13913
13122
32298
32925
19819
22386
15077
16140
30266
27375
46919
20238
25307
15618
29362
63392
19391
58099
39166
36643
52911
63921
28766
31633
22271
61175
53467
45543
43077
27127
17686
59380
18534
16126
38351
23758
24561
16213
35479
48554
15064
27908
50304
63760
15143
74703
19938
34778
51740
59020
66313
70972
38070
66376
39541
45104
82189
35057
21401
53646
86374
112421
51088
36950
43300
52367
50184
18797
57058
62817
23412
32619
26914
58145
58302
37447
21580
45214
16529
14141
62374
15655
32495
32392
45730
18622
55363
64153
46812
61907
90098
77647
23690
12882
96038
17866
31832
36024
22470
14896
23454
19146
21946
15953
31683
57354
65839
13567
16008
15932
36289
65205
16134
53807
16473
17665
17015
13847
18805
19202
18298
22575
31909
32960
37464
29555
45858
38599
19375
17942
16761
26579
18013
16680
28172
19989
14173
18201
15759
18568
31874
22406
20696
14342
17938
14477
25300
19636
239355
13565
22621
16311
28492
43269
15905
20593
17380
30733
21871
24884
17058
25392
17967
14957
45745
18932
19694
23292
19689
19552
17038
22951
19965
17915
20036
18441
16810
15108
26738
14946
14165
27255
13512
17816
18045
19822
14316
33874
26301
19272
57303
17236
14838
16888
14042
16862
22381
14348
14804
16467
51507
18878
23242
34219
40657
24402
37683
22449
14020
20919
23277
40714
23804
16410
15105
18127
23373
43192
24632
27783
21047
16163
34975
25000
23687
21911
18260
17922
19736
27816
15981
15753
25155
23414
16703
26840
30765
23757
19456
15521
14087
24297
16148
17955
18590
16081
16349
18478
27622
21596
37218
28205
15699
22216
15565
23137
17311
17079
16989
17876
24140
19501
17807
27568
23266
18566
25999
14262
28669
46943
24789
39492
20627
16564
19630
20507
16550
17541
36867
54002
25015
15026
23288
30750
55060
21740
18700
12490
19345
28811
17016
34224
29799
42893
15302
18959
28465
15012
19789
29275
19344
17844
14917
14210
21836
15557
22799
30411
26749
14026
44699
62198
15374
19667
21132
39017
17377
25003
13053
19304
36452
16857
19381
23539
16857
13539
14540
15000
23811
28195
15915
17669
20110
13456
17243
14317
15861
44183
34056
43893
34267
41964
23740
16890
16457
20363
18147
14583
32508
25326
14747
14382
14600
15478
18891
13428
15360
24223
41607
29160
14482
44700
57879
38844
20107
23797
18866
18693
16912
15897
30864
28956
82683
100337
26845
40280
50746
19334
51922
13922
29355
30829
16770
20792
23261
17891
20395
17106
14820
18374
16054
15644
29613
18482
15816
13547
16611
25709
23948
16945
17781
16648
34047
28727
15166
22552
21667
35819
45285
23192
34040
17756
19597
15546
16168
18891
32591
23435
17348
16777
13921
15523
14456
13732
18845
23468
16431
17171
37061
17656
19771
22191
33881
45107
51127
18131
16378
19169
17134
19885
30870
52920
16057
14632
16934
26608
16200
28567
22359
41994
18791
14537
21901
25055
13922
17933
23539
39205
74506
18518
20401
14345
47079
24481
38467
17140
17164
41229
36439
61260
64498
14898
17849
17879
24884
14039
25672
24726
29462
22618
18813
18529
17128
16002
13946
16156
17521
21569
26888
32141
16040
17424
26083
19871
21458
16614
29578
17353
21159
23686
14638
16164
14808
62343
56132
21852
16747
20962
29556
18042
57075
27304
20478
19419
16946
37199
19701
16700
34291
28687
18229
18522
17380
30198
16528
23620
18173
14717
19927
18673
15917
14952
20063
19019
33262
25858
25543
13118
13975
19849
19770
15376
19860
21783
14686
21232
17017
20908
14622
16174
29128
21336
29652
20041
91186
19338
43349
45376
29074
62810
31657
14656
27051
21060
24520
87720
24403
23785
24877
42036
16095
14510
13494
19615
21467
15658
20660
13231
18044
13972
23533
21453
26220
18212
22814
13634
14181
14550
17560
21071
18527
45768
41493
25522
32013
17716
22352
33964
13020
16084
27311
16453
26210
16200
33267
21420
24006
50752
38876
28778
19993
14930
28388
13799
15116
22521
24495
54086
28865
16091
30986
21209
22000
24458
17266
19488
19927
15112
16569
15077
16724
16261
16397
25682
19442
18924
16152
19786
17957
27954
17765
18264
17898
19521
59498
78836
25597
36690
17700
19867
25502
21909
18325
16713
19942
21377
24718
13708
29759
19863
15294
13758
15024
22198
20762
15218
14389
15636
41710
17433
16114
15719
14259
18292
22240
22214
17105
13906
21118
20386
15967
16992
19210
15201
27789
39565
26663
18352
30306
14961
26561
14889
16693
20743
47448
16747
13876
14259
13783
19589
18531
16902
20842
16213
23349
26872
16975
14288
19755
17646
20304
20762
13683
13837
16017
26967
25250
16257
25300
14804
25200
15627
17247
33497
16151
15072
33274
34486
22691
22573
22446
24207
18015
15809
26733
13848
25315
27028
18675
13614
22131
16342
24038
13598
17766
14537
20289
14302
26846
24379
19461
32322
27210
35514
42807
27984
20652
19079
30487
14685
16670
14456
14639
14951
23072
27681
17202
25796
23820
22865
23941
23403
12987
32239
22032
19600
17456
15653
21642
18683
16331
16192
19736
25599
26755
18872
20343
19059
14467
25965
20672
25467
15204
20186
16088
12834
221303
209745
15606
13684
19182
17674
15946
15787
17843
16149
36363
13477
18570
23548
19386
14908
26697
30840
15620
12990
18279
13399
15869
13488
13683
22839
14104
22414
25721
19755
15719
26068
14351
16000
15228
17014
14363
18230
21137
31447
15780
20515
16937
35044
23645
19786
14791
14812
25426
17073
14318
17303
25357
26321
30695
19502
27269
16434
16790
18307
24410
36048
22403
47047
48518
46271
38921
19438
14427
14447
36904
18158
18501
17303
24782
26477
19905
27901
28757
43243
15477
14626
15999
25894
16997
18070
65405
40830
50088
35816
23225
15031
56500
32480
14421
14530
17729
25370
16134
26500
16099
28638
20959
13539
16412
14644
19161
35752
29029
15854
15609
16520
16251
15413
22281
34696
14053
17297
15289
15098
13837
18092
55100
45178
15063
46332
36141
15857
15514
14106
31129
15805
16507
16232
20931
19592
14866
26038
20305
13737
19977
16915
18712
16783
15422
16228
16217
14938
17031
18385
21625
23045
14463
32548
18593
24529
27119
25849
23513
43345
14258
28689
20390
25854
18828
26315
15892
25079
22008
35759
16036
29168
28845
18498
20750
14733
15980
20889
28297
16971
15794
15690
20801
13696
15661
25135
23198
14048
14223
19678
15903
15637
18394
34658
13965
15770
33670
20754
22193
24330
15821
15526
14708
21618
33990
19035
26627
22490
31938
13975
15742
13529
12925
40486
34277
16653
29729
28269
20503
15337
16171
13591
20087
22633
20949
18354
40158
25465
60664
36570
20816
21695
32836
38392
14191
18369
17794
16481
34974
19572
16052
14432
14581
18520
30925
17970
18640
24553
20066
17300
22900
20346
20072
20338
19945
41284
15553
29204
15588
15710
19760
31691
18375
44369
41977
26866
23525
38992
17590
18471
22943
19235
17361
35633
44250
68435
16946
15961
15691
15594
20278
24992
27427
19813
17848
24671
18219
28929
20444
16019
29241
28734
25218
28555
67962
19717
20361
14560
27986
14927
12468
17175
23083
38444
29457
37747
33575
20906
15996
31451
17491
17587
14027
15001
14610
20471
22391
19390
14760
54152
13326
14432
22926
21368
15043
17931
18502
21278
15789
14889
17363
42788
14678
20674
15481
15502
13294
15173
16165
19955
21614
21035
14363
20175
34683
56195
24804
19258
28075
30491
26854
21401
28685
21420
38775
39846
27781
16913
19826
18166
25811
19313
15946
14970
15371
22513
25843
17956
18404
25875
19058
15726
18022
21909
16449
24065
13593
14773
20769
228714
17394
27559
27575
14453
21050
17876
15811
14920
19183
19900
19060
24870
17509
56856
15859
20279
16000
22369
18198
19936
34569
46878
15940
16540
14679
13321
17224
16432
16471
15446
16792
27433
18863
35008
17883
26655
61157
16510
15107
28934
14874
15330
38007
25060
44543
48009
18432
23978
13369
14445
18843
19958
15572
13698
25762
13822
12890
19164
60434
24188
32847
13843
25586
34872
30355
37310
26330
15859
22034
18544
18742
15271
14844
15251
26122
18846
22126
17920
29482
27291
26625
19981
20945
16628
22894
17010
16344
17009
19263
27983
36160
23938
28251
37665
25632
16527
15412
18914
15462
21092
17274
14354
15967
16752
18338
20221
16117
18471
14494
16567
27762
19932
21186
30998
14108
15499
22252
14128
15600
16622
24367
18071
21462
46863
31638
15860
39979
14046
13326
14065
21987
45246
15055
23153
17521
22214
15400
16865
15578
30247
14735
58676
46802
32973
14185
17285
16452
16062
31881
32218
13488
18400
19262
15237
16754
19515
26664
16865
13900
22176
16985
21320
13000
22044
14518
17522
26325
20170
41849
18466
16816
19590
24673
26506
34857
74162
30714
16347
29973
45853
19223
16871
15886
19992
24899
18271
23859
41489
28104
27289
17583
25453
28423
24332
23348
39589
16195
38638
13808
29358
18160
29062
23124
37586
19050
38574
22675
45519
41554
17827
18593
23917
14875
23877
14633
30804
14916
19493
19155
16932
31147
23058
17564
24184
14735
13839
18372
19119
37958
16692
16627
24412
27381
41192
16996
49017
49023
45563
16992
14521
12779
28637
16524
14958
27382
22682
19667
24629
17229
24173
20560
23330
18855
13399
20080
17870
17979
15990
17939
33939
17382
14000
26994
22629
14501
38266
15867
14510
14228
28219
16347
15983
16609
18618
48523
30545
29538
224474
31920
15257
18258
14389
21183
26530
15635
24119
26859
17009
18136
18781
25549
26907
18445
22194
19604
23163
15132
18416
28139
29262
15733
21322
16096
15598
18035
21249
18296
18430
28785
44020
16078
33987
22809
43851
17549
17250
27412
12887
18970
16313
15677
29181
32857
16850
13310
14926
15283
15410
18618
20882
40818
26163
22657
15225
14590
24418
26309
25497
15180
16053
21554
36449
41571
59075
13279
21645
13118
17542
15256
19165
30281
48697
14492
19279
17834
20986
23489
19039
34015
19481
22031
22814
21491
20456
18075
18581
20694
23631
24099
17202
19727
14108
22396
19558
20402
16202
27344
15853
21764
21942
13692
14945
15915
14953
18405
21135
18750
23514
18111
15641
21456
17548
17463
26922
18001
14467
23712
15813
15651
15811
14696
17771
15770
20148
26123
16951
29531
33634
35378
18386
14778
16737
27619
16009
28813
26334
19649
39016
16958
67834
48567
28094
48197
36506
48735
28438
19858
21936
17076
22746
13525
28060
16421
23312
30249
25294
28399
38235
31494
14600
14241
17394
14045
28637
17407
19622
55427
13752
28359
17950
22650
27986
20185
18557
16855
15305
18556
13891
14087
26625
31581
36531
45977
15290
50256
30147
18018
18458
27428
16618
21942
37067
16210
13838
15782
16163
24779
15560
19260
21210
13885
18127
30819
14061
37776
34176
16963
40206
31857
18541
15020
17815
15786
30847
17518
61975
52708
44976
20149
25145
26365
51957
58656
29018
20977
17588
21957
31694
17880
23137
51393
63950
32724
38087
15028
17276
36104
17705
17583
16926
16609
22425
40347
14529
71473
47878
18692
22756
32267
38984
21298
29269
21248
25469
45087
66299
33636
31261
72831
63751
45278
51759
38810
32932
23190
20149
18171
22351
22780
16702
23005
21255
17600
33617
15902
16878
28821
14493
28071
14595
18464
17533
15565
15761
25776
32078
20849
12989
40390
38510
32757
19249
15900
52247
15196
16373
19533
15267
18183
24164
15867
35768
40339
19074
17853
16330
62219
17433
33049
18315
17758
15839
25481
17084
33953
30811
26709
39651
14782
14961
18836
12558
14414
16090
25531
31026
35027
16061
18269
18313
18757
21379
33338
21004
49080
73467
49579
16626
30816
43705
78649
16922
53992
22312
15881
21216
29146
20105
17188
19756
16793
24670
14572
14793
23336
21856
18859
30902
17089
17633
15464
14760
61377
84990
89790
38963
28559
87921
19002
47480
42090
79771
86038
24251
66990
81867
51879
73194
22824
65060
14797
19577
36865
41618
14204
15823
27146
15255
15664
19192
15860
37206
29231
21373
28523
15916
18481
15188
26355
26558
23502
18525
14923
14742
42121
19638
15546
15288
31682
14952
16228
13958
20802
29732
23222
21182
34021
25657
42848
60087
33565
60821
43942
29897
21579
29921
43513
52926
17604
22929
19028
17302
20126
18186
21879
37382
19059
19931
17023
16823
19992
15965
64289
19435
19744
82096
75824
34286
17157
49365
56946
38380
98475
68802
54535
30429
40371
38895
17194
83536
17699
54741
26373
30073
33719
19460
18924
13537
54332
46746
43503
66611
18618
25898
16684
42768
31955
26308
12801
16542
21186
24837
28798
23973
56355
56682
16214
15588
24219
15209
14697
26430
19481
43724
16789
24312
52268
13380
17932
14512
16873
20406
17501
14809
25043
16564
19219
15713
16441
15864
16003
17169
14326
17239
20419
42173
17445
28620
13502
23361
19452
24818
26056
16337
18768
27263
38461
14712
15832
24393
18145
29509
20849
13908
20904
29672
13978
13465
15260
26249
23751
224205
55984
223413
207497
17889
29463
16948
14102
25537
19277
18270
36571
27177
16779
13514
13901
23812
14765
27977
19959
38683
62257
48045
19433
33052
28998
41780
15545
13340
22226
23703
32552
17098
17716
26687
18973
23905
20635
16610
19409
41859
14404
21145
69112
27970
19513
18657
29598
46241
32470
23032
20460
16989
24946
17900
15112
15242
17271
38519
17172
13176
34351
33977
13873
16364
24714
22007
31616
15769
17778
16794
15479
28252
31738
22163
18992
23625
20240
19259
38475
20679
19609
42793
14996
12138
13540
25749
19134
15175
28890
33902
15033
18532
17066
20409
13674
31530
43846
77100
81318
16021
20074
16918
34905
19742
69344
14851
26258
30397
15741
54293
26546
17467
19568
25276
22710
41689
18694
23203
40140
18383
18575
20518
15391
16623
24333
25434
25843
44293
15840
18946
20807
24238
21495
67054
72792
21590
42479
15501
15407
14798
18875
18358
14743
17688
27065
34211
15614
25997
15012
14890
15995
20154
18754
25858
27549
27284
23300
18156
17230
15271
14660
17108
16664
28555
33373
21642
18210
19115
15192
17322
16651
15775
23101
16592
18589
20810
18189
20425
18800
17370
17973
26536
17475
28896
25305
14344
228677
22760
39026
22418
23535
26309
33856
31490
16008
15125
17910
17685
30122
19941
16760
13673
15980
15001
15494
17276
15106
22013
22450
15468
14310
18198
22055
16933
14511
13893
22537
40147
15053
16762
16361
19682
20983
29719
18243
19595
16195
19524
18087
16709
14015
17932
17591
20491
29019
17976
16058
15841
25686
13658
14997
17139
25075
15652
25877
19423
16582
21696
16155
14961
26808
17154
31760
77370
29709
20216
20625
31005
19439
29964
42255
12726
30279
14079
14161
14265
15012
15009
14529
65886
14172
29100
41377
44933
34245
14875
14625
24855
14442
24406
14592
17230
14835
19631
13949
32353
33850
18300
57216
14822
17163
14081
13693
26582
16537
20098
31677
25595
22310
17139
22525
30223
65297
45718
45756
47804
30513
43546
31838
54029
21502
53121
16735
15819
20966
24958
27020
19768
35099
15681
16287
16172
15504
20511
16067
15001
15311
22695
18274
15551
16699
40892
16403
24162
37734
33383
16466
21918
17094
15112
57611
27229
17180
26463
29273
14536
15302
24962
22468
18415
17938
17813
32341
46584
31708
57102
28921
15787
18246
33851
16620
24593
31915
16271
14680
12623
16175
29102
27496
39002
35338
28021
21394
15979
16741
19716
41537
22508
18343
28704
17943
30069
17611
14334
35673
18652
40678
21767
14239
25575
13321
17935
15563
16137
31628
42272
17797
21910
19327
17988
22351
16210
34193
19450
16621
48731
21075
38953
16330
229057
24346
17050
14414
48482
17269
19005
21009
52155
15651
19506
17782
18818
21460
18102
17901
42023
24364
18731
13384
21567
20890
20135
18268
18575
21054
18024
33337
20787
13814
14015
17212
16578
25969
15411
23479
20188
15648
15585
13655
25335
22127
16472
14985
13917
32672
35739
23765
16333
22107
19121
15769
15575
18986
20198
16566
33699
17711
21607
17574
20117
15634
25834
14665
15763
16095
20982
16791
21113
27902
17628
22193
12015
15115
54741
18538
17322
16483
49760
17796
27945
18053
17595
27722
30895
18210
28256
23941
36745
15005
17426
39177
36306
27655
15145
21038
15193
16071
69770
13897
63017
38117
27703
49289
17291
15591
15473
16660
23493
24491
22711
32865
17114
21702
16021
19891
24044
31034
21923
21868
18894
19439
14399
24709
41231
18111
13534
14558
15723
14654
17664
22290
23829
15050
17133
27441
34948
37934
30117
33127
15857
23515
22396
21855
23698
16717
19911
15291
38985
34307
24987
17272
23257
35575
44784
68663
34898
15024
18489
22000
15070
18988
14939
31637
15185
46487
16912
16393
16274
20784
18909
16134
15422
14359
16938
17476
19831
14179
20048
27348
16287
16646
13488
15698
16981
19136
19153
15807
18021
14050
21196
23840
15478
29743
16609
28455
26875
22192
23785
20110
21068
14530
23475
13794
26712
14690
27493
18233
17931
23284
28844
28301
42808
23195
18265
34742
19636
16394
37299
21698
19555
14110
18852
22468
19769
18199
51332
46028
19187
41487
21275
18024
19874
18679
22833
14619
23777
26505
15118
19826
37620
16756
19565
16708
14030
16879
17132
15911
15619
16535
18740
23777
24898
29366
21182
25945
29895
16540
34997
22105
16298
21228
16281
15914
21550
20433
17474
18601
20192
57635
18221
28469
19752
15673
16060
15812
18369
16925
14629
14363
15696
18101
18439
31154
14485
31538
17756
22368
28578
13371
17014
31003
20698
20674
17152
29923
34178
21191
15038
22357
14145
16728
27406
17589
30314
16834
17179
25043
30472
22166
19618
34664
21098
29255
19336
19037
15649
18946
24173
28719
19676
13213
20950
25848
29834
14076
18672
18006
31528
71369
32792
63774
33108
20554
19310
16317
18493
27821
20812
14862
18784
15119
17225
52997
23132
14437
16981
14215
29109
21991
19243
17913
12874
20115
18381
15497
16774
14116
19724
14315
22535
21283
24800
39862
19733
13662
22143
18991
18610
14872
19267
40780
20113
39574
63185
18898
18920
17536
13601
17810
24974
23618
21096
19715
17281
37301
38150
25254
17296
18864
21329
18801
25171
21290
17378
15681
19750
15671
14343
29092
16721
15048
22989
16438
35404
17062
20644
17125
16644
25128
21850
36772
17528
16389
16002
14680
18533
28905
12444
20568
32152
20210
26231
14762
32456
28171
48901
14087
15690
17732
13977
22423
16843
26552
25035
16664
35132
20614
14486
15987
21890
29256
18793
13991
18318
14120
12760
18386
17409
30406
14452
13977
25761
21496
18878
15797
15522
15637
15328
13113
17275
14460
17355
20791
14848
18068
14908
17065
20424
18959
63799
16974
16907
70893
35896
14199
23414
15794
16348
16741
22844
14344
13040
13542
32807
14179
27545
16836
55610
47470
15985
32246
17421
19847
225596
223195
193525
21956
13567
14995
30122
15701
15899
15612
23372
14714
17867
19854
19245
48160
16521
33734
14553
16185
64887
42659
52865
30326
18421
57690
81611
47967
62516
58634
17577
18992
18338
17986
65733
66384
95732
70536
75631
38118
68276
82900
44063
34767
47618
18712
26095
49785
37753
31851
13788
60567
45156
14583
32196
33214
54641
19806
17425
38885
93509
37682
50574
49417
56952
101004
116542
14663
35032
65424
19989
23087
38462
46143
54385
142286
163290
108294
118625
35784
18564
38921
31748
19108
31493
28301
77395
102771
59769
56164
23211
32773
76291
15584
24191
65470
122020
72305
75902
15566
18731
16325
26707
15832
17206
16043
19554
12748
48840
15252
22437
103315
123458
31003
19065
22949
19276
25320
14974
15627
15877
19105
14637
14508
29889
35888
30343
14906
19311
13983
16301
17633
15138
35537
24103
24048
14904
15547
18769
22165
21257
21704
25476
20502
16979
18056
24188
21722
17612
16539
19530
21892
17240
19658
45812
30892
14078
15745
20927
16775
18516
14560
21825
36162
16033
15350
27302
16843
14749
15125
30714
16604
31141
23431
33949
18163
17058
21417
23650
13961
35655
25094
15493
17356
15388
17801
13360
20680
20825
16639
16343
21947
19339
23025
14456
15723
35824
29255
18531
62074
49642
67745
48009
123232
32375
56444
80894
51071
107870
35069
62767
66021
174045
71084
66859
30227
67259
27481
22447
61415
66882
30155
61797
70332
61786
37658
67326
129215
61155
32797
54188
55185
74867
65145
65911
28932
26690
39367
13594
13715
26266
15686
43211
17544
55406
57428
18383
39983
14126
22770
15715
14971
22124
28382
71981
15175
27698
25646
17688
15354
17057
22500
16390
34475
35035
22615
19630
19235
25944
19306
28232
16649
16085
27199
12903
33872
17984
19636
26791
17380
26398
25137
20556
31610
16490
33252
18217
21464
17246
16688
21907
13979
19544
16204
18244
16602
27208
16040
32722
14315
38833
14323
24715
18324
16316
25635
30089
38426
18350
16139
17528
22339
15406
25131
13131
14589
17611
14736
13436
30143
17555
16069
14373
15538
13595
15045
15600
14211
14702
13642
15678
14706
13544
28436
15820
13716
16345
14530
14519
19348
15612
23826
27887
16713
14949
19642
18101
17312
20858
15636
32038
24197
15228
15569
31213
44547
40443
17940
15145
34127
14623
18712
18510
18751
17834
21857
16389
26752
52283
14294
19969
13212
18121
14825
15360
18161
16200
18935
15390
17991
17781
53860
17256
41349
24414
69620
40339
28148
47431
15978
18046
69052
17067
13945
23978
16897
16804
19820
27107
21890
23866
25676
24990
44794
14364
22378
14422
26295
22125
21424
22703
16420
18867
18543
26698
23908
16183
24201
16390
23422
42698
21213
17074
19006
16652
13667
25026
18895
19539
19073
15155
30402
16730
30484
15484
34675
30664
46483
48933
21449
18525
24495
15494
14204
14659
18045
15413
14232
15823
15011
14067
29358
30695
14875
13664
16729
15245
18843
19043
22877
17011
14662
18182
14845
14482
20759
27340
16516
13941
30911
17498
18687
31510
36066
15013
20964
14862
62771
16565
30906
19066
16023
19601
14789
27285
42598
41372
44366
20306
38632
15178
20899
16106
22873
22471
23631
24929
20081
16168
66542
24736
21754
14477
20992
14876
12844
18423
16781
46192
24887
17380
15835
16067
21688
17134
38695
22648
23635
31393
24988
36776
22573
19034
42651
23037
14769
18806
17211
17789
17064
66657
77949
29104
16069
15351
27051
27693
22135
40381
20045
19380
19454
13560
227615
170097
22824
21960
1046850
982286
749090
638096
200474
22966
13823
16036
37318
41041
24878
15040
17125
22092
14899
18257
17646
17706
23522
27576
16520
19337
14458
32196
28924
14400
17803
25214
15402
17122
24354
19265
19800
28675
38177
31521
36427
24623
22252
14087
15098
22405
17926
25461
26596
26431
34257
63248
39377
29456
18088
14782
32967
13891
32428
28994
13289
24120
15846
15897
16680
15145
43494
28350
27430
22188
14373
17833
12513
21205
17282
22981
21880
20975
28033
78110
20583
27826
17287
27983
21059
14856
26259
17506
18337
25425
13771
16544
13249
15883
19036
21637
13979
21698
22372
12877
17886
22765
17532
14096
18267
16634
13365
36534
19021
21096
18543
14524
19233
26497
14164
16557
20727
16066
16557
16369
30081
17541
16693
15324
16644
20229
21926
21989
27945
13015
18556
49205
25214
24618
14968
19206
30533
19187
18968
21952
28834
22684
28689
13988
16329
16451
17811
16017
19177
30472
13281
15313
23865
28830
19674
17896
21700
20980
16384
19183
20076
15955
31315
27302
46339
17004
22196
17771
21513
17630
23512
13793
34681
23816
29071
15083
16482
23300
31053
17586
19342
20271
30975
16936
19858
29422
15778
17557
17524
15970
18061
40515
17063
16955
15911
17790
16996
25475
16642
16578
15033
18612
31341
17800
13560
18648
15684
19641
19419
16056
17575
41300
14435
17333
22326
15098
14615
56102
21259
49955
26618
15363
16852
15553
21672
15695
17479
24557
24303
15727
22924
14512
16330
14554
14624
41166
19283
17494
17361
13458
13619
14322
18557
17670
19710
21380
16431
18540
69256
72277
29802
14704
17077
18415
13953
20040
22252
14618
17837
28778
15698
17599
16067
22971
19080
33891
17767
30734
18318
14846
14555
24358
17017
31356
21386
16572
16355
16983
20234
15826
17745
16618
19909
21027
18276
23771
16794
23357
40328
30829
21849
16466
23865
18650
25292
23832
15241
15414
20102
27351
18788
18376
19711
18711
26019
50062
14413
13844
16075
21690
34620
12890
14671
39329
46616
14839
23714
20668
15118
21181
20709
18041
15295
17312
52004
30718
26656
20520
17273
26075
16857
15681
15047
28060
19354
17781
15546
26328
37152
51251
32994
30324
35288
14406
46687
35934
40072
15243
49288
21173
19701
15352
18002
23729
18235
22476
20936
23412
14399
35538
15238
18687
30285
32820
18708
14723
24256
57480
14748
21454
19723
17574
14367
19080
30272
16721
16510
47242
18938
19719
18266
17630
14784
17275
20259
20866
15049
23700
23738
18035
23846
14825
22861
48412
59632
36910
17660
13045
14445
20039
20257
22707
30059
32731
21135
17274
17930
28748
28735
14815
23928
15312
40773
15056
15345
15593
15486
16919
16190
12866
14274
18107
20684
15510
15635
16191
15550
15740
20214
14428
21884
25325
38974
38082
16330
17404
16883
16725
27397
17380
25469
22900
16216
19131
15907
18878
13407
12384
16606
19689
15993
26274
15121
16426
13526
16259
22829
42824
58241
17405
16757
17566
30564
17048
23877
15593
32240
19561
17600
16187
15938
15135
27841
35204
17142
13938
37631
40703
16455
14787
24993
19543
27106
20297
15226
15221
28834
16036
16371
15062
14597
21367
15635
13696
15757
26638
20433
28245
16702
18647
24305
20039
15512
37640
16241
34660
35372
28041
15552
20464
39183
17002
23516
21497
14203
17193
21257
19191
36157
19814
19271
26244
16937
13287
21770
21482
20217
16124
16871
22360
13257
19271
23859
12549
18233
45826
18502
14712
14986
26730
46707
34954
47445
38741
19909
23121
24975
19345
17999
20021
15778
28276
21779
22882
17148
17822
13630
19113
19861
16038
14241
22618
28141
54995
39949
23965
44903
18266
26895
26011
24185
37068
17464
14669
15944
15013
21694
20601
15081
17487
17617
14648
20067
17905
42768
15059
18022
31212
13964
15870
16795
30717
26706
14783
15233
21541
21199
16314
15798
16458
15953
18839
15207
23169
52128
16160
24919
15494
21010
40563
15867
15011
24753
16382
33130
26638
19700
43554
16065
26400
16692
16053
13658
21362
21438
18437
14911
40955
31716
25629
14520
20558
14925
19259
14967
30170
18049
17109
21777
19604
16611
16409
30540
13557
18376
12450
14589
15378
19634
16842
30641
15693
15533
34684
92756
20061
15284
33688
28222
17099
44730
20118
22322
16978
18284
16419
28478
15125
21790
21454
17656
38647
17894
19995
19176
28142
21267
24678
22147
33627
20613
18850
46545
15501
15486
31996
21425
18212
13598
13247
16990
19778
35561
21424
23394
16001
21470
34104
18445
21129
44577
34729
36768
13821
14504
20568
23053
30199
23569
21057
27008
17574
19599
35601
18319
27353
13764
24282
21818
29354
20875
19398
19116
18425
22557
18655
25502
14678
15733
38726
19022
26859
31432
24252
18665
18894
20515
26001
25667
20159
18100
19764
23684
51832
42757
42132
39901
14462
19531
17099
19581
24280
16059
16844
26029
21377
14477
20119
24301
25281
14627
25392
24539
15859
17531
14361
16871
22220
35267
48268
25849
17954
25131
24624
22393
32745
16279
14163
21379
14214
14956
13307
16966
20682
38016
23450
17520
23722
26733
16251
46476
26000
21896
17587
14639
19684
23378
48640
53749
14751
17322
19693
24631
15830
16381
26636
30904
41074
15340
26420
22388
22605
62168
15839
13966
14604
20810
18530
15769
16011
25569
33485
13850
51047
24369
17996
22540
15256
17462
14911
15385
15046
27255
14319
24669
17653
16633
23761
16582
45188
61300
14795
14322
16767
19119
18624
20516
16383
20516
25676
13026
17150
16693
26289
32125
23164
24051
28607
19586
22396
20693
27444
37560
22454
17621
28174
28032
27409
44275
15949
32938
17573
17859
18863
20165
16789
27465
17199
26009
15949
26209
17837
12881
15839
20555
18688
23510
16558
14153
38360
20024
21277
23309
23657
23838
22216
14610
22029
34648
57473
15652
16293
19768
37759
97056
150186
35309
42208
49017
22289
57619
23698
37585
26961
28395
19131
16970
16381
17901
26906
29170
60317
28890
131193
18205
28205
18857
41155
14670
25433
30027
16909
27185
16377
61436
24853
15177
16575
30927
35275
24865
15371
51343
17338
16074
22301
12705
26188
20855
18619
23043
17664
16156
17386
21360
54197
20390
38096
14789
16923
26186
15205
24620
53245
20429
13166
21467
23545
15104
21195
19314
24940
20159
25434
