18377
16344
13794
19141
15807
15957
17813
20978
17322
20455
14840
17580
15651
20160
14373
15168
24642
14805
15518
16211
14500
14254
22529
26611
33888
18392
20228
28861
14956
14827
27856
19911
16333
24333
15747
25589
15436
16590
21967
21372
15267
27473
18999
15535
33453
19600
18460
15173
16253
18616
21216
20099
15089
21703
15261
14296
17740
18824
21442
15324
16876
26286
43432
16440
19037
17070
27337
23757
17343
18352
18775
15439
19765
18239
17538
18871
16062
16084
19250
30805
18132
21021
17063
15722
18868
23495
22974
18366
30596
12790
27285
15443
15194
16912
16152
16583
13212
20898
16173
15961
24835
21852
14328
13617
15037
16936
19343
15430
17205
14098
22792
13165
38622
18741
28506
16404
13415
29497
18181
15112
15033
16665
19110
14738
16877
14891
20791
20988
24828
13851
16593
14698
17451
19875
23471
14307
18285
14620
26785
17856
16700
25018
17314
13332
22732
20089
19541
30432
14594
14742
16935
27635
16229
14403
21460
13486
19632
21755
15838
23400
16314
16060
16475
18519
20261
21487
27303
15768
25582
16131
15452
18015
17253
18314
27225
19080
15445
22579
18302
20051
16047
18081
23421
16851
22433
15183
20307
12252
13279
13676
19146
16206
13689
14788
16763
22669
26879
17554
28261
21134
18228
12961
14042
15955
12862
19089
18356
15162
19210
29277
24180
14496
18329
15508
20310
16653
19419
17584
20734
17788
17742
18889
20172
22122
35968
39517
15488
16719
17607
16072
15283
13284
52122
18076
18765
14319
28757
15196
22942
14207
18025
16226
16651
18258
14258
12785
18384
12945
17572
15372
16243
30524
22524
19679
16308
17781
17658
15030
30254
14820
17591
27522
15494
23633
14985
14268
23873
23722
25510
27430
25199
21984
15693
18478
23787
24734
18131
17945
17905
14479
17841
27648
13002
20554
15431
16846
14127
17474
18502
14393
15251
17584
14631
17931
41094
14370
17112
23443
27785
15298
19848
16425
13877
18547
12519
22433
19683
13738
19010
20258
16267
16928
26283
15714
20506
15736
24784
15145
24603
27091
15982
17267
17313
14863
20668
13892
14321
13360
19444
22706
14937
20981
33074
20975
13537
14279
15634
15596
14127
14491
14081
38760
24613
30496
23482
22423
37308
28116
15913
19829
14941
13989
15049
18006
15453
14774
17429
29931
17760
15536
41646
15471
23636
13788
21520
15347
14168
12098
19198
18021
22126
13095
22292
14307
13796
17380
13789
24059
13103
22061
17903
39567
20825
15505
19797
23706
17311
16504
14624
20403
18229
12552
15411
16986
23448
27520
14260
19612
13211
20488
16045
25947
15189
16434
29914
14547
16267
13956
17019
15455
26102
18271
18929
16439
16203
17844
16721
17523
25190
17712
14549
19277
14493
14792
18472
31834
22626
17992
25318
17395
14861
13274
19698
15705
14291
13686
16025
25350
21358
21443
18457
15869
23436
15657
19433
26786
17930
24715
21064
16697
29296
22586
31486
18382
12028
18462
33356
28259
14270
16446
15401
15150
17653
21011
15229
15130
12837
17717
13741
14445
20129
16887
18032
16506
21594
14984
23553
14288
14981
31585
15944
17126
17238
14395
14726
18146
17512
22497
16882
13762
22698
24030
19554
21764
13956
15532
18406
19943
31330
18631
16732
13476
15751
14958
15317
20019
14328
16899
20071
36989
17565
16555
14693
17061
27150
14170
45518
17249
27970
14063
28218
19982
14938
14338
18577
14580
14079
12584
23911
22965
20537
19079
22427
18629
16355
22830
17308
18618
14141
18959
26449
14555
15682
18898
16303
16663
25429
13629
16344
18103
18695
22188
15805
15786
15515
29902
18297
16796
14557
18914
25401
19389
25254
14545
15307
31846
15375
17866
14682
11999
20959
16618
13690
18576
37190
19790
18553
27519
18786
44943
14770
16402
22122
15395
14189
16953
18630
18971
21339
26440
14523
16527
23347
19222
18183
13518
21151
17464
16301
14668
17316
17971
28032
24486
13967
19607
13837
18243
13095
13797
13121
13210
18275
13155
19729
13095
18924
15148
22003
25970
21208
23005
16987
14867
14502
14056
20505
13807
16214
14462
23042
14150
31514
20872
21423
15215
16304
14532
15215
12691
12838
22116
15865
23793
18308
14923
15978
14068
17599
14878
19105
17436
18828
14144
28150
26503
14417
24614
15144
17140
18190
15900
27340
15469
18405
17773
28611
17450
34612
14193
17203
21173
16014
16798
15869
17678
14531
13651
17126
19053
22563
17727
17057
18961
14938
37331
13232
21560
15159
20351
17337
14145
13512
18617
14352
12836
14758
15281
21019
13472
16304
15574
14160
18649
21020
17401
16816
21837
12706
14508
13765
18014
17527
13501
13899
18757
17650
17555
18511
19012
18041
20442
15740
13919
17453
15068
15125
20426
14258
14037
18331
14045
16662
15375
16088
17209
14330
17818
22365
14349
24975
27648
15231
14901
30915
30402
29567
26077
15608
20578
28102
18948
15314
16670
22407
20823
15348
18560
19170
28668
17719
15995
23429
27292
17955
16666
14323
20244
15817
17133
18284
16650
24489
19531
23298
13007
27724
18217
34664
14722
13798
41650
20179
17784
17216
14134
14612
25782
28689
15669
13558
20665
14619
26256
28966
20760
14626
17454
17644
18172
22789
16762
13561
22764
36125
14078
17071
17246
12998
18880
21609
14948
17223
15160
14111
11172
24394
20895
18608
13418
25108
14788
18734
14663
14815
12223
18461
34183
13750
21121
18316
16612
14776
20051
27674
18367
15943
18446
17508
15354
16550
15362
23090
15323
20797
20023
15903
15861
12872
19176
16147
29406
18425
13846
22630
23612
16298
44820
14229
16461
15642
15652
16256
32427
41587
17147
15757
17402
30264
16501
21149
21581
17159
13862
51706
58910
14249
24554
18852
16473
14463
14565
15496
21096
13409
18035
19274
15063
18790
36154
18791
16618
14790
14614
16256
18014
19506
27170
26484
14384
18956
26748
14987
13392
19309
26619
25107
16909
20489
18343
16089
13919
18655
31204
14978
15948
27820
42266
18308
15453
14133
13829
14411
17642
14225
14443
15342
24942
13917
26537
16190
21706
14314
15703
14733
17560
14060
25410
15080
14424
16773
30567
17453
14751
14483
19188
17588
23890
17695
19939
14267
14894
17150
14687
35204
16280
13788
16812
17773
21481
13905
26345
21247
48840
15021
24873
21362
14717
20821
19080
22913
15675
33644
22660
19236
14268
17430
18016
18829
20427
19152
14301
14358
15742
15303
28666
39017
30319
16932
23037
13164
16253
16972
15333
13810
18799
20370
15968
18619
17085
17762
13989
14181
19394
13511
41284
14538
20573
15851
25357
16348
22327
16684
17590
32776
19234
17522
14258
20347
21640
21555
14131
21982
24910
14675
15991
16702
17470
18141
13786
14776
18709
18310
19624
14305
15650
18763
13934
21005
21163
17549
25046
19579
15008
14183
23236
22781
15471
14444
21634
25255
14937
15595
21502
22437
18748
15983
14162
18898
16770
15118
14261
18277
14371
16311
17281
32011
16098
14583
16494
17061
36737
14410
14641
16038
16560
23318
26549
15185
16435
31486
44974
21829
23613
17600
16448
20004
40779
15220
17825
19328
15673
23652
13759
46570
18426
21743
15193
18423
18364
21490
13563
15057
24415
23114
16042
16204
37496
13964
34452
17183
15848
14420
14377
16307
17026
20740
27085
19816
19160
15674
25071
14511
16177
15417
18884
26829
13474
17172
16755
15039
21311
23403
16534
15263
19814
14852
24339
22993
16331
15071
20236
14998
14510
14224
15383
18543
19646
26905
16974
17994
19512
17619
15184
14496
14549
34798
42384
21681
15398
16876
15613
42579
36111
19642
15777
15512
18976
18362
36237
17206
24192
15133
17226
16738
15218
14111
19795
22324
15046
21760
20302
16405
15052
14179
16641
14857
15939
22449
15191
15531
14106
15009
15159
26523
14333
14039
15602
18859
17110
17621
15785
21802
16076
14923
15008
15133
20314
19683
24588
19380
14340
22264
22321
14991
30899
23135
15588
14581
18074
31488
47773
28644
15843
27003
21634
15080
14767
24280
16517
26354
15710
21791
39720
17808
24398
17074
39962
17414
21864
14929
18289
16363
19295
16769
20873
16873
19319
14750
12708
17331
14221
16132
19516
16379
16137
17689
23412
17521
46929
14139
14487
14223
16769
17058
16145
18302
22181
19412
16039
15099
17389
22631
15376
13732
18609
34994
22574
18375
17625
13781
30186
26020
16388
17059
51873
15890
20206
15311
15645
16185
17249
14896
35595
17768
20525
16538
24139
29801
13587
12898
12985
15242
16038
13142
13746
21117
21213
17282
17213
14232
14744
20369
15068
18592
13141
15085
15176
14456
22031
13082
21991
15931
18019
15116
15710
16502
14850
14935
15228
24263
26832
24895
19453
18665
13196
15052
27581
15057
16543
14431
12959
13596
13565
16671
13173
16808
18674
16818
14441
15645
36973
22004
19775
26388
19646
14957
23433
37415
12812
22291
15409
26726
13881
18967
15820
33859
36057
15912
19260
13655
19898
20899
21079
16248
29678
16665
13300
30897
16331
16959
13968
15607
14051
28693
16021
15940
25709
13832
18715
16740
21674
16592
22301
13918
25960
16512
17058
14879
17182
26888
19271
17292
26261
15753
16940
17904
14952
13639
19539
13495
29326
16055
20846
20112
15187
16815
14798
14741
16951
17155
15437
15656
22315
18700
14862
15686
28779
16125
18706
29535
41222
20826
14791
14013
33461
43515
16069
18838
12085
18810
45987
17753
19159
23042
15176
14962
16830
16832
26066
20022
16773
16026
22656
25353
13460
17533
21764
17222
13855
21091
14801
22178
13415
20331
17430
15802
24894
25207
19054
14713
31613
23858
25688
15577
18115
21562
19124
16621
16081
14224
25086
19705
35438
21105
15018
17665
13894
18218
16628
15721
12504
20171
13383
17549
29152
21898
21003
15673
13387
28499
22174
16648
20149
14055
15373
27544
19418
16355
15481
15821
14641
15237
20955
19217
17787
14027
18390
15233
23641
25194
15559
14733
20844
17875
22447
16049
20641
18582
14575
18111
23411
21383
34741
18969
32863
22331
24771
27771
19103
19843
14646
15868
17137
19118
15518
14761
17218
15390
38707
17877
19319
46004
24694
16398
16448
15073
17761
34336
23411
19482
13655
16073
18471
17275
35517
23149
19184
13526
17241
21077
18434
14799
14870
15704
16071
16603
19337
18931
13718
39595
19545
21682
13645
18408
13777
18981
16100
14729
18956
32255
30500
17967
23726
14451
20494
16995
22227
13599
18490
18630
15226
20684
13021
20203
32308
17642
15756
22030
20267
18541
14492
21109
16817
27868
20089
32590
45368
17572
24703
34090
15686
23926
18925
12849
14432
15702
23646
24072
15651
16057
14109
17556
14611
14888
23696
19273
13673
19995
17662
13772
14700
28144
16095
16542
14572
29594
13418
21864
14593
20432
14841
21162
17947
14978
27638
17702
15724
29566
22828
17826
37946
15888
40795
43146
14852
24692
14294
12956
17763
23343
21726
14615
24997
33096
18341
27182
15869
14869
19901
13295
22392
15755
14917
13967
16009
14232
16620
15169
16058
18023
21015
22360
18650
15309
14409
16074
36777
20302
16872
21401
26304
26274
14689
13580
16556
13731
29971
15226
15729
12964
16603
14788
13522
22360
15136
21964
14959
19600
17303
15400
20693
30303
26787
14458
19275
15688
13945
19984
12549
14757
16045
41599
14095
18857
15585
29517
32386
19983
13110
18874
23149
18022
27956
14372
21180
27064
28499
19025
17653
19229
15530
20555
14751
15178
18074
13872
14016
27482
17635
13686
20081
23589
16704
20215
16190
13637
15798
22024
22816
14767
23089
13732
13438
13177
25519
15652
14678
15774
21417
16368
18362
33501
14486
17111
19156
16708
15773
16803
17908
34003
16206
23315
11641
37283
20836
20101
16873
38153
22280
21556
13514
25223
17117
13715
21656
28379
16656
27822
39786
14991
15738
24966
16832
13569
14760
20142
14509
15797
15152
29415
39476
14471
18176
34628
27743
29662
17567
14994
15136
19011
18017
15128
21959
24018
13201
16760
16853
23002
24955
16274
17451
26602
17079
15185
14783
14865
16844
18163
15954
15686
14598
16622
17834
13358
25765
24986
19496
18765
20242
20766
16834
13962
21261
23714
15217
14593
16440
14850
16352
12400
19988
23089
38446
50181
19846
15344
15842
15334
14201
23781
17159
24424
16460
17819
13961
25840
13365
23825
15302
22350
22044
16247
19497
30962
17308
16065
21867
14995
24136
17423
20787
19772
13878
17839
14297
18434
13000
18142
24025
13765
18294
20427
19290
17444
21502
21987
22328
20930
15561
18426
16153
15480
17012
13435
25495
25068
30074
23995
14818
19118
21150
27622
17449
41073
25488
17743
18127
42717
30916
17261
13509
14116
16841
17315
21491
14484
13987
13244
21066
28141
13956
13673
16837
14877
28908
19111
21471
15696
19561
31245
16564
18183
22707
29566
14545
14726
16088
17439
31065
17543
32388
17091
18307
13815
16110
15816
27657
15443
15375
31430
18964
15620
14128
19445
16558
13529
17896
15974
18750
21026
17961
17550
18715
15099
16202
23216
16533
15900
18752
47717
17916
14955
16475
23784
19321
24178
32648
17484
29402
13561
41447
13488
29120
20210
33912
22205
19747
20168
28021
21862
16263
43902
17783
19819
17989
13594
16235
30435
14497
14564
16643
16280
26318
21891
36804
24779
15804
19333
13947
14833
17694
19513
15559
20545
19136
21375
24604
17031
21502
20462
14245
15578
15966
22904
23727
16788
41514
47072
28254
33004
14745
16099
20283
15444
18229
26238
16001
14381
20885
24752
14338
19892
17875
14331
18291
18904
16441
14259
13766
14958
17049
23866
28228
27716
17780
27396
20376
27243
39159
16283
14735
17750
14749
15380
15967
28624
14651
20371
35322
15268
23053
26535
13977
17621
28462
16949
16270
14667
21176
13351
16820
22338
21814
15107
16382
16166
15210
28997
40225
17178
14304
13631
14969
15288
15010
17768
14061
15918
18645
24682
25471
15999
16912
24416
15577
14761
15042
20730
18638
17446
14066
18343
20096
15952
16159
21132
14401
20931
32247
15436
14622
21681
17629
31153
15499
16114
13179
14838
19806
15030
23783
20690
25892
21174
17131
33559
18383
19506
16747
16941
24326
16371
14797
15374
15534
26497
18717
17465
16335
16054
18233
16587
19430
13811
24205
14868
30650
19582
17926
14192
17919
19413
19858
20476
17074
15049
18442
20774
13390
15045
15747
15797
21291
16349
24547
20525
39132
18083
17433
23721
18427
14633
14145
15926
19800
18862
15927
14367
19706
14614
20452
15472
28755
15515
17180
37832
73680
21313
17372
15743
24209
21665
16074
15143
17520
13991
16537
16136
16490
22165
22011
36373
14799
16898
22541
15585
21945
19893
21921
18930
14331
42465
14672
20580
16859
20988
17502
14688
14304
14459
18896
14477
16700
13796
23140
18528
16929
18296
20304
39284
20213
24078
16341
14581
23899
21456
17620
12844
14351
22556
13979
13893
14016
15112
27907
17050
19886
17511
19828
13696
14361
20251
16761
14722
14426
20037
14767
15395
14692
19823
14521
15013
15208
15016
15556
20630
15978
16478
14409
25839
22100
21562
14254
17898
16916
14233
18808
16852
18330
17395
15895
21833
19999
29479
14401
21622
13734
13987
13685
19247
13549
18447
34367
16175
16492
14116
18612
21764
51809
17990
14640
15324
14518
14430
16636
14574
17055
13939
21149
15806
13242
13486
17371
22974
15644
16914
27763
14965
18142
20684
14307
18695
19620
16511
18728
18526
18992
16937
21450
30089
15603
15730
13884
14611
14995
19258
16618
16959
31431
16762
22243
15472
26968
20544
14808
21371
14968
18464
14979
18250
22686
21300
24057
14935
17535
18997
15210
21705
17060
19169
29518
20285
14741
14493
16028
14860
23614
20417
18383
14567
18650
14602
39509
28060
32445
17657
17731
14156
27560
18076
21837
27999
17221
22009
17332
27342
27566
45095
45271
17576
21892
20011
12982
21538
15587
15637
20649
22123
15409
32238
17538
25376
14124
18097
19238
14627
16415
17421
25554
14329
16071
16273
16301
15506
21237
14501
18465
14259
25073
16352
15503
19688
14869
14706
15811
14154
17244
23075
18964
17148
24906
21440
27873
13630
15883
16059
18213
20473
14041
20158
19909
19100
18043
28289
29482
15918
14314
19377
16599
15995
18999
14409
18837
19312
19519
17770
15892
20314
16203
15187
15820
16656
13902
19461
18061
34679
33756
21289
16222
16569
17345
15882
16809
16012
15748
17106
17955
16994
15011
13768
19389
17998
17024
14922
17705
14364
14424
16538
35734
15688
20566
17759
16132
13710
21021
15970
18899
15548
35494
21885
15249
22185
15968
26589
15905
16286
17760
14518
15976
25052
19849
23854
21411
20281
24021
15387
18439
22770
18101
15552
24570
17596
22926
14808
21753
13687
17500
14779
24247
27132
14433
27092
17813
33152
17067
24930
19090
21308
14560
13823
22847
14828
18246
14268
16721
12786
16816
13948
41969
17688
19170
20267
25525
13458
14051
12730
14270
24062
15350
13980
16640
19607
22691
16450
14184
19323
13111
15887
31113
39603
29619
27654
22733
15242
16534
16679
18383
14564
25213
14494
13769
20740
31677
14134
24248
16912
14668
32520
16534
31992
15274
20339
28538
43651
20193
30394
14638
15173
14778
13621
30271
18981
14913
14133
13928
13023
21744
16724
15898
14859
17800
15213
26210
17593
17402
17602
15814
15378
23060
39848
34387
14435
20709
13460
16170
16481
13767
21367
20289
19191
36708
15428
18867
25737
14069
15693
19428
13193
16345
15068
15865
17450
13759
15560
14389
15164
34566
18519
15565
17174
15728
17051
16795
15287
18010
14377
16089
21831
15257
15820
16568
18026
14076
17911
14442
17081
50645
50332
25964
19706
21693
14130
15367
18998
17470
15871
28696
26927
17740
28827
16707
18165
27411
24085
32056
18124
17983
15837
17571
23142
16072
25755
17182
15715
14157
16145
16149
17064
18848
15166
24529
14998
19131
19700
20449
17679
19334
30377
17470
13160
47441
33624
27709
19042
15078
21050
13166
14791
21804
15342
13180
15668
14066
20076
14033
23760
24224
50718
26881
28540
14421
23599
28209
14618
14368
18891
25208
17846
17778
17906
18262
14868
16969
15576
15833
22499
29220
16710
13826
19139
23372
15878
18523
17316
15182
16359
16466
17705
15655
13581
14125
25290
16940
13473
13901
16558
13781
24670
34292
16073
16313
20278
20891
17823
20869
17684
17714
15904
19876
14320
16295
14226
18018
23482
16928
15471
21993
18689
24717
21430
17715
16498
16371
22659
23440
27800
20347
15897
21352
14907
20912
18171
16051
22886
18697
25199
15479
17199
19842
15843
21822
21015
15712
15955
13490
22510
13734
32763
14788
14816
20194
18693
20943
14928
20295
27228
14785
15701
15766
16178
17143
18396
23361
41288
15565
14879
17838
18182
29006
14772
14162
15258
21697
20372
14880
23610
29039
13374
24242
29453
35026
23343
17035
13651
19047
16400
14186
17278
20864
16935
15270
21443
17154
36021
22087
15746
16681
25646
14597
14739
13746
23429
22236
19173
15315
16221
17707
29674
15753
17112
28188
24502
33078
20983
23349
21521
33128
18675
16538
34979
14831
21688
13611
23655
15614
30216
14999
20762
22327
15191
18140
14675
33496
14150
16687
49332
14277
18572
19920
27170
14657
21983
22497
16581
15077
14064
16100
13751
17499
17019
27658
22052
19709
19598
15289
14427
19566
19457
15848
18779
14055
15164
17605
19935
15812
14792
13209
16169
29635
20557
26497
22592
21064
16809
30221
13607
20387
39809
18755
18294
20632
16637
20376
22578
20739
14398
17163
15043
20327
20627
20255
20679
15776
14523
14627
28958
20268
17376
15915
15516
14575
16425
13729
21299
17018
16295
14877
27936
20959
15585
15301
14644
16569
16294
15960
23618
13682
14731
15698
17293
16035
19838
14627
14594
18001
26985
15547
14749
20101
23111
24881
16695
15761
19210
38428
17430
14528
17405
27247
30776
22799
18267
19173
32063
15313
18123
14513
27195
17788
14488
15531
14480
18586
15458
19012
23120
17291
14427
30684
14871
19419
25602
23899
14940
19857
17910
18325
14336
17657
16515
16481
33541
17183
15790
16608
22711
27025
14624
15746
21457
15427
17022
16423
34082
22420
16764
26919
15053
15409
37665
16546
23743
14605
20999
32902
17481
14262
31894
21470
15037
29106
17715
45141
17344
16181
15439
18008
22468
17354
18486
14860
17242
15052
14973
22283
18572
25857
18934
17661
18631
22877
17125
28691
12235
29443
14966
16043
20103
21211
27622
14485
26324
60372
23024
18538
28279
16226
17259
15527
15105
13306
23590
14793
15350
14031
14590
15793
18649
21013
18581
15155
16309
14556
20694
17065
14982
14206
20947
21084
40882
29544
16155
15612
16741
17257
25392
23456
23726
19606
15607
14005
19113
18346
16005
31896
14911
16415
19484
13449
25659
22537
15105
14999
15569
14639
20674
19906
33265
21811
23262
25424
19197
16110
22171
14085
28881
16657
19035
17087
14996
20222
18393
14448
21549
17399
53629
22253
18967
15154
14778
19752
15474
28106
13873
14361
13601
18113
20565
14534
18630
17574
19651
21767
18639
15144
30580
28671
15455
22674
24306
13507
19164
20055
28362
17367
42711
17266
16500
19639
34690
16665
17322
18071
21992
14532
22383
16122
15937
22888
15433
27232
15620
18078
13871
14096
23400
29952
20213
18963
27900
17598
14595
18433
18604
24646
20618
18952
14065
16730
20589
45655
18430
14983
18044
31067
18562
17105
15234
14664
20912
28799
23550
17500
14238
13475
17770
23253
19458
19221
16079
31529
16630
18520
17477
18528
23619
15536
16562
16436
17475
48905
18126
14231
16239
31150
46299
23341
16505
14336
15585
14029
20421
16085
21249
18764
33262
22899
20052
21117
25515
25603
17816
18164
16843
28310
35157
22721
22295
14103
15514
13600
13156
20229
18887
23782
20431
37414
15630
15617
25243
15858
14397
37992
19287
19031
14815
19575
16976
25926
14013
31566
15274
19238
15526
14380
17600
16373
17272
28497
16454
19834
17413
26348
19907
28619
21478
33761
14035
17303
15134
16262
19086
18234
22332
17458
15071
22846
13793
15972
15662
20528
17163
16636
18084
16464
18575
29433
19329
16040
33245
13657
15384
20606
16075
13504
14234
37838
15082
13942
23242
16519
15016
15032
16393
34453
15866
23298
15771
17526
15953
22224
18595
17629
21543
21652
17872
19664
15471
20522
21442
18176
15954
13967
17780
18160
24684
18727
20052
16090
14537
13959
15854
16546
14204
29354
14929
14463
15100
26236
16425
15231
14046
19055
23129
20008
13622
24529
16921
16957
16319
14290
49562
19707
17210
15841
19507
15585
14311
15773
25399
20453
22252
37309
17821
15636
12608
26187
21554
19479
17525
14816
15738
24000
18887
17318
14450
25090
30846
14725
14591
21991
18024
16571
15519
15730
17881
17418
21201
15187
19175
16209
16408
19473
14491
15016
19285
17544
15025
15851
18221
16880
13555
18659
21379
15944
14055
18093
31526
41533
22497
13751
14934
18812
15498
14599
13224
18175
23382
15284
15563
33396
52475
14681
15368
15817
13371
33015
13658
14457
20585
14957
24964
16823
12726
19851
14777
15443
17337
41785
15295
18255
16241
17251
20454
14483
13943
17048
15827
15836
19129
14966
15457
20920
26747
19093
19633
16288
19423
15391
16328
23346
16981
14577
22502
14814
21675
27459
12849
19360
18261
15121
18064
27231
23384
18849
18818
21708
19052
42093
15661
13522
222441
19487
17308
19461
14660
18006
15439
14507
29012
14271
18272
16148
17373
19444
21051
19333
17117
17886
18606
18498
17293
13547
15781
13416
16696
14111
13939
17848
16508
23185
17578
21121
26469
16514
15375
26568
29635
17223
14557
15219
23307
24457
13926
16415
17110
19198
20386
21349
14773
24087
34101
22743
13878
13229
17651
18071
14532
19988
18140
16996
13628
16756
17286
13926
13951
22613
17248
18246
22317
32486
18617
29040
21044
13003
27862
17722
14807
19930
14644
15740
12802
18367
18765
18640
20005
19506
24435
17486
16113
18418
22605
15296
14955
17484
18955
14176
14857
17565
16540
22791
17301
14694
17038
17081
17416
29283
37485
32437
44404
20733
17898
14951
13730
16347
17349
18175
19888
20499
15523
16652
17945
12868
17526
14611
27682
23485
14620
26450
35567
16994
23001
22057
15220
16656
17974
17023
16912
16266
13623
16316
16079
17774
16231
16840
13744
14681
15690
18305
14247
29769
13565
14551
31892
22135
17363
28511
19226
26794
13663
16090
13446
14646
18056
20356
21713
23337
14107
13207
18631
18240
14258
17969
21219
18192
18491
19708
18141
27646
14476
14722
28069
18185
15334
20488
28845
20769
22608
14882
14530
22623
17201
17405
19099
16429
16891
23942
18941
17429
13557
16196
20457
22731
23133
16105
14134
27322
25033
31987
16757
29416
19884
49426
14608
19677
17724
17450
15243
22357
16657
17198
45577
39117
13683
14980
14975
15020
18838
18449
15241
16473
19499
18959
17304
19275
14696
17669
19502
36689
16363
20026
20064
19278
20832
19936
16799
41467
15539
15811
13624
19625
25373
14335
17443
14605
17941
20578
14659
14091
24695
18967
16639
19687
14524
17100
19337
24109
19107
17270
14324
35769
18228
18548
20913
15814
31914
20598
16461
24065
21798
18414
15788
15064
16954
18353
24654
17229
15875
22763
14481
16523
15076
16626
20733
23360
21267
17187
13289
20026
16163
13948
20843
13739
23585
23305
21113
16227
14438
24324
35538
13315
34089
15357
16501
13766
16716
16037
35106
20968
15214
22223
14335
15010
17042
16312
32110
18290
15529
17799
16215
16692
28210
27386
18121
15061
15697
17993
15214
14650
16887
17024
17257
14978
15673
25078
17673
17755
23590
24436
13494
24235
14955
16748
25375
14631
22434
22269
17648
13979
19097
17352
14921
20386
16353
23343
16894
15649
15350
26261
15296
27089
15145
17436
19535
14379
38727
33614
19350
14487
14362
15026
19325
17397
25542
19362
16207
16166
18786
19343
15802
13754
13193
16002
20348
15096
13152
23440
19536
31490
18400
16330
16767
16710
23403
29533
17858
18675
26836
26158
13020
16674
13758
23257
17663
14782
15098
15800
14122
13761
17184
16898
14926
20595
15569
14827
15304
14449
16256
14224
16296
21258
20023
16484
35034
19897
18755
17062
15727
17431
13265
31290
20705
15385
14935
15245
15324
18590
13022
20766
15817
18317
21013
20531
15944
14687
19748
15233
14649
16936
15560
16926
14096
31779
23139
27597
23162
16341
32888
28039
28342
24197
22217
20097
16259
15280
16107
15312
15917
19435
16703
16328
31615
18609
16493
24713
22272
19553
20067
13760
21332
15651
17119
17579
14277
25041
22711
14146
13543
17511
21409
15087
15131
16894
18336
16155
14829
15897
15466
18660
17637
18082
35243
16557
16866
17829
15609
13898
36539
22307
19067
16547
15214
18194
14152
25893
18018
18521
15638
20798
15538
17742
13874
26163
18609
15336
17515
18298
25344
15498
22083
15220
15756
15066
14986
16349
15667
26619
14010
23603
13753
17571
17290
14734
24284
14209
17505
22858
14158
18045
21348
15755
16899
28924
34079
31572
19106
20610
15051
19524
17810
16394
15277
20406
16307
12909
41777
17898
19231
22590
15534
30279
13722
16361
27202
21061
13054
18644
15236
16156
17026
15587
17377
27083
17508
22051
15601
14356
14059
13776
16890
14839
17131
13955
19609
15556
17994
15384
18294
13815
14853
19356
21233
13605
16104
25762
16435
17952
15369
18831
13719
17274
32193
21863
18862
25342
33653
24657
32976
16781
15293
18415
15350
25351
26278
16405
13956
18121
17115
18861
15458
17385
18179
18578
15122
20472
14452
20586
15330
17614
18990
15021
17564
15072
14922
16139
14801
16010
18748
15967
16624
15595
15230
18093
17443
15591
17717
16807
16042
18563
17814
16295
14901
13832
21257
19632
16236
13853
21347
16378
19018
17424
15762
17317
14599
16566
25256
17919
19072
16419
29758
28981
16860
17511
20121
15221
18097
14176
22037
23481
18780
18691
15558
17718
35812
15308
23545
16398
33623
17657
18949
29520
15644
30579
16108
16339
14372
19963
17163
18163
13791
17115
27661
19748
18771
16956
24975
20915
15122
17960
15180
23198
24426
26467
18187
18493
17652
18049
23683
18609
20024
23168
19144
22161
25611
13663
14052
19516
13719
15116
15691
24602
33237
19224
15379
18049
15455
14005
18525
17892
16451
15353
16153
19814
38314
36039
15618
14807
17258
22430
18091
19931
41066
14449
24328
31314
53507
18725
26090
14273
24345
14769
18412
17695
19162
17838
15813
19994
16495
26989
55385
13756
18720
16661
16210
15635
24740
20116
17859
16751
14929
24007
16367
24297
14471
14157
18505
19388
15216
14250
14593
15335
16629
13800
17286
23156
20853
14331
15929
23842
33959
18672
16705
23007
20975
16187
17991
14396
16899
14325
13363
15807
17793
19153
15635
14731
23989
16589
24214
22126
13257
30903
15203
14838
28102
35010
19884
18343
20725
15442
19202
15132
16649
16540
35891
14267
15038
20850
17943
27300
18708
16464
23298
17235
16436
13611
16881
18363
19293
17401
13344
24173
14689
19579
31840
18339
19118
15621
22138
16844
15524
21461
14388
16002
22228
19677
15639
14102
20550
18383
21210
19053
14978
15016
16956
26698
37156
32722
32377
25694
17418
16977
17016
16076
13143
33407
15516
28221
19771
19839
15218
13727
14575
22866
26602
19048
14259
19806
32580
16415
18352
13579
13138
19768
22836
17813
17149
13502
17791
31679
16218
29985
20577
14464
22155
14654
27441
13299
17523
18200
14273
15475
20663
16137
29170
43750
15037
15802
17550
22142
17753
21678
22093
15269
23603
14813
23272
13355
15325
27125
16466
18587
16336
14074
35963
23798
25024
17847
23697
15311
21143
32533
17843
18981
15333
18680
22951
18659
15285
15179
18671
31042
19780
16795
14949
16367
35123
18182
20067
26555
14387
17909
18820
15596
16344
26068
13989
19068
20049
17719
13620
24638
19098
15589
20456
15713
17722
28022
23438
16629
15577
20101
16289
36692
16684
15829
29114
14391
14267
19877
24960
13650
17432
18203
16598
16881
21726
18081
14011
18806
29556
38238
14848
14199
13856
23718
13133
18684
15194
15544
21670
15556
15310
15440
22245
17734
15210
36450
23028
29546
14930
13723
21626
14058
14630
22989
19053
19215
14788
14668
16159
13667
20800
20713
18313
25908
17123
17918
21528
20531
19825
16030
15093
15680
17280
19561
15679
18862
34853
24873
16449
15954
27790
30275
17772
17354
15664
19859
17135
14030
15210
14689
30267
21246
30903
12734
21966
19219
18229
13941
19897
18174
18231
15356
16084
21459
26268
13543
15115
14385
12740
16784
28835
15055
14559
22205
16122
16021
27903
20040
19645
15558
17699
15003
16832
14877
28044
19324
16805
13424
14171
14539
18184
16035
20214
15179
16365
14920
16950
13544
18860
22762
13829
17638
13926
15957
16930
13294
21205
15636
13356
15166
21786
16334
21381
15073
15180
12692
16462
17488
15970
17918
13221
14544
16337
14565
26722
14000
14071
15277
17244
25297
20938
22178
17245
21233
18152
18808
16703
26942
17490
18196
15212
18908
14451
23039
16607
27735
22275
15554
15007
15613
28261
15006
16632
14856
22172
20468
16527
18049
14583
19074
15452
27882
18108
22988
15367
14440
14781
18696
17835
15787
21519
18715
15549
15717
21556
18005
16775
17115
16703
17876
34893
14414
20459
33139
14535
15547
24587
18239
14434
18755
13630
25993
28489
16248
30682
16743
20694
24548
21719
14749
16527
15789
27922
14616
18855
19471
15162
18691
19653
14855
17464
19879
14175
19270
17560
20015
15253
20855
14542
16456
18179
17326
26358
18102
16955
15072
16087
16996
40910
17378
21725
16851
15406
15741
16876
15465
37203
18707
20588
22966
16056
20170
14818
37887
26996
13550
13269
31870
15082
14750
15918
16410
15880
17116
27728
21355
23341
20546
21024
21081
16369
15271
23265
24907
16510
28610
14412
26534
21283
14473
14468
17796
14930
14832
20410
17024
19283
28347
18612
15354
17754
14371
17741
41259
20168
24401
19559
16896
17633
24295
17195
17827
15607
13320
18185
18748
16255
21133
14737
17973
19103
13206
15371
15318
24504
14830
21273
13630
18106
13290
30808
14761
17335
18424
19900
17586
20188
14521
14437
16971
14558
13049
18413
20383
21178
16203
22478
15247
15117
14030
14641
25212
23333
23337
14878
15839
29942
23552
21079
21723
15292
19717
15201
24112
42458
28213
18652
16018
14249
22367
14415
15977
19733
17061
17302
29413
16019
17002
14669
16448
18069
14615
13523
13732
18706
23666
15787
20454
16771
17212
26122
17968
22036
19725
16115
16357
14301
16349
15829
16887
18411
16281
17044
16563
19314
34266
17669
16417
13450
14307
13790
15369
25094
15577
24630
16495
35142
22708
14043
14777
15417
17423
15381
21127
15255
16912
14331
15866
16464
223347
221124
14042
17430
16966
32315
37256
33751
17114
13363
32672
14685
23710
15072
15538
14788
14950
26541
14396
15780
18292
16165
13904
21510
16346
27752
33266
69209
18807
15074
15632
32324
15276
20325
12720
14786
15212
16005
30057
14700
22429
17315
39992
18114
15348
29345
21478
16933
13626
14574
15918
18415
21603
14297
17370
18537
14150
14598
13545
26870
19214
15410
15094
17005
15467
26944
16721
13528
18703
34474
18739
25416
19744
20751
16421
17888
15838
16151
21351
16797
35762
19535
20469
22180
23426
21596
22254
15255
20024
23165
18565
13498
17089
43428
16470
18973
26587
13960
13881
27966
17244
15591
17473
20136
19492
14432
21290
14945
13173
22224
14347
14480
17621
35971
13509
15399
16723
27857
15867
20219
19399
15797
16042
14559
17236
16375
15904
12897
19717
21390
27599
17382
17539
18240
18608
21776
14552
12857
19659
22391
12947
20478
14195
14545
22991
28891
15195
13226
21950
15489
16041
20180
16890
13242
22962
19741
17233
16110
20888
26825
14716
18640
21746
17620
13687
19200
16255
15753
24543
40154
27520
25362
26533
19752
16847
24111
29845
13238
14123
14099
12943
20937
16612
18082
23035
14863
14420
14110
14905
16151
21085
15067
14061
19627
19633
14092
15743
13997
15549
13444
16100
19559
15679
15763
40460
17092
21256
15065
32156
15870
21119
13369
13302
13936
18114
14607
25405
15385
16198
20051
18522
13169
17948
14375
24518
16706
19908
18840
17356
19630
14561
18912
14769
15707
14076
32361
28748
19486
22375
20374
17656
18529
15714
17048
16186
16038
24009
21060
13809
46751
16751
20075
17954
17136
16187
27179
15954
17612
16489
26825
17367
16642
19023
17944
19584
15373
13412
13852
16208
13684
20836
16846
16213
23650
14495
14332
17408
17075
32752
16133
21930
14070
14624
16180
13911
17440
19376
20225
16070
14955
18298
19108
14030
18524
15837
15490
14483
14728
12922
23630
25875
16388
15741
13764
21039
19480
32448
22296
16185
15263
23869
16348
36323
24871
13990
14181
29584
19001
16559
21663
38953
20098
35737
16599
16229
15973
14907
19851
36832
20589
23575
18548
19767
13182
15501
19418
16402
25984
17384
14179
17091
15118
19970
18659
14457
17291
16150
17595
16297
27152
17257
16733
15294
19732
20221
24069
27749
24041
17021
15319
16123
15377
15230
19365
18785
19654
35504
16879
16640
18196
30261
17141
16708
14297
19607
21741
24758
19064
19517
28502
47820
60597
16342
18516
20704
27362
15128
19830
16579
25808
16191
16957
24525
16210
16505
23271
15869
25573
35205
23685
21744
16566
21337
29561
16323
21372
14151
22620
19595
15836
18226
18028
19132
16718
32957
18598
19199
13885
15040
14623
22767
18604
19867
15420
15846
20965
17323
19523
14314
22742
17085
16216
15297
19152
18750
20798
16175
20190
21313
14278
18559
16783
15955
24243
27931
14927
24716
19545
13333
22835
14395
22373
21011
17233
21485
17057
14255
14466
24752
15789
13809
17555
18370
25678
14987
17148
18004
28002
42916
38777
29685
13491
25202
16335
19308
14887
14993
18106
13735
19596
18210
16127
19451
15859
16972
14417
17692
26994
20538
17804
38006
15635
20141
30351
16172
18142
19586
15911
17691
17411
33616
15377
17449
16247
17379
29608
17667
20448
18581
17613
15534
17301
26024
71225
22205
26310
18841
16585
15435
31046
14462
14916
13761
13583
21006
22060
22321
39652
14774
18952
24330
15021
29670
14397
13368
16654
42164
49259
52037
21147
18599
17532
21371
20614
25088
32600
18836
37880
17917
16606
17233
21699
25309
19653
20300
19749
20767
16039
19617
18806
12809
16043
17247
15347
15453
16497
15300
15931
15572
18218
15868
29138
18403
35187
14627
17629
14177
18284
20120
33496
13815
19077
24835
18091
21621
22917
14532
19374
18623
14701
23845
34462
15940
18503
23066
22726
18600
21943
16513
20247
16654
17283
16789
17383
25226
18180
14988
14940
19843
18100
20425
14981
23092
21760
15558
15167
25090
18824
15044
28965
15077
21061
25079
28629
30801
27769
17029
13719
15591
13950
18603
46698
14440
43375
14209
19300
26712
17342
27628
16619
18312
21196
23125
19203
24218
17603
17088
30162
30941
18174
15143
21540
19712
16494
29731
17416
14602
17946
15504
20072
27909
24004
22810
41624
25195
14123
36937
20405
19957
15937
14632
26045
28302
18379
19725
18819
15758
16547
14950
19500
16570
14972
16206
15565
16741
25045
22428
17816
24350
17854
19112
24174
13628
15541
20067
19108
16820
14766
15497
16262
13546
19217
17624
14369
21836
13549
13419
25374
16469
24822
17360
20833
14340
23207
15827
23447
19292
15279
16243
15736
17426
13920
18300
25497
39223
22241
18386
17138
18751
17753
35160
22513
16036
17335
17827
15985
14698
18177
15256
16485
28091
26842
14274
17987
28146
17968
22952
18130
15764
16680
22560
19822
19817
15344
19986
15145
14191
22701
17074
15493
18460
18278
22442
37284
17865
23307
20038
14471
13726
16939
35920
37064
15005
13886
13869
12891
15448
15536
25760
33825
20337
24412
17102
14507
18003
17882
16900
28540
13914
24093
15326
16751
21820
14019
17217
20622
24112
19176
25124
27898
16246
16246
30999
17245
16802
30546
22333
15134
14203
16849
17224
19849
19116
13943
26793
39583
15624
15272
16041
14225
15384
21328
15364
14966
16284
14805
29062
17849
15105
16421
23466
40298
15901
16074
19210
33199
15228
18405
13382
20860
14281
27010
16617
16363
20055
18713
17875
16547
17764
15953
15653
16898
17239
15817
21533
25798
25907
15626
15990
15498
23270
29658
16053
17220
14095
17034
18983
24367
17998
31783
14764
17832
22816
21942
18703
22740
32892
38454
19661
65198
19068
16808
17876
20697
16386
30349
13937
14181
34676
15199
19220
16761
21522
18545
17667
15923
15951
19959
17642
21284
16139
26920
29630
26194
18542
23324
16359
14543
23292
17380
24031
17499
14528
22559
