21752
18701
13237
15813
20005
14437
21334
17732
16707
23836
22176
15483
16239
17664
15052
20318
14700
14187
15091
12835
15368
18060
16081
20808
13858
16073
17172
15804
15441
17704
15783
19151
17499
17713
17512
18887
15226
22868
16376
27115
15375
19615
14373
15192
14974
19805
14984
24735
16659
24166
29264
23213
15597
18059
16375
15655
13727
16261
16098
14568
20858
18329
17820
14828
21852
15280
16432
14845
14580
17477
14637
18769
15157
13979
14008
13536
18386
19140
31498
25095
16144
20831
29570
14550
16441
20256
16184
17605
18137
14075
34955
21232
22021
18284
15543
19526
16350
18894
16622
14817
17173
16312
19347
15142
17635
14919
17519
20734
15163
16854
15620
13539
14688
16362
15271
16574
14738
15096
17353
17233
16346
13874
24050
27790
29976
14075
14803
22029
15383
15424
13928
16606
22991
14272
18779
20131
15637
28627
15012
14788
17653
21613
13322
14988
17426
13687
17057
23628
35185
21603
15049
13564
14010
28041
22926
14112
22920
13198
31511
18379
17102
16674
14780
16769
15589
18543
22176
17040
22619
13629
18245
17997
15655
21813
16998
15615
17091
16147
14446
23810
14664
15789
16719
13607
15272
18880
12998
14026
18327
15317
15290
17970
19285
17976
14862
16362
27435
27970
14064
19582
25396
25571
14811
13910
24886
19741
28279
21149
14041
15340
15412
13028
16286
18732
16038
13757
16162
18682
14868
28741
26556
18100
15192
15454
17133
21934
14916
13598
15688
16740
19932
14960
42144
21237
17683
13392
15092
21577
16782
16743
34467
16354
19350
15254
18132
17070
16134
15637
14981
16689
14970
17516
18242
15771
18268
14622
20661
14815
14696
22922
15023
17489
14701
15243
17052
16501
15184
17089
22576
18229
15400
15784
14484
16122
23786
14531
14538
16630
15783
20669
21160
14952
13795
16862
19338
18547
21917
30819
16098
16923
14923
14854
18081
24655
14003
19582
18552
22241
13408
15188
13930
15083
18322
15247
16529
14305
29199
15873
22573
15386
14783
16015
13924
16544
21882
13714
15535
14503
17129
15024
19359
22364
15107
14923
16920
16508
20745
15717
17552
15302
13998
15387
18993
19392
15172
25786
14652
24152
13784
14688
15616
14764
18456
17492
31097
20234
34664
18430
15715
21491
16254
14148
19615
15100
14781
17126
15293
14958
21309
14613
19697
15026
16172
19870
14792
18848
19838
15153
16479
17573
14896
18043
14680
22345
19452
19797
18137
14381
16631
24594
14798
16474
14437
19901
13626
20487
14312
16585
14690
15139
16547
21827
15250
16578
18496
16203
15433
15167
14257
13876
29633
15749
16780
32559
16657
17135
26189
15277
17481
22076
15237
16215
24779
16845
20552
21533
17591
28870
14384
17914
14073
17652
16881
13966
18113
19002
14839
18627
19743
18883
17079
18828
14315
17518
15047
24668
17288
14151
16925
18938
15233
19812
17269
21540
26680
15700
14965
17519
15813
20780
18024
15876
20053
17713
18601
17770
17272
14086
16139
15918
14317
12387
22230
16161
23255
14147
13456
18206
15759
16832
14449
24381
17412
13540
17385
14023
13937
19087
30367
14972
15183
17948
17001
31979
15882
15756
15355
13439
14675
15880
14703
20908
28125
14561
19758
24834
37804
22575
18107
18400
15792
14072
14768
20776
15655
18535
18002
15519
25554
15666
15240
15365
18006
14520
24643
16247
16281
15160
15667
15404
15662
15962
15449
14296
14351
15479
21092
16353
14856
19964
14519
19851
15673
14356
19758
17259
16698
15129
14301
16656
14221
25990
15386
21672
16049
16137
18720
14978
17857
14782
16696
18140
16106
16285
21831
17413
18091
15567
14421
16147
20112
22077
15374
29268
15584
15067
15257
32530
23895
15992
21977
12863
15870
15449
15926
18092
18314
18739
14261
30308
21375
14502
14424
15532
17683
13484
14752
17898
22434
17974
17442
13688
18399
14768
16253
15829
15848
15265
19106
25785
17943
17589
14099
14944
13696
13307
15100
16667
15750
18588
17722
25696
17439
15245
17038
19928
15284
13567
14419
25827
19681
32814
13857
15403
16333
15405
13261
19018
15192
16411
17366
17465
17727
15339
13689
23514
16733
14460
16220
20754
18359
17563
19194
15769
20301
21059
14568
16453
26823
14379
15181
26192
20316
16779
36221
17764
16068
15975
15002
22248
18755
33432
15271
15964
16087
26122
16755
17010
16407
21916
17388
16983
17021
15558
17479
14648
15434
25670
21123
15602
16840
18457
14061
14155
16308
22804
22467
17125
14733
14993
15217
25248
28570
17794
19312
16077
17343
17713
30765
14269
20965
14805
14970
16160
16093
25651
15907
33500
16454
15022
19535
16797
14917
27256
14412
18785
14835
16214
20833
17856
18837
39714
17687
14707
16025
14740
17509
15086
19997
13768
13772
14378
23988
15289
14106
14523
25254
16452
21025
16290
16178
21928
20890
19251
18666
16116
22234
16685
19958
15410
16325
18656
14774
13464
26371
15568
14435
17046
21426
13940
19112
16282
18833
15717
24658
20228
22013
16347
14343
15098
14042
16660
14896
14803
14928
18280
15159
13979
14881
14713
15116
16178
16135
13930
14495
14614
14223
15074
13618
14961
22518
12905
18363
17148
18153
16724
15322
15481
15889
14834
14090
13700
23381
19321
18711
14658
15614
45041
16276
16887
15424
15608
22427
14510
13386
15996
12826
14257
15549
15802
15039
31672
16361
18028
21216
16747
14385
18485
14903
22014
15428
17561
14493
14590
14499
14073
21693
19349
18005
17977
17110
18386
20166
16015
16305
16832
15713
13493
17968
17885
17117
15412
17742
20846
15234
13224
22648
15571
13909
19530
14732
15217
23273
13292
15109
13922
14355
16794
14040
27476
15009
18032
14895
18483
14490
25914
15890
14395
14190
21870
16435
13599
15706
14392
15947
13471
14212
18136
14338
16621
18960
13217
19605
17359
13612
17171
15855
26456
13916
20614
17414
18486
16124
15515
16333
13405
27626
14619
13850
20594
14840
13144
20415
14903
24273
13600
13758
15093
14793
15603
16942
16867
14795
20018
14165
15741
26620
15401
35096
39510
43093
17702
16657
15312
17906
17188
16421
35352
17850
14340
18108
25913
15337
16079
17408
16441
18756
16394
14292
15959
14930
19567
14629
14336
19099
15827
21123
15462
21710
18203
14835
19093
16893
17402
17136
15484
18179
16590
27296
20625
13903
21097
20877
17828
20336
15237
24461
17457
18189
22622
15868
19961
25690
45266
19393
20649
20397
25279
15672
14365
15972
15718
17287
15699
25834
17689
16919
13657
16001
17003
13403
13989
22919
13716
14190
16739
14834
19761
13393
24385
15514
17860
17137
16927
22029
12840
22381
18077
20334
16923
14512
14255
14704
19581
32641
25229
17301
16342
16180
14842
18588
15286
22353
17773
17917
19073
13612
21320
32111
16094
16793
14704
14489
14006
15958
20918
15486
16963
18938
17270
15157
14049
12174
29432
15790
19100
17280
13862
14642
15812
13876
16936
19009
17318
15053
15406
14612
15718
15056
14911
18186
16458
15234
15024
13757
15628
13747
14630
17230
15934
19812
27369
16251
15656
14683
22581
27818
14387
16086
15382
19560
26290
28846
18359
13695
21114
23371
14239
21046
47409
23568
12917
26637
14739
13826
15568
16497
25080
14544
16835
17594
14953
15388
15179
16871
17012
16546
14277
14035
47610
21787
21609
25025
14305
17006
16950
15937
15398
14274
19433
20713
17701
19125
20057
14413
15330
17635
14946
13871
14163
19472
30776
28395
23069
19753
26195
15660
17914
16943
17078
13948
13654
16092
16452
21592
24052
16670
23471
24664
23836
19767
15053
16913
14991
16187
15118
35807
15966
16079
23799
15304
16947
20370
15786
15190
17637
15227
15385
19322
12813
25341
24490
14419
15778
16612
19197
15554
26325
16444
30066
15811
15456
17538
26824
30239
15707
25221
15929
16044
14297
22530
14970
14981
20605
20979
15001
21016
17388
26990
13884
17583
16636
17307
21322
12924
14346
16723
22929
21052
16344
15125
13798
13291
17116
15869
19218
18257
20167
19423
15772
18589
15249
16013
16657
14224
22365
17913
25899
13998
15800
24851
15327
15248
20638
15181
28076
15296
17728
17764
16716
14959
14408
18671
15642
15131
15687
14477
13293
18124
18233
18628
29274
16195
14196
15888
13325
20519
19608
15243
13780
18672
13804
28780
14597
20064
18117
15847
13302
14199
17585
16157
24699
16916
18988
14853
24459
16996
16468
26151
17183
23242
19370
21395
18537
14706
15537
16163
15161
14955
19331
15235
15483
17381
18314
16275
14427
19776
22465
21884
14959
18796
15164
22070
17840
19854
14142
13464
18660
15632
15913
20194
17087
15151
17460
15348
17059
14999
14703
20577
20548
20920
29797
14628
14899
23250
17711
18956
15000
15458
19455
16124
21885
17512
19835
22889
17604
16299
18887
15960
23296
19242
26027
18285
25112
23772
23006
16252
14613
25448
23866
14873
17380
18011
15680
22190
17540
15518
16736
21565
15754
21009
16282
23915
17138
20650
17177
17005
29745
15306
21634
19178
15360
41166
35289
28696
16824
19267
32284
14841
16306
16043
17954
16987
14497
15492
18919
20179
14722
16096
18759
18403
19092
30766
15507
14966
20767
23628
15967
14900
25197
20726
22151
18793
17359
20450
15759
14789
20581
18315
16115
16865
19512
18023
28079
14972
15454
15318
19997
16484
15979
14664
15698
14572
15244
14481
15625
16007
17968
16504
14230
20895
15073
19339
15904
14493
18668
14779
21833
27294
23217
17025
14839
15902
14891
19814
20206
17965
15003
15716
17068
17222
13961
14175
21928
15572
15128
19085
16267
15173
18205
20713
15192
18357
15821
14104
19515
14809
21643
32476
26663
18117
17581
15612
16003
15139
14289
16020
16599
14221
17798
14287
20948
18439
13951
18601
19493
15129
13941
19915
17571
16365
32844
19583
17241
14570
16756
15278
20445
16274
14196
17086
23087
16698
27963
16652
17876
14785
15592
14366
15240
31855
17008
19789
16232
38061
29476
19287
15117
13331
15661
19988
19281
14651
19230
16936
12753
23443
47526
15955
15599
14514
17231
12863
16165
17374
21464
15115
14709
13608
15210
16019
29117
39924
17408
14062
14247
25123
16249
14514
21925
14571
21823
13607
22228
13486
14434
14885
16539
24544
14022
15990
19014
14750
14647
14679
18730
14709
19871
31802
55672
14482
17020
15244
15063
13889
12459
25753
32596
14239
16171
15891
14752
13874
20562
13178
13002
14950
19189
18465
15137
15179
18142
16025
26298
15268
18693
20558
15894
18879
15539
17794
19187
16385
23120
20433
25854
13675
15203
13487
15690
15225
14437
19341
15781
15265
16980
13887
14023
14734
20378
15853
22126
23655
21378
33228
19841
18786
21049
16096
16596
16637
20148
15189
27632
16147
14660
16084
19934
15724
17677
18117
22607
15258
16194
17227
25361
19111
17329
17263
14483
20885
14508
16276
20634
17410
16232
20889
13442
20994
14368
15086
14436
17164
23726
18904
18307
20048
19125
16982
17375
15162
13147
16697
14373
15821
23465
13996
20673
15044
17330
29713
18382
13713
16951
25082
20796
15508
15838
13106
14168
17481
16211
21615
18322
15694
21354
17676
16992
20578
17643
30322
23398
28058
14385
18816
14295
14695
17994
14840
13957
26462
16157
14958
14170
17096
14592
14341
14688
16951
19774
15123
14791
18437
17468
14878
14152
15512
14413
14420
15904
18654
12624
21167
18453
16259
15215
17331
21120
18516
18249
18142
16224
18093
21834
14654
14800
34976
17152
16368
16962
14331
18391
17567
15341
17812
15393
14041
17306
16194
14647
24976
14848
15230
14988
18441
15444
19153
21716
23718
16380
22375
16585
13511
22715
18910
16585
17714
27291
16159
12837
14692
12780
15029
13514
14484
16954
16750
13063
16153
15794
16498
13302
14503
32505
42905
16204
19780
15507
19589
13335
13767
14373
15531
15913
19379
21671
16671
19600
15889
14895
19633
15596
17186
19405
16774
23797
14621
15343
13940
18937
15970
13319
14828
20682
17572
19477
15341
16348
15259
15409
17732
14610
14402
15324
13055
14561
14752
13465
15131
15346
22114
23036
43921
17546
20408
14227
16287
15279
26309
15840
26406
17049
15743
18248
21326
16393
15548
27141
22458
20511
15517
16458
16396
38255
16510
14717
12900
18671
22914
13009
14569
17617
16387
15144
16678
14959
25791
18339
15605
13224
14099
14032
20432
17177
16364
27154
16196
13339
27980
13515
15563
15751
15221
16300
14827
13012
13331
14350
14844
17752
16264
20308
13625
16002
19497
16657
20493
12925
17261
16300
20252
15161
17974
19428
16210
14194
26188
17368
16171
16919
17584
19491
20167
13815
14361
15893
19954
18604
17531
13323
13982
15126
25540
22407
18795
20523
14330
20069
16093
15876
18008
15161
16690
14154
17932
18026
15326
14271
17705
17406
26658
31227
15713
16526
18775
19393
15740
16054
16504
23360
18818
16941
16180
14874
16664
15296
16961
18768
14661
24947
16710
14373
15737
14292
14226
16252
18466
14442
17333
14302
17913
17941
15909
15635
20241
27205
15993
34513
14007
15269
16138
17517
29468
22496
13682
13777
16419
18849
14982
15159
15009
16909
15532
18573
17641
18735
22247
17340
18836
14037
22053
20083
16532
14879
17366
30660
14066
19682
16745
14766
16589
16402
15480
23254
14791
15194
15244
24486
16997
17977
15637
44152
15875
16674
18106
19336
17901
15248
21880
13973
18774
18694
16237
21031
25895
17554
13288
16547
18658
18400
15657
20205
15517
24255
20873
14771
57034
31388
14325
20707
20108
23076
19337
22286
17429
29507
13918
15258
15232
16214
19621
16286
14515
18908
15025
20276
20243
16514
23085
18094
14325
14207
15778
14696
15496
15274
16124
14467
15287
15895
27331
15480
14029
15777
15636
25406
16113
16322
17229
19982
18143
33877
20093
24359
21756
17687
17935
16021
14019
13649
17573
14308
24435
16651
15179
24783
15963
17004
16056
28024
14722
15540
16852
21263
15135
15293
14915
18019
13803
17983
15594
14623
20553
15911
19499
30262
19171
13598
15221
15250
18400
15327
14685
15341
17114
32787
32954
20322
15355
20817
16441
20176
16849
15082
28363
23805
14731
14220
15882
17541
19990
28828
17179
19945
15263
20519
17265
14600
14698
13146
15189
15534
14630
16674
18651
16604
16215
14093
14054
14736
14178
19013
20536
16391
19720
32954
41647
17238
16910
22663
15064
14979
16144
18398
14794
15701
18586
20363
13133
19516
16644
22862
22656
17269
16298
14158
18367
18515
16641
24226
17392
17845
16404
18929
17929
15091
19461
15979
15241
19971
14498
15228
20668
14952
21035
17009
14325
30814
16424
18729
14487
20950
18880
18469
15794
15969
25682
38388
22787
22898
20705
20718
23905
15640
21444
19203
22408
18629
14621
14513
15323
19752
31367
17170
16336
16200
16558
14970
17010
18954
18321
16283
15655
19359
22493
21155
19027
19557
19062
14786
18779
21058
16121
15960
16418
14928
15053
17034
18013
13437
35840
19490
15446
14958
16742
21344
19511
14012
18095
18387
24383
14152
17082
14533
13062
14293
15351
14916
18763
15652
18615
18553
17520
25197
21263
27288
15100
17350
20772
16174
14491
14133
15381
16608
18996
15193
17881
14380
15643
15137
14476
18935
14297
21904
15651
16335
15582
17504
20830
15640
17536
13901
18933
18343
14117
17214
14407
30054
22819
16473
17580
14965
15734
17110
16084
15804
23037
27543
29569
14406
24030
37715
45322
19508
15894
22282
16891
18029
16198
15260
14688
15450
15657
17734
29344
15975
36163
15558
25030
16055
24199
31976
16883
16206
25975
15139
14417
20764
19423
21778
20011
19421
16063
16399
16657
15491
22539
19751
18569
19170
15719
23052
18959
22454
15227
16241
19254
18811
21990
16027
23629
19108
16407
18185
13838
15682
17949
24987
14043
16234
14271
20311
26806
14177
22454
16365
16661
19761
22527
15701
14444
18711
15715
16018
16341
14382
27177
15101
15125
16960
13815
14468
15364
16281
19354
19294
15292
20152
15716
28283
20231
18656
27021
30576
17035
24974
38851
18028
23978
17182
15401
16050
14154
18570
15765
18043
13125
13632
18296
16417
15407
17638
15100
17479
16354
15108
13744
24666
18927
15633
17823
14321
17568
15242
14893
14800
17456
19693
14235
14150
19839
17633
22838
14929
14723
21046
18382
21004
14603
24091
13187
22845
16873
18741
33400
16019
15399
19791
26325
17309
15080
23646
15922
16057
21542
18264
23132
14077
17783
19621
17841
14808
17497
17553
19885
18709
16458
20951
15281
16127
17161
15767
13981
15401
15758
16419
16462
16426
17331
14870
20598
15938
35976
17289
14135
15478
17493
19685
17770
15850
28225
14797
17975
21298
16950
22159
18043
14107
15594
23294
21798
26208
14367
17102
21081
16378
14776
27237
17240
14270
20399
23002
19937
15249
17106
28978
16660
18395
32516
17194
17157
14931
18611
15798
20752
18126
22557
14645
16014
27497
21399
16086
15096
14302
22313
16973
15417
15119
14516
14959
21243
16562
15558
17558
25053
16805
17035
14922
16871
28722
18706
14485
16410
19958
30920
17182
14728
14340
23339
15839
17539
15239
19157
14443
18296
14914
23879
21208
14203
24704
30006
13751
15207
15996
15114
15940
16185
15412
14121
18975
14124
17006
16657
20049
14105
14459
14893
14081
16192
15477
20120
18045
14583
15706
15067
14862
21311
15446
15231
14608
16050
31289
14374
15028
18308
23213
20298
14897
23135
21603
17839
15632
13394
15486
16065
16504
15355
21659
20784
15904
14316
15904
13160
22220
29411
24142
16830
15173
22302
14748
16861
14656
15804
15791
25004
13867
15756
14807
15038
19053
18543
20153
18375
14834
16579
17068
14403
14732
14849
23356
14307
17379
16053
15746
22238
21362
17535
15544
13491
39455
26344
18761
15343
28751
20980
18994
15294
24680
23133
17741
14572
16979
15111
16818
18100
18582
15780
25351
22049
17878
15742
22848
18166
24501
15159
30749
16998
16109
24042
17748
40828
18048
16536
14148
15325
18913
18476
20562
19435
17633
18796
15166
15709
15220
21586
33823
47909
39421
16182
22110
15263
22071
16382
18271
17515
16013
13522
13648
15719
16250
23830
16814
24278
15104
18247
17169
17163
31315
14880
23541
15267
15728
14235
21757
15417
15147
21669
15911
20658
16188
12982
15628
14423
24385
18774
25478
14468
23301
17469
19039
15354
14227
15329
18502
18020
15227
15687
15260
16963
21535
16444
18210
17919
15816
29897
40800
19191
22376
27127
19422
18069
30290
14853
15303
27829
14835
18288
14537
17967
24362
15480
16003
15853
17396
15436
27617
21284
14864
30787
15707
16114
16297
28213
16392
19749
14950
16822
14278
13548
15928
22681
16059
18313
17384
14973
24498
16024
16022
17386
20046
16030
17604
17546
15465
17999
17624
16303
38086
21272
16652
18220
19655
29968
18468
14545
15373
17233
22020
15961
14963
18866
26870
15948
16619
15568
15982
18277
15864
14957
16860
15913
19386
17162
15820
19637
15459
15501
15601
14893
13165
18490
15305
12881
14835
21815
19905
19810
20013
15858
17950
14849
17951
15514
15178
15793
18981
22490
17443
13866
14500
15346
19380
17223
19367
33608
28555
16841
15109
21539
16572
16571
16655
15748
15021
19934
15559
16665
15692
17798
18649
14432
16125
13778
18576
15403
19257
15751
19138
17394
19624
14898
15223
22106
20828
22869
24111
13320
13673
13796
24066
15253
23221
15884
13422
13305
19418
15190
17658
13873
15497
15239
16427
16080
17378
13608
26144
14800
20294
13657
17090
16647
15779
14215
13552
15049
14831
16336
17575
16081
16008
27639
19482
26052
16926
15530
13984
16028
14042
29258
19642
16265
15082
25175
16613
18933
35926
17874
15354
16408
16814
28140
16560
18048
16779
19838
27290
19290
15864
16420
19256
15548
14032
18614
17440
17653
14451
14233
28669
18736
23344
29937
13974
16114
16113
20391
15859
16058
23873
16855
14902
17266
17142
15455
14785
14494
15171
14671
16129
15520
17183
16068
17810
15693
16140
22104
14738
15899
24795
15385
19485
14980
28035
20629
26355
24116
15594
16218
14710
14503
22424
17443
15471
21682
20067
15866
17636
13478
20681
16797
33864
17033
15643
15114
16373
16604
15942
24716
20900
15999
15129
14083
15135
15498
17260
14016
20681
16676
19409
31199
15722
15771
17334
15504
13822
20166
19160
17152
13686
17399
16081
15451
17474
16980
17103
20966
18444
21214
20806
16117
22167
35408
15186
18937
14576
15468
15009
16262
19456
18987
15957
22989
16000
16948
14967
17622
14715
15992
29210
16151
20589
17559
13949
15474
16961
15058
14876
15256
15636
15846
16611
14575
14463
13409
14016
14360
14551
18700
22209
21984
14139
13519
16518
16898
18740
14880
15508
15415
14573
14888
15666
17175
15675
17969
12957
18422
17085
37064
15902
13907
21375
13174
16902
15875
27358
28065
23721
16954
16833
13849
17527
16150
16186
20795
22556
18289
17364
15080
14389
21766
17499
35680
18792
18194
20588
23995
15231
15971
20948
21577
15814
24295
17811
15689
19713
24799
19198
14908
14662
14519
41485
16729
16040
17415
14761
19984
17053
15009
26810
15032
19158
16090
14275
22822
14664
20330
15337
19996
17301
15915
21875
14419
16425
14568
17282
15887
14236
15043
15965
17059
19099
15331
19573
15661
14502
16109
15316
15570
18319
15418
27031
13960
17649
16601
13691
14779
15422
16507
14250
16008
15129
26570
14231
16003
15160
14397
15669
43899
43504
13606
21417
15097
18917
15535
23361
13339
19897
19928
21416
28004
15412
14339
17733
26375
14013
15424
16321
16377
22722
14916
16107
15443
17745
23546
20867
19764
18043
17534
28672
19781
16184
16107
18142
16638
14384
15213
14251
18379
24213
15759
18114
18286
13983
14629
14107
16930
18585
18763
24459
13922
15664
29711
58474
15096
17790
14983
19498
15388
15959
14954
28273
15995
17774
19971
15992
14117
16517
14479
16695
17890
20925
14188
20631
19203
15429
18486
16956
16027
16346
21332
17514
15966
14960
23055
15999
14777
22324
20240
19975
15900
20316
26259
27424
18967
29848
14537
14996
14977
13246
41073
13746
17677
22433
25917
27333
14376
15333
15364
14312
15366
21532
15417
15315
17142
16161
18304
17295
20005
15022
18934
23255
20534
14916
20012
26154
15004
14307
15658
13657
15103
13458
14176
16372
15390
19525
14887
16148
16160
15871
21102
15039
14933
23474
15838
15384
15932
16870
23593
23727
17793
16371
17972
14842
15376
17204
16890
15789
17178
21240
17113
21598
16201
18374
18176
20002
29866
17186
19902
22668
36926
18096
19210
15936
43123
14446
16827
15272
16690
15039
16297
15011
16862
18697
17252
24127
19512
18193
15848
16081
14992
21683
15061
18020
22000
37332
18157
32020
16309
43277
16574
44826
25562
21981
14122
17715
25200
15773
14362
17589
17974
14626
14561
15274
16242
18394
22900
16491
27229
21759
14980
15763
21061
14307
14716
16288
15941
18808
13924
21001
14207
15552
22315
15221
26561
15675
17556
18952
30295
15986
28768
15723
16169
19669
16091
17859
16613
17144
32640
15634
15967
20403
15956
31116
17731
15840
18113
22773
23921
15792
27437
18650
15192
15236
21886
15414
21723
16417
15916
17712
17870
15191
22727
17321
13765
36854
17137
15947
17214
15817
21419
14872
15530
16330
16549
18067
19484
18050
15674
15794
15303
15783
18465
14678
30306
15176
17113
14539
15195
15483
16573
16456
22027
18767
25826
14089
23968
23085
18871
15783
20278
15245
16373
14327
20929
22964
14600
13538
22180
14488
16391
15309
13836
16200
23476
16583
22630
17293
14575
16522
14145
19318
15310
19960
14418
23534
20641
16881
19065
16599
15041
17438
25898
19821
15288
17869
15289
17690
17904
18651
19426
17186
16034
30135
18440
15536
28226
15442
16118
13393
18390
17229
18256
20811
19911
22945
20060
18281
15185
17370
22958
24056
14900
30484
14495
15536
13217
20580
15895
14303
