28545
17083
20226
37927
23223
20564
15522
17163
20113
27358
38419
26247
34526
21626
22600
31522
25954
13109
12404
10486
24989
16139
28416
15186
16982
22318
30592
20131
18897
19141
17586
20594
19723
23355
19041
18042
10184
31924
22152
20861
17545
27529
19472
16147
13208
15053
17636
40563
29044
15855
12062
36711
30210
25605
21709
20437
21775
21056
15268
23791
31553
23401
26003
36140
31056
45613
19749
23815
28894
29452
19165
24985
15781
19711
19710
19727
21723
20438
24574
22127
19129
21059
13661
31202
35665
16720
46825
56150
66119
24170
21922
23725
16445
20843
21735
25616
20112
42601
51150
19134
17356
23195
29747
36096
23883
24695
33824
25704
27529
28893
33754
24953
20450
19795
8462
15760
18907
21660
29556
24498
31939
25500
27309
18178
11228
41426
50340
36337
39041
14400
15262
20437
30067
27544
22235
41286
19405
21518
20144
32214
36315
15935
21932
22087
18898
18775
5648
21324
23599
25268
25634
23064
26671
26115
47057
24585
31027
20211
21274
22046
25118
17941
21123
22687
33608
39614
34873
15229
22914
18091
34329
25412
25461
18899
13686
14749
17582
27467
30908
27692
20180
34201
26364
23159
20902
19167
16361
16308
27857
38160
27742
23264
20327
21946
18384
22557
23874
29782
16723
20777
30459
23231
21204
30298
29500
17674
17795
34159
39091
26481
17034
20847
27101
20215
29825
14988
18244
16600
22394
22720
44696
32158
26098
20557
11541
23982
20343
26569
22958
21802
20657
24249
8774
30317
27710
22428
16666
34033
19445
20208
17934
20265
30319
17888
27210
21766
26740
17734
29261
13677
14574
16116
27240
19503
16442
15359
25058
21752
23127
28124
21243
21903
32865
20412
26795
24855
21904
22535
25369
41690
27812
19677
28898
25151
27069
13987
27853
16323
19328
17127
26721
29532
16053
14149
21025
11295
12800
25476
19579
20517
23169
23349
23020
26902
29088
22716
19702
21668
33288
25022
19855
33969
25404
20817
28551
31973
19425
20304
19394
23016
19997
17636
22010
35409
16357
25344
23864
20202
23490
19890
22340
34312
24495
17045
18937
29562
27628
41287
31547
57999
28144
29057
25610
33900
35664
14476
12774
23119
20673
27833
22675
48192
12957
21096
30997
61384
85016
29302
19682
21528
25081
25297
30869
46966
14557
28764
38048
28501
22645
24516
19620
19564
22404
22127
14499
24478
28901
19126
22161
47540
28683
45749
27892
22324
19335
20156
16953
14481
11152
23585
13157
28013
15905
24718
12644
24208
18760
23646
28801
24356
50850
32340
25229
19372
32833
23564
21441
31121
36229
20660
29018
17390
20802
23469
20140
23686
14220
19156
21232
26549
6106
18093
16065
28942
26188
28971
16651
22644
22054
22370
36106
28641
22093
41472
29780
21837
24747
21978
26498
17922
21918
26175
23112
22501
21877
47765
21954
34521
36619
21106
25065
17782
15576
13464
10616
30190
16034
14280
16967
42465
21467
16870
21499
14980
24331
15614
36102
17707
19168
22443
14488
22642
22644
21575
22482
35396
22940
45935
17451
22232
22274
18711
29579
29282
18886
22245
21957
12647
18105
20121
32112
19111
17284
26952
21586
21676
25935
27166
17175
24804
26895
18855
13146
26062
17977
30505
22278
21086
30153
49677
36509
25072
24677
16008
45131
30568
13823
24687
32811
25967
36761
14911
16531
17888
27332
32440
36214
46701
20576
29332
23625
30297
45397
13044
21211
27441
28116
42558
31738
30468
12652
16217
20374
11132
20302
26002
55760
17454
21777
27622
21896
36767
25224
28171
34448
28831
23916
23776
25860
13753
19123
24210
26318
30933
42640
32390
35615
27528
36525
35761
67313
31633
25290
26038
18239
28989
18677
24030
15563
18443
20298
26955
27535
19635
20995
28906
22238
16958
23071
28347
22752
27811
19511
28999
39803
25971
20046
16586
17374
23070
30587
24340
18425
19786
27888
23339
22817
22747
33212
39288
17590
28881
17565
16772
21525
29630
24545
19439
12508
16320
20041
25533
38712
14684
13335
21010
24780
17868
25220
23994
20538
23526
25586
11097
15492
17874
21504
24154
20352
29076
24822
26172
39794
41432
50451
19772
17176
16735
21359
17361
25519
29965
18534
15824
17771
38463
41687
40190
20633
39671
29879
54915
25472
32548
27338
18621
20625
20147
18931
48185
36016
24969
19853
19054
28571
15605
24291
31780
29936
29895
5778
17689
21548
22949
17887
23667
21832
24629
28657
40362
28214
22682
26164
22874
16183
16367
14739
20879
36254
21644
17215
18018
18024
18777
28727
20552
16801
21216
25259
24958
29981
31803
29776
23174
22176
19983
26741
24195
22626
26681
19835
17975
18496
18943
18540
9899
17340
38937
18423
27959
25040
20711
21761
11490
18493
20942
22974
22412
21900
31012
21419
16802
33267
31026
30920
23959
30298
24950
24626
17637
21849
31779
24241
23129
10654
16430
21217
28879
21397
30655
20555
25066
24591
21025
16040
19326
22261
18159
19767
22323
23334
10237
33128
20714
14831
17786
15902
18224
27599
32794
34484
23054
19317
11648
22722
18407
27698
29928
23263
22028
47016
34759
13696
19954
22312
30360
17388
21770
18625
15706
25031
17084
30099
25805
22644
17296
32790
25088
20536
22132
20169
18365
26477
25386
34235
27985
17319
23618
36876
23985
20987
30891
16951
25357
21675
25537
19883
20006
31160
14319
15225
15115
27885
12929
21215
12493
51477
25709
8934
23180
18945
17038
32162
20880
32495
18723
17785
13078
21678
19558
24518
27890
53313
21207
19874
30108
25010
21822
21821
27359
22489
17015
21044
33187
21398
25179
21273
34107
26626
23628
31869
30718
23804
23478
22711
26113
18933
20841
23928
31093
23852
32557
28036
13988
29071
20989
25929
21879
33971
22269
36706
18613
27417
15955
29923
17246
20853
22169
15138
29408
23116
22976
34041
19286
15149
27954
23905
16448
20748
25365
20661
19574
10901
22467
16019
23115
11284
20593
27027
22123
20638
18541
27070
21118
25761
20734
26531
18604
19072
21038
19022
34069
14351
29362
20081
23203
24246
22165
13167
19032
16572
14426
29809
21413
34441
25572
15085
24509
32928
16193
26828
36338
41462
14524
27184
10427
30525
22107
24420
18489
22752
16339
13238
14522
34354
14236
19438
21105
22672
21248
24593
13419
25992
15170
15760
31647
39849
21973
19752
20505
15026
18543
20696
10980
27998
5741
41355
38663
27356
20973
21244
21643
27311
24019
19820
26230
24794
20881
5711
19276
25464
50695
26244
41669
14049
14948
16947
23263
18273
13908
12549
21338
19831
13693
15953
17244
18077
26263
16488
22151
21621
26164
43205
19022
24876
19025
32724
52564
26778
14962
41404
19554
27201
30723
27176
30536
21710
22572
19134
27159
40404
36540
23697
26854
20720
27481
11696
18673
28618
30577
23519
19097
22443
35638
21220
20405
14463
15656
22068
31370
50338
46419
23267
19169
23966
30274
22586
27930
24285
16284
40558
18813
28359
16330
26558
16960
25024
20206
34184
21211
24096
16187
33812
17596
57483
29075
40332
25304
16470
22055
28572
29051
25510
26447
26824
11272
19763
24238
27886
25873
27090
20913
27311
32891
17231
32510
18500
38331
23616
31820
36689
18230
25703
16966
24366
20820
23868
26260
22990
22737
18871
33129
47632
26651
24297
21670
18877
15539
26992
16068
24330
21137
20448
27946
43415
18705
21132
14700
29245
35742
25382
46998
34934
23593
22311
22052
24219
21804
17352
32351
23635
26111
25063
18542
18971
29696
23880
36645
24879
31024
20542
15173
30250
23883
20125
15374
28790
19841
12901
17195
26297
15304
45122
23429
20139
18305
17784
18371
19985
24614
19964
38577
18002
20186
17631
23873
21270
18253
20909
33099
17911
23864
20923
21062
21783
36504
23219
22341
32000
16902
31296
23153
22678
25789
38697
24759
14107
18592
26984
30003
35152
17978
15856
27223
18602
27607
14820
17756
23406
15830
17208
19490
20053
24413
21169
21580
44275
18919
13779
16438
19483
17492
33340
49244
12617
31189
32158
24026
36977
27879
21012
22443
20374
13067
22530
39797
18653
23878
16724
18766
23659
15380
25911
16228
20318
25394
25523
20373
18440
13955
14311
32318
27200
22615
37607
37396
25588
15985
27395
18578
35359
18052
22206
43088
29354
22470
20019
42744
19497
55002
68673
24253
25895
15688
25735
23335
35894
38552
17715
22940
28503
16212
22134
35491
20689
22806
13369
23481
16042
19258
28478
25482
6539
13562
31159
22659
19709
11905
33804
24869
23355
23592
27496
39312
41608
31785
22807
16439
23617
22826
25130
34716
14249
21352
25632
25306
26346
15053
30087
21476
29419
16653
23961
28216
19472
23721
11278
19848
22382
38087
19608
26281
18713
17756
17319
17752
18260
34980
23022
33018
25534
27683
20145
22860
14035
20403
24531
15899
20949
17505
48863
24386
21558
21380
23817
37576
28176
54418
35307
16839
22920
22074
19997
19800
18245
39816
33594
26476
20055
22600
17935
12941
16748
22692
13566
14998
22972
28327
26929
19388
18455
17079
27469
21659
31627
26682
24684
23442
21221
19723
26356
25964
20705
20548
39888
17900
16425
20952
23752
25415
25677
19032
17017
17382
21653
30852
30261
21619
23602
25783
27262
25682
18014
29438
17206
21212
25600
20311
21811
20299
35727
47684
49882
21114
32115
23203
37898
32940
17141
25892
21514
18871
26731
32365
17370
24225
21904
25931
48817
16615
17273
27256
25787
34005
20298
26060
16549
40476
27262
18918
21243
34623
20751
45771
17458
26925
24409
22100
16283
35861
50332
28799
15908
20659
22014
30684
36238
16017
26106
20051
24213
18014
22450
29089
24798
56516
71081
19007
17466
38038
12378
18188
16968
21065
25112
37515
21946
13920
22991
29588
13408
14173
20997
34202
16703
19332
30758
17565
18317
20927
52405
27787
33053
33621
24015
15975
24645
20014
20553
16451
19985
26804
19698
24547
17558
21406
36921
14011
17982
17710
20832
12961
27421
20147
23086
23918
44689
18373
17773
18297
14331
36231
20502
28457
23448
21341
25415
26560
16672
25362
23576
20228
29094
20873
17363
18463
21352
39694
19748
15246
19455
33093
27163
20767
22714
33906
19932
21319
13412
37692
19049
25670
19962
20480
24668
14046
24894
23367
28213
22260
15549
36851
27769
22940
23535
21094
18149
25773
46067
19595
18841
18213
15930
22830
46077
22390
20929
10989
31551
27088
19225
19013
29490
29561
19086
27969
31489
18760
24981
29268
33591
26710
28792
31432
19284
12750
21079
32079
17114
17723
20995
35958
11106
25469
25319
28348
15802
21245
19522
14716
19610
17416
19744
27817
37920
15573
19482
7664
20478
25453
23142
17194
36227
15857
17412
21091
18104
20589
20764
22702
20835
19881
26355
25070
31829
18503
18457
19266
26447
23995
14791
13530
11509
26287
15980
29333
14372
22906
25327
24469
17307
10846
27089
37566
29357
24138
34901
28502
20991
17777
17506
15089
17012
18946
19470
27305
27863
20447
28618
15212
20427
31378
20005
19542
47428
16723
15365
12956
30160
22853
15495
12176
16844
19037
24818
23052
17589
17000
16746
16330
17634
12305
14342
23087
22957
19612
24026
28011
17669
21198
18538
17692
18797
23462
30881
17182
30824
33690
24071
32857
42511
15215
27259
26990
37282
24922
38163
26195
37057
11515
21717
23295
25509
21638
20916
27874
25198
13188
19553
33245
59401
21493
40762
25522
23278
11763
17038
21201
21767
19321
20845
16902
17266
40602
42003
38976
18814
25361
25506
28145
23516
24070
15880
59321
19087
27660
29326
12765
19159
27076
21437
18846
23958
19661
15397
17814
22350
23030
20152
16011
14505
42697
14510
19556
19474
23099
24394
30690
38232
24837
23945
17612
13309
22348
16404
23676
18551
15634
25824
17481
10815
28939
28694
26741
33238
35187
13329
17962
27660
22446
17039
28428
15951
24940
21359
21478
10536
15904
23499
20467
33523
20481
38779
44526
64085
10472
22864
18257
21725
28775
40827
28096
38008
24166
20586
19268
22109
23474
12703
35329
21071
11302
23664
16557
37079
37241
20391
12025
18067
22814
22267
30925
34381
23298
28414
41803
21169
20626
20935
13722
22486
45274
16131
48518
19473
32272
48192
14942
37674
18619
39510
17218
18771
26506
18934
19711
33964
23778
21099
47305
23927
26419
29718
16896
19192
42155
33598
53940
27822
26067
27305
15572
19821
14014
20282
22964
21526
22546
23531
15708
23684
28399
19320
16337
30389
21062
12488
25004
23375
19837
17687
19677
18080
18010
35344
31555
23206
30296
25509
21204
18417
20947
17998
20474
31217
20233
49398
21722
19032
38324
28501
16685
18629
24501
19903
26088
25044
14859
19027
23409
21381
28635
22870
22988
20657
26489
18061
23340
16943
14532
25947
17304
23351
36668
21584
28199
25021
23261
25157
18101
22208
30785
36669
29691
32214
32541
31372
23209
25847
25628
24856
40058
15651
14501
27695
21530
16899
25112
26797
19859
27605
29379
21952
23221
21088
24734
20422
22633
38625
20344
26091
13375
20087
20978
16914
19076
15528
18897
23959
47681
14367
16317
17846
21395
29677
21642
31668
25079
19984
21851
28547
27738
19418
47810
20639
15733
22847
25796
23461
18676
23920
41052
14118
17602
23927
47605
28899
22460
20307
28224
19790
24483
22980
14099
9360
27452
21602
12682
19712
19861
26066
22057
16191
21271
19717
28878
16574
15142
17124
15506
24163
23202
28399
25162
23198
23799
25410
25307
50833
19884
17600
32317
28957
23728
38600
24307
20912
15867
15538
18922
20904
25807
22977
17359
34791
39108
19967
27490
19493
15181
20895
24181
16546
16625
25086
23306
18300
19047
23701
14906
16351
26145
17794
37072
26616
19442
19781
21884
15394
26343
22011
11196
18044
12932
30530
28333
15739
14136
24305
13623
15696
35357
19405
17833
12567
17074
18479
30735
25953
24623
34932
25239
25457
18716
28434
26549
16049
21549
27246
15155
22267
14005
18722
16108
32582
55413
65242
24451
44048
17835
15808
12054
16654
38703
50924
41781
22578
20487
18949
15037
18622
21985
17273
26542
7131
21755
25844
37853
9618
12044
20623
19673
13200
27371
29459
15226
36623
70840
36646
37400
19550
18132
26684
54298
17052
25377
25647
20474
20076
20901
22040
15961
17078
17494
21847
23617
41412
24960
37084
18892
37727
14743
26060
21149
21872
20249
24075
26435
19727
46304
27907
22578
20631
23701
21951
14407
28061
34687
17242
15275
25154
32187
26021
25232
22379
26237
20639
17988
24102
20761
34403
28464
34974
14256
25634
13739
13248
23439
22634
17470
25375
26204
19343
18028
25212
16827
27076
42741
45668
41953
22973
31757
20308
23150
18088
19815
19113
19294
19862
24548
30831
42196
13299
18254
17657
20245
37158
15755
20717
20105
19994
36173
21231
20888
11915
14538
25405
20782
22840
20374
18753
18205
45000
23006
25733
20541
23353
21859
20114
12626
21939
25770
20067
25513
52289
15732
63893
19040
26260
22000
22996
20430
19587
16668
24446
43681
14645
19185
17618
25778
22977
17368
21841
19147
16883
12597
21522
21490
20646
26080
23079
22838
39985
27651
15212
16903
16746
22705
16329
21645
17832
20510
25613
19900
29210
22290
37825
27763
30551
21586
40157
24035
37017
24384
20344
29966
32205
21122
24248
21739
31943
13267
17708
15147
25452
24464
20577
23035
24304
30436
20088
32901
27756
28016
15317
12765
25274
16663
21534
33250
22729
27222
25608
23020
41179
23145
20228
22345
20235
36846
28325
25357
22052
13788
24822
23930
22850
16989
23655
26581
25559
25997
17111
12984
29979
27663
40017
63835
11044
22961
35288
25156
20588
25642
15521
17180
30905
25887
20841
32369
53520
20863
27052
14139
23750
25557
19098
16489
17955
18652
25688
31436
23281
19246
20983
10834
22404
38025
22280
20239
15886
23711
16950
16688
23321
21729
19613
19604
19131
16164
27224
17127
15467
8939
33099
13613
22654
13309
16433
28667
29100
21598
18214
42897
39006
39158
54601
15839
24733
24957
34874
35645
28416
22398
34320
19367
18473
21268
28121
16111
24173
23782
13093
43284
18002
26166
51098
23524
29005
19701
23615
19805
18412
21929
22063
19930
32956
21890
28880
19315
27361
18108
38298
56004
23875
31939
41042
17963
28261
29214
20864
23232
20173
20467
27831
42367
32258
15930
23699
22055
22994
12643
23328
9043
17547
34562
26091
12815
26286
14699
20970
32630
15041
30655
17459
25225
24136
26876
25703
54571
18091
23483
22277
24384
25624
45598
81542
22768
22469
24834
20652
21621
23158
15709
15796
18844
38842
24855
17737
28674
15281
17885
24516
28568
29562
34557
16396
26482
22996
20331
37958
22494
26688
19821
18377
20834
37931
13579
23138
27341
60752
32231
24084
21499
14980
20485
15753
22328
21476
25944
28440
30660
21792
20384
24169
20006
18723
20399
23784
20887
23060
18545
22943
27660
21165
22916
12520
17000
17863
23524
24534
23573
15055
26223
34005
19524
28899
43909
21605
14295
19063
26201
32327
20422
25183
31631
13754
23652
20074
5735
17940
14765
29872
23037
25478
12061
27494
23952
18902
24695
28908
19494
19821
18234
20378
30612
26849
18416
18616
23792
20540
23304
27024
21478
14447
14585
28251
19128
28962
22766
32290
27844
16972
33701
17477
16332
20035
21199
21230
27813
23085
23796
22534
24066
19559
25570
45540
12986
20404
20552
14397
14680
41421
23270
20918
24129
17928
17765
20005
22092
29742
32037
14280
14805
22513
18133
26625
26236
26027
22831
24347
19673
28058
21399
16009
21113
23882
18006
22595
22333
26245
31626
25015
14183
19951
25079
19769
22454
16192
21931
48041
28476
33553
38987
23030
25485
13501
22866
24082
26701
15072
9832
30501
17372
28082
16270
17376
32273
21124
10006
26394
21544
23130
24649
17318
16109
23908
25060
23591
23088
35039
28007
42017
42003
23416
24946
17927
53392
52418
24995
19571
19340
22170
18675
34326
30217
27667
21132
15351
16604
17066
23270
17764
14744
24425
14936
16439
37636
19343
25100
33135
14564
16723
30220
27976
35592
23106
32773
23197
27507
41497
51693
18480
18905
21826
20709
16084
17806
21157
18039
34564
48392
32264
21171
17044
24351
26827
24018
33422
17906
21954
23099
12007
26227
23930
29363
28447
32074
31253
26818
18939
34482
24582
19932
25141
19042
21588
17460
26185
24693
22633
48015
20803
18190
20111
25323
28050
18178
36023
18916
23423
20582
16983
23039
23026
21491
18856
31539
16986
24892
32110
19392
22542
23180
26847
21783
19335
32135
22764
13789
25418
30794
23120
17521
18013
30481
21627
18027
39869
24349
20367
23355
53080
28983
15175
24883
15331
23297
30561
24160
20837
24630
30342
19681
22440
32764
31954
20863
16000
15150
22402
25130
24744
18015
18548
26013
25184
22912
19404
25885
27990
35870
38181
21606
28809
11767
14266
13001
18208
20590
13923
25595
16876
14595
13455
31155
40550
22580
15981
19449
26285
24901
32458
22668
23321
23818
12405
23089
21894
11786
21229
17273
24071
28662
29541
18806
21530
22569
17889
32443
30247
26674
18066
22640
18473
19774
18090
19930
21295
22212
12393
13646
26731
33697
31362
18113
18724
18413
56929
65282
16375
19458
25754
21986
17931
28514
21121
36496
26658
26694
28267
20900
18394
28288
10665
22958
25670
30222
23775
16314
14747
16555
15160
20276
24970
22449
20734
21642
17585
42563
20817
26377
18562
22749
17387
24491
25092
47061
67523
33912
30758
40455
23002
32409
24700
32439
27695
19764
20955
15919
18861
24726
19371
22063
47226
26620
23565
16496
21595
21275
25847
24592
17737
41284
22233
21038
35147
33301
18131
24066
16545
22358
31945
19211
17848
22547
35832
21654
18322
22653
30141
20763
22122
18069
23056
22610
22487
26500
22940
33963
24274
14735
22062
16201
27720
47265
48008
19285
31209
28460
16158
18596
20790
19827
22194
20587
15134
22691
33191
29251
25035
27494
35450
19526
24077
22996
25705
19752
22224
22104
14269
21512
17767
12516
13585
21931
18788
6799
20586
20462
32325
20286
30811
23565
20951
24389
20882
17316
26329
24029
22781
15290
48527
23649
21988
28936
25712
29944
26978
19159
17795
26099
18833
22599
17476
24026
27819
28529
26202
26076
30732
15759
24755
16102
22194
21902
21579
46146
24280
22313
18654
30929
20642
17907
23954
15476
22191
19722
14406
68669
16753
18714
20425
24591
48074
17330
21863
14741
18665
26673
17078
18167
12951
12511
18506
12327
12755
38849
13127
21259
37647
18989
47106
44522
25466
24423
20439
15602
21658
32451
23200
22861
28151
30446
15897
22958
19124
21669
13229
16109
33035
23436
20813
32905
23061
24453
28052
16726
30445
20996
27685
26166
27413
24416
25057
17056
19882
10615
17007
22005
27120
31983
48050
51663
13161
34878
35344
18401
35480
47049
27732
20122
18304
16961
17630
24110
18108
20279
16375
24802
20813
22634
33071
21519
20632
18093
15744
22160
22849
20642
22944
20573
15506
19306
8564
19606
18200
41371
20609
21062
27775
39682
15914
23693
26881
30499
19159
17080
26124
18872
28114
37541
22030
19484
17496
34418
25542
33174
30075
29090
15105
21953
13435
21496
23376
16437
33155
20558
31562
26454
30594
22529
25268
14911
25142
22831
17465
16888
15108
22355
17186
15940
14946
17179
11822
21680
21105
33552
31614
17297
18997
17296
22739
22814
17542
20333
26071
28295
25673
32082
10935
23590
36406
18195
22572
6806
23393
22842
27990
22942
16572
22715
27380
27332
28471
27834
30166
12016
29032
15549
22602
28426
18982
31968
17014
20556
26621
29902
25612
21281
21366
36177
26073
24441
25733
42875
23071
26953
23772
22583
16634
19001
24884
22132
16116
22333
20691
53835
19790
21263
32386
18706
23200
33936
54429
49291
27877
21752
24399
24813
21530
32185
16086
20329
17834
21940
25694
47647
21457
20031
22425
23140
16286
26277
22849
18637
23185
24242
27585
14108
24189
18375
16789
17395
27706
17728
29861
16593
20308
20022
21218
14646
21798
31518
21344
34730
27594
26973
19831
27489
31185
42083
34777
23697
34212
14997
26035
29254
20234
26478
22625
27134
24644
35199
25322
14669
17117
18329
21615
21792
26379
17677
25082
22380
31026
19819
19023
13234
20374
21526
62761
19570
24579
15167
26619
36400
33964
31676
21776
22246
21685
18615
37956
17444
27623
13152
14833
19608
27094
25640
27428
19787
28787
24792
14148
30446
20635
17749
33709
22755
20325
23391
23967
20850
19049
25324
28500
43198
31497
33946
24936
17978
16199
29736
24840
17580
19471
21715
16315
27050
17215
22880
25201
19845
18247
24840
25372
25123
17981
32803
23880
27981
18234
29029
19242
21584
27552
26305
24201
21952
16808
22548
16877
19255
25810
27246
28825
13804
14604
10748
20145
26729
29633
23858
30403
25858
18242
21088
25613
27687
23654
31789
32472
35024
22168
28063
19406
22359
22274
29128
30955
15013
22430
28846
19457
23218
18096
28815
25171
42443
23984
31681
34922
22908
23410
20631
28995
26796
18418
17357
26460
27943
22254
24830
15807
20085
17825
15353
22275
14335
20634
21981
25435
20382
32986
23007
42623
45881
28256
26005
17721
11885
28776
21310
22182
27471
21055
26269
32426
20045
24118
30842
27920
22303
33064
19505
28975
29713
20849
24331
36897
14558
25487
12525
33637
31166
31621
15402
19730
22651
25761
18670
24177
27235
21590
22922
21025
25500
16735
20472
23343
34174
42623
18920
24044
21835
24063
50407
31487
25133
34495
14252
16136
25804
11966
15786
19421
30126
19137
22668
20754
18497
19809
28940
22562
22146
59427
23209
25435
46884
17457
22680
22211
19926
13528
15874
19851
23249
15962
26398
23170
55880
29882
19997
26403
42470
52084
11964
21946
13151
25661
28612
23423
22670
15690
23478
20021
17267
23738
26353
37940
30401
19285
18340
18728
40241
21420
21343
18123
34913
22404
18032
16702
34994
21009
18846
23073
18159
26878
22122
14118
18117
27997
21645
23206
19339
16313
18271
15387
28190
21796
18561
28180
20205
15369
14610
16126
24145
23389
19648
19081
20338
11933
14542
18649
22788
22648
17200
18699
23369
24460
20411
22499
23324
22552
25078
25240
23838
16636
20140
21548
23232
11046
17281
18282
49518
29410
13932
30574
17234
22128
31869
24928
18625
38047
11309
18769
9515
22738
32500
25681
37345
20120
22794
32767
34174
25644
14437
16407
15648
23578
22158
26257
15499
28876
15583
28559
20153
25791
27685
27987
44665
29150
29791
16546
20010
20536
24314
26974
14859
24960
27897
23344
40379
14360
21084
16112
23085
12369
18641
24750
20036
33784
20098
12422
25265
24154
23073
14822
26423
22384
16550
23006
13953
10322
15859
21303
20871
25037
47885
17910
32428
20713
23420
65569
31467
23261
25245
19584
28153
14528
14487
19512
20758
29006
29637
15033
34397
21586
30616
25083
25790
29863
28364
14847
27476
27288
18373
20506
17245
16592
20467
22088
28944
28187
37394
25258
43739
19714
34352
26590
14250
12496
25071
19194
24815
18871
21325
31626
21620
20880
27074
18052
10399
24299
19052
15279
26466
20704
32655
39731
47722
54391
18223
21818
13214
20531
21162
29156
32686
27865
20373
26991
25128
13551
13602
10951
25404
33663
21141
24666
24003
23698
21269
27363
16726
19875
16199
18959
23719
51990
19341
30262
56118
79244
48985
24402
22912
18371
34493
21128
24390
22207
32249
28734
27883
25345
17640
26456
23579
23202
22376
20215
21391
32435
17892
11877
13706
24855
27285
22256
14727
12377
19250
18155
29448
16759
24278
15352
26047
10186
28103
26517
16042
17309
12855
20864
16204
11724
16347
26821
11216
26197
28812
27729
28307
46235
37539
17130
21245
27121
29727
24793
34832
13124
11357
20330
25602
24249
16429
46930
53933
27155
20865
24710
16304
27751
22951
14667
26884
22040
34956
27582
16646
18956
18669
18913
18502
27518
16041
15571
32325
33432
23008
18597
27171
23971
19827
25938
15270
26888
13632
42845
39325
16596
21942
19030
34893
18602
25367
22934
20114
27326
16807
23877
27440
18264
19609
19360
22453
24121
24298
41067
29279
27316
13756
27703
17652
23389
13181
25176
22785
26800
16455
26324
17191
22469
22587
31309
16007
25304
26422
18382
18711
30360
19139
36878
20280
11567
20728
21319
31822
19097
33427
34511
31575
20615
27672
17139
34010
23255
16566
20709
23619
26581
33578
33996
17275
31147
27868
29703
22572
17030
17721
21825
29995
25164
20067
32802
26197
30126
41928
33238
78233
22497
21257
22964
19243
19565
31932
27965
25211
22534
10261
27971
26241
31489
23807
24015
37949
22243
19947
18236
30131
43470
28868
42242
20903
23309
19377
19330
11563
13505
17753
14475
21679
14763
22650
18359
25638
18449
22559
19306
15259
31025
21367
27324
27368
16678
14852
22070
19282
21881
17094
16190
21646
28375
27296
26075
20491
29568
22188
25931
14271
20615
20507
21614
18160
27107
16599
43116
36217
21545
22861
26125
18313
17004
27666
24073
21694
21692
24581
25793
20101
19078
21047
25375
26471
28659
43060
30570
17774
29240
30239
18796
23282
28052
23812
19891
23167
38730
56363
9468
21989
17276
18519
18811
34704
40013
22730
48099
18694
14079
26701
31656
22643
17882
25330
21958
16678
23217
27045
24351
13135
21894
20862
21627
25688
29762
20343
26422
20826
23328
22979
20883
23581
17700
45596
21698
26318
14192
17381
20445
35382
19570
17980
32023
40411
25893
13727
18031
24621
19385
24506
20930
25287
25684
36559
31918
29273
33160
23785
22745
31265
34333
20121
23737
18266
7540
21889
27884
22021
13725
24294
17539
26090
40673
20767
14112
12740
19632
25285
15545
16370
29130
17585
17857
17394
22836
16188
32125
51551
26489
25049
23386
14534
29971
24471
23222
18670
21758
15685
19323
20199
54054
28009
24207
33611
23897
19752
24974
12916
23501
23492
13361
23701
39784
38770
42838
24022
22721
22465
14591
22690
26695
18001
35512
20690
20119
19973
28325
33895
17821
19692
31477
24089
19530
22750
19915
29188
38557
19062
35482
28834
22697
14637
21891
29227
21033
15649
33674
26969
16099
12400
14911
29027
18609
17022
19130
43123
19907
20984
26105
19252
17809
18877
24861
22955
23446
22960
20139
20864
14305
14441
34345
25919
24004
21810
31469
12370
25574
23081
37527
19499
13590
19834
16610
20943
30123
32179
28903
20724
19373
17763
22204
28296
20399
23228
17602
15114
27116
21526
36871
11432
20897
22008
18479
17713
37981
63733
14972
26654
39081
20532
15095
20679
24869
20240
23079
21188
25653
38398
31906
24020
17366
6590
32917
28098
43655
18206
27885
29557
21401
25737
44858
28929
16172
13650
18769
40154
21525
15095
18398
25719
10679
18138
28071
21115
39530
25938
17865
16234
22193
27822
27026
21222
46087
35147
39554
20862
16226
22999
18586
21232
18779
19941
30554
25723
23053
24842
30859
22763
23203
20977
22994
21098
15634
20052
16421
14460
35765
19694
19599
29953
20187
30175
20483
22145
38185
36039
16744
24923
20882
12576
18696
14240
48798
25421
42041
19924
14428
23851
23457
21242
28221
28701
27775
22313
30232
22485
17157
29492
33872
18104
20668
12893
18453
41516
26359
13509
19471
19374
23095
23034
20170
15184
29571
22893
21975
32292
51003
24313
12673
24123
10845
23870
19342
23060
19998
18738
23446
15109
21871
28616
22355
15262
20455
42266
18717
24020
33388
21167
24817
18963
42757
10749
12737
25092
29459
20471
16376
17298
20032
19283
14360
14423
24634
16266
16974
24519
21726
26029
15991
35602
41749
31585
52798
59235
59236
23099
66156
17155
28634
24750
32869
20546
20957
17473
34056
22236
32590
19551
17944
42336
19876
13676
21062
20953
28349
46624
25946
26403
41144
39884
22182
33012
32570
14866
17699
14611
26137
16909
18331
24187
20034
24524
30959
25012
22763
26003
23418
21228
31533
28416
24598
22342
25418
41649
20839
29595
13539
34187
17215
34919
50938
15441
27745
20222
29569
11028
22212
32846
35789
27208
26735
26598
25915
43611
32275
22317
19556
30109
22922
24596
23428
19890
21875
26608
34614
23631
32701
27581
36867
14452
30827
38549
30759
31727
20763
18700
17398
22631
14277
21044
35109
20288
20997
26148
30208
30698
26364
30177
31362
26532
24065
26422
16118
11548
22883
30723
34777
32437
14546
28861
20138
29193
23890
24996
37648
34217
23360
21976
22882
15697
18032
18002
22173
27425
41497
58795
15801
17469
23037
20176
25700
31827
39580
28562
25334
16236
42355
25171
34353
25896
47779
42367
12144
26869
22782
45437
13605
20060
21343
20043
21823
37480
18762
25589
35982
51418
20372
21787
8609
31901
20088
25780
17187
25867
29220
19795
20599
31603
40845
39563
40287
22726
20612
17359
11710
20657
26073
32555
18612
22926
22442
21620
16044
21859
21861
40889
29365
45463
18030
36541
22500
11834
18101
21604
24455
31229
19563
19803
22573
32442
30714
17008
32641
28987
20164
15367
20927
15208
30354
51154
22606
33692
21195
13339
29872
25815
33569
6956
29757
19828
21382
12258
17631
20964
31466
26247
17891
42389
43037
25889
46416
20084
18988
19595
28517
27521
25252
23907
11012
22270
33423
25725
19839
24300
22150
24191
21741
20541
20096
7809
15423
25278
21050
22115
21371
26159
50673
19046
23492
16423
21990
46932
24459
14600
24947
13412
18245
23586
19771
15186
23612
25090
23545
19896
21047
11876
10060
17801
32110
14166
23918
21431
25934
15222
27390
23162
20128
33280
30032
42307
16800
29447
25802
24374
18315
16073
29323
30095
20475
23131
19645
54948
49062
21623
32377
25001
17397
23388
16675
22591
20197
21031
16255
24604
26111
29125
20065
28398
15041
26570
31209
38197
23004
19991
30163
38667
26331
26778
25947
25753
21821
24349
23446
22229
18378
17641
24045
26582
46072
47613
31843
16715
14649
15465
28895
29321
16378
25931
22075
17363
20086
28296
18136
17802
29125
16916
18551
13700
32763
16371
33037
20301
25065
26072
21955
33204
51275
28112
27019
16612
30799
22045
32929
25589
22419
24554
42099
22276
17451
25380
32557
36960
25019
22297
20089
18876
42393
14802
22954
15459
24197
23099
12323
19920
17293
14777
15808
25428
23667
22384
32332
33012
34578
23630
44997
15945
38390
52527
20315
13682
26216
19939
20199
19716
16657
18164
28612
47373
26346
24220
17843
16742
19987
23894
21643
18985
27737
16339
22437
18446
20137
21083
5815
26397
14652
21198
21823
18351
28973
22448
25508
15656
19215
23986
27674
14120
52910
34240
42331
23964
20956
18440
20697
17252
28084
25911
22947
17738
23243
27988
16454
22885
23075
24252
21630
17744
26516
20536
6461
25071
24462
17896
28113
19488
24724
14934
20183
32310
14418
18209
18012
21136
24972
35827
24668
19761
21359
19125
21184
21733
30751
79703
36848
54849
28820
27799
28415
26885
18062
30417
21278
24963
27857
26327
22876
32612
23355
20824
22096
18495
25612
27530
6769
19822
22747
17302
22414
18505
16350
31650
23886
37016
17909
17926
20757
25171
25352
26737
17917
17004
18931
22913
33175
23004
17688
18900
29372
23852
15718
26998
18635
21345
30290
25314
27209
23752
23600
23756
40758
20633
24793
13979
31674
20452
13832
30725
20809
18648
22504
14978
22173
27607
19247
25219
19479
17185
14110
21071
27141
27254
18386
22193
29773
17269
18861
27389
16103
21293
40080
16703
22109
18277
25056
20879
28737
26330
33216
21383
20298
21128
31929
21706
22208
18456
16892
35311
21943
23832
20776
30755
44559
18828
18924
33235
14331
22485
17732
24172
22291
18116
37532
24362
26910
15923
21781
20135
28506
21329
19810
27332
29499
14508
26329
34176
24512
25525
18912
30681
26392
22901
19103
21073
21604
19028
22066
20694
21956
21642
16558
17892
15067
21760
18965
21144
25683
15461
19048
28054
27959
19105
18105
22001
32113
23850
49431
27730
21460
29676
30225
49860
10195
14127
24569
25092
25528
18557
26419
19272
23571
18909
19431
16944
25883
40300
18546
45549
18943
11630
37928
19790
26394
24333
21954
26487
17481
20520
29306
15349
17721
37057
29123
17793
16321
22414
26904
16802
22549
47811
21572
25303
15555
47034
25503
52841
45171
51172
30498
19536
24616
24384
31974
42897
28791
20315
18235
23943
29473
22341
33492
22188
17359
19619
40218
38193
19796
13651
29160
22129
26541
41444
20276
36716
39833
21447
17280
21077
17989
9514
12710
9961
17421
19334
21010
22688
15208
17523
25073
25323
18175
17646
30340
33822
25834
22743
16076
18441
22159
23187
22324
12507
29562
19951
27710
27826
21165
14511
26131
42005
11938
21380
27687
19884
17045
23999
14057
17766
9536
21097
17860
14559
47300
30544
83453
22827
23841
19926
26738
21087
17195
27174
20847
14129
16486
30534
30399
29794
25981
25388
25738
17044
21785
17676
23884
26194
29014
13103
26902
26380
18856
14381
23847
14403
15881
18974
48904
49091
28001
49712
54220
18805
10977
19064
47743
28330
20393
21549
19726
20435
18515
15552
22460
21183
24730
19318
19518
18478
19205
14172
18371
24204
19418
16929
36404
19631
33863
19466
31411
16951
17022
24171
22178
22559
16882
16206
20186
26077
21389
21791
32156
15876
32273
12739
26330
17380
35595
32437
19311
26434
18945
26021
18661
23307
18563
25764
18971
20282
15546
12559
20616
21206
33490
16285
15856
21660
21693
20120
33616
22810
18397
16859
24596
36767
34585
62991
28399
24292
22951
24241
19723
18355
31576
19157
21107
17030
33930
22805
26739
27741
20334
30599
45467
14162
26701
50797
28400
28645
16594
36561
23598
26718
20196
14269
24131
21666
23826
21249
25264
14512
22390
41490
14502
23698
15770
16902
26444
17946
19516
17220
28677
26077
43133
24665
21549
25869
35535
23037
23320
49824
40951
14680
23621
19519
25287
33939
20521
33462
53671
22867
20679
14766
18244
20881
26745
24554
37940
14834
17245
19419
23214
52407
23604
43427
21047
38204
36463
44903
22946
35131
24112
29206
33041
29387
15397
23201
15662
38767
25975
16298
27114
19253
21755
36343
21034
27636
25989
24574
39949
42675
14241
18805
19412
14040
25848
42965
25845
26038
32509
54931
18262
24092
31791
16844
19652
14769
19861
14601
26188
16356
28551
17798
18497
29233
24056
22188
17406
27546
20293
40254
40530
16650
11297
22295
23415
21928
20427
40593
23772
42125
21360
23781
24665
21704
41350
15203
14170
29088
31650
27466
39622
31744
32207
29678
18679
33447
17977
21354
57658
43340
23206
26213
16992
21408
26317
20434
29168
23121
28101
31916
39305
21657
25573
20733
21059
18492
24881
23706
20293
28555
32950
22792
18783
27961
45509
24599
29607
17651
12711
46378
49410
20708
19832
20368
18887
18496
28789
16825
36730
14738
24332
25604
16691
19071
23734
13080
21537
16180
26079
25094
23881
15930
17214
14973
26464
22583
23854
16910
18358
22349
30003
22247
18225
16676
15889
17527
31692
29883
14618
29322
23253
21988
34002
15071
32351
32312
42716
25874
24106
18896
27191
15092
22184
16034
15937
13746
23628
38073
47494
37839
42014
48733
10674
30083
10381
14162
21565
18718
28172
21303
17372
22557
44062
20023
23258
18747
19197
13263
25124
24466
27553
17201
19911
23421
23137
14484
24537
14654
21164
20258
19289
15499
19586
30623
21385
24868
18617
24959
18538
29550
29709
26584
24699
25268
26705
17284
34726
26468
18708
18208
21792
28101
24957
19795
19784
24786
23629
16458
19785
19183
17479
14401
14685
12682
29756
21529
19173
16869
26337
21062
21319
26604
25283
24670
37587
16954
26512
32489
19560
27511
25373
25795
16318
21226
18429
10390
21294
23439
16542
37106
99862
22479
23660
20520
29924
17332
26904
30974
20064
15868
24666
20815
25195
18890
22309
19187
20284
16499
24972
15485
25801
23328
24237
20066
13197
31090
19738
29085
14315
16730
32236
28071
15458
25567
24413
19650
29531
21048
36579
27069
16859
24023
12565
27201
25899
20620
16387
17080
23165
37646
48819
26733
24191
20831
17480
28759
23210
37699
20737
21182
20653
25118
35678
54283
22194
26537
25031
16040
26753
20923
20884
23967
19116
27017
21939
21342
27361
22036
13023
21281
18936
20979
39028
19655
17782
18945
17810
18348
17996
44659
16821
25912
28243
23103
15647
24825
37740
29361
31115
14695
32797
15117
21800
32478
19842
17747
18481
16066
32932
21038
32862
49249
18575
24992
22480
17787
18446
12503
19550
29921
22207
22907
29176
18666
22544
32007
27768
15264
24573
40595
35196
31084
40826
55815
16550
19809
20924
25862
17253
31634
32266
50105
17871
16834
18441
18909
42036
17697
38845
20140
23608
14678
24789
15726
28535
14778
16788
20364
19714
15611
22241
23570
25437
18705
11406
23102
21328
27058
22299
28801
26117
25536
19406
18836
28569
23866
28970
18115
41612
20102
17714
31086
28929
15717
33277
21964
16708
21421
8305
15194
22289
18885
17071
12628
37792
37612
19677
33481
16793
18695
30193
30294
49560
21730
37425
18342
10684
24907
18950
25314
26281
28465
22435
9100
29906
23754
22735
30133
30834
15768
17829
28619
53388
20298
20916
17083
20326
27283
17059
16757
22863
31189
27120
44536
16123
26760
20033
34160
23590
20479
22635
34759
16052
20309
32020
24357
26391
28366
25892
20737
38400
33713
21469
29420
22376
18488
18257
21664
30248
22748
23126
26717
22529
26132
42825
18749
18900
20768
28800
18890
45588
15612
17138
16420
25035
11488
40781
28883
15569
21871
30970
25008
13667
24788
21380
14868
18811
21607
17002
33417
23282
15750
30669
14135
21132
31401
33977
17083
14943
18358
21211
28659
17113
15617
28385
38564
21122
17700
26805
21789
18045
19360
16262
19308
13472
22709
17974
16599
21404
21848
22594
28766
19506
20147
14678
33895
21103
32409
26868
26168
24260
39680
37076
23997
26169
23821
25693
17910
12130
20689
31551
29987
21213
19400
15858
17629
27862
32787
25173
23591
23807
15797
33477
36890
20846
17860
10300
20300
25178
19669
27286
25792
25394
19600
17425
16999
17903
26190
21687
26500
20568
22543
17583
28067
15560
24434
23331
25329
15518
22986
27367
28195
30349
48793
15680
20602
26489
29040
17867
15718
19552
27082
22174
23685
17190
22031
21531
12886
14167
45937
31911
14372
13943
38685
19434
15317
14154
23653
33651
21359
12729
24365
20656
22294
32875
32765
20800
79568
24870
25469
18540
25238
22176
18120
18707
27418
21505
24369
41510
21815
29972
21705
19299
24614
33909
21726
25055
16447
14321
19669
29403
12115
36108
23600
43071
29448
23224
36941
36404
17961
34737
30607
28547
17765
18441
21604
24110
17616
30014
29311
28285
18371
20116
18184
27348
33581
20383
19922
20130
14701
15367
21369
16113
17995
23727
21698
40444
59612
21117
19741
19167
14243
14897
23657
23781
31005
15217
24279
21207
17395
20970
18815
23518
25136
17752
25359
20824
32834
17453
23063
30260
20885
19932
30483
16945
25342
43551
67473
64180
22222
20556
16239
31290
39544
42799
59203
33297
19099
24319
25141
15233
21536
45987
23819
16537
18358
28350
19438
27620
22497
23806
21553
17391
19588
36946
66351
51052
27779
17716
17444
29155
24741
16991
21440
15838
23492
45084
23471
23651
20475
16137
17712
21930
21541
14128
24788
21716
36475
33138
27745
22904
13020
19304
22518
22820
24451
20097
27922
24428
17271
24142
24774
23646
34187
23065
28036
17886
14421
21628
21619
19412
19692
15893
14314
22286
17168
14583
27417
19766
18393
28489
14965
26190
17909
26225
27514
19149
20555
17676
27182
18355
21355
20554
35499
14268
31769
22730
35340
40740
19440
66379
20717
26214
12652
20378
33498
21999
16912
14973
22018
21747
18826
23109
25962
13449
26282
20458
28439
22746
18802
14916
20167
27299
20984
18422
25043
13355
34257
22539
37882
42033
23613
15666
24088
17592
15101
20842
37999
17671
18186
23222
16180
22534
17294
17397
11910
18554
27053
44974
30748
19788
12889
25015
21068
25700
20153
21836
14000
32281
19329
18031
19945
57726
15592
15583
18965
38202
20025
50140
16547
17287
17331
17222
24134
18813
20360
16598
22639
28474
19802
18222
17342
24598
15069
34281
52693
29943
16674
16379
14525
26412
12723
17125
21667
16126
27888
20796
36167
21509
15149
13600
32550
16615
13924
29083
26383
22574
24549
37379
24969
13043
18669
18624
25840
18271
18049
21526
26333
28104
46321
44449
15916
26623
22276
13263
18384
19021
27978
16689
16082
16471
15379
21341
63300
14586
19705
17194
24823
17509
26606
22063
14233
14986
27399
26270
18982
18600
23146
12659
20566
15320
20431
15144
22074
17306
21576
33280
30498
28773
22719
17244
16537
44586
12990
14072
18119
13159
15930
33280
25736
25047
14605
21840
25763
21669
34442
21655
18645
17975
24648
21063
18977
16211
21717
15561
29402
21851
18652
36556
31804
19576
13830
22243
21100
15401
24238
32676
52787
16581
11423
23027
20273
33943
52674
46483
23721
28873
18511
25061
23611
39637
24613
19505
21017
25682
25787
34290
21506
28745
33113
28342
21063
27090
20069
20326
21116
25702
16051
30453
22097
19848
26563
26606
17800
16702
22338
25192
28990
27287
22242
25342
37705
15354
18882
33161
39659
56309
26751
33850
25785
13973
20265
16965
16602
21649
17576
30112
15989
14984
21321
16961
15556
27311
19757
17816
21146
37764
19463
25814
15916
23047
23145
22953
26172
18969
22103
16844
21711
24803
18085
20666
23021
16604
26065
21333
28304
19949
25669
23640
20609
37752
38962
56377
20440
17990
17119
28743
19744
26230
39229
41236
36170
17742
14145
13572
31805
37614
23549
29980
26823
28466
21324
21796
19322
35758
14388
17145
21003
19218
28118
25004
19329
19172
38505
27463
27823
15792
15308
12027
20099
36982
24913
18374
14024
30504
18868
29159
25761
19524
16333
19649
19849
17060
22455
18850
25179
19445
17732
22062
12319
28455
19492
23418
16973
28500
23933
16932
21979
18262
17135
26109
13917
15136
21769
25098
15761
19838
14740
15790
23777
15841
14446
15126
40743
25948
30835
16339
30968
18791
18473
23451
23473
16418
19198
14770
31113
18310
17833
21523
19326
19303
10484
16492
15857
19098
24928
19443
22722
16127
23290
22226
25863
18641
24656
22102
16368
20747
34082
17394
21228
15515
30080
22465
27818
41406
34887
17939
22235
41972
32977
16702
21910
23092
20897
19296
22683
28067
26512
12344
22657
17319
26656
15502
36396
24919
22762
25001
21461
20695
23801
29474
47410
32435
22535
42194
24897
19311
34874
20067
26408
18333
18619
26001
21728
19339
19764
21075
27061
42895
13864
15389
20202
22644
25268
17937
25438
26602
23142
29755
10400
20299
26145
27107
23858
19747
17989
21067
20745
20364
16561
17383
21438
13730
22247
20942
25950
46021
34605
22591
19761
44649
18284
21635
20236
30166
21037
24401
20953
31382
25116
23874
32246
46836
35092
20941
38469
23197
19659
16636
14131
18535
23401
23648
35828
28857
12563
30398
35076
26174
21380
14445
17112
20795
13320
19833
12954
53353
56713
26681
19221
27806
13387
18855
11728
25125
23340
36433
33530
27235
13486
22076
32984
22935
13933
24271
32934
24227
23660
16236
18148
14354
27427
29380
17466
24980
25424
12478
10892
18268
20562
25751
20988
16168
14319
22201
22485
36867
40873
15749
14819
22446
31010
16173
13351
19430
22847
22849
19554
11444
19029
27061
19816
44865
24390
24264
17953
19568
11257
15931
29308
21094
23697
24728
18844
17039
14907
24773
18219
18116
16601
28446
23240
25302
15911
33046
12344
27034
20111
19765
20756
22564
21634
24394
19435
27003
26527
23699
19444
18465
29714
26273
26775
22710
20463
22999
22460
28730
21630
28966
24227
31237
21975
20474
23144
24461
27173
16765
18837
21251
39354
49128
25170
27391
27233
13677
21786
23703
23450
19666
38225
18407
16728
31709
20110
32191
19012
16043
14501
13803
14932
25020
22302
22569
26315
18541
22639
26272
19386
46790
16777
21137
15928
22577
13601
13269
14759
14081
21027
27581
18637
10624
22020
14588
23486
23563
27220
24296
24274
39596
39243
29755
28366
18389
29863
65130
30504
84026
17776
17459
22811
14957
20940
12374
33805
26931
20143
19009
18769
27294
28221
27537
27068
14069
15937
32869
45661
44584
24525
28494
19759
41219
12665
35022
19682
16625
20768
15996
23720
19022
13215
30653
20660
29184
48793
22473
47979
28387
25130
11843
12113
49379
28251
23272
24584
18954
18439
37233
17112
19747
18134
25943
21807
23466
25809
21310
17290
12657
21258
20294
23549
16110
19225
20166
20841
40421
55629
35252
14362
20122
41010
59716
61038
18449
20680
15914
42333
39765
40156
20533
27135
24197
30082
23989
17558
25659
33443
39744
15309
20699
20723
16664
25269
18038
24152
19205
22498
24627
19543
13276
18685
23199
13572
22083
20438
23367
17361
25103
19465
15484
22029
30551
15867
15802
16512
21749
32978
24728
21268
24492
23455
30648
34721
29197
35928
24799
40407
36407
24945
15687
18891
30993
64387
48666
18531
10237
39073
36193
20511
25633
18768
13447
20996
12295
18986
17925
17271
22965
35861
26122
26232
22354
32342
13822
16414
17824
27508
31238
15757
14047
18477
20936
16453
29707
18996
25484
46761
19721
18213
37154
23113
16155
19135
18293
18661
18306
19355
24213
34015
14497
27005
24146
13503
18906
17792
23098
16387
37324
20842
15725
31267
24359
29952
22702
15556
25438
21888
23863
18956
13453
29247
31973
19250
18740
17366
30904
15965
14949
25027
21901
15154
13225
21423
37848
47259
18393
20632
33299
34684
20426
31691
27405
26150
32314
24476
25558
19589
19212
39405
20692
16627
22093
25803
16207
21310
17977
17587
27377
18257
20760
18224
18132
29227
18224
23776
25887
27551
26091
25314
33202
24604
15949
16696
23298
30570
13471
18645
21838
34866
19195
15487
40936
32511
35655
16357
24447
33918
32199
19110
45216
17492
23816
21891
30286
22571
34955
22895
23824
27286
35464
34724
20521
23060
19211
21680
24172
19335
16756
28762
28583
16704
30663
16956
30019
20655
42328
39617
20352
35189
31391
16843
20406
38870
25970
22896
27568
21833
15603
19022
13504
22669
17802
14213
22054
29873
23082
24260
30031
27408
13973
14189
23470
19992
10876
29838
20115
13946
22153
18467
20054
24926
19472
21040
19879
20362
21742
16032
20038
15658
20539
18254
18396
18765
21604
43887
15637
29104
22473
35009
17588
30957
14322
16691
20704
13183
29817
19987
30203
17140
16066
32612
15483
23416
33785
16101
20884
17580
20633
15058
15927
17361
28432
24602
16227
39877
17013
22082
21754
19894
18927
28067
19980
29077
16691
37093
45430
28117
14855
28692
17988
35532
19382
16643
22295
22552
17877
14110
19795
19723
20003
23779
21809
18178
16474
14855
25439
18263
19170
24782
43587
47295
11580
11785
22386
25140
24052
17609
25713
14940
27824
22473
27246
23899
17238
14048
21620
16152
26077
21862
26212
26753
19357
18982
15649
13879
18463
24202
20642
16520
17712
22385
31096
26914
25160
18702
16345
23087
24537
16836
18760
21132
30022
23078
21751
22568
20395
13021
22780
18202
14273
22961
21550
23107
14746
37382
16901
22611
25800
26165
30742
21251
41499
31681
15383
15152
20531
21838
32430
24205
24823
23372
24030
18575
33679
9389
27156
33805
17107
17677
25358
21699
10443
23773
36700
16780
19284
35211
25641
20004
21836
17818
17349
29881
18993
16184
33698
35004
22771
31786
30716
18094
21139
21988
18774
31298
12774
42033
12352
25302
20017
42283
12371
21675
19025
23289
23918
17408
22682
23624
14961
26822
41505
20143
14660
20478
14882
18745
20227
17244
26020
16162
24709
18245
22000
12001
21870
30125
27166
15411
20065
23117
20452
20468
16773
20076
20601
30615
18923
52736
17854
11466
24254
33568
35833
42194
19477
18879
28052
88862
25706
17623
29867
26991
38398
25056
27262
28077
21553
16790
12460
21580
19631
21240
22341
24631
17852
14384
24487
18935
28912
54014
21224
18530
22340
18279
19098
17213
18456
25011
20811
26717
19850
19223
21049
26524
13833
24626
15918
14093
20243
19046
21125
18265
28588
46371
54342
29080
26064
19104
23159
19983
18249
26072
16493
33605
29960
19182
26899
23922
21459
22448
20201
17864
21474
30634
13371
33435
30692
21858
18951
20039
25675
19372
21439
19566
30467
27267
22512
19957
14904
16025
18707
18984
14051
25818
19551
17250
17479
18522
20797
17345
16375
10252
12786
22616
16267
18637
24301
27724
16170
33124
26415
28230
24007
17674
29615
16295
20874
19308
24485
25257
20385
22379
16806
25221
26659
32726
45354
35915
20176
32980
49329
17116
20320
15590
21790
39585
32159
26923
29905
25239
21063
20637
41929
39398
20227
22287
23228
17784
22955
43448
17317
20280
23802
28273
31378
36280
46971
32393
34147
17595
13448
19032
25968
29562
52558
29745
27280
23499
17477
27198
32465
33137
18949
16727
27550
19420
20610
28751
21209
12809
20757
16204
28772
18889
21412
33496
17336
17518
19857
18752
25303
18760
23116
24726
24059
16354
16552
28829
21057
14940
15204
17298
16950
21279
24323
36325
19573
18089
16622
27549
24243
20840
29439
18842
20927
17035
17606
43158
24859
13901
18830
23053
23336
38493
27331
39790
24417
27263
17828
13355
23734
25352
28441
15843
16417
20330
18530
17119
27273
12822
23176
17049
22394
23863
37257
25292
16877
31455
16883
30401
26218
21956
24554
25019
18914
20330
11633
31123
14332
22619
25848
18083
34741
20126
45802
19919
32927
46343
27374
27925
23095
23013
15137
15948
23975
35353
18692
24081
32814
23656
17871
29563
31128
19862
18162
16571
25423
21728
19119
14614
35254
27540
21107
21229
19210
14496
22501
20294
23224
24456
23141
20930
32878
20455
29682
19879
18399
13762
20366
25085
30858
31336
25472
19768
46945
23730
20607
26942
31005
32107
39544
18281
19153
20275
22802
35473
29015
23586
30056
28721
40377
24608
17283
18639
17005
23832
21338
23345
24522
24772
18336
29758
19150
27707
19750
12900
23664
27640
29463
22460
22290
30460
22235
23685
21778
23878
19664
16720
18573
22512
36399
60128
24127
24080
20193
16595
25422
15686
28667
24810
17484
20174
43622
20237
27090
28912
22167
23447
28948
25655
18651
12008
28260
21295
30150
23344
15745
19177
13803
21557
23981
47924
26779
19609
19689
23720
25116
17243
27077
41987
22332
19125
20080
24083
33052
29969
32630
18015
26410
21829
17524
24598
32749
19961
11613
19188
17676
26035
23299
15683
13130
21666
29224
15580
30787
23536
18593
15875
13085
42127
10512
16832
17480
22062
17600
19329
15925
25913
21738
41075
19113
28679
40621
35119
24996
29741
12365
38899
22717
16753
45860
31954
16796
26005
27053
25291
14502
27180
18584
21608
12660
27649
30404
21334
17817
14143
19678
23179
21052
11468
14228
20271
20314
18706
22755
23552
17282
24635
35330
41237
9565
12423
31637
26153
23312
25808
33146
30019
20013
28272
31023
18847
22243
38253
24160
20167
18606
20113
13054
23300
25667
41913
47624
19439
19265
18407
20234
9671
17390
18388
36047
23215
41778
23615
35737
22599
22105
20429
43844
25960
23455
22123
21617
21603
17288
15643
17121
16782
22138
22343
22132
29058
16331
17403
20551
29322
22466
23670
22437
14584
10971
23752
14767
16226
20779
18219
14745
46920
26181
28691
19757
27056
28109
31239
20539
15764
20889
34203
12573
19157
27728
18950
26500
17908
21518
30186
23038
15415
25332
16032
20803
13386
20273
27460
22964
23818
23004
22826
28776
18753
22383
31578
27372
22416
17136
17952
17454
29464
20659
24139
16410
18830
20634
22948
40618
27924
42589
83830
16210
21048
31246
24633
19733
17153
19677
20776
20636
24220
24730
24351
34281
16645
22081
23258
16845
32844
20491
24875
18950
27653
24309
40784
61069
17418
19849
17823
23795
21155
49544
32109
32253
15851
19112
16896
30112
19642
21213
27185
28464
22660
18613
23787
18884
19037
19427
26337
23285
27463
22948
18977
17996
25414
26859
41297
13758
28039
19577
27765
32695
23377
21627
20993
26824
16646
19103
15988
31812
20438
21072
19822
22850
15989
20497
23997
21829
18212
20600
15930
24152
15079
17900
19757
22878
34937
9079
63506
78646
16246
22552
19235
25694
27848
21788
26109
25063
32807
22873
15088
11969
24888
10882
30919
21527
16410
23560
10184
33317
7342
31941
26800
13861
25369
23972
20900
15228
23752
25924
23062
13403
33343
21382
19990
18272
20479
23209
25255
21754
32005
28214
18823
19118
14100
28777
22067
25755
20576
33871
32824
15647
20136
21204
21216
18391
19821
31404
44708
11590
19889
14428
18181
31183
24142
19021
31935
48431
32154
41683
17830
20385
18342
20656
21317
28374
19285
14840
19987
11993
12688
18500
19728
16025
30425
34629
45829
24197
30606
21675
26251
22228
23903
20265
40160
19612
34367
29797
23413
43596
38305
53354
22723
15662
16890
20440
21815
15156
19731
26300
24658
23355
19586
31323
28377
36000
21744
21918
20309
23132
15082
12807
20917
21746
27242
26831
13318
21727
34609
22838
31780
54413
18898
35931
36289
16000
24809
25775
13421
16292
21616
22585
23489
23998
23010
19544
18475
26880
27317
18977
18526
28156
22746
23233
44545
18623
26442
27898
18459
28993
28429
19652
30051
21727
30425
18495
33434
24130
24829
12535
19655
25026
37347
26233
12257
23303
14513
23972
24626
33420
32095
27037
21172
14347
15567
12406
19110
33544
19522
18209
47075
20130
20082
22676
18349
16042
17709
25197
44339
18382
33258
14566
20659
17979
26106
16738
21318
18196
22729
21263
27453
20345
27507
19936
19005
24474
18732
13947
26420
24598
25474
21941
39428
15980
20000
15428
38162
31739
18970
21126
28530
20929
41297
11347
13461
28286
24032
26815
19850
54842
21637
18200
34312
59740
22700
33740
28597
20198
18545
15488
27143
30082
15608
26900
23763
15344
36915
17938
40327
33076
22586
25475
25891
19439
18397
16806
17528
21090
19649
15170
24887
17618
23120
22209
23564
28720
29595
24786
41528
41806
29567
17225
20669
22320
16809
21264
34042
22579
25350
22698
38339
30420
23458
37429
12170
18007
20060
25712
25913
13219
17152
18164
18302
19885
28886
18247
34131
26050
43367
20802
24962
29279
19785
24470
15787
24113
15969
22675
31306
25434
14651
15269
20133
18217
22290
30013
32670
38966
35372
26411
26329
9154
40703
32412
30491
40565
26317
20489
23953
20220
16045
37614
46255
27125
12228
13503
18945
21733
18293
35519
34436
21140
13316
31452
27822
10397
17231
22145
18691
21577
11303
21799
22714
27736
21868
16960
23354
11172
28741
20226
20921
10580
40053
13470
23490
23128
17113
19919
26998
43373
21632
20631
18620
16921
15988
20171
21699
19880
20510
18345
12229
19263
14061
30652
29284
12202
28335
16291
32188
27423
18550
19328
20723
21314
19733
18908
16231
39010
19919
23532
30472
41004
12787
16086
18254
32581
20827
17785
28813
19663
20380
16976
19878
35272
20276
18713
20764
17722
12222
22095
22030
20543
30419
23326
13889
17036
22008
27705
22016
15778
11646
20277
17009
13416
14378
19991
25266
26172
30488
28212
17276
33289
13573
20996
20240
17825
20155
33427
16574
24047
16822
19343
26378
15382
25810
18929
32494
20565
23069
28295
20559
23542
21308
18962
20602
16170
33647
21912
19408
20996
22828
34364
15557
20714
18918
21843
17671
13711
24679
16726
22519
22246
19448
22334
17278
21292
22489
32538
26609
45805
13047
27893
16632
19798
15251
28142
19856
22980
14011
15640
18928
19786
30547
21952
14967
22616
23901
26172
19782
19701
23604
22353
16849
24268
15054
19791
19483
22796
23679
23646
18376
14053
13352
19319
25567
21245
19286
25684
22981
26178
27552
17469
21115
20708
26581
19019
24166
25438
11933
16605
19432
22107
15208
23887
22015
35596
54285
20662
36144
48768
14374
19229
24972
26843
26246
25968
21969
17447
21370
17087
26096
15503
21382
41143
59128
31378
19479
21522
32058
24723
28690
18755
29113
46744
28857
18487
21117
22900
15252
20819
29488
22187
15569
17040
21223
29495
16652
17297
14311
19553
20194
15781
23794
25831
19025
22953
24502
21500
17074
19979
21474
19282
15237
15115
17200
22324
17596
13728
32200
26646
24580
21870
37413
22949
30286
34202
11382
19174
21153
25578
27714
19865
17036
24153
36338
39388
15270
15850
17288
26370
27306
25365
16010
20038
17926
21203
20425
22640
23559
18241
11997
24469
13139
18973
17708
22299
13431
11186
28079
22444
28462
19869
15018
16304
19249
20102
20619
17682
32096
21590
15525
32640
37371
26332
12929
18744
18994
14754
17022
19061
19413
23700
33215
20992
23950
26546
20501
23615
22764
19535
24198
24361
14892
27227
25275
26872
26920
24376
15269
13241
15195
20534
19509
10015
27413
16449
21384
39662
29442
26237
17752
18806
16711
18686
11449
19224
28982
26123
27138
39292
24149
15532
26310
26936
19931
18938
19754
26874
39255
14871
39128
14963
22564
23384
16129
21301
33984
12263
25054
28439
23113
32760
46005
19268
23197
20227
27122
31461
30595
18746
18487
26041
19812
21185
24741
23300
29040
19230
25934
22995
18665
19706
21353
17826
26079
16963
21085
21662
19110
23479
34702
35694
13252
15638
25618
21164
28033
16022
25595
18820
21356
10767
18305
26457
13749
24668
22541
21293
17194
15916
23891
28412
16793
22415
9678
12369
42829
27937
16219
16048
13300
27175
22984
33799
23112
16269
23391
23313
49904
18533
14349
19092
15758
22790
26643
26206
21612
24663
23158
42114
32497
28491
22404
16902
28703
35440
23218
27381
41485
15005
20601
27842
50394
19317
16117
20215
25119
33198
18429
20976
17585
16984
48650
30190
26998
24475
24413
21804
19451
15128
15596
20497
18584
22857
20553
16942
16572
27993
40389
19728
21605
19630
16810
22915
20931
17859
23503
42147
17323
19470
25866
22641
39864
26610
28998
44192
47472
20585
24946
16390
10895
21851
18255
18890
13885
50466
17959
21630
17612
22601
12853
28397
22005
17108
25227
26649
21110
21067
23874
18388
15337
25404
38314
26552
25818
24909
17269
26005
20672
25311
13015
38639
32446
31748
17429
40448
39179
45610
19132
14389
26206
19785
16097
25298
19351
15018
19481
21285
17949
9827
17819
17770
13703
21391
25325
19195
20142
22898
42811
19609
16173
13449
14053
18011
17730
29098
14544
14993
27780
24452
18166
31089
27652
24127
17417
33850
34814
18047
17870
26055
20985
42496
9524
21732
20943
18182
38233
21181
14906
17390
33917
18044
23478
19989
19070
23502
19846
29376
16814
16723
12955
27180
34535
22077
18992
10498
13876
22390
22589
19826
23460
24005
18009
31600
19500
26729
17966
22426
22424
30240
24101
18551
23617
38093
27411
32141
18805
22639
15162
49528
40208
19823
20692
39724
27384
17755
19342
35833
39840
22984
22368
15166
23581
15850
25029
14741
20967
21517
27041
21673
20828
21669
25810
42994
20435
21953
25525
34171
13237
18699
23219
25134
32453
17517
17428
24091
18499
16939
36448
18590
22171
14279
22177
13987
34165
22489
28258
19939
27813
22500
21683
25063
20796
14349
27621
17649
25921
14455
30519
34410
18313
32671
19851
24469
44745
24717
22543
41420
48671
22119
37308
33314
24078
22085
16320
19444
12801
25995
13991
19301
20882
30331
28050
27201
16453
26844
22308
27511
22154
26068
17934
11077
15131
26674
16336
14296
27892
20992
12140
18357
20107
19441
25857
24514
30397
21685
30405
20242
17935
20697
24822
24451
23248
15406
18391
30844
35984
36706
18479
22340
45925
26745
44940
26116
19898
25439
18248
19022
20982
22130
20227
15252
17029
20096
16259
34647
21864
16067
14064
20502
23798
15961
17818
22771
25410
17753
22704
17673
20102
37940
15594
18791
18711
22578
29666
20736
27477
21404
14890
24910
26837
18367
21199
19560
23276
17039
13978
24045
24809
48887
41137
45825
39873
14408
22885
18861
26959
11477
32899
37635
17387
18130
16197
21348
17737
19728
28818
40710
17113
37835
14673
29123
17145
25179
26684
55929
31343
28014
15466
24611
20546
21482
19068
16434
23959
20965
28510
19176
17536
14043
16674
19644
21508
19968
29351
18844
14670
18682
17952
19755
23288
29669
17152
11766
18790
19710
13420
25657
25601
22715
19400
22034
31565
20871
53933
22493
32703
22326
17772
26025
44528
19057
29489
29195
19272
18343
23797
15919
21163
21315
21165
24186
31803
19032
14955
17718
21958
19274
15482
20054
18583
17641
31453
44541
16388
30915
22851
45497
56553
22717
18256
17395
16754
19941
24561
23890
16238
15997
19060
11766
22510
15195
16099
22917
49852
27119
23701
26613
20572
18282
26447
20635
21377
15272
13875
22349
25868
16877
21425
18249
20921
28527
15514
26194
31002
20799
23216
19872
21115
22392
25844
26910
16153
10187
23260
19823
21398
25372
35402
44609
17234
16418
17778
14873
21105
19620
13491
17133
28376
30824
52874
19784
18307
21209
23961
23288
20115
27109
33499
29939
31200
24889
20497
19486
24262
15843
27434
16342
17144
23728
22068
42991
19321
18960
25781
24596
19281
22732
15436
22955
21540
9915
13497
20308
21551
13818
20907
25705
25634
16674
16603
42142
29787
30617
54778
19372
76047
11641
22353
28656
15156
16013
23269
18565
25327
40454
23435
39022
10290
30534
30491
36577
20655
17247
25272
28529
17234
32660
25055
28656
29219
15358
18369
44006
24332
22432
21278
21437
14079
10009
19864
32938
37638
31451
28574
53310
75970
81698
18839
74951
60857
18194
24516
19869
34777
20100
31767
43538
29009
17745
31171
18768
28085
31922
14015
21559
32430
20965
35499
14283
22719
25516
28306
23670
12658
14370
13691
30855
46795
14471
24914
16038
21777
18683
21926
23891
34235
56344
20496
40350
18825
16042
26565
24963
23655
26884
31945
21536
29880
16819
21913
10843
38470
44056
64861
10235
63740
15855
21485
34825
20981
21970
15148
24150
18031
22221
18763
14097
20308
29818
16348
22047
16597
16204
26751
19351
33706
32121
19659
16505
15050
19845
28592
24761
34168
24668
21517
19904
18786
17188
20124
31280
31446
22500
13611
22159
26106
46450
25474
11430
17748
21597
13574
17965
26014
24691
25365
43234
19872
26426
40426
41866
22740
27128
21518
16917
26698
34104
25670
26459
14420
26183
34045
17077
51609
26877
16535
27242
23598
18683
10119
12409
22387
37565
25788
9923
15960
19916
22291
21681
22143
55112
10729
25410
37329
18620
14818
29073
30963
17378
20594
14638
22555
22110
26818
15774
54373
44389
38665
31670
16927
30074
34803
27461
38774
69997
21724
17061
19203
22564
16434
41836
15121
15660
19536
9974
18818
25227
27518
32494
21652
24789
21465
15916
14336
31213
15775
17897
25368
36472
17474
29216
23480
22768
21752
15755
25159
21476
25244
26838
23131
15468
21808
30739
17637
23978
44283
27788
21079
16943
18959
17535
15190
19360
30353
19750
19572
25508
16489
30772
11401
22228
15354
21852
10816
10559
19579
23259
38201
30157
26746
21365
19063
27334
10027
27797
20366
30311
28906
22509
17791
29458
19445
25813
11804
13049
58297
38544
43761
57568
24558
28354
17207
43970
39198
24634
27527
24625
28459
40339
25399
15738
19807
24835
32162
26233
26966
15091
32801
17905
23620
39387
63627
23311
27045
37373
21280
18878
15274
22618
17681
23965
18138
15897
10765
14670
18739
18395
15495
14285
14168
22650
16169
23602
28682
18341
23385
21625
16844
22255
21423
32434
25999
17422
37321
47490
35409
54962
19389
19217
36467
31065
24775
30169
18025
32280
27630
37017
17157
18301
30475
27328
28696
23561
23057
19157
13247
26197
20719
19421
19093
24683
19279
18521
24086
26434
16946
36278
17590
16009
30284
35218
19969
19818
27466
40069
19206
20157
24357
22963
24882
16824
21370
18553
41563
24178
16650
21634
24661
15117
18022
43307
19110
21062
18576
34736
31540
19273
25299
16274
24601
34770
31274
41163
25848
14980
11945
15915
14591
16621
29888
33553
17614
17894
20685
20674
21905
17024
16934
54539
17876
78830
70175
26758
23787
23184
16239
17871
19289
14656
15293
13611
13318
37544
26622
40289
16264
22267
22416
12565
24502
31829
21661
16542
18788
22774
19981
23480
23277
19254
28090
27926
19268
21962
24379
34174
24549
17747
21544
36258
17596
21493
32206
19477
20847
28756
13264
23734
27127
19510
22670
36057
25093
18549
20218
12237
19802
39578
19118
19711
22714
19249
14932
25029
36131
18980
46097
16296
15151
30282
21383
18266
27360
13552
19496
27494
39806
16768
20720
24046
17627
26019
27490
27154
17281
22919
41555
19470
16610
17026
10695
35363
25206
19696
20847
23565
33768
24964
20134
20245
22758
22481
22312
23117
21100
20872
16992
11838
19624
23024
17010
18382
18518
14499
15172
20275
35289
18522
15515
24435
20783
24351
20607
26710
18785
24865
25769
25365
32157
21095
19081
24928
17032
29601
23705
22819
27512
19548
17574
23917
17684
37662
20902
22062
30032
26614
16975
26673
55519
38756
20380
23033
17614
19013
21615
21724
18438
13123
14658
21960
13339
28310
20919
17389
21010
22065
38315
13925
16075
18096
30801
27118
20466
27910
21750
16200
26756
18808
15752
19270
25277
12864
38068
27429
23240
29905
20400
21953
35707
30428
14606
24004
14541
14852
29597
28500
18890
19139
15768
21326
27943
17657
19662
18420
31144
33161
15256
12310
14349
23325
19914
19758
27498
19259
21943
19206
29994
46370
23788
16366
22298
27873
24198
27089
13137
21258
17846
28266
28795
48215
24323
14228
28290
20581
21906
20976
17656
17427
25670
31236
17076
22259
21419
19752
21295
28499
19159
44536
13588
15895
18321
36482
21979
37944
14282
17270
22929
19520
30408
20959
25487
27722
17145
24364
19964
19128
28882
14673
16328
29289
43528
19833
21590
25307
26064
26048
16662
37316
62147
15616
18524
24652
27526
14986
22899
18896
16424
33585
21121
14220
16019
18130
20004
20142
28159
30943
19555
26999
39767
48094
15616
12847
20493
22896
29870
12178
8836
12969
14558
26390
16346
27398
21867
38865
23048
27236
20064
19221
22776
18730
26731
30060
18011
22156
20796
26924
23232
15308
22350
21453
17033
20871
20683
42463
36861
13000
23069
33925
71312
41168
27806
21558
21849
20189
17729
17043
25553
50938
41525
41952
28248
24665
20522
20675
17860
19927
24770
14250
18722
10641
21339
29802
19851
30221
22552
25141
47717
63216
25268
24607
18764
22057
31351
40739
31852
13721
35763
23874
21915
19101
33928
20734
23355
23265
18014
24257
15673
11893
16669
10782
14402
27952
19219
20507
21506
16431
23669
22069
18517
11050
18446
24108
25762
17574
20580
17331
17148
23904
9894
18476
16115
21969
19497
11893
16812
14230
25314
31223
19880
33043
15413
24464
20788
19880
13873
13903
18010
25177
20895
22303
21851
17945
14294
20743
14687
18123
18655
19771
26570
20796
23244
17012
25983
18191
20325
26067
24535
21394
22321
18642
12666
20107
20159
19914
18177
15475
18879
24841
19885
23391
24571
22222
20954
18781
17854
28733
22726
32088
23668
14764
21847
11836
12953
23526
17011
19408
12695
12756
19722
18036
14935
15069
23459
20061
17875
15846
31446
41946
24689
23140
25693
43839
23089
20184
29040
23104
22651
14968
24403
34592
18473
21029
19869
10589
17687
22459
18844
31123
25997
18751
18466
24310
38839
65653
56108
31979
24157
18254
25124
42687
13174
22084
21528
16440
21428
19605
21867
23386
68991
16742
20353
17909
33363
35798
44346
48401
23773
22446
33817
27369
37022
24295
22009
18811
27385
20582
16296
19627
22643
41404
32667
15922
34142
14995
20943
27276
26599
19706
32120
15223
29015
29677
55112
27024
14717
23483
22814
27313
23919
41788
27370
13042
16954
32730
20150
29617
18412
38214
39179
19322
22110
19631
31051
16198
24011
15333
30246
22011
20083
18701
14854
21883
16226
23355
22580
23072
23794
21156
18857
20145
23428
14315
25240
23762
14552
26558
27927
46905
57854
20879
32300
21144
22802
24457
21483
17576
34904
29782
45464
25215
34471
25996
35288
23529
19547
21786
21068
23318
17794
30620
24102
16889
15621
29546
22902
19472
18036
29718
14892
15257
12181
20825
25554
21605
17704
17123
20155
21554
21487
26334
28895
30924
43955
18765
19829
24656
23468
25581
26491
17231
29870
22065
20136
8807
20296
30209
26901
44261
30246
30324
28096
22706
18118
17279
16391
21582
27965
24083
20071
22519
34850
7509
22105
29360
19158
18269
18706
21637
17046
19959
20558
17450
15201
19495
23395
24115
20546
24653
32125
26368
45646
28931
27330
25626
22581
18780
29020
43970
25330
19359
9813
20858
19644
19834
23074
17349
22973
45032
18992
21255
28301
28913
14271
18200
29025
21708
27966
35073
22809
22533
22815
23360
20181
16891
17140
19871
27446
24565
28057
28195
22260
17648
15170
15321
30571
39440
21614
18153
14429
18502
14409
23942
34828
22238
18560
17986
25844
30588
23296
18682
23135
24028
5980
18811
22886
23977
39439
31825
11147
18486
18467
21032
37923
22028
41563
14944
22972
29268
27200
20110
31191
31009
27169
21693
25679
20499
24100
31365
33150
39595
29745
23818
33568
14799
54326
24318
18721
22710
25353
18508
14878
14737
12456
28052
29970
19931
22496
27501
18657
21006
29930
34674
32008
22408
15154
14360
23477
29359
41742
23594
20319
16547
33758
21916
41196
19713
15624
19842
21598
24560
18441
17856
19527
21265
18549
16955
28599
19728
38650
22473
24840
38836
17168
13544
26107
23558
26878
24839
20908
25484
10585
16534
23094
21209
25189
14487
23156
39010
29622
20456
21647
18664
19688
16553
25640
30243
32873
29690
21345
20791
17873
10348
29322
33243
21088
24704
17843
25297
22468
25761
19593
18770
26599
15936
22012
20161
21121
29200
15879
15635
32102
17611
23228
16225
21430
18478
29779
20716
22155
27697
21937
14652
16424
30697
17695
22131
19823
24576
31807
19633
16335
17876
12828
24224
19986
22493
15881
23803
21803
32478
24864
23449
17835
31901
22724
29282
20143
16218
20400
16466
31910
17008
47876
32979
15089
32552
18083
21084
18132
23769
19617
16818
22932
22749
14991
33804
19154
12292
16494
23564
16768
32619
11112
12054
22538
21135
19972
22166
17952
17687
14082
27114
21859
20516
37615
18002
21853
35298
58411
22628
22608
19816
19862
22442
14415
23051
18225
16735
33455
26094
23588
23760
33444
19042
18334
21191
34845
21191
26199
19885
25533
16526
17265
29085
20695
38239
31812
22396
17790
18792
18725
15591
24026
23335
31383
41756
27403
27323
29411
21612
26377
30703
19149
18608
20286
18461
29287
22142
27228
19614
14861
23899
31088
16493
13393
16719
26873
47315
16976
23445
20445
27250
48894
51478
17319
20466
27946
28998
18726
19907
18767
22972
39163
18218
25266
21529
16971
22593
13824
26570
24013
31880
17567
23686
33784
20076
28983
16974
20356
14063
20188
39250
18927
26545
26900
25927
25218
22141
20684
19112
40782
19395
14396
20094
29802
20423
25526
21071
25541
20689
27669
20467
20655
14469
24879
49410
25016
21548
13125
22685
14060
17142
20861
25992
29835
41360
17882
36026
18153
20203
39778
23297
17315
17192
17826
20750
20960
25232
25309
30459
28576
11344
13542
15613
22118
13970
18457
19132
18351
22612
21195
20109
25258
26197
16255
27876
15888
14212
21167
24912
26917
18665
27618
15072
24967
24154
32471
40068
22102
14456
26044
23031
23680
30898
26170
17589
21486
32747
17249
29054
26279
27407
25719
45292
29468
30752
19914
18197
27244
27066
18698
19125
29999
23259
20291
28933
19858
20593
25135
25886
27701
15510
13751
21875
21079
33118
44829
27256
23995
16575
51552
16327
12692
14291
24645
19748
28985
19935
27206
39177
36060
14012
22928
21597
27928
25851
23632
16734
14158
22687
32580
18438
22057
12656
15194
13186
12512
27129
19120
20555
25671
18087
12746
34290
24931
11780
16196
37918
13120
24522
16135
14985
19817
24163
18157
14530
22833
38153
40040
18586
21054
26368
19308
33062
20650
13914
10048
35617
23490
18439
21397
28914
24960
19670
23635
19833
21170
25185
25808
12710
20277
15885
28417
20939
38808
72954
20137
23552
16401
27624
22420
31862
48655
66732
31429
23750
19195
18400
16185
32995
16777
28038
20325
20760
14412
21252
23799
22062
46464
24333
23735
23547
35276
16979
15247
20049
31539
22482
25865
17513
23467
17383
16496
26077
20877
15819
24168
19118
13938
11825
17539
11154
16638
25953
25985
39615
16659
24668
23034
21840
20120
21166
15234
19869
24998
24653
24766
30700
27889
35688
13017
22027
16291
18926
17503
22008
21320
17216
20381
28021
22441
21593
18638
16582
26856
38003
16880
35545
39867
45708
36306
28368
19447
24284
37969
26123
22754
19166
20936
19646
18462
25050
13056
26083
16959
27690
15068
15938
21475
23550
20589
34737
39943
34701
24794
31190
19362
26322
48095
45111
50503
15812
30995
15283
29460
19434
21658
35568
28313
19513
31039
26245
18454
24739
28369
19914
18781
25756
23821
44203
11022
14217
18036
16192
21782
35341
40110
25322
18187
18154
23956
17188
22378
34208
22056
29706
21872
12835
13795
17602
16346
25556
18028
26660
23215
34512
22938
35967
20533
17467
20003
27622
15479
16498
36591
11941
28319
17787
31329
24930
20571
29891
22419
20554
13682
19631
29602
24047
18085
30909
26864
13938
15837
15475
39564
15194
18910
15796
35689
12868
20233
21559
21158
12802
19175
34472
32014
29359
22264
23396
16964
22209
36621
16342
18265
21674
17160
17922
17696
27572
16914
13591
25361
7622
27575
18325
14353
14232
14517
16478
19189
22861
22061
21103
13632
19226
19473
21322
9540
19056
18344
18950
22934
22103
32103
14111
25166
14430
19749
19265
24661
34733
16613
12726
20254
12777
20901
24311
12125
37353
20871
25717
21648
16409
19784
15882
45509
34852
20929
36409
15052
24254
25156
11814
22571
22361
32099
34043
29474
21587
20650
20793
43645
18165
28915
13248
20410
14328
24294
19074
24166
22677
14871
17901
23716
20954
20219
20319
28597
45681
18266
17831
28199
18677
34815
27002
53454
18483
14783
17938
20081
53682
23899
16756
12370
18512
33630
22086
21513
43445
26023
12740
23056
17772
26491
14155
15657
26235
29931
33331
21744
28507
23557
27355
20259
21863
18723
27137
17209
21894
24762
20322
17935
17610
35732
35046
24692
20268
26161
16597
16740
18416
11276
18590
13928
22103
12719
20661
16593
17092
20348
23127
21691
30906
21703
15348
24038
19402
26667
16876
24172
16229
22181
20315
19434
31418
19704
30287
19405
19896
21439
38063
14328
24411
20321
17066
10585
15522
21434
29529
46804
20420
18445
16602
17430
17707
18603
18358
17265
34246
19690
18467
33127
17697
13523
22163
24457
22873
26945
30588
15592
20718
24082
32846
20848
17316
20364
29940
19224
14326
21409
15586
37184
21427
32877
36275
66930
25452
24869
22261
11993
17782
31437
22038
22045
18050
14683
25233
14589
30380
24405
24666
17677
11265
20211
27198
22135
19079
19337
22181
12326
20741
13561
18386
19869
21518
29640
17547
22804
23525
16210
23224
22151
23695
15078
17507
17601
17512
19772
15926
28336
19733
14469
15569
16523
18498
18982
17827
22580
18230
15514
19608
12203
25796
29871
22239
21058
39165
15648
24860
34592
36655
40001
34846
20180
23489
25256
28997
19738
33078
21178
45443
50641
27498
24857
30862
29229
15900
24294
24317
31633
18245
21819
23461
22656
13771
22807
24570
17070
22189
35239
32604
29712
22731
18697
15233
18930
22207
20826
31258
33542
42308
23747
26770
26472
27455
23812
23797
15896
18500
19599
19737
27794
25738
26899
24809
14448
30713
36445
26198
51036
22040
26390
19240
24265
23268
24833
20368
10414
22044
18567
23884
22067
21439
25820
17492
27582
28338
29039
21819
16508
25028
18381
15210
25946
19142
19052
21124
19213
28657
19163
23290
11385
16868
21053
22440
17882
22512
23470
12387
20229
34549
14205
17746
21783
29973
30466
19977
61192
27463
18592
13166
18400
12364
29386
33952
49898
20671
13779
23157
24599
26820
15283
21299
20106
22078
16181
25104
46028
27021
83510
22054
14170
22614
12596
16637
20105
31630
34207
13927
16473
16802
14658
26690
18799
22934
18401
21215
24851
24025
20272
12863
21145
19167
24414
20533
30173
30249
44301
24800
48838
22014
17324
25625
14420
16334
17674
25982
33951
24071
22051
21196
29865
17551
28093
24978
19107
16486
17654
13448
16059
22734
26467
19668
22294
16822
16144
18351
13541
17470
16101
31743
14538
29892
12763
20990
18806
20879
15873
19833
10650
21485
20512
13813
21540
17103
15152
11484
21634
23884
29583
20940
20541
16126
22002
13612
12737
36181
20795
16420
14882
10209
16923
19562
17990
24747
27617
26212
32261
18870
10971
20820
21398
19005
25228
20040
35000
23107
29118
20212
22874
15766
21197
17122
23786
16437
19326
23295
19532
15336
11307
19190
23736
18806
17383
20300
18871
31787
19244
32482
12060
12709
20837
24231
22353
19950
22061
20608
16031
28441
15972
14973
21035
27842
33425
22026
15482
13360
24636
19449
14285
17555
15265
15569
22881
16350
14697
21585
13485
19767
25292
27270
17997
27538
15628
18594
15668
22747
15938
16076
22227
21446
18607
23341
30950
21202
20415
20796
22756
40169
25704
18978
19643
22023
18063
21525
19319
21258
18090
18473
18998
25444
22836
22067
20620
16067
29606
15964
16508
21972
23272
35414
23599
25752
21143
19862
31173
20732
30929
26675
45356
51237
32622
14991
18587
21928
29267
22221
20939
17852
18559
23133
30600
34263
22919
14358
19033
19246
20438
12729
8621
24123
20947
15954
18661
18075
15831
19928
19463
22036
25557
26881
17294
18540
22114
15543
17743
28869
23073
22320
19901
22198
23361
21542
21234
26218
16581
9315
16871
20259
17617
19688
12515
20672
26667
19833
27266
32405
51997
30330
16647
13260
25165
32250
19520
15037
17707
19685
34252
24762
31308
21073
19004
16396
22225
21503
32230
17353
24057
22277
13238
27251
19292
20195
16794
17725
32273
21685
33418
19816
17766
19851
29773
15848
25354
18074
15834
29501
20652
24454
16527
34656
16646
28360
16695
26053
23551
35474
52811
14517
26593
21513
21594
43226
20639
26053
16628
20127
19745
16340
35431
15504
20735
17236
25739
19473
16379
33381
28866
29121
23048
16283
19407
24693
20137
18438
20316
28103
25587
22876
19168
12250
11631
17314
14204
28727
17753
29224
21537
20528
29479
27019
19252
12448
34453
26173
20815
17925
26211
17889
17802
24116
19879
30694
35878
39872
17762
20444
18237
27670
17121
22415
32407
20486
47007
53908
59250
24980
22970
22566
19670
19122
14352
13588
21553
24978
27612
15166
19556
26530
38135
20310
18072
20267
23204
27802
34593
33103
13996
22146
21077
17384
19053
17574
20904
22678
18730
14317
25234
24038
26953
26906
19969
21816
20818
20528
42303
23727
15515
21046
24313
13631
26082
14976
20171
22769
16762
17887
16017
21874
15705
18415
18964
14127
20798
21141
24538
15286
24151
25368
18383
22117
16040
22908
19697
22496
29009
31242
14760
22456
17677
20054
26314
19560
16068
20475
22484
19815
36004
18486
16149
20960
14719
36205
40000
16340
29869
15493
18679
17658
13876
23168
25323
30899
18205
20284
23456
31631
16223
40185
21465
25609
23716
22615
25595
15684
14297
24607
38999
41956
23115
10936
11732
54661
18161
16488
72900
20155
24686
17878
30318
22056
9296
24700
9481
16022
24951
27873
20603
22790
15205
14179
18240
13028
24204
11575
22348
30895
47903
21062
24768
20436
28063
25883
24578
21958
20484
21641
25596
35330
45337
20677
24913
26778
28890
23408
20032
19227
15523
21696
25974
20474
23110
23302
23645
16631
26925
21985
17542
24619
15067
27880
13051
18049
30533
23461
16554
21128
11004
15378
22970
18849
18589
18212
18286
21844
22712
17160
22873
14691
16273
19154
17907
19552
38336
32180
20246
21203
19929
38198
26485
26356
41802
24714
23130
21180
18467
17850
31668
23139
15402
19500
19353
38821
19637
22100
20854
21249
21923
24787
20932
25363
23692
22817
14248
31926
20958
11293
22776
29072
26502
16196
18975
31399
36919
23148
25583
19894
18691
15717
19630
18480
16865
27712
28495
18178
34406
35506
27185
20855
22585
17659
22066
13752
16255
21388
15168
27119
76631
93682
13326
75284
80869
17899
28083
13368
26054
14262
12644
19607
21996
27432
22402
16503
19816
20819
22476
18419
14968
17421
22861
15165
19250
28056
18953
26713
14386
28199
20723
50804
23713
35432
16097
21460
13761
15368
16999
20887
29774
20935
21295
19190
17039
21869
23240
12517
22128
20781
16696
9768
25206
22335
22127
17443
18247
27905
17515
28340
31860
25696
19588
12999
20680
22200
32550
9842
28475
23744
32408
23080
22192
19915
13479
16592
28865
21968
35758
22625
15094
11414
25597
26141
22131
23454
21266
35214
31858
28680
19801
24662
27759
25367
14758
18465
14718
22559
35253
26017
24055
19222
24594
34608
26855
30921
26102
17697
29830
17179
19598
25314
16188
20503
31523
41970
20039
23994
22599
16246
20748
17151
19176
19235
16092
21400
31130
40549
26445
16474
13300
16630
15766
17280
14958
17365
19893
25114
14075
17491
14297
26737
22562
41369
31375
45849
21717
22685
15406
17858
22473
23711
19067
17274
24196
18164
35984
28921
14652
30661
27126
22860
24718
21255
23050
18941
19650
17210
13943
24867
14911
38465
19605
23367
20333
18635
20490
15241
16286
20119
21153
14484
35484
16763
30200
40587
19056
28238
19716
23573
22621
24112
50575
15803
22382
16601
14150
22526
15547
20929
23620
18529
15449
17882
15160
18347
23412
14305
27169
28551
19097
38821
19672
25914
17459
15201
19960
25847
19457
21264
34762
25314
28575
24673
19665
20504
20795
19794
48500
22181
13851
18131
28166
27140
44415
19422
30911
16543
26380
18722
22136
20391
21340
33103
18627
14513
20842
22299
21335
18465
26117
16081
13717
17851
24581
19074
16106
35519
14270
21825
24317
21773
20530
10788
20953
25057
17514
15359
17213
20558
21009
19964
24914
18056
17848
15324
26824
20679
21734
38125
21053
19631
20630
14220
32518
24351
25500
19153
17260
21429
15282
17924
24877
21286
23110
20517
27927
13611
29050
30769
24370
21415
23838
26522
18352
29123
18997
19016
22992
24693
19785
15111
20683
16477
13858
17034
31870
39456
27735
21656
23488
20559
18690
21222
18715
20780
21407
29100
29809
25200
30633
15970
13706
27970
21952
26936
25275
20515
23850
32634
30572
18264
20424
40478
16044
20704
21962
15774
29705
21905
20846
16354
19524
31262
15189
13432
31585
16008
23854
31552
17571
24993
25014
16814
27752
19282
18076
39553
16287
28289
22097
30304
17776
38265
87079
15173
18550
25614
19300
18123
16428
20321
16448
21637
15949
17825
35610
13876
24577
24476
32297
22016
38133
35085
26842
17035
18398
34157
33773
24116
15027
38921
30811
12825
17762
23689
24236
20717
14304
19096
10968
25934
37171
18160
19425
25784
12674
15468
28284
24695
41298
34770
45227
17639
22059
19256
23582
17048
20774
21488
20975
16510
17380
19086
23610
14513
15906
17582
13088
24929
13111
15624
18614
15742
28196
16712
18604
21455
22078
23383
26185
14767
14145
17581
24020
24511
27480
19375
25895
26438
35761
60629
77886
52185
33808
22558
20425
