23212
31031
26905
25361
22322
13616
14065
17571
14939
14732
18272
34884
18885
25928
22315
17161
16261
20485
38101
18811
30634
14079
13487
17659
15650
12979
18750
13507
20129
14745
15272
17804
17668
13206
17763
41521
22279
23063
14666
21663
17428
15622
16493
19270
14618
19192
14234
13564
18982
11968
13756
14977
22689
17986
15890
17590
16936
23804
22646
18764
21507
25687
16685
17660
15088
15533
18558
16987
21193
22093
22945
14914
16456
13309
18679
17634
12637
14408
14215
17501
16345
20343
17970
34479
20147
15975
18426
25648
24131
21065
17151
21371
37476
19731
18500
20617
14628
30894
20062
21409
14702
16249
26236
18793
18362
16893
15268
24660
15654
16325
15851
17989
17051
21156
21023
14407
14576
31865
28883
17698
28404
35778
16133
15575
15880
19254
19631
14814
15307
14798
16655
15096
14719
17580
17475
13794
14347
13598
37956
23981
23931
21201
14626
18742
18026
28952
17997
39591
18820
17237
20398
16763
15263
26227
15433
15632
18502
19386
19770
16322
16953
21589
16775
15242
14405
20234
84420
31381
100104
26655
24032
17386
13777
15433
26105
16266
13609
14298
27879
15650
15072
13868
43809
49209
28574
14718
15284
39687
15671
16000
16409
14559
18892
15319
26551
22002
16833
14220
14608
24346
17695
14337
16116
14748
31455
19610
17925
20324
13196
18653
15351
19155
17517
17901
17398
15843
12969
16196
21884
21909
41310
14565
13700
17733
14638
20320
15252
19373
24403
14597
14450
18515
17216
29506
21986
25807
17676
23481
16974
24462
32589
29234
23905
14504
18309
17367
16529
20159
19029
20177
14535
18873
18655
22813
16896
17850
15281
15400
15818
14698
14850
15314
16172
16474
19958
36358
17806
18244
17559
17326
36138
41941
14420
16012
16942
14375
15986
15749
18095
13929
19318
20933
21132
15455
17642
50372
25394
15707
17824
15979
20323
14362
15556
17268
17628
17342
13480
14347
27463
13506
16379
21855
16487
18179
14443
17289
17405
13554
19042
15099
38812
14686
17704
16318
21470
19667
23581
14329
15370
13196
15820
14649
13838
15288
32567
50994
32952
17488
23864
13218
16127
28705
17374
20297
15229
28245
24219
13589
27172
16142
14780
21442
16798
21923
13072
14172
14266
17547
14264
22807
23824
15686
21588
14709
16013
17647
16580
13765
14661
19246
16419
18966
19281
16711
15585
14463
13177
11782
16893
22246
23454
13454
19031
16783
15171
13467
30880
15288
21961
17481
15182
16080
19323
14657
19619
15595
16104
19869
23715
13882
15532
28653
14755
16090
24051
14664
17365
18060
15510
13936
16826
17288
21803
19141
17162
21564
16831
13261
31760
16754
14605
20258
33821
14696
14662
14649
16349
15115
51808
16937
16912
15862
50753
16247
16938
18782
18213
28081
16212
16301
19051
22395
19973
15034
14585
13659
15590
22978
15050
17400
28583
17469
18789
16178
14799
15605
16068
14114
13563
37046
15575
15656
16997
14183
19659
39879
26720
13008
17095
21033
15813
15323
18833
15483
14408
16261
22441
15399
21420
13829
22672
19785
15985
11852
16186
14477
16326
12773
14706
17038
17580
13520
26243
14681
19244
21546
19687
19613
14798
23973
17421
15472
19933
16788
15146
28233
18831
30228
47607
14946
19431
18097
14930
18503
26796
14711
14395
25134
28863
14057
14315
18915
19824
14871
16034
18228
15186
16941
15708
14396
14659
13242
13436
19531
19341
14554
18447
13772
22599
13867
15492
14466
17297
14194
16473
26705
14854
13308
16287
15387
14960
19888
15953
22991
32253
14034
16578
28107
24408
16095
31514
16694
22895
31501
13872
16075
36762
15801
17833
13185
16019
13732
17314
17546
28228
13227
13000
15525
16230
26258
21709
35384
21072
22851
16570
25297
19461
14447
16872
15802
16396
17268
14157
16282
20828
13994
14033
14929
37841
42961
15400
15337
14716
16523
38008
15500
19641
15202
19078
22780
14758
19565
15333
14807
15735
23473
20615
16888
40322
38115
18114
20750
21578
17873
19612
16805
12578
13743
17684
16357
19571
23223
18875
17705
15155
14857
14786
13571
22323
21958
13251
25160
16837
16395
31235
28724
26273
27775
21629
14231
14077
17494
16086
25222
14594
22457
32225
19751
13806
18186
15085
13591
15441
15041
14348
16519
15667
18785
15321
14743
22154
17410
13844
13324
18237
15898
17889
13669
16402
14856
15702
34262
20091
17640
12863
14537
18586
19823
14203
27227
19128
13882
14527
36177
18627
17031
19873
15859
16033
28371
26638
19946
16113
16900
15729
17435
14700
16222
14183
15689
16290
13373
15172
16108
33345
16359
17729
17557
13944
28840
17480
14719
16126
17572
18599
18478
37513
16285
14140
19150
17431
18552
14476
14802
15634
19207
15508
15175
34952
18306
14359
18793
12574
23221
36219
16972
17703
15296
20726
16008
19121
15252
23171
22098
15353
15843
19427
14532
20854
27150
28832
15821
19085
15027
24852
26347
29527
18840
17502
13402
18944
45880
29261
14507
15970
14694
17407
21122
20122
19668
14430
16640
19107
17724
31179
19613
16373
19413
16832
25506
17675
17239
20018
18944
13865
16162
16628
31950
15669
15140
18796
20931
16440
13671
15743
15603
22022
18769
14962
15541
14152
20123
23909
14964
16379
21280
14867
17471
14971
15960
17166
21769
15855
21847
15329
21129
23163
18075
16471
19034
14373
15689
15870
18911
15633
15453
21764
19877
14697
16845
17434
21722
18120
22735
19447
16990
16885
16724
17065
16638
20980
14980
16407
13538
29833
22903
18131
18947
14675
16176
14451
20754
13853
15728
19581
24935
23693
18566
21796
34285
17672
14603
21819
15720
20029
14536
23612
23566
42079
15009
14658
17529
13856
20304
19289
15785
17372
14172
21456
15760
22213
20712
13823
15044
25574
23174
30873
20703
17835
16510
13776
16755
27450
15322
19084
18954
26527
15052
15056
15910
18839
17161
15781
14585
14852
33518
30124
17163
14992
21129
17323
16449
16767
33863
14306
23452
24268
19453
32011
15604
18904
20960
14378
23221
18815
19148
18474
22604
31696
16840
14109
15999
13226
13941
18109
20224
30795
16037
13197
20770
15875
20402
14254
17309
18648
14511
14431
24447
18865
18060
20307
28547
24467
17862
15549
40339
17093
14229
15297
24969
16374
16340
13989
24802
15066
18314
19026
17526
34841
14627
21518
17183
14726
16482
20484
18949
24207
35672
23014
16752
23774
25331
17993
15482
15819
14447
23570
15445
69579
33346
41326
34250
25791
15421
18906
16203
16619
19049
17294
17972
27362
24656
19116
16924
22415
16900
25969
25401
15659
13582
22981
16796
30896
15273
20461
22465
17404
17008
17072
15888
24205
18167
33559
14746
14268
22009
24025
16214
17886
27171
25034
15124
26765
18512
15260
21238
14722
18533
14664
23758
22001
13629
14558
24797
35120
19154
43911
19737
21549
14644
25485
16441
25556
23473
14529
20253
27336
30009
16549
15258
15010
13413
23690
17935
20027
14758
17263
15026
16211
15974
15263
13814
15622
13820
15961
17059
26562
25171
19132
16070
22778
15825
23801
19739
17209
17056
14472
18002
25127
15800
17139
15791
17106
20279
13005
15666
16485
20537
14235
17147
14955
22241
36605
16895
20099
17366
15523
14734
15932
15869
28189
17295
17044
32742
15866
17551
16157
17461
16189
20135
30562
17538
14224
13691
20983
18992
23581
15627
20772
16709
30483
18621
22249
15564
17933
24638
20324
15657
15651
15736
33529
23184
23518
27803
15941
20813
16974
21828
25306
15938
23397
27297
15264
18456
14316
16495
16287
16568
16296
14054
19735
14773
20117
28348
16016
28532
18152
19886
21351
14939
16649
13972
19654
15766
17623
17560
18401
18955
16944
14193
23527
17281
20043
18653
17017
13939
17887
15132
16993
25588
19068
18745
14762
13921
15520
15115
16139
21551
32387
16220
15999
14600
17757
23894
20581
14835
19120
15295
19660
16526
17770
16328
16466
18141
17859
16004
16151
14860
28222
15776
26156
17976
19434
15884
30970
25015
19178
18175
39231
21571
23184
21199
19811
17487
20429
22190
18059
14722
18002
16520
21106
32987
15640
16485
17132
21338
23860
15452
15784
16738
16250
15264
20297
16706
18575
13832
14921
15043
15532
15344
13277
19967
19514
21634
16982
14581
14696
13275
21556
14061
25625
18783
16685
16101
22724
23696
23659
19102
18226
24769
16485
29813
18914
20675
16165
18375
15752
16047
16217
15578
16494
14912
19956
14734
15711
15566
17048
16383
26690
19858
18383
15030
22593
13934
24847
14643
14911
14483
32405
14701
17152
37506
17381
14332
17371
14599
14064
24721
15149
14182
14664
26645
15740
15358
25664
16865
15191
14788
13868
14314
14426
19242
15158
20523
15723
21088
14829
18031
17550
14053
16931
17148
16940
16541
21340
14641
20414
23559
16114
23903
23508
14101
19248
24964
43653
30178
17977
17358
15868
16070
27882
21574
20392
14260
22898
39982
16711
24139
17240
22969
20579
24788
48249
19811
22024
24120
17038
16551
16481
28860
15822
19784
15963
15288
18692
19291
30834
15846
23044
15582
27947
18951
13718
16814
21434
17440
27050
12815
25669
17346
14425
21183
19129
13851
15368
13604
16893
13755
26536
15070
23831
21215
13595
14430
15021
13737
23915
14742
15609
14878
14970
21608
22459
14428
15465
33991
17252
18528
17694
16118
22276
22044
14923
15565
26094
39288
20021
19059
16589
23975
15653
17223
18197
14097
15001
23589
18380
12940
18825
14621
15703
14187
18913
14213
15351
19332
16763
20034
15109
24836
19759
17464
14917
20002
14201
22183
19745
17394
13296
16178
13648
13315
25535
26717
21829
19246
18722
14650
19816
14205
20523
31585
17955
13542
15524
16351
13387
29114
18710
15152
20920
27173
17965
16690
16292
17755
19189
20165
16942
16822
14408
17320
13972
16989
15793
17761
19264
16085
16327
15259
16512
15493
15770
20419
17067
15660
16443
17034
24496
23643
33555
27792
15834
25118
18903
23949
25592
16920
13487
15366
17480
33359
31445
36725
15319
29226
15917
19570
16122
15036
18262
29346
21635
18828
15704
19947
15181
27461
20050
15451
20209
17379
25727
19670
15781
15509
18321
17739
14781
16945
28969
26028
18391
15430
19201
15863
21106
15252
19612
19875
14268
15973
15723
25150
19133
17597
42456
17174
14135
24969
27377
19030
16046
16794
25415
24526
14653
19993
16481
17044
20336
21304
12814
15981
16473
17553
15203
15923
17185
23148
17988
22507
23526
15154
16590
16988
14597
15129
18464
19818
27379
18119
17635
16983
16275
15846
14217
15057
16194
19288
24497
15537
17281
16656
16977
17016
32561
17265
24619
20647
16737
15379
15737
14659
29744
24315
14203
16912
30084
16740
24749
13391
19915
13260
15663
21487
21351
14206
16281
17609
23436
16630
20841
14479
13782
19705
17618
14806
18961
15351
28406
15412
14230
19391
17612
25415
30039
17653
15777
15934
15219
18581
16138
14981
24074
20145
28960
13810
24530
21706
14549
16894
14097
13935
22940
13912
14597
13619
16992
15755
19940
17452
17870
29050
16600
14750
17151
17179
24945
16900
21607
19862
26954
25440
17300
30368
15463
14638
14674
17435
14491
39637
19245
15514
29492
15826
18005
17699
17077
14741
18847
16192
17771
16475
26583
16057
16817
17886
27173
27825
22116
14549
20768
23691
14853
15706
15316
14106
16667
20787
14609
16769
22711
39366
227991
37863
14294
26211
22511
17966
20043
32412
14608
14822
14360
16034
15344
17374
20327
14483
14306
16620
15248
15022
32168
23666
36742
34174
13885
22387
23794
15213
22340
16633
20347
13669
23358
16921
15825
18695
15245
14603
16679
14532
15076
15367
21592
21387
15667
15583
23638
18649
14916
21663
18655
20402
15142
14547
14616
15042
20385
40523
15921
16276
22212
21874
25176
14649
21915
24435
17943
22482
14866
14123
13723
14265
21348
28194
14964
16122
15766
15397
15364
14598
18872
23068
15018
15081
15401
13538
21164
14873
12775
16669
19513
20256
13581
23557
13519
14300
23887
17801
23061
21351
13974
23330
16159
17818
18828
22457
15299
16865
15361
15785
22247
20018
22848
15948
15249
23312
17952
24615
13377
20384
23372
18058
14653
27868
17924
19673
25705
16377
16319
15461
15355
17977
17341
20218
13886
15133
19732
16679
18286
15449
14749
15714
15401
48617
14120
27306
17583
21456
14581
24437
18810
21768
19325
12363
25511
18319
15022
13610
17406
15419
15484
15120
16511
13731
24848
17017
19241
18262
22966
21484
17472
18380
14354
38651
13973
14133
16694
23697
16095
15877
15523
20150
21828
26972
14053
18475
16739
18946
18182
22940
43584
14025
13894
15963
18527
25402
18577
20022
16568
18273
24602
19512
20654
21807
18045
16158
16824
22046
16827
16886
21529
16973
20851
13379
14347
17103
17132
13622
25415
14241
21720
24843
25873
21785
32623
15608
14391
13982
19557
18789
15784
20981
16236
22400
22167
15108
16355
14371
15571
21228
14655
29221
15077
13600
13565
16601
15163
17421
16995
22581
14695
15738
16499
14178
27464
14270
15806
15340
15932
18513
17903
23702
15397
15510
18722
23435
15117
18620
15604
15775
17101
15888
14093
24835
16393
14165
27464
16412
24555
17442
19437
14630
14651
16534
16893
14283
19108
16231
20854
17104
17328
15772
17360
16854
15265
16961
28372
18418
16001
18743
20024
16242
19033
32191
13960
19803
16350
37671
16773
21017
15318
18791
14829
16003
14060
19602
14168
15793
14626
16277
15248
14901
14998
12713
17742
24384
21296
12610
16185
14564
27517
22110
18301
22330
17095
14111
14429
21655
21516
18243
41809
23298
15646
24149
18522
22930
15175
31048
22441
39184
16732
13982
14295
14061
15067
22303
15461
15713
33808
21223
16130
16257
15009
20111
19442
21579
23063
32942
16925
23686
18664
15017
16437
21468
14341
15190
23686
20989
24042
34720
16990
17127
18932
16350
16995
33214
19607
24436
29597
17928
18514
16761
16932
23154
15547
19872
15659
14792
15938
17991
21765
18126
14087
20463
23303
15012
18274
15467
31304
15734
13699
20388
13485
22578
27073
15685
17417
48985
38735
29724
16358
18035
13241
19582
16079
13558
21747
15542
13816
20664
14659
16859
13097
14677
18300
15086
15945
15829
14975
16833
14558
16115
14136
17195
19283
25809
19790
16702
14404
31970
17978
16068
14989
15516
24301
14182
17680
21250
20907
14200
16640
18868
14734
18229
30027
16947
12925
18575
26216
16132
16429
14859
21002
18542
22688
16552
16502
15012
15089
20868
14274
18851
18626
15500
14263
26816
18897
19394
15303
17950
24843
18839
14670
16667
17224
19114
17012
17094
19621
18865
13103
17354
16010
15390
20173
16870
16284
26065
17085
14690
13759
26497
20352
13885
22977
22130
22188
23513
16409
36064
17258
15284
17629
13618
26239
13676
15993
17904
16446
27667
20125
15812
16143
14218
22986
21761
14461
19597
24527
14941
22037
33162
14864
16028
27416
22148
20526
21517
40290
16652
16554
13804
21793
25090
27265
18098
14340
17391
16000
14588
18302
18160
17162
15578
16947
15607
23654
19046
16401
14788
15362
17141
17925
17298
20245
17151
22487
16082
13789
33935
15045
17515
30713
23458
12931
23262
14852
14258
15517
13470
18578
44795
14544
16982
16248
24660
14311
19823
23752
18646
45430
20865
21788
15284
14199
13894
13752
18534
14093
17803
56547
19836
31922
14699
22358
19601
18357
16250
15295
14309
32231
20273
14886
29638
19406
13256
14533
19790
17951
17920
16959
16342
33418
24036
17600
28646
14536
16405
24068
15171
15085
22216
27873
14709
20197
15599
17778
14057
15467
18364
18584
26164
37246
19836
14444
15581
14633
28189
17016
19034
18466
28981
14292
14222
20705
15363
28940
18177
20897
18285
19778
14767
15343
14555
24533
15660
24037
18232
13967
18601
14387
19183
16016
28011
18852
29761
19823
17142
17202
13805
15848
18475
27444
17028
29915
19355
21274
17566
17050
18145
16509
33889
20269
13584
17434
30417
21742
32661
14222
17402
15573
17491
17014
17554
15645
25346
13253
13513
20670
28085
40774
14933
23537
18802
32023
15940
24681
14160
14209
14724
18839
16684
26104
17382
16241
16247
21050
15682
28601
14066
17737
21633
16211
13211
13287
24078
17943
20191
23000
13473
15332
18915
14216
28263
17232
31099
15332
16477
20750
17419
23245
29077
18690
20124
16565
22855
21090
19128
18300
14095
15056
19918
18988
15283
25628
17603
18731
24650
27349
15047
19448
16379
15437
17696
31025
36526
33579
23533
13823
14334
15322
26960
15061
15268
15499
16522
13470
15712
15571
17194
21998
16939
13909
21431
17413
17441
36470
20133
17973
16882
17434
23883
16103
12492
21721
13982
18005
22004
15936
24556
16192
13838
14753
24497
23312
18193
17251
14021
16840
15536
15932
18112
16973
14469
14906
17330
12861
16298
34067
22912
23552
16000
22720
16522
24323
16765
16541
19550
28083
58749
23117
17519
19807
15728
15943
20988
13142
19637
14756
15924
17535
16740
16039
16793
14583
22972
20655
14377
15653
15566
17546
16693
26693
13354
22236
18089
40706
34014
15330
14775
18020
14660
17727
24289
20767
21457
20659
16748
14848
14333
24192
19319
14554
20248
17192
14006
14957
15855
18771
14706
16557
14551
15771
20305
18373
14692
15147
17895
16190
24156
17481
19141
17935
23767
22295
15891
19646
23460
17591
18651
23944
21586
21817
22246
26177
15152
21891
29769
38624
20746
22844
27537
20727
17784
14808
27191
15179
26063
13936
17849
19210
18468
19595
14655
16539
41651
17533
15223
24128
15214
15403
21356
16534
20905
20292
15655
16238
15898
14343
17658
17692
23017
26586
38034
16110
14580
33196
15562
25124
16680
13943
15640
14282
15251
21737
14316
23092
15064
30789
15321
20371
19959
14781
24762
16537
13766
15075
17492
16519
16343
15969
21095
13681
22186
19604
15698
19198
15906
14356
15964
28568
12361
18295
16292
14473
29629
14961
22982
20298
17875
21461
21969
18207
14893
19728
20627
40731
18726
16592
24774
23419
19204
20203
15035
23346
20126
18228
17729
16117
17066
18170
25167
16932
20799
17023
18256
20691
25166
16672
20655
15546
15059
33390
51469
19814
25707
24113
17899
15944
15636
17310
13549
21530
22847
15781
14615
17879
19066
23309
14248
13883
16331
16922
17225
15063
25685
15344
15952
19991
19001
18123
17717
20399
16316
36566
33288
27315
29279
13700
14803
20617
22444
16379
15256
37115
24963
18894
31375
15589
17448
18984
13605
18398
28486
22196
13735
17009
14459
30705
23304
17675
33454
17425
21763
16234
19940
17078
18832
19989
17605
17871
17957
16517
16533
13334
19009
20340
16886
15060
16490
22555
17769
15731
23807
18247
15005
17208
20769
51904
65416
18118
23379
16910
19048
13864
20765
26905
18129
16432
16961
25777
15797
27114
12918
34077
13630
17070
14729
21552
16003
22015
14174
16049
18670
27124
19101
22725
15761
14655
13418
25859
15898
23494
22435
20635
28174
15749
21830
13174
17009
18780
15333
15695
20188
30371
16924
32739
15018
15600
17197
17496
18718
15482
15608
46881
19799
18229
26015
30358
18395
14563
20758
31526
24623
14259
15581
24293
18407
14929
13304
15118
14946
25481
18465
15682
16713
21989
15219
17456
14855
17226
20767
15712
14453
16780
18617
23210
17482
18197
20150
13934
20973
30763
39185
21606
17133
15439
23570
18345
32250
20220
16491
31963
14925
17895
20092
14646
15751
17452
13277
17616
18062
16133
16487
20398
47733
16217
16203
15924
13986
15979
16220
21363
15117
14387
23947
25978
19312
14135
19658
18456
18578
15569
17927
19529
19849
14877
31572
15059
21916
18478
14009
19324
18870
19930
21429
20066
15385
14134
20683
19174
22050
14655
15151
17376
15805
25771
14019
25949
19270
33778
22517
20386
16123
14625
14361
18908
19318
18769
15762
23219
16471
16779
14528
18963
19608
15809
14593
17174
17638
25312
14688
27271
19985
17611
16797
17419
14742
14686
16174
15963
19585
19950
23513
16486
18231
15282
15291
17920
13359
22768
13953
15987
14785
15162
19213
16393
19896
20629
35964
15747
18884
28655
14396
20661
20846
23932
16144
44619
48548
26997
39766
24891
14311
18116
17863
23483
17415
18552
15575
19587
14706
17093
16270
14055
29413
23870
15342
18232
14178
21537
16707
16164
18363
14986
15606
25089
13555
15566
29395
13533
21012
22101
18302
14636
22783
15532
24560
15527
14767
21282
16112
16355
13449
16140
20011
26431
19717
16218
17190
19231
21604
15843
27535
18435
16818
14609
15495
13340
17464
19360
13645
15263
16407
13200
12605
17008
17501
16283
18200
18338
20690
22382
16043
16082
30045
15385
13745
21246
14464
28473
14728
15978
30504
16908
16349
13938
14260
25444
21183
12830
20013
14038
14992
14766
16129
17092
17642
17921
15047
15510
16278
18315
16150
18109
20116
14363
22748
26301
19423
26112
30601
33814
13660
12091
28471
22029
26846
41547
18409
15631
18406
25363
15460
16256
15778
24355
16727
21937
23893
19063
16237
13931
22451
40276
19349
21761
21024
16507
15780
21272
19346
29570
23174
27456
13560
13765
15280
16214
14181
18208
18748
20205
25370
16616
19749
19425
14398
15256
14253
21770
16161
31934
21985
24058
15490
27010
34873
14889
14090
13720
17491
15997
15541
19535
30233
16727
24771
21975
18971
15971
22582
14676
16646
21645
15182
14811
16433
18198
29924
21720
16126
27508
15642
14661
15843
14497
20703
14625
17677
43117
25248
20551
14628
14116
17854
18579
19984
15332
26922
18106
30370
31644
19642
17614
14837
16127
37645
15336
17346
14931
14297
13462
21261
22938
16880
30522
26236
15671
31115
18868
14736
16343
14198
22572
25413
19858
16808
21759
24693
20137
16016
16342
14840
17914
26377
22751
22706
20446
13801
17387
24645
37639
18448
17757
16152
17400
19585
15537
16294
20007
15088
14341
27009
21157
30797
17505
14384
22748
17051
16494
35496
17769
17192
17686
16114
22327
15837
16907
20647
20345
20191
29595
19541
20846
16710
15768
30714
22780
22724
15635
18475
14900
19766
23270
20641
17858
15590
16061
32916
33666
16853
17247
24667
15289
18169
23637
13628
14833
23834
18787
13878
17988
17473
33585
31885
14387
15410
32891
14129
15907
14255
14951
15813
37274
20310
28049
20759
14866
12931
13015
23629
21013
15285
18853
16279
16334
15561
22250
23590
13952
19874
22351
20722
15837
23597
30864
17877
15387
14986
15998
28792
19828
36634
22991
18582
27867
18881
15999
20471
14364
19626
18489
19049
23173
15269
20433
24067
14506
14115
17136
19279
25283
24720
16042
26097
46480
16275
22294
15575
15601
16088
20126
15315
14804
25028
14868
15962
20938
22732
24192
16523
27241
16336
16045
13733
16289
14432
23366
13677
28111
17230
17318
17395
18515
13477
15813
16099
16635
36418
17901
17205
15311
19585
17789
25257
20567
18435
16164
24536
18128
21333
15638
23007
18142
16297
29180
19021
21986
15279
20629
19724
16988
15104
17439
14217
23998
15449
17401
23711
33017
16930
24413
17383
15875
15987
14965
26394
14019
18739
17177
15181
21092
13785
16758
17049
21519
19082
19154
15663
13108
15660
24809
59076
23069
14305
14158
20572
27914
30189
21704
17219
20070
23408
20425
19942
21053
16612
15323
14361
15497
13699
13715
15892
17551
15381
21694
17261
15012
26362
35578
15392
20765
14729
20054
14227
14747
14506
15966
24210
30518
15485
28369
18101
21617
23051
16341
20631
29440
15228
15276
19535
22487
18831
16651
14529
13250
44359
15482
15825
26150
25452
13925
17541
17961
19344
15120
22676
23312
40476
18756
26863
37607
14847
15035
18452
17640
13933
22279
15757
16850
31171
15051
19348
18600
15500
20510
20427
15424
19491
17491
16156
14789
23701
20559
16709
15739
13420
26779
20167
18652
15971
15399
39059
31120
22780
16006
15372
14716
16407
15907
23333
17504
16651
16093
18795
16271
15623
17118
16615
14973
22286
28251
27593
40929
20411
13946
19079
34834
14493
15032
20850
15534
29402
21359
19171
16996
16303
21074
18299
17264
19707
17897
27218
24534
16343
21153
15194
15391
13940
19596
15127
32973
25679
16567
14651
14088
17402
18355
17245
30964
18884
18994
14737
15235
16287
20382
37940
22630
43309
30343
17808
20600
30466
16329
43992
17083
29764
17542
15013
19926
16114
19106
17191
15371
14635
37745
26360
21181
18040
33991
19638
15001
15354
14844
23563
25100
24948
34877
13826
17492
23130
15919
15255
37179
14903
24316
14395
14640
21416
18534
15167
23138
20511
16157
21329
15741
19232
14275
18667
18715
19702
14721
15018
16094
24234
47226
16142
19096
20263
25830
15230
15871
20236
17583
15392
14866
14732
14349
18116
30139
16192
32205
25153
13983
25745
48979
14052
14811
27113
13607
15331
14225
19258
30051
15503
15881
25948
33652
17898
15103
24264
20991
17631
22958
37311
34796
42409
21803
18601
18808
16135
24916
17347
15421
19983
21067
30356
20640
14992
20162
17712
14851
14409
16521
13611
20402
22015
23107
15333
14169
24047
23673
14980
16476
19323
30544
26937
19528
15342
14621
18015
14026
15536
19051
15322
14212
18577
13933
17061
18401
16594
13450
21146
14538
15296
36895
17021
15915
16517
17046
15850
14156
19462
13687
22790
44143
22777
14541
24178
16025
28260
15845
15318
17515
13386
14904
15869
18863
18261
15011
20004
23445
16015
20183
22778
15121
24099
18239
16121
15097
16374
18102
23786
23822
21657
15680
23922
14430
15906
14439
19961
15954
24811
18432
25494
14578
19097
17592
17013
17122
25732
20765
16344
16065
22790
15806
20616
14808
17735
16040
15844
32198
56076
17188
22535
23189
18589
21065
15768
18612
20503
14173
16785
15685
14171
28607
16112
15324
19423
15407
19234
17979
19622
21615
17004
16443
22902
16545
17325
15539
18622
19748
22374
17989
21730
14818
16250
46706
15884
14202
17367
20237
17826
19360
15081
36606
19753
17751
16559
14781
17939
14183
14027
14666
19124
22009
14825
18747
15233
15735
22986
16267
31546
15159
24369
16066
30625
27850
47484
17098
13693
16602
26174
16544
16345
24129
15712
14125
16820
18167
16482
15163
19829
14399
37336
45181
21798
21313
20195
22653
20773
16999
15463
25585
19570
23127
15002
20373
32413
16394
20948
18555
19437
19791
19900
16915
27435
20213
18640
15079
14263
14663
23182
14712
18645
15852
57398
15137
18241
22246
14115
18869
20366
21675
17899
19085
18222
17258
24331
19890
18780
14928
16327
31608
15430
43124
18407
14082
25299
19222
15501
17993
14987
20582
21396
30277
15255
15583
38589
19480
15325
17222
18782
14483
23266
13987
17330
19335
15887
16359
17804
14537
22265
16033
43653
15598
15364
24187
20471
15856
17017
13636
21863
27250
17857
33942
20072
21373
19891
23006
17009
22588
15108
19034
17245
18964
24028
17913
16848
22472
23952
15465
18428
23629
27332
17837
16994
14461
15078
25780
14884
17302
20117
36564
16674
25138
17444
15365
15757
18741
23268
21706
28161
20385
15515
18339
15129
19591
14872
16901
18418
17615
25756
14363
16145
18357
16292
16089
26133
13818
17476
17559
18330
15692
25970
17120
17058
15720
14963
13324
25910
16424
24500
19661
21334
19490
18161
18852
17495
28395
15396
17356
20385
15446
15619
27961
17189
17359
14156
14305
15934
30619
15259
19305
19863
14819
17704
26417
14304
15010
26151
16544
28894
24104
19441
27027
16100
17334
13888
16527
18773
16822
14943
15578
19040
15616
14696
17591
14743
15918
18056
26374
17056
22623
25489
35123
25434
23121
15491
18071
32847
25567
22657
15374
16899
23410
20897
22750
16619
26035
19291
14965
15352
17287
19295
18900
14887
22641
32972
14259
14488
17247
20282
12966
15894
14996
25788
19039
15850
23730
16389
21748
15691
32815
19592
14501
18914
15207
14261
27890
17638
25630
17697
16185
13032
12730
14415
15247
23876
38151
15223
16452
21563
14623
15809
19306
26158
17288
16628
15036
15084
19874
26317
15864
16993
19451
19605
20521
14440
14683
16714
18568
18678
16779
23417
38394
54534
29979
19241
17034
14141
13197
16459
14340
14858
17637
15827
18996
16443
16330
18764
15787
16920
17133
14735
21253
25484
17040
14892
13514
16553
40318
15793
17470
15515
15169
14689
14711
19640
17814
26085
16511
20415
22538
33769
16572
16462
14337
15965
15180
17791
23012
12062
22311
19267
24492
17060
15252
17036
18800
13676
17365
14126
23051
12915
16257
13820
18083
17416
15643
15232
14411
14227
27531
15541
15101
15222
28033
17792
14888
14782
15934
12939
15246
18645
15527
14152
14695
17132
24777
15002
19022
16856
16809
19645
26106
17903
13677
15331
18195
19821
18766
28517
42031
16788
20201
16801
17834
14906
14610
22459
22744
22415
16147
17017
20903
23492
16356
25245
20671
16147
17242
14770
14368
23553
26517
31693
16157
34083
15672
16840
14859
15302
16703
20104
25793
33986
16114
14635
32212
14965
15421
15199
21729
19011
16391
22176
27667
15922
40918
23818
13476
18529
27888
14993
14315
28662
24706
13403
13914
20079
13344
14154
13752
20552
16217
17003
22683
20888
16377
20829
38520
17018
17684
19458
14075
22415
35638
31788
31943
16464
19702
22060
14281
35327
32665
21675
22148
17726
20436
15223
17010
18126
16083
17592
23058
19235
21506
25193
20481
33737
15855
25817
12829
23810
15573
13709
18903
23550
22516
14843
15566
14616
16042
13832
19012
17580
19068
21342
21632
25997
15281
26864
27970
27987
13677
15634
22978
19180
18704
14564
14065
15436
15805
19481
13733
25267
18943
24145
19029
18116
21984
31213
19719
16421
22288
23268
20040
14123
23864
14010
31684
17440
14836
17182
16894
24427
28299
26803
33197
16513
15623
24741
16789
24266
16025
28959
17301
20054
14504
24398
13448
14306
19290
16845
12574
27900
28762
16449
17118
22235
13276
18606
16751
16596
17040
16070
18781
14273
21335
16061
20887
14400
15153
14409
17010
25823
33718
17509
30238
18016
20028
14015
24908
28249
13015
16638
23218
15252
29957
25199
19476
23633
17796
11961
13795
18605
23930
35011
16141
21715
34045
14644
13973
16354
14346
15353
19629
19339
15663
13369
18478
13792
16893
17100
18479
20121
15499
25579
16419
16762
20854
16643
15139
24036
16304
24757
18803
19413
14495
20881
15425
20530
15091
18649
20539
20583
15609
18216
18967
15157
22883
21013
20736
19286
17155
17322
25035
30839
20375
14654
16598
15607
14749
19124
31651
17001
13885
12362
14797
17204
30364
18780
30343
17292
16556
22301
19075
16872
17459
17498
17216
14628
31371
15799
13943
19208
17629
16724
27882
17691
13308
12432
16032
15453
14572
14536
15822
19335
18688
41814
15839
13798
18532
16582
27309
16572
25262
20092
17377
16614
16602
21689
16313
52203
23423
17083
28472
14885
16170
22780
13628
14568
16045
35945
50473
17159
32936
21699
24346
14263
13846
13580
15095
20769
21911
22306
37780
13858
17597
16383
13907
17593
17238
24065
14730
15567
16084
14046
13768
14507
15198
13234
16186
28693
20193
26222
20801
19014
15150
21943
15436
21706
19083
21781
19132
13942
15972
22360
14088
14746
14367
15794
15842
15645
15070
14388
13003
25177
14579
16544
22306
15906
14573
13717
20861
16130
15536
16259
21370
18086
20312
22018
16061
19643
19643
16316
15355
16946
19835
13549
14575
17807
28632
18085
18548
15955
17676
16450
20984
16017
15865
14842
17584
17874
17534
23470
25810
17692
15813
26815
16203
14886
16185
14816
17311
20871
17681
15215
16290
21751
31554
15866
16768
14436
17438
18334
17671
13475
21814
18800
13173
19368
22357
16612
24739
19159
15841
16111
15597
14195
19533
18036
19257
17230
32048
22236
17924
17453
16307
20893
18579
16220
19881
24937
17856
15152
33686
16050
15821
13362
24173
28773
34031
20159
22690
15287
13396
14493
21757
12765
13264
36544
15342
20484
14692
17199
15812
21631
15510
15182
13372
20926
21700
31959
37281
14769
21856
15751
16797
16861
14771
16724
14123
16415
13721
20600
14628
28351
22163
18757
17474
23232
16716
16146
15365
22056
15368
20903
17396
19755
19985
34279
28350
17130
20601
26234
20907
21430
18691
18424
23093
19119
23691
23981
16377
16419
22123
22536
14641
23951
17055
19701
13377
14424
14592
17919
14591
18208
14971
14851
15837
20144
24540
19970
15754
19713
14008
15000
15778
20016
16685
12103
14546
25637
14617
16257
22934
39246
18740
14269
17049
14577
14724
15547
14589
14551
25290
18153
15306
13710
15088
13879
18195
13421
15985
23628
66436
16680
24091
20718
17252
43650
17743
23149
13704
15801
17257
22211
15849
18781
61848
23638
16696
13799
17738
17996
23293
16356
59403
14227
20123
14831
19907
18680
15044
14605
16457
20073
29310
14867
14205
17997
15420
19560
14017
24240
18267
20482
21634
14981
17406
29887
15276
17607
14076
14017
19771
22975
32974
23486
17046
17821
19411
14711
14724
14396
21682
17812
12805
21016
21928
24212
14207
14082
18028
15110
22164
14897
14392
14869
30974
24372
17026
22410
15973
21513
17866
23312
17844
14383
16981
19644
26041
16304
14496
23613
16595
18246
17857
18538
20236
15419
14189
15896
19789
17728
19303
17008
23295
15695
21712
30732
20894
17431
23216
22992
25389
16467
17029
18080
15233
15378
16464
16573
17129
14562
22324
16076
31226
15989
15038
28811
34804
17205
30826
28160
38201
21080
21951
16015
19632
20517
20304
18439
18166
27641
17678
17036
17671
14529
20074
21735
17550
22757
29028
18815
25553
16083
25324
19278
15833
17224
15490
14763
14080
32026
20977
28992
20636
39796
13946
21453
13723
18185
32742
17729
13614
15046
15476
16719
26404
16563
34197
37716
13776
25430
17304
22998
17055
16372
21739
14725
24104
26752
15916
14207
26617
41821
18946
15315
13670
56033
16294
14795
18460
16671
25026
19510
14360
24034
14646
17531
18595
14322
17157
16072
15374
18554
28881
16823
18358
25230
16112
17572
15054
46960
14185
16681
19846
26846
15292
17241
24356
17543
24838
16404
22149
22412
14466
15581
16086
16948
18957
16983
14945
16715
18151
15900
21355
20528
18390
13952
18132
25799
22982
15331
17895
21678
17214
17016
16924
15334
16717
14859
14508
16399
18469
19639
23029
21915
15412
14471
17390
15443
14337
16448
15168
13558
15591
21904
15338
35731
14984
16663
20099
18066
18520
29945
17784
24617
14704
15412
16460
28776
15019
29091
15240
19498
33348
22323
18051
23757
19843
17669
26680
18829
18319
16855
18076
21471
22586
16183
22535
19346
19478
22745
18456
16296
16894
18520
14996
24893
16928
19518
18177
19503
15782
20896
14901
17342
17625
21110
16877
17860
16929
22059
12880
14226
15781
14866
16112
29282
20156
19558
13731
14813
20380
15305
17019
15566
14894
15057
14401
14327
38589
24629
15621
14121
15330
14247
16330
21933
13404
16318
31948
14569
15151
16027
18971
22987
29820
12009
14253
13949
22338
16621
19498
15480
26007
13107
16706
14542
14527
30108
13842
13685
14203
14802
15544
20353
18730
16773
15221
15134
21302
19856
18850
14112
14774
21610
25994
17020
16386
18470
15450
18449
13908
17176
18224
14120
16280
15068
14141
39930
16946
49378
16971
17511
25606
32982
21326
14546
14451
14547
31864
19791
15757
17553
16634
14538
17303
13268
21207
16855
15806
14788
16479
18531
13934
14180
22736
16375
12997
15643
15736
19342
16250
15567
17306
19001
15199
17475
14032
35266
14798
18067
15335
22277
21710
20683
29302
14210
12540
23623
13568
17080
26288
17935
24471
15005
23921
16507
15598
15180
24563
15381
13831
14436
22490
13981
15857
19817
25434
18184
17114
14284
13133
35991
13760
17145
19037
14381
24405
27647
16697
18871
19330
15917
20399
16129
17959
17415
16721
18792
17973
28226
15973
17458
35420
20388
16512
15539
23739
15989
19658
20912
14755
18158
17821
23647
23018
16229
22293
14931
13595
18003
16060
18930
15968
15982
14764
15207
22252
17013
15454
15218
18956
22309
16122
20972
16494
15391
18251
18148
19467
19045
19778
22621
15246
22268
20452
18444
24631
22579
24072
20325
15944
15123
13359
20409
19159
15788
15079
20468
30541
19558
34742
20617
52376
13302
19430
18435
14303
27797
15958
15447
16752
22340
16474
15890
19506
21488
13927
17877
18287
27623
21457
17175
12934
36911
19049
14216
24351
37008
17020
29251
17907
17373
18491
27199
17559
14792
29765
13829
20372
17453
15534
26577
21126
17108
54247
15269
16083
18563
23111
15396
15766
15663
19620
13255
29017
14440
20577
23263
15384
22076
15704
28165
18915
28298
50703
15100
15442
18537
15456
17612
16672
20955
22152
16080
17239
18566
23007
17305
15820
15842
16620
14881
18719
19076
17790
16755
24601
16386
16053
29761
14669
20732
18128
18411
18176
35627
25901
19715
27365
18116
21236
21512
18820
21130
17906
15791
15010
24829
34194
19444
14768
17709
13948
18495
16330
20801
15057
14016
22784
20669
21921
13601
22362
17836
15875
20246
14047
17018
14353
24178
24550
14566
20126
16656
16798
17852
15961
18182
20698
17853
17362
13974
16938
20896
20296
17730
20362
24857
30902
18322
28400
19747
20220
24435
15855
17140
26428
13671
21485
19000
47305
27120
14538
19601
13265
17608
17681
14618
18656
18703
31612
16691
16217
15627
22217
18648
16026
16861
23226
26494
17418
15571
15167
19996
25147
34859
16275
15520
15834
15108
14953
18710
17753
14822
18642
14682
17668
26841
15879
19698
19932
16051
14462
18931
23691
18171
14726
19534
20848
25065
14373
18326
17872
18462
24752
19470
17037
15090
17784
14373
27984
16332
18991
15662
14766
22414
14148
27283
22691
16716
15104
13351
15592
25406
18059
17485
15403
18307
14929
19444
20092
14897
19502
15039
18200
14631
29635
14981
13659
14849
55585
17550
16094
18086
18220
21894
15418
15687
19081
21451
15667
16857
26859
14124
19470
16809
16101
16913
16784
17098
18503
24185
20188
19119
25219
23187
24274
31596
15088
15446
16634
16929
17430
15305
20514
24982
19081
18388
41329
15217
32467
19962
16284
17403
42919
14230
21853
16664
18407
27723
14573
17664
19314
15028
14686
15542
14292
30769
20512
15872
19708
21437
19779
18792
15847
24752
14902
13759
12458
14796
15665
20241
23543
39535
23630
19763
14254
15402
14463
14254
19283
12499
13377
34158
14709
23459
14831
13521
16005
19879
24813
15792
30945
18202
23109
15244
15682
18280
16090
19932
13940
13518
26164
14307
13884
28615
18251
27015
14734
15080
15459
14238
16921
44458
50560
14324
17289
15703
26237
16649
28144
19262
14787
21971
26710
17715
35430
18142
31929
21406
21972
16170
16367
24278
17881
21467
15597
17223
19144
22065
21627
24382
19690
20315
24852
17842
15697
28982
20191
12322
13951
13855
15345
14805
19444
14892
13969
25260
15635
35623
13294
15878
22561
17130
18266
32018
19796
20237
14505
16599
18223
19865
40197
15123
18688
25145
14303
14740
19703
21985
23210
15804
25776
16875
20238
19693
14891
31167
17152
13993
13620
13293
39168
15437
13416
31172
22256
15152
16328
18415
16170
24132
18307
18201
23618
25382
16891
16328
21126
11997
15191
16385
16969
26010
19865
18866
21905
15354
17066
25045
35735
19681
28719
14831
19845
21951
24635
13775
14890
23217
14273
25583
15493
14087
19637
28665
17535
16376
24720
18901
23954
14609
18801
15662
15044
14724
15270
16570
15653
15301
21367
17331
28590
22056
20575
14166
26434
19724
16486
21146
17425
23744
13916
14516
14971
15476
25907
