16798
15174
16659
22608
15988
13388
23236
16382
20157
15422
13478
29459
16299
17050
14135
15281
14864
14121
14450
21230
13953
20526
15240
19586
15726
14014
14068
16360
29289
13258
16234
14856
15947
16655
16070
15235
25352
16044
14740
17092
16014
15422
29023
15684
16287
19947
21043
20575
18298
15157
19432
17743
16517
15170
16218
17889
16852
17345
15236
21558
22866
15455
16151
16376
18210
16052
15044
19330
23250
18272
15156
14078
15254
18877
14852
22035
15987
15818
16653
17465
13748
13988
19672
16247
13949
13695
17178
16599
14565
20421
16128
15323
19367
32451
19543
15707
17892
16351
18124
14675
14728
15578
18183
19568
17186
16712
20778
15174
16377
16720
14128
17799
16775
17110
17732
16029
19022
17470
14523
19412
25676
12268
14689
23361
16187
16687
14755
15055
24335
21177
33321
17975
17569
27806
19377
16907
13999
14383
17420
17235
15410
12865
17035
14841
14987
18802
13525
18102
24597
15379
15191
16280
18878
14282
15943
14715
13719
14134
17081
19845
15015
14206
19246
14057
14773
21046
13832
16243
16685
14332
18748
15695
21245
15076
16380
23049
19816
14911
27563
14027
14710
12851
16943
18991
17420
14938
16077
31939
22695
24133
15952
18555
16833
14757
13291
16893
32759
23255
15903
16410
17494
30053
16448
17980
15361
13960
14989
13692
22825
14036
14838
15321
15624
14840
14735
12807
15112
30141
24861
14656
15369
20452
15142
224954
22573
20503
16483
19907
19750
14728
19792
22116
18537
16157
21567
17192
24893
47267
23359
20714
16769
20960
14147
33532
14723
19297
17868
15362
15717
21999
17843
15977
17356
14787
20872
21788
19059
17515
18665
15024
14494
12677
15214
25382
16745
15621
14999
15294
23273
13574
16748
12759
25345
18339
14997
16372
19419
19207
16149
17617
14116
13472
15503
16796
16089
16154
15521
14603
15362
22062
22918
18001
18504
16373
15115
16147
15278
14325
18833
17361
17475
15881
15043
15421
17087
15910
15677
18858
19781
18630
15155
16250
19799
18617
17910
21760
14941
15336
16076
16530
24527
15344
15951
15835
16619
18220
23672
16096
15838
30099
15328
27095
18996
21567
27170
14617
13807
19605
16446
14894
17249
16240
14865
20128
15084
17783
20071
15560
17606
20124
15350
27723
19608
14708
17457
14163
15576
18437
18846
13577
15551
13622
19625
14586
16513
14960
18853
18847
20568
14795
30099
25836
13494
19401
16403
20550
15021
15402
17520
14789
20949
17690
18537
25935
14302
19949
16712
15309
16848
16579
14195
14213
13296
15220
14369
15946
20280
19801
19853
15130
17267
16998
19046
17009
24054
15160
17041
13970
19255
15677
13929
19169
21630
20555
15300
19617
14658
15999
19644
17629
13685
15751
17523
14937
16154
13985
16672
19453
15023
23374
16823
15353
15917
15890
19940
18986
14945
15658
14262
16003
14822
20071
16284
17148
21053
16689
15356
14681
18404
14962
26237
18916
17110
13571
15435
18525
13721
20900
14417
14745
19894
26987
18577
15330
14878
14165
17866
28722
19279
15710
29645
15617
15420
26367
14921
29174
15595
15643
16602
16903
15948
20623
14713
17168
18098
20957
15759
31226
20465
15140
28839
16810
17061
15339
20778
18902
15538
22594
23464
15287
16879
15811
18329
16754
15988
21133
14389
15728
17824
18097
16890
24814
16328
19683
14027
14139
18096
14742
18158
14304
14424
20490
17953
17246
14554
17342
17401
16302
14651
15682
20902
14255
15319
23583
26545
14962
17124
23753
15260
15047
17715
16440
15432
17685
18613
17220
17519
13548
16174
14340
14947
19061
17961
15772
14990
17467
13924
31050
16764
17148
17770
15683
16351
13862
17306
20564
17067
15418
15943
29580
17124
17332
37751
24516
15675
15443
18571
14540
21848
13987
16987
14633
15535
23982
14798
18972
13450
24139
17689
30001
15868
15673
17561
14839
15293
14456
17680
13769
14858
36224
15391
16333
26224
15964
15495
14539
13290
16534
23375
15151
12961
19692
16170
16258
18872
16125
14608
15988
17680
16877
21037
18726
17560
21138
20037
13232
14686
17752
19860
16102
15055
14291
19221
21295
14717
33241
22187
15426
17667
23433
21661
13520
28907
23696
12816
15056
19038
15625
16704
16098
22803
14227
16361
18087
14446
16329
15809
22172
16630
15207
15253
20012
25913
13602
13842
17776
19185
15924
20698
15180
18240
18212
19688
14195
14588
16101
15606
26139
21495
16052
14123
25351
15295
14506
15147
17732
17948
19648
15711
20053
26375
17114
23691
14969
17487
20282
16304
20778
14140
18470
15646
16293
16122
24274
14834
17920
17954
15109
21881
18124
15375
15757
26663
37498
17069
15513
23924
16780
17726
17998
15407
15573
18103
14945
17721
23766
14452
21182
15140
13531
14299
14788
27351
40517
15633
14672
15984
14107
17669
28190
14401
17152
15072
18421
15323
27138
24035
16252
21978
13818
16277
15554
15438
26331
14148
13609
28092
15770
20752
14700
17779
24344
18600
20109
15115
16018
18383
14601
14576
13852
18922
17981
14608
15282
14134
16290
20220
20048
15082
16480
15100
16352
22879
14752
23392
15258
12589
14642
15220
15391
21597
15520
18258
15787
15352
16716
19302
14543
15656
16037
15393
15870
19234
15586
20886
13130
19347
15498
20188
15055
16846
17233
14663
18465
20097
16509
18038
22324
16647
16001
17456
15714
16564
12953
19838
15144
19075
15579
15552
17251
22635
17013
19796
15119
14048
13902
14084
18881
14612
14856
13897
15936
15472
20697
18034
23485
19882
33925
21865
14925
26329
16072
19804
14117
14778
24974
14872
19765
20815
15660
14736
19648
16048
18298
18592
21151
16929
15783
21432
20449
17800
14780
20209
26623
16195
14386
14252
15016
14147
15278
17036
17340
14362
15628
16636
18408
14455
15152
21403
22020
16395
15100
14154
17446
15067
22108
15696
20568
13504
18398
16672
17399
14736
23723
14569
14776
14904
18530
14757
18034
21093
17279
24562
15412
16351
25901
15432
14788
18085
15032
20826
19023
14877
14439
14620
18471
15794
15573
14944
15625
16677
19048
16421
16542
15905
15447
20588
14388
14705
18289
22914
17207
15955
15236
14942
28829
14930
14365
13973
17724
14929
13770
16202
13384
25230
14523
18911
15355
19653
25959
14074
14523
18476
14676
19289
15283
20215
17409
20396
16141
20747
16847
16988
16861
14830
17426
17413
19380
15004
18387
14132
23837
15948
19183
14713
29429
16953
15509
14420
14407
19363
13892
16482
16869
16148
17872
23696
14812
14820
23475
15401
13699
16269
18391
18089
21497
16847
15252
16572
20951
14882
18030
24387
15218
14132
15236
14804
14978
18537
20463
17972
19491
20863
21232
15381
14307
21237
15355
17309
18703
15003
15449
37717
34021
23130
17324
14808
16111
24138
14827
15049
14838
15356
14484
16186
17706
16868
30738
14674
18412
15696
17404
14225
14591
21176
15656
15905
13308
19247
17162
14711
14286
21345
18425
27671
31002
13230
23820
14554
24950
16050
16172
14921
15529
18148
16537
17053
16643
26130
16405
17457
16866
16409
21253
15605
14568
13488
12903
21747
15030
16587
16995
13560
18011
16046
15170
25564
18384
20372
14242
13823
20529
17470
17375
20902
17953
13085
16000
17437
14239
20468
15772
15675
14356
13526
17717
22339
20505
20564
16975
14633
19375
19023
15789
15906
14742
14392
21403
21421
14539
19089
16708
17730
30166
17380
14536
16159
19398
14085
17762
14015
18161
13857
17570
15195
27191
16022
17071
17720
12428
16564
21533
17083
13778
15166
13311
15710
19734
16174
16166
17397
13650
15585
19003
21615
19688
15141
15282
14761
18689
18024
16756
15771
20211
14677
14236
17368
13647
18502
15100
20620
16370
15002
15439
14422
16558
19531
13361
16924
14551
16811
16946
17603
15488
15178
15995
14216
19454
19736
18965
18538
22021
27774
17009
19569
13924
15781
16123
16812
16658
14308
19222
16401
14361
36296
29874
14840
19635
14623
23793
20208
16714
16266
15363
22628
20088
14958
18857
20444
17202
21794
18022
14193
14837
18138
15104
14787
19324
16741
23717
19113
14914
19684
18731
15780
17374
15260
24552
27088
18830
27144
14147
16549
19976
15344
14873
16318
16900
13875
19296
17941
15680
16455
24219
14453
19093
15733
13927
14571
16732
15276
16026
22189
21265
14633
25177
16192
15587
15352
19026
19152
21088
22327
15590
17698
14707
15604
21494
18887
17141
14654
13987
17047
23384
13491
19657
15358
14256
14766
18175
17929
27114
16652
17699
18398
14652
20857
18889
15431
14517
16576
40799
15259
14624
15693
17442
15819
53242
25872
19020
17923
14354
13611
15362
14996
16551
15215
17412
12859
15472
16273
14281
17391
15749
15118
19840
17388
16755
16642
15032
15534
19088
16861
16936
14573
14546
16477
14798
16923
15106
13976
14961
14395
15755
15815
17186
16491
24199
54780
19631
15113
15024
23923
15518
20175
16484
15254
22489
14191
19238
13585
18401
15297
16819
20147
15315
15648
14149
17538
17176
18488
14691
15580
18999
13699
15867
15896
18302
15122
14464
13791
13197
15170
16295
18396
15710
25501
14389
30686
18737
13942
18077
13741
14739
15684
15886
14904
14966
17331
18313
21638
16125
26320
16912
18117
16706
14185
17732
18420
35579
17185
18812
14566
14828
16780
25789
15074
17114
15672
17890
15117
14843
15935
17569
23761
14500
14378
15107
14204
16747
20317
13338
15387
16512
32151
21431
15374
14699
18627
14616
15092
16535
14585
15567
14975
18932
16865
15055
14404
14362
17048
15184
15133
22648
16967
15374
16478
16282
17606
30828
27877
14012
14183
14444
17306
16942
17575
16031
17529
14815
14704
15015
20037
18608
16099
20566
16601
21787
15036
16516
26083
14107
18010
17876
16421
19556
13033
16938
17877
17694
14697
25834
17319
17652
20180
11337
14798
13694
16212
17551
13137
14915
14451
19038
16129
16453
22754
31972
17928
40101
15111
21904
16017
15156
19184
20438
14237
15338
15043
16589
16995
15141
33265
13867
20101
16125
15954
16494
13693
15191
22668
16091
15491
14831
18258
18372
18334
16290
15908
15083
17824
16243
15320
14794
15434
19368
16193
18836
22960
17169
16608
20261
31022
14135
20684
20070
17051
15535
16629
15632
17539
26245
16112
18330
14209
22199
14860
19183
17672
13459
14367
19946
15109
16073
16401
18932
15570
14931
24430
16394
18937
15953
15103
17797
14430
15191
15879
15632
17467
18059
14428
17164
16347
22747
15764
18061
30373
18807
21629
17705
15114
24373
15534
24124
15226
14618
18010
17883
15307
14334
18841
20999
17514
15924
15730
18364
17935
13621
18618
21029
14970
14998
14933
17045
17568
17087
15592
14539
18533
27643
28532
27881
14639
18713
17097
17398
23900
15914
20952
15762
19348
15452
15196
14832
15384
16793
23709
32160
14931
22258
17696
16974
20056
15053
26266
14032
16972
21244
15138
21664
16588
15547
15386
15859
15639
15818
24948
20987
14156
19094
20779
14793
15763
15473
17482
15843
14931
14481
14691
16319
18034
15328
19507
16282
14452
18869
16402
14091
12832
13688
16062
17587
20214
17311
19796
15496
20567
16616
17681
24038
20324
14218
19033
16505
16032
23765
34620
16243
18400
14125
14401
19296
15732
31630
19015
17342
14443
19889
16656
13500
16677
40691
15639
15674
17548
22960
14944
15546
16788
16027
20297
15753
15204
20582
14806
14996
20140
16176
22262
18031
18139
17633
17203
14816
15100
15999
15877
15395
13422
16338
15597
13830
19422
17297
19230
15445
42370
17962
15897
20183
21314
16907
13947
14035
20808
15727
25376
13427
15604
17369
14823
15105
19043
17764
17061
28164
27107
26989
14709
13843
15467
17908
18492
18641
14883
13551
14460
19384
16082
14128
13541
23864
14496
15789
15449
14659
16900
16858
16703
15833
15333
13417
13770
12907
17881
20857
14441
22919
16583
17563
15092
13903
16088
14718
18958
17761
16263
22478
14323
15553
27459
25675
15827
16344
20155
20354
14917
15229
14049
13863
15356
15954
16898
14011
15240
28279
14272
18559
16562
22669
15546
14905
13221
16038
31561
15562
15093
20706
17245
16913
19979
16920
17984
29822
15701
24325
15802
13422
17443
36032
19804
15182
19452
25346
14469
19018
17670
19347
20386
25022
22462
14781
15435
16019
13573
12903
14845
14884
22812
14064
14621
20103
14764
18680
16239
15939
17780
21836
14530
13954
32312
13770
19979
27990
17891
19294
20944
23529
14120
14670
21647
14006
16328
13459
13094
15714
17259
19424
16632
15030
16722
16670
14934
29834
15082
14478
17720
22385
16365
18510
18861
15155
38734
17125
14387
18330
31435
14569
18007
17081
15379
18508
14169
15191
14320
37381
18001
14194
24695
15775
13677
17012
14665
16701
17561
14154
14407
13332
19279
29182
16731
15877
14499
17136
23493
15090
14807
17922
15694
15768
18638
16065
15639
15383
13618
20271
15764
19672
15325
19661
25862
32136
26599
20088
22063
23437
30095
20261
16845
20404
15789
18224
24287
34897
16170
14716
14245
20488
16562
22748
14666
15356
14685
17782
14905
14365
21735
15625
17011
15514
15716
15436
15722
28837
15039
14695
16883
14986
18023
14983
15994
16350
15939
17954
17565
19156
15062
17025
19038
24355
20007
20406
14788
23791
17082
20368
15893
21038
28546
23438
15738
17066
17116
26875
20997
14511
31222
17501
16740
19184
17553
16415
19928
16181
15680
16694
22591
27395
38405
19408
14012
17741
14428
14072
13902
19751
17734
19782
16806
20929
14095
16870
15508
17894
17481
17352
15572
15895
19032
16319
21755
18059
23235
19795
21408
27587
30558
16265
14324
28777
14991
18181
19233
15127
23681
14741
19515
16675
14808
17402
15802
16208
14658
16250
23209
18918
14365
15514
15834
39678
15373
14339
20679
15860
20014
13240
15912
14250
14642
14847
15529
14276
14565
15524
14302
20945
17255
16004
15826
15527
21864
19353
14579
19114
15417
14399
16541
23975
16087
15706
15110
15669
19382
21968
21357
15492
14762
17655
15511
15145
15238
14350
14772
15155
14417
14834
15348
14653
13875
15520
17413
16815
17990
15685
16824
16646
16441
18981
14898
18194
15997
21054
16538
15985
18124
22432
23153
15666
33985
15143
20166
13182
17869
13496
14456
16246
15384
15300
15760
26393
19154
18024
17848
18353
19046
16997
16650
22555
15503
20030
21189
21970
17995
14619
15112
16850
21942
18550
16125
15967
17076
16390
25069
16071
16677
15276
15297
15534
17315
22722
15229
13871
15077
18277
23931
41517
33398
18544
15685
17150
15887
18820
15814
22357
17164
13021
15857
16657
16785
20402
17147
14874
15632
17061
34450
17966
16486
15564
15522
13749
14580
20511
16399
16894
15133
17478
14517
32088
16310
13549
24364
17820
16647
16480
15199
15507
15801
18043
15904
15317
14156
21084
15537
15996
13843
14876
16986
26211
12529
18361
17949
16343
26830
15810
18212
14941
14932
17412
15976
15499
17176
32077
15903
21140
18876
19650
14801
17340
18088
13444
23181
14935
14277
17831
15160
17924
20804
17002
17064
14629
29187
14617
16705
15224
18340
20045
17564
26490
14764
16773
20776
13461
13225
20452
16698
16601
15451
15205
15495
17176
15865
19187
20100
14024
14530
14280
15443
17339
16120
15045
15404
15947
14605
15658
18092
15946
29023
17220
15727
15931
14971
17960
31520
22260
18688
22447
28075
15434
16634
14117
14432
15749
16323
15810
14146
15890
15136
24700
18959
14809
18983
14093
17039
16468
21525
27896
33582
13310
29961
15560
18011
19509
16459
15564
18816
19483
14974
21730
15402
16373
15345
20706
15631
14912
16415
19747
15902
17243
25354
21257
15697
15767
21937
18160
14819
15794
16534
17506
21829
14671
15652
17823
16033
15003
16038
16748
17640
19770
15993
25523
14389
19420
21714
32409
22712
23177
20123
15883
20541
34592
14823
16923
15616
15330
18985
20605
15259
14141
16431
19532
16826
18717
17651
15129
21983
15101
14972
13026
19776
15861
14908
20824
29064
22774
15851
14865
22467
15235
18702
14544
19305
19415
22534
14761
16672
14825
16255
13987
15108
21668
13916
14161
18805
13549
15354
14207
15963
14190
14713
13782
18533
19263
31119
17881
14141
17851
17847
16344
17390
16338
14810
18724
16112
14291
15181
24442
19015
19482
21686
30560
23661
17365
18457
14019
16499
13981
15283
14846
13784
16773
18470
14002
16964
16667
19259
24326
15720
21808
21533
14333
15351
14560
26869
16437
17903
18331
25064
16165
17616
13988
14110
14886
15889
14044
14065
21740
19461
18554
18012
17358
17291
17849
18529
16099
20148
15210
20681
16467
20415
13361
15414
14093
13817
17160
15132
26771
16135
16542
16077
24603
14787
17896
25900
18795
17791
21941
15842
24763
14119
27467
20112
15108
15482
18812
18782
18081
27999
27045
15653
18703
16625
17837
15999
24439
14908
20424
24418
16482
20397
18329
16704
14755
16228
18719
20376
16250
14234
15681
15447
17077
15434
15937
14843
27584
14483
17993
14107
15889
33220
18430
18298
14661
15861
16878
17812
15921
16946
22314
23257
15884
15135
22344
21399
18314
15778
15858
15605
15072
16172
15549
15571
17097
18311
14739
15346
19375
16315
24327
17456
31846
16591
15993
15742
21097
15679
14035
26911
16466
16579
21242
16949
15685
16307
14432
17094
18990
18946
15630
15723
16093
24430
18092
15945
23698
16358
28788
16406
20998
15066
16251
15997
14806
20065
14779
15527
18614
14724
15315
15013
36778
19638
16899
27353
50788
14854
19338
15849
14214
17700
29513
16337
18300
15478
22550
13223
19271
19997
17524
18516
15269
17899
13677
18836
14226
25018
25688
14042
14262
18811
17383
15506
14344
22394
14761
14533
14016
15841
15052
18070
22804
14487
33512
22467
18693
15789
18453
18129
14309
15671
16359
21849
21538
14176
15111
17358
15264
14614
15376
15461
16010
23907
30019
17142
17028
23165
15259
14889
20261
21462
18683
19011
14256
14118
16196
15361
16099
26598
17682
17288
16010
19597
27845
15628
22169
14855
23558
20728
15757
14824
14903
16289
31827
17736
16220
18757
15286
19559
23270
15636
26617
16658
17719
16688
16074
20728
18705
16709
19673
15313
15040
14712
25408
20161
15415
15448
19413
15182
15352
15324
15940
16036
21042
15538
14814
19504
15464
17098
17508
26706
13262
15744
24560
21563
14937
17557
16250
13753
18602
15225
16332
19437
18911
16011
15850
15978
13972
14080
23119
15811
16353
14436
16158
14788
14436
20955
12507
14648
15419
16737
20461
20344
20329
19936
21325
16055
14994
16773
16363
15823
14028
37091
17111
15174
27124
19123
19699
17881
13319
22661
17273
14394
14476
20593
13623
14626
20618
16229
14843
21897
16578
19684
16078
15823
27230
13236
19672
15329
16170
19626
14511
15065
14136
14097
15227
14182
14908
25769
14943
15614
19563
14900
15797
15597
16991
17522
18087
19983
15099
16600
14590
19434
17324
14846
15103
17456
21742
17457
16794
16905
15286
17980
18446
16577
27714
21820
16622
18795
18106
14324
17974
42548
15052
18446
15937
18243
14694
18741
18482
15735
24338
16495
20721
16374
25214
15525
35108
15769
18726
27966
18416
15428
16323
22408
31570
16531
17111
14250
14550
20821
17543
25445
19990
14336
14774
15259
22087
16659
14666
13446
13756
14357
17939
18034
14336
16480
14902
14707
17416
16753
26334
15508
15837
18977
23835
15621
14432
18623
15346
16650
20897
17622
19059
14702
14604
14486
19961
18745
14275
14346
14735
15258
16385
17494
16087
20756
13732
16388
24160
16973
16584
15450
14135
14648
18920
17458
18306
18335
14533
34013
16728
15032
16298
15005
28659
18809
18466
15987
15032
15380
19499
16796
18784
17505
14843
14368
18177
18462
14506
16063
18565
16448
17830
15564
14629
20174
18433
20272
15414
15315
15455
21484
15308
16393
19118
19101
17491
25930
26012
15659
19617
24416
15234
20668
15458
15853
15714
17155
17945
15807
16517
15867
14938
21106
28770
20279
14659
17696
17273
16498
14366
14705
19012
17106
15355
16544
15646
16121
15979
14511
23961
15153
14560
15847
23994
13757
15948
14830
14745
14792
17090
15851
16279
15443
20123
14774
14790
22472
14318
18654
14949
15111
16455
15704
45883
15611
18316
32153
13531
19674
21817
14520
16298
15421
17077
14718
23958
16254
16951
15191
19872
15774
14768
13606
19909
16293
15823
14782
15044
16565
16631
15568
27260
17832
16733
29037
16311
15428
21491
13447
23647
15190
15952
24800
14694
20715
23205
15543
20567
17514
17595
16569
15361
16509
15493
15744
14721
15204
14348
15242
16350
15389
15861
15548
13693
21173
18575
15003
14870
16445
14232
14240
15881
18207
13947
17502
25488
26751
39193
22610
18937
15583
15219
15103
23835
13915
26783
14567
16975
17871
14338
14233
15470
18128
20367
14905
14049
14710
18646
15828
16787
15500
17085
16139
15870
16227
16593
16577
22764
14781
20109
20041
17441
16360
21046
14846
15923
17478
18861
19010
16376
14071
15183
15027
25938
21798
14964
15984
15198
17579
14981
19942
19433
14642
16607
18250
14946
12447
17075
12318
12961
15467
14412
15011
21294
14217
30468
13765
15848
14873
22006
15194
15217
15993
16958
14498
17078
15361
17740
18260
14531
19942
15889
25436
16390
15859
15617
15055
18689
15935
23184
14434
14439
18401
17038
18352
21264
12109
14423
14769
20910
14246
16881
14134
17915
15676
15589
14071
18127
13797
18306
18372
15350
15806
21274
16197
14470
16039
15460
17392
14817
14341
27714
15087
16225
16404
16182
14854
25843
14208
20797
16219
18179
15701
17010
18288
20024
16429
15292
15556
19120
16527
17736
16309
15720
26069
15659
15465
15439
23610
18845
39934
17556
15201
14506
27027
16900
16252
19571
15940
13694
15333
18073
30833
20417
13975
17688
16084
19426
13201
14755
15269
14406
13650
19756
18860
23583
27866
15197
15255
15470
16628
15130
16529
16455
16129
15889
18242
13873
15812
16657
17915
19854
17933
15254
17736
18670
31625
19318
16109
24823
14986
22687
17517
29378
13997
14298
16186
14469
14433
26137
17183
19099
14803
17513
14506
15295
16521
14964
15312
25834
14651
15351
21243
16665
17851
15043
22044
16013
17179
20649
18013
21652
14002
14999
16879
18620
14380
15762
14911
20364
14057
20764
15951
17295
15702
16008
16456
15857
14524
14067
19732
16215
15369
17217
18403
17838
21649
15377
14931
16689
15465
16084
16058
16121
14714
12970
17015
15068
15460
18268
15203
19793
13415
13959
15650
17425
16677
17394
15333
16851
15524
18473
17599
16225
17239
18258
27498
17443
16344
16400
14089
17071
18570
16038
15347
18340
15404
18245
18435
20785
18194
15836
18757
17705
17950
15697
16186
15438
26336
16966
17305
24470
12827
19206
26449
18106
13591
14410
15462
25698
14133
14423
14127
16581
19395
15306
18391
17836
19097
14794
26653
18405
19542
15799
25508
23224
15622
15094
16135
15183
14449
19579
14565
18497
15746
18455
15949
31982
19524
15688
18898
15497
23037
14758
18163
14502
27934
17220
14845
14375
15145
15295
26194
15298
22077
14000
16312
15488
28666
26861
15471
15573
23373
18191
19366
17581
17622
16754
16874
13804
24620
16062
15488
29230
14918
14476
19451
17265
46084
13611
14943
16105
18047
17725
21717
24855
20852
27315
15184
15093
14564
23738
13165
24286
14284
21216
18395
15557
16864
14959
35410
14785
16867
15833
15316
32607
15047
15940
15521
15379
19108
15517
17626
15491
15470
16972
14462
18386
13498
31301
15788
17941
14994
19735
17315
15922
14950
17831
15608
17056
15401
17898
16048
19652
16977
17835
16369
17242
14879
17309
33486
15353
15745
15253
17054
17575
17048
18500
14108
16243
20259
17817
16425
16802
