20387
22380
24038
25781
39647
22123
15781
25935
18311
16607
20835
15038
19082
36401
17096
22889
34453
26896
21359
36340
25061
18336
31196
32085
16899
18459
38366
22521
23950
23660
19983
21217
22710
20189
21078
16955
26954
33036
20213
21558
20284
26703
30878
25714
17731
18449
18268
27743
28251
32934
43896
28337
21493
12901
21598
28959
23953
19586
24770
20695
19423
22384
10755
20521
16476
24352
12725
31537
17261
24699
19676
20079
19979
18403
26719
21196
13068
15130
23154
15459
19632
18148
18941
22228
20660
37868
44954
17557
19268
34291
20152
30509
20868
18879
27226
20307
18846
8603
26812
22752
33445
28601
18951
18825
15542
27032
63976
27593
22735
64099
28168
27592
17879
30769
60827
31484
48135
21027
24270
18790
23300
25182
27042
38459
10820
20420
26421
25635
13745
36964
19738
14782
23631
25817
17812
20886
37896
19533
23989
23200
27064
19270
28674
24305
15247
17398
16208
13846
15695
16520
20105
37732
19841
19749
16631
21953
24512
12554
39423
40640
16869
47526
59995
16888
31366
17432
15396
30780
31898
28835
20816
13870
39606
26508
41707
30392
33118
39437
21064
19082
27892
47900
19666
26360
22168
23742
24556
28232
33385
29575
25537
20454
21530
23421
21228
18812
19394
19868
11763
20258
23729
27661
14653
29714
12425
28024
37622
30115
33201
27106
35341
15127
20163
18732
13509
25472
19006
15477
18589
18818
11182
19236
40200
22642
30565
31206
21102
18676
17127
17639
27660
36455
18973
26276
31839
14253
28485
16893
17460
16308
20588
24373
37059
22751
51707
47989
25508
15308
18231
10174
20804
20176
20234
24094
17707
18840
20782
13787
26332
23342
18677
20416
18468
21286
10754
25434
20943
36732
29644
19635
27831
29510
21145
24491
33093
15660
14815
21253
24321
12737
20193
23079
24766
19526
17534
20337
18376
40459
32186
11362
36769
27249
24066
27822
13615
20930
18781
16985
27027
36028
7297
12456
23308
20891
44435
10311
23285
40245
14956
21167
21324
14427
22743
36369
23952
32351
30158
29657
22214
20105
21019
20166
21040
38430
21485
18902
16993
13004
21403
20536
20894
10059
32338
26967
57086
12879
16503
25292
31942
38381
26784
20726
34062
19758
39938
40089
18429
32872
17395
26460
30337
29309
19961
30733
28178
24940
25075
19182
16809
22701
25673
26053
16375
32672
26603
27753
23951
20751
28572
25201
17566
21223
22774
31910
24289
40423
52240
17225
18835
22315
16747
22938
23849
22084
24449
20100
45272
26111
20119
37106
22417
22974
27104
21296
35195
18562
23773
14801
33873
18691
19040
26962
22958
22316
18412
23393
25828
25170
18589
16778
21110
21760
16947
20064
17624
24509
29417
18046
29151
18145
20698
11547
21005
19104
23088
31475
50241
63307
31758
18107
13633
16409
21591
33446
24321
30719
29914
53221
18783
25098
14615
40324
37219
31491
43152
18780
41906
35192
23001
32563
31173
24085
29782
27586
18847
23703
22473
30677
29162
34124
17842
20365
27465
22365
33051
27192
30820
32071
26517
27153
20701
14141
19622
22498
18674
25221
31961
29270
15784
32401
19226
21257
29621
21676
14019
18863
24390
16118
34752
25736
11504
40621
52510
37888
20860
17896
38484
15980
47964
65574
28992
17263
21049
25009
37088
28181
32525
26808
17532
23536
19847
20913
15373
26421
26040
25747
33363
29126
21057
29959
24508
22105
22552
19288
20685
15617
21264
16903
20686
25323
20540
21472
26263
66449
25666
23847
27913
29609
27276
24359
29860
5719
17038
26701
34308
48128
29403
32982
28256
18800
33764
22576
10199
5685
29547
31311
23546
29313
32634
32385
23176
16779
13563
36062
21666
25224
20370
15666
26983
23924
16964
22337
28020
18434
23097
18151
20851
19691
21949
17086
29496
26682
55240
61711
12699
21661
30510
17020
19347
25407
23230
23204
19274
49706
13583
35240
25950
26352
23801
31910
15482
23786
29329
26578
45885
56033
23173
13821
22252
27764
36247
39586
17208
15388
27046
20264
24648
19020
21892
16997
19313
13280
21461
13954
27222
23346
39586
21633
24283
16967
20939
20529
33316
23031
23583
35961
55110
30301
19539
21081
24812
41276
47567
15130
19147
23303
13250
29616
21116
17431
26779
26373
27218
62257
37812
20569
19413
22696
31552
18547
25228
12497
14593
24711
20111
26183
25476
15260
24685
33914
19233
11381
13612
17406
22259
18256
25846
17301
31408
20506
16021
27057
14706
31589
24535
19314
29932
28203
25251
17101
19827
16178
24447
18325
24108
24344
25554
24636
13341
32991
21155
27288
12691
17924
18016
25023
23162
17990
17795
15124
24656
21185
24795
19534
44973
41839
33306
45558
26720
22149
45347
16632
35782
22013
38257
29145
18065
20686
37272
23115
43995
42297
18766
35678
29629
22771
57676
25770
34633
21859
28671
20147
26803
39560
26933
24589
22908
15876
35508
41485
22229
21854
17481
17687
25581
24470
29445
21016
35348
21145
28513
23689
19516
24191
25540
28455
18011
26128
19990
34925
19869
27478
21357
17086
18390
29194
32372
25756
21181
34684
23222
26681
20201
32840
25072
34897
27402
25407
23377
14857
13789
41589
21472
25734
21437
17073
34242
17071
20300
17942
18606
25997
44301
18445
26993
7276
19121
22339
22318
31993
19525
26284
19365
28598
16150
29840
24332
19448
15053
24021
17474
19610
27814
15817
29843
27821
32900
13750
21529
22228
17673
11370
32165
21571
20454
24336
38593
54364
29883
15853
29005
21565
21846
21859
26303
16002
18667
18241
15940
35121
24663
19730
22457
26269
20340
14649
33078
18625
27666
30118
21600
24262
42309
23504
22489
38096
34893
50314
52438
27679
16338
45852
32269
16070
19451
21757
15346
25471
31885
12815
21907
15269
21795
32732
28366
28334
16823
19276
38057
19015
22704
20203
27404
28566
41273
11364
12620
20958
26728
19981
24203
21040
24518
12551
16950
24283
25104
23146
25479
20105
23186
26884
26833
39653
18496
28248
15095
24208
20000
26970
22228
16593
25195
28236
33670
19398
24614
21804
25638
22335
15526
25468
22621
18652
31436
23305
17378
21498
26179
23719
19541
20821
21976
27902
23525
23425
14856
19219
22335
23944
21756
26321
23908
21444
24001
21948
30153
21676
19925
20939
26058
30185
25191
43258
16586
27182
13348
19589
17533
27918
25947
30109
20289
18334
22156
12090
18422
23540
20315
29884
19641
16353
12793
18011
35816
46077
48007
18821
19631
24888
38360
19140
30955
23646
33092
24435
32389
32542
16170
25285
19393
27207
15419
20129
14399
18571
36479
31549
32605
10352
17921
15368
32018
28285
28667
30590
22817
15871
15510
18234
45300
36496
17781
28617
36435
28917
22836
21105
25107
18813
40431
22868
23997
22677
29357
5456
17232
32310
51380
32806
10918
25027
23382
23789
26281
19157
24259
19443
16672
30896
17343
30019
23750
18273
34220
23132
20805
18816
13224
19034
14201
19789
19417
20360
19255
20406
20168
21677
14878
27913
21343
18719
20312
15272
23192
27328
24018
18258
21370
22672
23343
31712
13921
26576
24499
21810
43095
25928
27928
20265
22721
19202
24569
39904
16317
32678
35402
17199
17891
26352
16362
22469
16933
10391
26469
36873
14984
20523
24928
22559
22854
16817
30431
30894
44079
16987
24293
23975
18580
27975
17797
29348
15274
29643
24258
22092
31292
40578
33234
46312
49279
29244
11994
20792
20034
21191
20680
34892
31994
25718
20742
19874
18370
30448
29239
33142
16121
24825
23956
62781
80455
14998
28887
19063
13143
14261
42173
24826
15182
20440
33621
14311
30342
25565
37072
19180
19432
13791
26653
35220
22271
19472
32113
20089
16931
17861
35328
22260
20310
19584
22774
35970
33586
7274
14765
40320
22189
29023
25179
29105
20408
17740
25003
16770
19349
21719
23947
20210
24989
28523
29106
17341
26972
27649
29805
19807
20526
28396
20948
16463
20416
22035
28083
23999
34493
21405
26787
21737
13720
27893
26428
40919
21875
21702
22772
24236
16393
28216
38402
28219
23204
20551
26361
13373
23008
24118
17525
23163
28330
24193
34680
22675
52725
22114
22524
21770
13708
25295
22308
22597
26098
21664
18271
22436
12135
20393
26020
14472
29720
16690
18668
32729
18597
30690
33273
27623
22060
25929
26575
17680
34327
27721
18003
16874
20035
21632
31527
31543
47406
17836
27008
26921
16382
22601
61578
21335
16755
19037
18309
23306
39388
26125
18946
32417
31600
42983
30058
49528
24666
21503
25286
24361
27570
16318
24094
23869
23421
13501
20846
23769
29692
20091
17573
31264
21459
13270
25897
27197
27359
37323
18783
42819
12096
30044
15042
23723
23019
21133
24440
18623
16214
23261
21370
32016
11921
20710
36326
35830
16440
46678
31932
18504
8309
25084
19512
25003
25039
19726
16619
26064
33518
18667
25177
26045
28312
45310
39923
45354
29906
26754
21565
29263
12534
17330
22641
18996
24901
21755
25952
35163
21189
22143
14706
27686
26083
28011
31907
39659
30894
16155
27165
24860
37057
27057
21371
29017
14322
22461
27252
21071
13324
25456
20227
18182
14856
22142
25180
18818
19607
28197
33898
39492
24908
23612
19613
24815
24643
24941
41954
26117
24528
12561
23777
21728
20934
30165
18227
11555
20601
23967
32156
53086
34310
27836
26096
25945
21966
24529
12895
24664
31903
15055
33588
44098
14605
14755
34200
43970
14709
24813
29573
44300
46215
32129
21699
16636
26603
25092
19576
28471
21592
24797
22697
19061
17715
32878
23947
23069
38342
34560
24546
36508
21497
13589
26359
29193
24661
19199
26015
24880
19603
26179
22689
12313
29316
11793
36350
21670
24192
13467
26933
14919
22403
53101
32729
14595
23092
28172
44579
27762
13106
27411
17242
29647
22492
17645
22217
27881
27535
20202
32756
21594
39272
12184
20912
18773
23013
24698
20995
25042
20967
23550
22453
19635
20351
34548
11792
31613
18138
37571
16386
18523
28182
20415
27512
25580
20021
13040
20813
44112
16489
17573
23460
33881
46839
17928
25794
19569
27900
22860
35447
28842
28157
19848
24415
19006
19429
16217
23935
44832
11288
25065
17266
20009
22060
22234
20700
17400
27132
17701
17441
19497
23375
13436
37096
28308
28543
18092
22762
54965
23643
20764
16614
21357
20612
15146
26167
24032
40660
45121
18403
20591
47157
19740
22769
16527
20470
17525
20188
31402
16685
24490
32523
16226
20657
26971
37092
22595
19676
13651
26249
15895
23127
24738
24660
27907
16372
25386
19183
21689
30236
21390
13811
24316
19490
21675
16954
24804
28461
21307
20962
37446
17640
14123
16982
44036
22171
17855
25046
33794
22450
24977
36272
13853
23635
24918
35091
22251
21700
21159
32520
19945
22465
52808
36593
38566
21120
14664
27457
38767
19651
34709
38780
14628
30815
40658
41498
31843
25155
16013
30476
21972
34369
14876
27090
20816
22726
28805
23323
15160
21957
22301
21468
17776
20177
22453
15553
21738
21059
24395
17598
21703
24091
15112
24502
27276
12938
31472
34253
21823
28966
23595
14433
18223
25606
23370
19705
30405
20132
22260
21205
32755
23153
33180
31372
30285
27211
38993
18233
25850
24050
11211
17641
19842
16314
18165
23958
12954
15720
35044
26356
12865
22366
10519
38839
21114
30872
14441
18217
22148
18064
24601
15983
26430
18940
23434
22038
14843
19864
24630
22815
40491
21823
20406
17727
20045
19896
17834
30642
33297
13217
13703
14002
23552
29883
19870
35644
23688
17705
15566
14647
28115
20619
32249
21983
11706
11293
19645
24953
23143
13744
18880
36344
35033
31669
42848
31732
23753
39719
24067
25059
24056
15232
21314
27704
26514
19584
27052
22011
31539
18939
26219
24926
27802
13820
24524
31087
19946
19590
33962
30211
44204
21805
17134
19540
15872
35512
28879
45523
41677
21509
11284
20548
19890
23796
16598
18814
21816
23355
20238
26574
16657
35537
54257
15080
33942
11210
25570
28778
21116
26753
17120
13175
29818
28416
26477
17440
24265
33962
18203
19684
17883
19036
24508
22220
24520
19007
11785
14489
29493
15824
27422
20849
23633
20974
20406
12754
16471
21121
28390
21984
29662
44050
10704
20718
22476
18186
25877
14003
17535
24787
26799
28617
24180
23404
32204
35925
54059
21296
26109
26541
44452
29101
33013
19631
29923
23673
21032
23132
24314
14347
32257
26994
25292
25815
42257
32277
32936
21527
15738
22776
21070
52351
15701
14489
24705
33645
23687
24516
12681
26835
20151
19275
5973
21730
24596
23877
18733
12478
31781
21121
27479
30548
28141
16603
24564
24706
22616
20871
31423
21424
13787
25279
19298
12708
21030
25388
21551
24762
29200
32039
22103
28437
21753
23281
36763
10718
41177
28496
22889
25708
14743
23685
31163
27226
23061
24280
19279
22293
26403
20937
15619
14930
21642
33554
21042
30528
29597
20534
20045
27949
22941
15707
30042
20588
31712
22564
27859
23055
30496
20819
21908
19976
21193
22276
29208
23236
23856
21099
31920
37911
32847
14817
22165
27454
30229
17075
24865
27448
15399
14453
20170
20764
24450
28457
20323
28468
26143
19345
17789
27055
16278
26515
23142
31614
18342
22875
42369
13862
24724
33688
33538
25058
23162
27663
35965
24459
46363
10670
18610
25237
32114
25535
36900
38479
18241
19640
18011
17217
27301
47095
19285
28396
18271
15248
19953
23081
29663
17017
12956
24473
42928
15904
28481
31771
18607
21391
22563
21510
19937
18303
29669
27524
18120
29721
19469
26439
20854
20164
15249
23933
16852
22612
13691
34104
17681
14528
21407
26776
25655
22542
24275
19514
26049
37371
19069
20190
15826
37552
38717
18650
34754
21142
29627
18618
26329
17974
21028
16519
23418
23153
26931
22308
19563
33265
27590
15399
26629
25853
14102
21871
34157
17343
20847
19264
29843
18193
16509
19873
60221
18679
22963
23342
34640
20517
16086
34482
28265
24676
20302
28835
23193
23677
22631
17838
18821
36317
31901
29711
20068
22425
15920
20161
62689
14192
27785
19330
33684
25714
35352
38321
47379
17910
22002
25238
16266
21170
13916
21236
27503
24059
22253
37659
35819
40627
47123
19561
17459
15756
14892
23904
28479
21328
19952
22278
27494
20941
20625
37497
21234
18161
32132
30229
21407
33345
15220
28735
23228
27290
69365
17706
21545
21138
28922
14987
48359
41779
21844
17656
31761
21902
30498
24862
28643
22077
27920
18101
19279
30839
21080
16602
21282
24312
20186
17752
17126
23295
23233
17762
27675
50376
49519
22831
18886
29523
40796
30299
18701
24476
28311
23436
27961
19063
15604
19885
27282
29121
23918
40145
13509
19396
24972
16895
19453
42940
15064
22942
22413
48185
25936
64543
41512
21195
45984
16667
21956
26375
25480
17697
17906
35433
15585
30256
19511
24836
12081
23549
31915
21753
29737
59571
47961
19779
25113
25742
23721
17359
25039
16712
49418
20471
15801
32667
16975
22129
17751
33086
16691
20948
19339
38163
44993
23029
27427
21919
13534
28178
21172
19536
21273
20754
18212
28031
28281
27341
23572
38455
25100
29506
14077
19284
25973
18999
19284
18623
32618
29900
15708
18810
33868
19952
26252
18132
35906
10966
23986
39752
22924
26337
24389
15503
29437
16762
24641
18627
20572
23920
30615
33458
27397
16263
26626
20829
19308
35165
46088
26803
42054
27371
26400
22125
18888
33991
26358
29709
74619
32067
48638
16758
24999
35917
17091
15396
21088
46351
25355
21894
21876
34627
30044
19924
32426
19927
25738
15808
14709
15123
24391
23872
16367
21787
11560
20619
25826
53617
27784
34072
21332
14097
27152
14337
14114
17388
15397
18837
34963
22766
28332
37174
35874
27657
32530
29831
29272
22384
20748
23747
38013
26299
19475
16766
22991
12566
33285
20906
32770
21926
28037
12084
19263
27024
27763
32896
51524
14440
23069
17739
23245
19035
21924
21019
26408
22602
18466
26304
13951
18489
32628
23465
26383
26405
20342
35509
23562
25232
47570
61182
26219
17117
26214
24853
19867
28054
25575
51789
15814
21002
26500
36608
22438
49673
24893
24410
33741
17404
43970
21571
25448
29277
20949
20788
24497
12974
55979
12786
22903
21941
26442
16153
17640
18550
19081
21087
14100
19614
36012
22053
44921
21638
21346
30645
44775
40933
26643
15214
28621
19292
28755
20813
16147
26301
39632
17888
24117
19707
23827
24901
32145
18981
18352
17692
25105
22051
19352
23135
20786
23876
30480
22401
11092
19326
34567
20473
20125
14033
19011
22667
18711
34580
33718
47517
26608
22383
20928
19227
16629
38496
40694
23985
17471
25493
52086
24983
19978
20255
21415
18035
20239
12867
17029
39667
30423
17616
32933
23962
36307
18993
30818
22338
20693
24926
15255
31686
22626
20165
23113
21525
25937
20146
29813
57850
19261
17362
27572
29524
24115
27150
22631
19369
44989
19319
31731
32633
16528
24397
33971
46966
19485
15854
19722
11823
17137
22872
17597
44268
20925
21204
24205
21747
37355
17628
20465
32183
30151
18345
16786
17194
37079
16986
18230
29138
18340
25605
18767
20424
13631
17805
21111
16061
22819
28802
23313
38472
45110
20714
37404
12991
18891
23323
22460
20512
29425
24295
31934
21446
16034
22170
24166
22637
25015
39049
33220
20027
16055
21658
19031
19537
26462
25127
19204
20744
24262
27727
21591
28604
16781
10794
25589
19478
35946
29488
13970
25616
32939
22079
15707
18600
57023
26545
59493
23286
22446
27893
39140
22681
21099
22957
24400
27969
25166
15050
40906
19758
22562
26562
17823
23487
37423
48010
18752
24742
20916
24685
28711
19631
25384
24258
23160
29546
19432
21065
16195
26343
30120
25493
17393
17329
18688
21992
24285
21050
24613
17180
24298
24637
17881
24456
24031
31637
36171
31137
26004
26551
13889
24360
16531
22975
26866
29891
34867
33229
20667
19518
23018
22680
24058
30978
18794
19551
19867
17282
20405
31112
21462
42057
23375
22085
23869
19375
17037
22023
22609
14097
12692
28900
17162
31377
28891
21242
24645
16012
37625
11056
16436
21469
33370
14496
6185
24620
19908
22386
34292
25048
19386
26138
31740
19612
21476
17326
34471
23929
15319
32294
18565
22336
19227
18885
22205
29737
32815
19558
30397
14425
22165
25377
23765
27021
31187
22432
27776
19651
22982
16081
20617
22297
39430
42057
17085
21169
18505
31298
23881
18058
21067
16752
19782
15571
23175
28764
29407
25557
29214
31119
35830
27200
27973
23012
23697
27304
27979
30626
24135
24639
19597
32474
28884
38275
34136
39611
19916
18641
19694
12966
29065
45883
15894
16912
27502
22336
36600
18716
25771
21158
18547
25048
39539
15728
15912
21919
19316
42917
14565
17811
29361
30091
18847
18211
25899
36935
61370
43758
18737
13515
11953
17376
15159
25164
28248
38075
13850
18377
21904
18542
30340
24739
22294
20828
25212
21835
23622
20951
19939
19245
22192
25493
17540
22135
42591
19697
21112
22184
36263
22221
26196
28064
23838
27901
20376
29193
16609
22833
31708
14588
22392
22245
18668
28389
17284
34385
53137
39428
17371
18589
17906
23055
29551
23558
20189
18252
17836
23880
16915
18309
24586
17435
17466
14590
30746
22144
33416
13222
28046
19492
36970
26238
38640
23821
36597
19256
18723
32872
38759
23324
18170
18186
37624
18969
28982
24465
17674
34603
14562
24475
20263
32231
18673
42132
19049
20485
40717
33502
15614
24465
23421
13428
27651
22107
30947
17380
17119
14743
24171
17132
9553
17652
9911
21163
37624
25755
48424
19198
20720
18507
22072
22329
30451
17648
16852
29800
19660
29979
21467
16889
20006
23206
39104
25535
19705
16747
24707
26114
40491
22794
26536
16362
29787
36751
20913
16695
21488
20725
27837
36464
46440
24255
22574
39037
17883
32493
20974
38596
21557
20760
21894
19771
49915
21622
20689
22527
13989
27740
21498
23680
13958
32004
33832
18100
26982
14911
14008
23286
18577
19752
22462
15977
29118
19339
11366
21683
36283
22699
30320
49508
23097
11146
18990
14964
20451
21190
27571
13858
22544
16544
19564
42684
21942
25708
25223
22065
22069
28352
19958
31575
55641
30058
22576
11147
29686
23195
26384
24895
30445
23059
26378
20247
13290
55761
75784
14350
39432
23922
36562
35574
26585
30218
27184
37209
20434
27122
28890
23456
26113
26724
27289
10393
23777
13413
29081
42989
15856
22075
23764
22957
39892
16908
24107
17516
35108
18202
32213
23832
51280
21976
24758
38322
26609
33719
18909
18569
25956
25385
17923
45595
47814
42742
19766
16434
22301
26269
15820
32320
7499
17810
29281
16072
34363
47474
32297
24624
19146
31235
44630
33593
21610
37325
30803
12840
25625
25916
13977
25056
17204
24449
20569
22821
13795
21011
17935
52129
23976
30846
18546
17325
20002
24226
46311
43932
21597
17019
10944
20445
25180
35923
26035
20498
24409
16282
20603
15309
21245
17053
27776
27692
20982
37738
11289
29724
25000
25870
32987
19058
13360
26945
24559
19115
6487
15618
25475
44935
61048
24884
22080
20962
32902
25378
36186
30067
36303
20979
32066
38889
25186
17517
24233
25375
27793
39918
23334
25973
20501
40804
55816
26243
29745
30061
16372
19629
26520
17245
26827
21185
20393
32488
24257
20544
17704
20241
17161
27115
23608
25466
27397
22011
31222
29582
12814
18806
15397
16079
22325
21052
30520
45305
17985
18650
20275
14022
20267
23562
24781
21288
30468
20678
21669
28718
27503
34720
23624
17663
21699
5440
41842
19094
18964
29107
26625
34077
27941
18466
22112
21304
35029
24362
28054
31708
20076
17518
27846
26315
23655
37291
23611
24598
20778
7727
23174
13569
25631
22391
17825
25996
28756
29302
23360
26198
23094
23188
45958
24366
16132
33634
22092
31278
22711
11690
12456
23420
14572
14224
17378
22644
23259
10945
13671
18790
30766
28792
30346
27845
20203
20307
19654
14084
31746
15594
29368
17540
23307
30103
19432
21692
21798
25540
13522
24959
18509
23920
28052
25443
22532
20693
34966
16837
16318
35419
22912
20656
14196
21644
31918
33140
20397
29858
19938
19709
35573
21741
23553
21766
21494
40847
25002
24630
28688
18721
23682
21438
21704
23253
13558
22424
19396
22726
22421
15339
41690
57558
33630
15838
24624
33729
34037
19295
21283
19865
12987
20499
25147
19141
22645
18429
12833
21225
21020
22308
23121
23288
20733
17571
22674
49192
38939
14084
18859
24306
17256
22721
22692
20201
18244
18174
15598
20304
12106
28794
24895
16697
18855
19286
26556
32575
19933
37574
35131
29803
25782
27682
22738
20505
14860
19914
19032
12267
18469
21028
29829
23124
46482
18250
27468
29625
28740
38610
23142
38039
21849
16044
8825
15488
20161
19849
25793
23197
26410
15831
21500
22183
25792
28710
20313
19151
27824
25636
16470
31120
21657
23889
20587
30405
20825
17377
15983
23644
36219
21353
20166
21310
21578
22182
26324
19469
22737
21236
15593
19889
22413
30745
19361
23950
47100
18040
18409
23273
19442
32928
16609
10979
14048
16848
24829
13035
15924
25251
22994
24196
24391
18017
14722
40627
30538
14017
14437
26499
21285
18927
11570
10809
14152
29169
19987
20069
31994
17249
21935
19126
26236
19334
21889
19417
14548
26537
15970
20261
18663
18927
25981
22983
26438
17732
17216
24091
36584
29688
21028
26542
19888
17467
21489
36497
19321
14854
15930
22579
17518
24247
23402
24049
25740
20986
24685
20425
52123
16563
21205
26033
11594
24095
20752
19195
20636
13420
19448
11371
17913
18875
22537
24681
6859
12843
25228
34985
27580
62990
33770
20505
25057
25847
17368
26932
24764
21078
24945
23526
38342
21959
33962
23906
16965
21802
21073
24095
38030
20734
18792
27850
17784
35250
21130
22599
21976
21005
24161
26266
14055
20197
14422
26724
17737
16381
20091
21473
21168
25351
18187
27782
41455
28484
18386
20582
15822
21146
25849
25836
26504
30174
29414
16177
29315
24369
19038
15556
21943
23403
21574
33447
22995
22715
13281
31368
26552
30476
15845
20977
17022
28897
35112
19107
14873
28232
22260
19948
19085
17264
31367
29947
36381
36996
17692
36509
32867
22471
17899
16457
24327
45769
20480
11894
26621
20474
13342
19383
23909
19437
16050
34150
16870
22227
33061
32365
17528
25832
37974
20191
26615
16917
23984
15333
20548
22842
23280
35798
21893
24893
31228
22306
16006
33924
28400
56203
29256
21169
28827
18222
24390
22366
22742
32642
18522
16708
15594
14824
18278
16957
28063
17449
21907
24581
20605
19670
21063
22404
18724
33282
23722
25941
24346
19423
28511
17972
22417
16499
20605
22980
18077
20822
25117
16344
18966
20095
24112
20174
24055
17319
17767
18419
36995
24223
20064
19418
23401
24295
36779
12103
19658
23773
20540
23082
38101
21486
17632
26367
17925
16522
22060
18755
24197
28333
23279
29171
24122
31197
30268
16305
28702
15695
20045
18885
25264
32085
41232
20999
36192
18572
23068
19211
11451
20338
14668
28389
26592
20558
30437
31593
22483
41118
22614
15801
23960
26630
23147
20020
15022
26875
19434
16669
25981
28398
18620
21981
24096
30025
24722
26611
30341
15334
17098
29153
13492
20110
21441
24613
23829
28266
43419
16573
22979
14956
20369
20106
25552
26874
18448
52049
17050
34762
20981
17351
37218
18224
20382
18072
25882
18648
21456
22366
21131
26303
20216
11878
28679
27880
34533
25758
17916
15090
25529
13933
25555
18284
16498
25463
21094
21858
19215
15468
22671
27445
41649
45479
23001
32103
22810
22332
15845
22150
33483
22255
15446
39598
29283
20294
16853
23897
25680
25148
30339
29375
12624
23872
24695
25741
26006
15240
17098
18239
18825
26612
29705
18227
17907
15669
17090
24478
21296
20798
23861
20980
19867
18151
21011
32024
16718
30545
19951
26384
32116
30569
39082
22770
26553
21069
21901
41614
18308
15807
14670
18831
17930
27913
17277
17626
26520
15950
23818
18726
21218
22943
23601
13220
19808
25217
14839
14170
10493
19706
19696
19543
18952
22136
38638
16498
25110
22581
17951
49592
19251
24294
17069
21316
18634
29873
21089
24021
23081
29058
23213
19993
6842
24875
20657
17305
18170
25815
20174
16712
20730
21669
19968
21307
32121
28141
32360
37889
49450
23479
22767
21550
27182
16605
22975
33228
51025
14918
30905
18362
31245
33656
15761
19114
35549
13136
38050
34857
20684
32147
28099
18179
18845
32364
36142
52455
25996
22302
27744
44406
31070
44785
65880
17101
19703
23283
16693
25311
17820
30070
11764
20462
21091
18256
14296
21442
18439
19841
19743
13705
26674
21594
17194
13319
30334
23943
23973
17727
13386
36779
21577
22121
19211
24792
17603
30853
27314
25563
14527
20129
25114
14627
19999
13029
24562
23361
19206
23302
18926
26166
16741
12743
21404
14923
33054
16908
32352
22746
12517
24766
20804
20141
20261
29993
17099
22030
18864
18368
25029
20316
22151
20802
22893
11297
14611
28819
23501
17366
17130
9565
22238
25070
30341
13292
16166
23304
20181
19444
19575
22473
16421
17326
45537
58273
16235
20938
37389
20938
43702
26181
14950
26531
19843
24397
15258
21482
23208
37883
61995
19052
46675
21942
24684
16335
19976
26813
20533
31188
26068
21911
30940
36730
24248
28435
22305
27868
24708
33762
30071
21448
33622
33822
18121
29633
21896
21982
70244
30300
25697
23300
13245
13533
26363
18021
19359
21447
18554
21409
31701
21820
26282
50974
24017
41704
21332
17684
16877
19732
22988
24969
24713
18999
30946
45467
30196
22597
23747
19568
15561
19738
18938
29092
27606
25524
21430
29833
16025
22759
25722
43233
23115
18431
20776
15599
35030
28010
20386
22989
15152
19703
24173
16850
19187
16978
19614
34072
18856
51477
23567
22346
25872
24160
15680
14967
29856
29602
34791
19006
25041
22106
29157
20847
20691
22434
20454
22825
26358
38916
44813
14354
29035
18036
18910
24364
24116
17701
16701
21510
15134
12845
21294
34117
13963
24722
36220
19803
22819
15737
32857
33610
42873
28193
55901
48763
22686
19685
26282
28298
17448
23267
32428
35998
42287
43865
23498
43416
23410
20793
18538
20107
28046
20153
24384
30140
17377
21415
19594
29301
31663
27021
22938
26021
24712
25476
9142
17023
14004
16247
21062
34877
20510
20268
23352
29186
22526
25621
22397
24714
27002
30352
17636
24794
16457
31025
13204
15272
26383
17904
6388
21823
59398
18473
33122
18081
21224
12060
19860
21103
20899
14883
23272
25614
30513
19186
15153
15558
18262
25703
23657
21543
18088
15103
28177
38215
23573
38534
34717
26485
13590
29162
12325
17844
22876
19942
23823
21998
29970
25636
15859
12488
15401
17149
24351
25529
24486
32488
19501
23871
23799
22931
32898
22237
21436
27453
15712
25516
13720
22937
31599
30966
24328
20618
22181
27287
23975
30724
23912
19324
26634
14885
18951
18109
31350
23595
29996
32452
30189
9253
20871
30010
16613
21280
27482
18944
15457
18435
46835
26357
28224
14765
28966
20098
22993
17303
42275
32363
14684
23863
14511
10636
26531
15843
21486
29559
22254
25514
16876
26683
23074
18388
12779
16752
30688
42697
25667
13394
23808
19079
19348
20447
14599
15092
28404
18431
21351
27170
23274
20871
34393
17147
18967
30827
25454
34873
15772
34360
18281
34703
18563
28117
22036
25518
24741
15090
11282
22263
17356
18246
22515
12937
24021
14498
22599
19610
17618
20626
24358
20616
21172
19777
18749
19238
21347
21008
19741
18584
16843
18363
26080
30245
26732
28226
14151
22181
34886
35303
23280
10582
38170
24862
27736
18463
17041
15414
20258
23613
25957
20570
12796
18823
24879
19625
23927
24386
25737
14675
31276
23182
32406
49511
14642
23143
32268
18700
22093
39520
17774
35295
30681
23612
25379
39068
14377
19595
21200
22034
39944
19889
16518
29335
22883
11743
28538
32029
22698
15407
26301
18256
36296
10072
18026
19115
26962
15404
19275
28707
19766
23031
29087
19507
16889
19893
18923
28808
23551
35710
25230
22670
23171
28089
17434
22064
46979
32310
48821
44433
21540
23274
11028
23636
23972
28807
14918
27312
29906
34384
20671
20014
16463
18978
42632
24601
15471
20758
17815
23712
14260
19909
16992
24117
54352
34560
22559
21709
34353
17069
33361
19955
21718
22852
20395
14987
12926
23332
23265
22099
17014
21522
18165
43500
45663
16216
20540
20175
18881
12707
21933
30467
17452
25588
17561
22969
15224
30991
11589
17732
12627
21468
19632
19551
30614
40954
21375
43187
28985
24691
22373
30180
19563
17461
22376
22433
18908
25875
10027
24577
40175
24414
16005
30400
22988
20914
33372
15936
23900
13317
16734
15611
26522
27814
40765
10206
19043
24032
21094
13896
5297
16647
27444
36723
20157
19007
14998
24498
22122
24493
15370
29423
26382
10774
21494
28115
25948
20794
33034
22070
16395
20541
31405
18034
20672
20801
16258
22016
20177
20543
14303
18238
15223
29798
38381
14012
18655
33186
30029
28605
22467
22425
43976
18055
31325
32447
27818
37228
20562
18636
21389
19845
23649
21070
20299
22052
18863
30231
47789
21159
16721
14508
21505
14396
16763
19048
28058
21825
17400
26531
18138
16912
20613
19225
17012
21625
19224
32723
18931
17883
22764
24435
24148
32104
20990
22770
20108
38874
34582
19235
25201
13245
15404
15757
14327
30052
32409
17932
24723
45941
22023
24146
16746
29120
29882
28907
23674
11328
23356
19188
16106
19759
27072
15509
18247
25418
35094
39572
24928
28097
14627
43438
30161
21655
29512
20713
19640
43436
32750
21967
12911
26740
18023
23080
26196
18397
21740
29076
27507
22208
24330
17332
19237
14179
28417
21937
20378
21579
31093
19905
17843
26692
20338
18698
27662
30186
13502
19788
24098
24115
17479
23883
19570
20957
21501
17991
12848
20306
20092
30497
42189
16022
12843
25178
16518
19821
21387
18734
32889
41677
28079
26230
30142
33833
45387
29757
38363
13186
30425
30440
48007
49950
47183
19774
22057
21503
36571
16352
28081
21256
24184
18760
11378
23053
40028
26525
32023
27225
27776
23288
13244
20513
42558
18645
23486
24333
29318
20925
17874
20505
26755
37355
16465
24361
15008
24656
16848
17298
27257
30416
37479
38339
21395
25187
21358
43246
22113
16822
18398
31101
24700
10577
45875
22981
37020
25960
24111
17584
15002
23227
25212
19700
36856
37491
14555
18385
17464
14330
15301
28627
21363
26704
22192
23555
32505
18448
16725
22429
28211
24422
17621
22507
21511
29929
22358
25954
34328
24436
17674
21793
22961
31357
19114
28198
12945
29668
27072
19624
18534
31286
19850
21510
22555
23568
29063
17778
23853
22623
18776
17741
19165
31054
20554
19275
22413
24134
24639
24447
16405
18536
19984
22716
25742
27036
20260
15339
21089
13785
15159
22445
16342
30429
41258
34780
15513
17190
19640
19765
17167
20377
22335
20755
38259
54276
41322
26530
19516
33315
19977
18194
25014
15662
18759
33994
20890
23051
22017
30991
27422
29297
32017
17307
33468
19646
17266
22429
14081
22000
35711
40100
18655
32829
28684
32998
14509
14782
18745
37578
18924
29841
23626
31129
36581
20674
47642
26635
20482
15935
19154
19791
36379
21136
30099
19969
29478
30807
22633
28497
17067
26778
32344
18911
36445
23418
37866
22638
33112
21134
18991
24099
38514
21156
26308
19760
17073
49903
29287
17177
14679
21232
18832
29821
23424
11907
20170
16434
20735
31847
31053
23795
21876
17401
23606
13443
15765
20297
17140
24953
11688
19480
25384
18807
17486
28229
25254
17587
16421
25051
29531
32717
27795
11256
11240
17614
17513
34513
29774
24459
16011
18227
19636
21094
19148
18557
17264
24148
21553
36569
25804
19978
23147
21293
18539
38134
15243
14853
13623
26880
22823
26924
33066
44445
28282
23523
37226
16166
23386
22170
23651
9565
27655
23477
27273
34458
39859
28208
18925
20425
23331
30686
16224
24661
19412
16847
21798
13778
19932
23369
30319
17989
14963
27624
29777
26257
25410
29765
13310
16693
23861
14931
32898
27217
18129
21001
20373
19506
17183
17329
14563
20441
21206
27822
15953
24002
16447
19080
15670
24915
27904
20869
21040
16737
18813
16015
16540
21291
24640
22113
12141
18775
21127
21745
32205
27417
43952
21178
22292
38890
12815
15538
18106
19858
21718
13271
18458
19063
22973
16562
25388
23965
14773
21940
22136
14740
21599
23897
18875
17415
24365
18958
26361
38704
12838
28229
17326
22087
11512
11928
19034
18339
18605
9646
19925
21966
37009
53359
17985
24618
27239
19651
26021
25250
22437
21761
39080
25547
16573
14608
9916
17276
24980
28642
10715
33923
16283
33796
21772
17931
13905
29376
24333
22803
13467
34890
27255
63153
40982
63575
14066
52902
22345
32061
23030
12078
33036
43343
50660
55112
67868
35119
45437
28504
26858
14958
19524
21461
38112
26659
27398
21489
32745
16589
16629
14081
22763
21777
34963
24467
19572
24394
26766
18487
21126
21123
22138
26030
20308
13356
16486
25042
13707
13930
29261
25433
18604
22849
27921
21752
24769
21593
55054
26521
39037
21182
23437
30139
15043
17622
19120
16993
31952
21521
25819
22397
28711
18773
22877
18350
23639
17899
16691
21126
18343
12906
17426
32120
13093
19554
16962
20449
41350
12656
47212
25876
23207
21257
13366
30209
18375
16396
21034
11243
23686
18978
18522
12552
48985
30009
25092
18563
31203
21521
21802
13365
25652
20756
9660
51829
17560
16510
26102
12827
13287
25719
28577
16396
10481
34486
39346
17693
32689
21567
27826
29140
27951
22495
15882
22627
24492
30038
16679
25843
12434
26660
28031
31501
21882
21208
22022
17559
27739
17346
40107
26084
34615
23687
15978
23503
23069
9961
14016
22780
31449
24608
32225
16926
33493
51564
26559
24262
27441
27510
13874
20524
16227
24065
24311
40553
17496
24810
19639
23375
31293
26499
43739
31030
22987
21633
17467
24379
27045
21297
31677
23585
16566
16278
14260
28994
12603
19954
15903
11537
21759
30895
14979
21878
21992
26520
31463
21341
21464
15746
22435
28752
24535
31049
32036
17520
23021
27935
25208
41031
61583
23593
15898
13028
23884
25791
23782
20178
25496
38214
36483
21188
35485
24922
18761
18419
14683
18319
24127
34724
16771
42210
22347
38764
16155
28785
20365
14945
26191
28008
27751
18083
39555
22644
26390
11929
29358
20562
39884
32289
20733
23372
16207
21484
20388
22367
21912
21803
26447
26243
15649
18140
22889
28213
24555
27681
8472
18155
25144
15595
30733
19114
22172
20767
28751
40593
22670
37846
41315
16134
29329
16615
20891
24216
20145
29078
28065
45064
21826
22285
14266
29976
26555
13221
19330
25971
9161
23342
21082
24606
25778
23835
24790
23674
22481
42134
11243
24300
11932
22344
23294
18811
20588
27425
20506
53187
27587
32481
30904
29840
36048
23621
26473
25510
20670
20902
28952
38253
19537
25063
28199
13432
21237
20853
26595
28784
45034
41556
16427
48288
23167
52683
16951
20855
22641
17312
17670
38778
48800
18327
16928
25874
33388
27487
25676
21438
19997
12493
12527
22175
19576
20291
15056
26677
26843
47333
19572
21692
18337
18907
28891
18187
27306
17304
24368
17170
35154
33956
12412
20030
29955
21860
15816
18484
33943
14010
27039
20123
30266
29059
25179
28711
29001
19195
18978
23266
26188
25868
17423
33538
24759
29992
22278
21004
17581
18555
52254
29619
19920
22459
14509
18396
15189
44529
19129
78817
24834
17980
18715
20646
25888
20526
14834
41597
21118
10478
15998
26890
26613
16715
19790
26855
24623
22418
29834
21200
22418
34288
20206
41737
18366
32445
49397
29983
25716
19194
21754
18504
24829
18721
22662
35545
19791
25025
47790
40023
24617
22482
16806
25227
27201
18587
24897
20496
16134
28283
30755
24741
31597
26575
22653
50884
18559
17209
24090
22477
30528
20514
23055
11506
18475
24176
19822
14148
32666
40893
35464
22598
32623
29689
22978
20557
25764
20876
20990
16614
18317
30892
15584
20013
27104
14567
18841
18481
18176
26584
29048
28066
44496
51684
13213
21298
21463
19675
30787
22652
22586
19252
25583
19654
25098
22475
14196
21238
12778
28076
16920
33329
13405
33466
31298
23179
25963
21768
42493
24526
44538
13826
23045
23048
25098
18458
21044
43364
44299
25178
24714
16464
13538
24859
20907
21078
28529
16314
17211
23000
25867
15453
40110
18538
17485
18847
30269
21953
20607
41198
59445
14136
10519
39857
16509
16708
21957
19645
24659
18385
26417
36793
42095
23779
59359
18469
24386
22174
23373
25148
22798
18606
16637
45962
25507
20801
26103
26183
15763
20439
39584
16425
24989
43724
17252
35478
18559
11251
20358
14746
13033
19181
16510
20385
14700
20525
29026
25838
19697
21742
16924
22560
19960
36555
15104
41412
21912
23999
20979
25107
15095
21812
31956
21686
12772
18972
23481
31348
36666
21287
24230
32675
20520
20196
26424
26860
7089
21301
30673
24719
18063
13769
25950
23292
21869
21822
11897
20073
21194
40912
27798
22903
17129
17253
32979
36313
25086
25846
20353
30496
36818
15543
22766
24527
31820
23185
23824
22571
18946
32502
55553
25592
19675
21731
12196
20741
20555
24261
23856
27973
19636
24992
30774
50251
19819
15644
18178
22499
20591
39191
22889
32236
16413
14108
34359
28027
40223
18902
62047
12929
22034
41364
50097
18495
23013
25547
21385
20707
22538
22964
20924
19597
28280
45392
23538
24038
24580
24513
18529
25462
25727
24472
26920
23433
16872
21848
35375
25190
13743
29025
19201
31264
17409
28785
19509
23683
22333
23066
25782
18259
19728
20278
20525
27692
13007
27021
22192
21514
24892
27870
20352
17953
23698
40078
44460
14500
20986
15215
29072
21990
22998
52997
17384
24646
10773
16509
13680
26429
28715
23917
16880
21425
12869
26604
23183
17234
18719
22221
26395
28503
11529
25463
33055
16236
27522
32335
10841
49646
13762
41834
19773
18294
19224
23289
23844
15217
17977
29087
21042
18583
18184
17772
31289
30032
22370
27441
18093
20113
23874
20116
26805
46982
14086
21165
27276
28380
30427
24602
23933
18286
28314
55530
27509
37350
29072
24030
18929
20473
15382
19257
19230
23651
21982
13016
18840
18301
29337
24684
60645
31593
44711
16885
19332
27066
27084
21917
31452
13631
21215
12386
19872
18227
11927
27956
20463
36387
25283
20208
17753
25552
19397
22010
17549
19851
20337
23104
23188
28689
51724
24092
53733
27779
24932
30301
28893
19811
25299
22652
25165
24841
19276
26894
25035
24851
23765
29624
6371
22341
19906
31654
27425
21529
18638
26677
24108
11798
20400
36610
32748
20006
23376
21436
21623
18078
17794
31813
22863
37918
21673
13288
17076
28390
22428
38080
17013
29473
20644
23198
24450
20746
28815
19118
17366
18609
27108
25148
30222
24223
25268
30445
23651
24009
19340
27414
29220
16732
13636
27929
27363
17496
27298
18685
17929
15855
18355
21444
36051
21317
16843
17182
20004
21659
26037
27573
18166
21344
20679
23296
18275
14987
11022
20545
22560
23558
20057
16119
23980
23838
22550
21768
18790
19443
21546
18401
19580
18411
38890
20662
17198
20352
19810
24330
22670
19651
25373
18866
24476
24330
38910
21327
23253
19775
21157
21088
23961
19077
10702
21654
15922
21560
18235
21230
21118
25093
28910
36271
32238
21930
18938
19664
20401
14841
29162
19476
14264
12561
16200
19872
32376
21414
14610
13619
15170
27118
27371
32768
32303
25600
14761
23019
13191
15486
21825
26002
17275
11555
31405
20324
22278
19203
17283
13197
34164
19966
14325
27209
22337
22401
14201
50010
28938
14927
16429
18274
19703
22300
13283
13201
21541
23691
28105
26870
33438
21119
18189
32776
27016
43846
27892
17458
22641
16511
20233
21683
13181
18042
25081
27998
14450
31957
28961
24604
32981
41929
45131
74114
22124
28009
19267
22081
23348
36327
39092
15735
17771
29182
19053
24382
16611
23960
25179
42372
38253
32152
60708
40771
14279
17367
21706
18501
21559
13044
14904
16783
17877
23754
17311
16286
21107
24363
12854
20850
32445
11544
19384
22176
27125
16590
24321
24834
32371
27454
13928
22769
27369
22407
17050
26316
18166
29330
16486
22809
27916
36324
50292
24078
28640
26952
26210
22742
18878
24701
19428
25126
25553
18550
16441
20821
17185
23787
17297
20539
20904
17482
24758
19777
33210
24632
22786
25910
15492
13781
21107
28109
20646
25285
17255
22649
17982
17915
22350
22965
39660
35281
22699
17903
29007
19662
27907
13666
23479
20929
18235
21847
21973
18190
19967
22171
24067
21284
16661
24059
23690
27033
41774
9777
19522
26298
40581
41865
57890
37619
50661
32269
29426
26379
17446
44772
29675
12536
34294
22498
19593
23786
24523
15833
16774
22262
23862
27595
31192
12882
43653
20588
57805
22570
23059
14530
36446
26967
36362
25826
35374
20148
32613
38604
21964
17904
19751
17678
28522
12029
22101
23418
20822
20829
24999
23573
18562
28691
31443
22794
20597
30286
22790
32682
21143
15415
16269
24127
22873
20572
17560
18449
24804
28585
33345
20955
26340
20122
24153
20668
34271
25086
39004
29299
17693
28036
18900
18071
23587
18371
15474
24599
21886
17705
22376
17435
20994
31577
18453
31728
22531
20018
20491
22580
29159
26946
23475
20586
20103
19721
16709
24587
18190
25584
14753
27125
26391
25334
17178
22217
21519
25347
20998
22109
32030
18495
30085
47845
49798
20875
24934
42097
23372
59006
14880
43048
59575
16800
21950
19962
25606
15785
28004
15031
44038
27835
26871
22769
35245
13833
18818
27461
11757
23075
30076
18519
19613
19016
15808
15218
15307
21407
17947
18484
27270
26451
19897
14197
27521
40237
17523
21777
31472
25983
19638
25079
18816
32705
30117
35895
31774
18073
26285
26826
29126
25290
25731
28045
27474
34197
34356
27443
16182
23526
24305
26430
24730
43007
43725
60067
16634
19266
25613
23166
19815
25990
40450
19413
20662
17766
16129
22124
20344
23260
18599
47656
19752
21182
22294
24638
15502
24995
19554
17948
16006
30861
19812
20063
19934
22161
18945
18859
18191
22438
22550
21708
21572
25871
22258
17491
21391
33965
21399
15613
19781
28192
31372
14800
18335
14946
21275
16072
24005
13514
25505
19138
22283
19214
27779
21307
34594
17029
21435
24274
40697
27690
28783
16763
20480
26520
19728
23011
40101
39136
18574
17547
23354
22872
19296
28610
48150
22472
23574
30375
45821
26005
24604
21887
22403
22558
36123
20922
20471
12167
9960
21141
19821
32540
19582
19919
22676
25257
29988
20679
12590
12435
11815
13483
23272
18991
27659
21683
15195
22300
17980
14621
23229
27245
23366
17106
19528
16650
36660
56014
58776
37700
18179
23289
24891
24011
19482
20111
21700
22273
20433
25217
8948
19758
25452
23832
17558
24689
39427
37478
18541
42597
28055
25241
23737
33012
37359
17345
21282
26149
20564
26135
28488
21381
29555
21131
42235
19035
19789
18769
24013
31666
24828
21390
19778
24882
18455
21992
20503
20810
32657
43853
22647
20930
35976
28064
24243
17626
24232
21527
16196
17445
39776
23910
13045
17507
12921
31590
14128
16568
14383
11679
23566
24323
14875
33509
23851
18937
27923
29942
30893
23316
24808
11975
27118
21761
16967
23893
40466
28890
18542
16133
23170
14389
12206
24492
28711
21706
32695
31483
17801
20305
25321
29784
21836
11865
19894
23624
14193
34302
18353
23159
25142
35199
33669
23512
41116
21282
18543
32594
17286
19675
25207
32927
26192
22384
18635
13304
22385
27386
16419
19299
24865
21311
20202
8555
18080
19535
11413
24774
24185
27391
19258
21151
24774
31114
24368
35355
27743
47632
23366
24252
29354
27777
23572
42617
21073
11863
36626
25141
45675
63925
21930
20609
22118
16931
15765
22886
22796
33194
18414
36086
18955
19139
16583
28901
22741
16931
17736
23502
14452
12311
13771
36076
35036
14900
20909
16097
37775
27238
27556
24052
19531
21242
32548
10537
23836
29092
34929
25974
27532
36121
19837
18837
35622
31613
9803
22257
15985
19770
28342
10171
23670
21506
23303
18454
14950
16308
22288
20553
46157
15822
21719
42736
16873
16030
18954
39130
46099
20532
27018
16487
18665
26080
17141
25785
21461
14785
16061
32350
19659
21129
9388
13299
21089
21651
28646
24426
28530
34073
20679
25025
34577
21111
23416
26135
32890
43248
37737
29899
12899
27347
19882
21589
20024
19100
23723
36899
18276
32553
37895
24856
14892
12224
27478
20408
14845
18696
22954
36420
14078
17289
19435
19261
15265
21716
21421
26770
41589
19730
25666
17849
25882
35479
22027
20468
27566
18880
21465
30485
25825
32233
19520
18647
20176
22119
19081
40097
47305
18415
17220
20647
12206
28559
37233
26181
16996
33117
13169
19325
19792
22936
23737
23081
21995
13294
17908
44084
24204
21328
24394
20987
28809
15795
15892
28521
26233
6409
24288
36220
21209
13653
17870
18588
20987
27780
16333
14592
17172
23100
32471
20594
13590
13408
18118
18913
16602
22409
25562
18930
27062
41856
28107
27665
42134
32831
27169
18325
23063
19933
14421
23899
21158
29581
13742
25123
27650
25987
36503
29419
32524
49693
51921
25020
20109
24158
27796
19668
20927
13240
17697
19177
13521
27156
12703
28203
17978
25064
11317
29857
18545
24444
23771
43728
20879
25375
19811
19585
35053
11152
22679
24807
24422
24434
21446
21335
15032
24811
23411
9980
26344
24263
17770
33580
25840
21231
32417
17100
26922
24715
19261
14117
20999
20108
19405
29725
38325
26624
19311
25603
33825
21104
22977
20333
23732
36522
23300
23602
32849
21752
24564
27603
17388
30328
30409
19253
8725
17411
37484
24272
24532
30009
42130
19798
38619
18991
26999
16700
15957
20105
13184
22568
21298
16227
32929
45701
20215
23697
20532
14696
27933
17280
26373
21565
21398
20096
18194
18177
21765
21792
27601
28508
15215
14251
19739
19113
15296
22620
24308
42197
26397
19566
19026
25932
25031
27799
24535
18576
21428
16255
14058
11220
31125
13808
16992
37087
36460
17885
30587
19134
17681
22036
10825
20003
16279
40742
26693
18692
20840
23139
19500
35899
25619
26979
15344
9379
14964
19544
17798
16305
13767
19223
15565
17691
23601
31202
20392
26126
33708
18064
25029
50715
19763
41552
23955
17373
32257
13145
23769
17252
15734
25419
10887
16632
39664
15781
20501
28074
23795
18091
17960
37693
23011
21227
14307
23220
24783
38811
22905
25653
24702
17209
22554
27915
26349
23028
19635
19336
23519
27225
10993
22223
23703
58930
23334
18022
22031
29686
21228
29206
20187
37183
15911
15524
21611
8392
20994
18045
26658
27980
16315
23688
19641
33794
18196
12567
39979
26740
22898
15086
26562
27391
26189
25319
33613
23911
20109
32605
19838
20439
15247
29237
21765
26423
21526
26607
18577
27037
23100
22230
19076
19604
22542
16811
17749
22220
23104
20439
28949
19687
29842
20166
27492
26473
12286
11325
20416
27422
47289
28684
30205
26366
17514
30073
24397
35040
23562
24295
21779
7357
19277
21565
25678
26891
14368
22765
14705
35008
13701
20543
26679
23374
20163
10789
25888
35557
22441
34693
43835
20320
20205
29619
18350
19324
30327
48369
23391
31535
18515
22983
27120
20524
18684
27324
42417
39426
20728
20251
23545
37146
36974
29017
16316
37686
25621
18431
26269
24268
20692
27763
18279
22370
37011
51770
60263
30114
16480
11567
35849
22973
27804
32555
28028
28194
25324
16227
32382
16993
19536
22965
13326
20372
23160
18908
21160
24471
23289
9513
29271
14515
16180
21905
24122
36708
59031
51284
16383
19019
22807
18557
11159
18092
18405
34601
19772
27482
27449
17379
24462
16917
22074
33458
14162
12007
25953
20985
16834
17090
26362
12611
14525
23124
19219
26721
13473
22357
10310
24614
24258
14642
21286
17573
17977
32687
27267
12262
27114
34853
22051
13824
17672
13760
23092
21661
21907
21701
28502
33243
27474
19092
34870
18832
20676
10489
26720
16663
25933
19263
27912
20117
15941
20516
42946
19832
22295
17753
25049
19212
14865
28928
10402
17803
20156
12834
23251
7893
12499
16019
16454
25047
16760
23029
11320
17650
27857
17471
20592
22096
27597
23098
21098
17847
19987
24106
21154
28690
18038
11919
18693
19505
15954
16605
14989
19916
20156
22164
24544
17453
23502
11111
22834
17657
20384
13596
21337
20841
25581
20371
24622
14646
19821
16281
23576
25983
27195
26059
22319
44494
14871
23781
14895
25776
24842
26114
20189
26483
21572
20048
16907
24593
27246
38648
21720
18587
14917
32755
18725
33050
19275
13079
17715
21763
18746
18737
16250
16966
24351
39014
12561
20619
18627
37742
22390
29747
38803
43368
21932
19079
27000
30378
25304
26897
30026
14168
18324
24786
25499
12582
20719
12748
22171
12442
29244
29569
33474
57854
25741
20863
11900
22888
22898
23017
24131
18399
35647
17287
30904
20765
33485
28829
27431
22741
19186
20291
18646
31947
30766
26936
30606
17696
23758
22844
16851
28435
16711
9682
32314
34015
13649
25073
22889
24546
29104
37583
19565
12507
26462
43225
16455
20330
15927
26939
12496
18789
17818
43978
18030
21977
13121
23900
22840
23696
17832
22150
28918
23517
26684
18880
52076
18155
15299
19822
25330
29291
23050
21377
10742
42244
55742
21561
25415
29403
20002
38604
26956
43547
12237
21236
42624
18572
13390
15352
24546
17592
35073
24590
22703
23259
16534
23267
21386
22907
27131
24375
28824
28432
17071
17797
22873
18077
16172
20764
22808
31363
36713
29060
12674
20157
33734
24731
57090
23559
20940
16928
23774
15901
20577
21350
23058
33819
24516
53334
19197
18845
27510
26825
28141
18692
25270
23559
14731
20704
10839
32244
18183
23649
39337
20663
23154
12721
25672
22743
25130
28163
28025
9944
14203
27455
16733
30222
19314
20477
23885
19413
12674
11184
15498
21231
43810
22508
41313
22161
30231
14928
19116
24340
10693
27093
18777
27210
23324
21818
14957
22042
22016
23435
28766
25118
14703
27028
21005
25552
21886
24697
49733
15267
16381
29832
17813
14290
19630
19679
25500
32524
28328
17014
24399
18915
33605
42194
35920
30954
22953
22564
21501
17749
28487
18690
36409
19368
20024
34515
25198
47233
15045
26117
21754
20731
20136
24307
13478
21418
16199
27177
27628
28697
18063
35654
14329
18928
22140
17713
30492
15553
30380
12853
23884
30208
28011
52652
15199
14690
31853
14337
19633
30957
23553
14764
18876
15490
19092
18469
22432
19384
21515
14542
29563
29152
53759
13881
19428
19962
21757
17789
26066
20309
30022
19030
38463
21318
28971
53458
17620
22365
28593
18983
18621
26601
18691
27875
46752
23988
18255
29341
16209
46563
24411
11614
12929
28779
21133
31813
21552
23973
21264
41284
20691
23007
33423
20535
24577
17553
33153
24997
20634
35948
17342
19273
16510
11877
17889
17787
36519
18471
12511
22811
28267
20612
18922
24142
23668
24641
22626
19815
28518
32666
14096
23156
43443
26831
30006
27719
21646
22622
22684
30435
29048
52985
15451
20843
18038
20048
25656
26506
19905
23192
20447
19131
32428
17678
24384
20254
23735
39292
20149
36596
31578
34344
16285
27916
21096
16929
19095
38170
26674
21511
18753
16766
20698
17796
20672
19520
21407
26237
37754
25384
21587
37884
14459
16853
12619
28887
29542
16330
19624
24915
14862
33866
20357
25503
19997
16262
15545
22914
15851
17388
19055
25675
18292
29039
24950
26021
16397
27588
40959
20394
22005
14829
22216
25470
18383
18014
24923
20481
19211
11419
18237
35233
26282
23526
23306
22394
34144
22139
30393
50169
26369
13321
16876
18509
20815
33783
14144
28934
30794
18536
20687
34903
22795
18675
22473
13526
16102
18382
20326
23441
43215
22951
41076
27017
14750
20083
40228
21337
18245
17275
23535
16292
35074
30429
44469
15167
39965
27145
17033
25016
16023
28354
25141
15506
22623
38255
47313
62410
19481
38386
29378
22460
28662
16460
11890
27761
10994
26531
45681
52391
16839
17111
24420
31326
19109
23489
24108
26918
16664
20600
24931
39064
41602
15644
15423
22638
17545
26177
41173
18079
18534
37960
29110
22249
27613
26119
24324
26342
26026
9970
22507
19386
31437
16913
14590
12784
20831
24713
21136
23001
23452
21940
21555
18999
20954
29157
24818
35123
17551
17265
29367
28031
23375
39461
24166
21286
22625
27262
17757
20610
20730
23203
14592
20581
22501
12021
35178
15632
21948
23015
25943
15875
19484
19242
19400
25000
20925
22696
19169
21162
25777
18866
23455
23757
27698
34645
21222
19489
22924
25015
31919
51426
54686
20212
23205
40917
41657
16465
23979
29818
20143
50016
30602
30335
20504
21994
20894
13297
30807
22819
25573
17899
21579
18753
19606
28047
15352
36462
20694
15120
15740
29310
23780
17027
16977
25049
16063
32664
32753
33661
22406
14171
14061
41251
23691
15261
18758
19386
23225
10549
34886
24813
21555
33726
17193
25866
27341
24761
24362
36038
14690
26777
36977
21281
19500
15805
22675
40912
22178
19258
19310
21963
22245
36386
19762
14163
23541
38390
18363
21241
17786
21443
10394
18183
28013
22212
38805
20278
28573
25260
20733
34774
28333
30044
15901
33612
19321
16345
23208
14219
18665
15826
26687
24642
23663
32291
43925
63406
21969
16703
26979
22728
14696
14278
24719
29675
17590
36945
17490
23865
30087
20833
25190
21896
18448
21374
22748
18981
16907
21274
30841
13033
32050
15674
15538
16888
21062
16978
23390
21421
26221
14289
16855
18219
10918
27335
26814
28724
16845
29320
21883
14602
29317
18664
12483
23239
15993
24325
25147
38615
22454
20734
29910
18435
15021
20800
26869
22358
22960
12140
10770
26506
16907
19153
27407
27560
22882
24114
20420
22120
19597
14350
28116
20379
17859
28982
16818
19002
21769
13058
27832
18479
41261
23518
22718
22894
26893
29786
17970
17952
20946
29762
22847
21470
23683
22736
22545
18556
19755
16955
31589
22070
31470
26094
33643
40972
12505
25176
14971
25368
18065
16387
41539
28176
26703
14075
48666
27853
28038
14014
14465
28441
17979
23007
23784
34364
32845
26300
23105
15296
23347
31200
15571
28573
28726
23934
34527
43799
16706
23734
30149
12813
25771
25040
17653
24149
57204
35339
21231
19155
15934
16779
19568
22453
23327
30992
16919
26012
17052
22269
24175
24110
19697
22243
16632
17645
18230
22622
31491
22247
16737
18861
20939
15378
18580
31791
25515
17939
22616
18433
20038
22373
27220
17597
19802
23447
17558
27875
47044
15198
26770
16933
24874
26042
36062
15922
26590
27731
23265
27964
25656
26804
28080
29498
27852
20113
29116
22001
25522
19945
17445
20667
21700
31134
26227
18242
33956
22290
31038
38023
21729
24145
11786
23683
30178
14813
17311
20900
37084
22091
26413
21338
26455
32143
27108
17666
20465
19652
24994
13455
17569
16594
17962
20061
13748
26367
19207
28069
18913
35923
25078
36120
13715
16333
24217
31492
18021
14593
27041
22056
31521
46367
33629
30814
39205
44702
66368
43853
34258
69848
17798
20465
22143
35551
27497
21980
28643
19724
14590
21005
20095
37497
31114
22293
39317
14548
26352
14331
11251
30455
22173
33676
15211
25501
21186
19278
28292
27421
16527
25620
24530
19679
31339
27647
25699
30211
36678
49849
28019
26496
35230
25268
23081
38248
36938
31012
26658
22289
37540
31327
15167
20191
16462
15976
25247
17587
18304
17994
17121
21621
19619
20145
18637
21530
19365
16672
15684
20687
30822
16512
17862
25768
10242
18099
24873
26284
50428
24333
20460
9895
25477
24044
33210
29142
26728
19571
13030
31054
33084
36644
33719
16422
19509
24657
27811
19126
30423
26701
20816
24355
26046
50085
17374
26294
23449
23593
18922
20525
31089
25649
44577
21786
19727
38503
19164
38967
53143
15804
30129
30129
28879
18687
28877
21504
25336
22244
15518
20125
18479
23256
13966
18628
24672
23010
19473
19359
18357
30449
27268
13053
20697
20970
13065
24496
18108
16854
29079
20611
19839
30351
18848
50854
13595
18132
20439
17176
13655
16018
21408
18414
23173
20081
17441
27970
38147
24852
37673
42948
23716
13000
26905
22754
20226
38865
26906
47132
21569
18266
14076
18772
29729
26571
28759
23040
23359
19004
56836
28933
15783
14523
18267
13061
24135
26463
14204
13119
17930
16365
18112
15592
25664
19448
21505
28612
14256
17591
14904
34425
27233
24762
20982
19676
50858
15959
37643
25514
20924
9277
19160
18878
20150
39397
22031
17884
13845
20815
34527
20019
19224
25703
22033
21203
6859
26405
46052
50583
14600
21968
18692
26593
42111
33499
36408
58212
23065
19983
21786
23577
17257
20369
20959
21513
18477
22307
22413
34888
26998
39924
19509
54884
22124
28182
22498
20249
29585
24379
40038
60570
21236
18615
31692
32587
41434
71382
15216
19695
26566
13343
29616
28178
36537
26777
20257
35152
11930
18133
22779
25271
17386
13801
26327
50736
26319
36642
19021
11062
21585
23866
15607
21745
14705
24674
24746
24642
24747
18456
20145
17130
20831
32123
14233
11337
19850
31164
18376
19800
30275
41026
37791
9682
19736
25003
6871
19481
15506
23468
27319
24802
39590
17579
27794
44147
52307
15763
27767
20977
11256
15690
20750
16533
24419
14966
53385
18546
18671
19030
17793
15640
18708
27550
12383
29570
20145
30700
17290
18865
32239
21107
22520
20654
34887
18711
25443
28124
22822
23409
13004
18258
17090
29547
24469
22137
16615
32474
15169
25911
20255
10243
34295
20457
13251
21326
36278
14671
20406
15876
30519
15662
22519
12954
25177
19434
19937
16902
18633
35504
18738
33798
23929
25840
13322
24952
20466
21361
18882
21321
23632
20388
24235
16498
20009
38873
18896
20775
21271
23771
16439
34277
52772
55684
63539
23300
18856
22387
22031
25955
30186
9878
23833
18732
18902
21632
17178
29114
24938
28959
23126
42212
45080
20731
18332
17970
22636
21134
22037
23807
22425
26778
18856
32666
28222
35436
21525
35723
54300
30676
16857
15943
14650
13594
20578
21116
22741
14059
20497
34040
12268
11866
19633
15172
17901
11735
13436
20981
28132
21946
19043
20972
18501
16619
14118
27472
17112
20647
30499
21754
21946
24343
18338
34145
17293
16220
21425
19794
36909
18670
27084
46775
62650
25109
59361
16554
14963
24706
16986
15305
22952
20759
22468
26634
19602
19140
27071
13223
25079
17848
18844
28893
19466
15968
28428
17126
18453
18352
19204
23139
14164
18892
23101
24578
13925
18065
16310
19370
25947
22059
38749
20918
18948
17069
18196
26811
20034
9622
22943
18604
19456
22712
20782
22548
29214
37664
20262
22722
18122
32213
23210
18462
14762
30837
19836
18808
34473
26372
23129
26681
21657
27430
29399
20632
39285
56499
21144
58806
40815
27457
10719
21375
23813
22267
25947
18585
22127
35453
48051
23896
21591
40572
40883
21192
20787
27965
25903
15237
15794
21576
12935
24407
44357
18175
21363
21622
16489
19615
21535
19152
27632
26726
21395
24956
22263
19999
32088
23455
26684
31386
15391
23337
29405
27286
21577
17634
22554
21898
21392
20293
15405
29597
29048
15888
18219
20853
19336
19324
14555
26067
31869
17945
28035
27998
40937
19843
22438
27997
19333
28712
21848
16276
19655
14614
22834
16151
20130
20019
20549
19174
25027
34310
23676
29761
14653
17596
20810
21103
13188
15741
17646
21013
18011
16915
33088
39295
54669
22627
23361
62269
26440
14386
25866
18592
23751
26140
21701
19434
21155
21379
14304
25565
17184
24697
32871
49120
22201
16263
14236
12677
26282
26604
22601
35801
12739
36923
31462
16728
17375
19289
27044
23206
31783
19551
13249
29588
17523
18030
25093
22580
18109
12285
22486
20919
32441
17912
16095
21739
27595
33281
21949
19730
21124
23432
32892
25142
27513
21702
27182
36416
20522
22162
12329
21608
25429
26538
30114
11853
20257
47729
43109
36512
29277
38823
37964
36531
17780
31548
23245
13328
25514
22917
16796
13396
17318
16740
33104
25043
18065
18670
23231
21561
38500
20049
25991
33142
17079
15879
33385
23011
29834
25085
29979
13725
13606
37297
20436
22208
25201
28400
21976
15570
21290
16134
38328
17325
28249
26483
31914
16107
17730
30203
25082
21580
24255
27185
26673
19689
35874
28584
23337
26207
16576
21196
38814
33720
27301
42988
13482
16665
8864
23345
11526
22209
42796
55049
25263
15330
18727
17114
18738
29480
28527
16974
29434
33310
26516
45332
14154
27180
27485
33406
29300
22841
21362
23899
26373
27887
27966
22809
22771
22129
27455
22930
21037
30860
23784
36340
20001
24704
19954
21156
23792
21187
15693
29126
25986
34605
22836
21627
27645
21024
17520
29786
21910
21443
30757
29423
18355
21766
27491
18084
14084
32139
19657
17742
24218
29700
19345
27603
26779
17926
14894
21723
20671
19533
26162
24657
20179
23648
36184
18096
20349
23470
23288
22386
18461
15153
26830
29633
21044
22108
21478
24522
14593
36279
47878
20893
21832
22964
25954
26739
17096
21295
22881
20621
12494
22132
24257
26216
12466
19066
35091
17349
18075
17603
18199
27598
19208
21307
27837
18590
15193
20591
22446
35297
19007
32539
20733
30714
20158
30109
25480
21202
19701
19160
27067
34930
26680
31298
21069
22096
35997
22899
31866
24435
24363
31101
17627
20172
30518
19525
47320
21049
12586
33304
23355
43257
20467
22219
19408
27052
31073
21045
29018
39515
59542
60395
15749
26778
63302
38383
31719
24195
18301
38789
18613
20755
24476
25997
18536
24592
17158
21305
15670
21756
21553
15563
28076
17648
39087
17212
39726
49994
17953
17898
31794
22158
22284
27553
36299
43115
15320
22585
20957
34943
19659
24979
20788
29346
20761
31071
14622
30056
23906
23972
19234
36223
19750
35836
25680
17421
22934
31221
23201
19204
21205
32272
26220
23781
16756
19651
20960
29027
11813
16732
23213
31105
12771
35971
22829
39722
19658
63452
9968
28565
13357
25316
16211
15663
13530
13582
20536
41613
30738
24495
27681
59170
13411
14328
20200
30381
23017
22483
20219
18769
24433
28992
33683
18819
16386
24864
12934
14914
26900
26373
11200
22578
18711
13932
35553
14872
21500
14405
11016
23565
26821
33647
15406
20711
26255
12041
17160
18456
31396
13259
19454
20041
26416
21680
30290
28070
22181
32683
18559
38014
15076
42357
15664
18776
24698
34924
28502
20163
23783
20955
26776
35806
20777
21527
21072
23169
26108
22057
23991
20233
11136
23409
58579
26946
73860
34091
20254
28768
28060
12734
13109
18774
36145
40141
29892
17339
22471
24468
30233
17173
43608
21606
14394
34587
15404
30251
33088
22281
16008
16388
21575
27412
20095
27368
16204
28946
20077
26155
23238
20477
11908
28366
18316
22341
25222
15518
21746
14905
15686
21950
27138
29331
26761
21398
17529
42187
13653
22260
33277
26653
37514
19523
16308
14454
23969
27808
24126
18617
24611
15140
26591
11146
24420
23076
19786
22036
16462
28017
36902
17186
29987
38397
54559
27495
25705
16573
17975
29002
20451
30072
29492
36598
28996
21518
10562
24947
22300
23804
26926
12108
20451
22718
25873
25649
14544
16095
18584
23964
23937
35960
22322
18437
21778
24063
20842
18092
25684
21022
17627
22852
24323
12892
23245
20879
37810
17321
22161
28708
21680
21872
19788
24331
13175
15943
19764
14524
18802
19588
19807
45946
27357
32169
17035
18973
19838
23007
26861
24513
12447
20198
21084
53342
19706
15403
20377
21663
12286
26841
27632
27972
26336
18107
17270
22612
47364
30186
22273
21481
13945
21083
17442
27018
22629
21306
16680
21682
16016
25406
19635
23949
8227
11191
41812
21641
22874
21221
30649
33920
25169
23475
33676
26938
17939
16385
20570
15172
20846
22682
30222
30665
15315
20319
41602
27265
49746
22755
15389
24455
38079
55913
24593
25112
27421
22813
42218
24022
20467
25696
21415
28401
20708
22574
9947
31538
24388
24524
22023
19749
26280
22745
13989
23837
26175
27514
23172
15871
22986
34848
27344
25522
23793
28357
15151
17409
13090
28796
23387
23223
19329
19024
20716
9409
20806
13951
26586
23907
38611
17780
26166
15972
31674
38576
20127
16310
19414
24371
42963
30228
14376
24858
20946
18365
26513
21734
22304
19546
19345
23658
28794
15979
21763
30110
29572
28556
34346
20246
22552
31736
21107
24054
26558
19080
21673
18056
20119
23760
18746
33935
19638
23275
17573
23402
17608
21996
17665
14998
16575
13692
17583
20949
21038
23979
28841
17756
27576
14927
13037
21265
37169
21103
15627
28591
19750
17339
17554
24470
24129
17327
19767
19226
23242
26504
28276
35440
31487
17045
15764
35477
11100
67346
29648
17508
30310
14894
15433
15681
23345
15116
19360
19627
20732
16521
35184
32421
24042
25128
26154
21863
18304
21338
19425
16241
15340
19313
15178
29151
22278
39719
27235
21466
11105
16796
21715
21851
17522
26104
13730
23921
6872
24199
30483
14938
39963
14642
22365
31446
15388
17851
18712
12045
21750
17742
15855
5728
32998
17036
17111
23085
29178
47785
37260
32907
33079
26562
18605
20081
32476
29793
9628
16102
23690
28472
20268
23689
20697
33396
19268
21134
34707
24266
10596
16429
22992
19121
17330
29954
26666
27070
20884
18700
12240
24905
27281
26069
38558
30743
17027
18117
24129
29655
27679
62208
13467
21356
29196
18771
22999
26328
14956
20654
20629
16636
26001
15301
25887
21865
23398
36122
22990
24676
16604
20409
25641
24999
23436
19072
15933
19454
13435
19363
16090
20405
21819
23438
13126
24745
27269
19789
20173
11875
25987
27208
18319
15568
37503
46114
34607
17209
18013
14692
21078
18215
19201
23823
22191
29688
36722
26335
16778
21610
16537
28711
17239
15186
28648
31749
28998
22137
21233
23690
21136
18434
18582
11909
20341
15314
29226
10619
23043
11683
24154
31501
27649
50926
66963
26634
13249
15781
17903
18132
25320
21174
12652
30002
22317
19490
44095
18332
32422
38530
41167
36792
15898
33862
24945
19756
23623
6699
19474
24722
21882
18663
36388
22793
16586
27469
16296
26175
21790
13813
20212
18706
30263
13397
39262
19131
15130
25420
20917
18526
16216
24242
20004
24882
21894
46846
28917
29195
18018
16829
22994
21110
15136
21275
23884
19501
23931
30329
46031
36800
22435
21173
22006
26823
35352
25437
23585
24702
17782
36057
12314
19830
22446
28260
17824
22051
16832
17072
35685
27042
20088
48490
44689
51223
20216
17880
15585
27718
36782
21482
20329
24901
19226
20160
24868
35895
13075
20059
36664
23268
16597
14720
19349
20708
30643
23000
44996
37984
33340
15976
14044
23031
32945
17445
48454
36109
12396
27979
21004
21435
24462
16653
21772
19204
24075
12726
20486
21779
32841
20662
24385
30271
24406
20564
18438
22700
15222
20843
17598
14273
25783
15823
33429
15403
35375
30670
25196
20435
13690
30911
23707
22776
28463
20552
18843
22050
16991
21168
33423
19097
27802
16494
30000
30918
51437
22039
34010
49806
17807
19251
14943
20707
27208
25338
23468
25101
22151
20942
21143
19587
19493
18034
14651
19183
19748
16616
22554
24437
18387
24468
21500
18933
25750
17171
16688
24288
21144
19506
23671
36290
21073
9541
24055
14169
34732
21672
23120
14163
17913
24494
13643
15917
19861
21578
17118
22181
16535
31585
30577
21388
31111
35000
30660
14718
25296
24671
30263
21454
61975
28183
22270
24185
14384
26965
19969
20554
35838
22854
25906
17112
17636
24859
23678
33860
37528
18741
11509
18987
17197
14479
23219
17717
20516
10907
15204
22240
26695
27572
23744
22470
17954
22998
31276
29811
15282
21436
18525
23394
15040
20198
28850
29358
20391
31078
20697
24333
21024
15282
20569
10657
16739
18631
22140
24053
25296
51495
21558
25056
27010
27287
24125
20631
29883
16150
18992
27794
18461
16684
15291
23090
19131
11460
32804
27879
17281
34476
24141
30546
28120
10987
23957
19910
18039
20573
31175
24073
34110
25316
26511
24036
20897
19596
25228
16843
19799
14791
23633
32099
16121
18339
31239
31327
20070
27327
17326
24561
34593
19004
16229
22721
31742
26604
17163
20993
20168
20832
17302
20501
32670
36832
25495
20905
20843
22486
19475
22718
19253
17700
26578
23470
18217
17431
28568
26617
20744
33523
17089
19230
10534
22345
26891
23907
30630
19061
20358
13699
28722
18294
19023
24649
14467
33810
21462
23828
17962
18935
19403
28975
33879
17554
21306
17837
16784
23247
23396
27274
12264
26530
16311
15085
17868
17519
28419
27552
20235
12955
23554
21323
28016
21653
19121
34939
22702
22364
20848
63494
17262
81956
18296
23320
23811
23987
23699
18704
16222
33253
22901
18680
17003
23190
16845
19769
21921
15723
34969
48599
31912
28853
20990
10636
24701
27514
25406
27645
29039
20670
24428
32494
11571
29982
12046
33981
15715
19225
40941
14797
26894
21941
29793
34956
25473
42667
22245
22433
26018
29686
22494
22385
19280
19988
14847
19061
16989
34816
49246
29799
13475
22470
29480
14955
26184
24102
13444
10697
17407
23759
37170
30941
27062
20925
17175
34621
31316
29796
20040
23941
12030
33366
61320
49794
19818
18951
30552
20160
16664
30668
51088
54016
37272
44017
24472
18913
19972
25073
23390
20907
26927
35108
40279
32200
22563
20789
15734
23937
21042
16175
28509
45095
28004
13418
15897
35948
34163
18841
34336
27645
33843
24003
10026
34361
23765
15375
15008
44458
17230
19363
26468
11367
18446
16935
12536
24454
44927
18689
21864
20796
19119
19522
63035
59457
26978
20576
22179
20369
16173
17004
21306
17630
22353
18375
42090
24799
23032
23652
15462
20209
26632
21886
20087
17495
26851
26519
33480
34269
10671
22051
22648
15127
20390
17759
20298
16648
20441
27888
28831
24477
19636
25667
18817
16413
17146
25976
30681
18110
17687
17499
14138
10989
19201
27353
27159
19939
15393
25123
18272
19481
34995
41480
22673
37799
13302
19730
20140
34001
25469
20535
27665
21763
20319
17425
18075
18373
14021
15530
17487
26541
16248
21188
16399
30701
28791
50898
26151
20216
20172
19797
18717
28416
28092
24303
37202
16837
21093
18953
18381
18701
12061
14777
20308
32839
23983
23768
20530
22798
42503
28851
41458
23026
15923
19383
19814
21676
18684
20329
11679
31440
27208
19147
18191
15834
17947
43471
30956
29476
21637
18982
22734
23209
17791
32004
19011
27258
16640
20626
9443
24762
18592
14139
16174
35338
24627
33570
28925
17072
24978
27178
23135
28050
20980
37494
16760
11793
29704
14651
74191
45699
59134
20079
25542
14739
25167
23715
16186
35570
15788
15690
20320
21335
27291
28129
29731
14960
36887
42317
21794
21257
24461
27498
23509
20567
24033
27590
23322
18108
15884
22002
14088
16754
15762
13086
36633
24567
25684
53475
17519
22940
9828
10250
19031
26391
26026
31617
35872
31089
27404
17835
13441
9999
18142
22087
24524
26157
24889
31006
24119
20426
25677
19677
15119
26264
23943
18410
28908
46239
57399
17288
18547
9337
20102
19690
20738
29450
25720
21315
10434
29471
19652
17128
24890
16947
17928
33378
13586
17193
17644
10720
24020
28146
17191
16066
14097
60644
21564
18334
20357
27446
12546
24301
19459
25491
17600
35311
21442
17693
14037
21061
19233
15134
26872
14378
15244
20458
29341
25599
16958
23747
28515
21640
22622
16112
22040
16793
26547
26186
27760
29406
29789
15532
21250
31606
22923
23325
15861
35409
18927
28203
23388
12179
21698
27229
22001
27355
26603
29068
34528
32736
14894
21548
18971
20894
14431
21490
23280
30199
17971
21464
39013
25193
25683
17048
16637
16681
34958
12748
14054
17127
20680
16189
20349
17688
34097
16410
20022
23678
22560
18546
16276
31612
14047
29275
25576
23168
19075
26983
20129
16956
20828
24967
10164
31521
10702
15965
20886
47001
19053
19804
13713
24318
14850
18124
25940
35549
16343
20490
30309
34646
16716
25606
19486
13875
23534
16138
25658
22134
26567
19946
42383
15428
26074
22081
16765
30267
22332
21084
23417
17701
26658
38097
20545
25963
16940
26622
19885
19630
29296
28225
30136
11149
18299
18383
19848
17077
29223
43712
16035
33199
24766
35672
17719
21904
53287
16147
24988
16977
29647
26634
13632
29568
13757
22103
34472
12213
16713
13730
21815
24471
32179
21179
19847
15985
18194
17958
25032
17922
29070
14759
30187
35653
31560
26642
20841
23167
12084
14913
19822
17435
25381
25881
24593
28888
18943
18408
17636
20650
9879
20592
24552
13840
18184
15014
34824
19586
37445
43891
16815
19808
24073
36001
27652
19069
19939
18588
28820
17791
13446
15688
19910
12903
21870
17643
18889
24896
18643
20972
22820
21908
29527
25516
16246
22357
12856
15885
11131
20634
21081
18970
20992
19733
16912
18140
29622
24844
51140
23224
19289
16787
41675
17325
26248
23182
23362
19909
8730
23748
25361
20195
24902
21153
10048
16684
24435
10568
21493
29160
30539
36813
19789
23320
21227
40645
17020
14455
32651
15356
16639
26985
22106
14569
23034
18036
38483
27384
26471
25403
29778
39136
27331
25461
27217
15675
14467
26052
19103
28956
20650
21399
22704
29465
34126
46155
23360
23828
13760
25287
21378
30567
21851
15615
27418
10698
28784
26588
18418
16028
28692
25806
16028
17556
19456
29145
31492
21757
41585
30907
23258
27196
19238
26120
32707
16153
22889
13584
20208
29040
18492
19706
20324
22227
22339
9746
19748
34894
32162
24137
18646
20403
25025
42326
21896
18668
29096
20665
42511
18103
21699
24933
17392
11547
19519
17624
19204
24071
17434
18769
18469
20517
12706
28811
19660
38547
16873
14339
13601
13913
21506
23025
23602
11072
17490
19311
32305
22832
10167
11101
16199
20161
15151
27144
26187
22356
23595
54556
57386
18790
22713
20169
28691
19155
25310
20948
16082
18161
26065
19346
18660
33660
14752
24627
29923
18342
15964
17598
30038
19961
38996
40678
15481
16462
25065
16573
22251
22836
29590
38354
34297
16388
23059
57330
18386
13389
16672
14521
24716
23871
17744
15160
21189
39172
16625
15547
22265
14683
19135
26724
23690
46109
16637
19390
17396
14470
30140
20605
15857
12883
18431
26742
18251
19236
21951
11883
18147
28680
22127
19257
30573
22853
16272
44633
22273
45845
26948
23297
24073
20367
21159
25243
20559
19738
23072
20569
16928
23463
24310
18645
29070
22571
18282
21060
33316
12905
21173
20979
26212
35276
24029
28800
22881
26323
26558
12869
16865
18710
23460
17753
24778
33388
29951
14789
18523
12116
29437
30399
14923
30748
37760
16503
18844
32438
16603
36751
22463
25014
34835
12812
14881
19818
15430
18509
21141
19866
35809
15255
28576
24578
20467
47009
11725
18193
26224
17698
19762
25809
22670
24906
17364
21492
15218
13861
18761
27450
12035
26042
23437
16940
32808
15086
27368
21483
14292
23039
22200
20314
19209
17021
21757
12693
18080
29759
37125
17605
19270
29617
16298
11095
19357
19811
17836
18527
19271
19921
11405
14664
21737
41068
22905
29362
15256
15086
15951
16653
23288
54499
22206
22593
17830
29288
21634
24998
17676
17325
25740
15368
16325
23219
15869
37360
17819
46644
22245
34961
18729
26329
21623
27752
24745
27252
20557
16247
26481
26045
43908
34642
44322
52333
23585
30786
25455
19734
19715
27902
32321
15887
17480
20548
27470
22379
16236
14290
14773
27810
18798
14613
23934
16068
25142
17784
19063
21950
30764
47591
24499
29210
28076
27029
25529
22590
14390
20241
14668
11568
19775
37389
28146
22960
27751
47460
50961
68282
18828
12100
25072
12855
19686
19013
26290
11121
31651
25776
19850
23020
16196
19216
21918
28974
17741
19060
29334
15209
24085
28871
27818
17288
21858
18590
33733
30148
24551
19209
15797
14220
27358
22411
16823
21894
38917
20205
27966
27804
24935
11062
21543
27633
34477
50184
13213
32734
40158
13977
17471
22179
22775
21949
19522
15874
22654
9795
15141
27300
20522
23789
33438
33168
26083
17475
16771
26286
19572
23293
31427
33024
39053
32003
35048
17668
26434
17044
25870
18627
25095
24160
27035
17681
19501
21602
21144
38249
46394
25470
32449
26504
14044
37350
30852
25779
19952
25122
17113
27415
17664
20617
20767
22024
19312
17630
20343
12526
20596
22789
13776
26931
18656
19502
28129
31354
11944
20020
12204
13726
22627
21184
15199
20908
25386
20708
24927
27014
19061
28645
22780
17489
18978
20757
22950
16081
32017
19564
24972
25187
23913
24468
18863
27732
34109
24759
24017
23326
14408
25784
16799
12714
21133
16023
14379
16882
19872
27252
23927
17961
15506
20815
12537
18762
21085
20795
12968
19368
19772
17860
16418
16966
23393
25595
20321
23843
29478
24555
16135
10790
17253
23381
35192
47908
14518
18097
21357
14760
25232
35915
25802
28261
23141
10969
36029
20063
18636
20819
28522
23284
15171
13338
14421
20705
22608
17319
28534
19543
26775
17671
22346
28351
31181
15941
30295
29068
19402
21399
19851
53668
23305
28766
26048
26026
19006
22375
21169
21354
28151
15492
18947
22174
26009
19189
21155
29161
15917
13842
9605
17992
25357
32981
16947
28587
12757
19349
10433
41737
24509
21304
35888
18969
21850
37751
25589
14753
19257
22984
32585
18445
21287
24480
18250
19088
30414
34203
21257
18789
19608
18241
22012
38625
35881
43055
21708
26070
21236
32893
23096
19667
20082
12077
37951
14194
26957
31881
16375
25665
27785
21033
22129
42161
22712
29553
14659
20132
25633
20388
20275
24817
17753
22931
23417
17559
17582
23168
16660
32413
25747
35868
21337
32782
21972
31918
32116
27476
36588
59577
17473
29212
26228
26797
24812
43015
21676
34640
32337
22345
22070
17216
24830
21087
30038
21289
25609
26826
20146
19047
23599
29981
22359
18613
31180
15063
13425
14969
17390
27517
20284
19107
28598
29430
45406
20387
32826
27383
28425
21723
20555
29931
52838
50292
25211
20568
28967
37915
19377
18278
26980
10719
20823
21800
46749
16884
32329
13546
24660
30048
23093
20643
28263
31792
16820
14537
15011
48080
18609
23763
36043
21286
21519
19485
29331
18281
19748
26473
27761
20321
17852
26927
15124
24030
17044
23834
21264
22610
16979
28145
23249
25405
18597
21230
22552
27511
13819
28477
18464
17303
15182
21461
23508
25889
26334
41053
17814
21832
24942
22173
15697
22752
19854
18188
8837
18740
23361
20608
15928
26113
29152
38096
24145
18386
18184
21918
15645
25234
24628
26396
26862
33076
21364
24518
15424
20656
19350
12851
29675
15879
24243
23151
25244
12633
49702
18225
20631
26539
16710
25790
19514
22539
23359
17444
21590
14975
16875
25623
38018
29019
15015
27791
26269
13524
22129
16952
24497
34057
14002
11196
26659
24702
18719
23096
20095
23350
39047
11208
22406
16727
17247
22298
26931
26063
25864
43340
15746
25048
19196
21541
35166
23100
20117
25660
28440
15541
13000
24290
19074
16497
18616
15772
13506
31568
19399
22327
17925
24950
19276
27297
46882
13119
23191
35971
30739
33288
18980
16863
23911
43876
36579
22305
39165
33664
20916
29473
21247
31248
18356
23765
17194
18634
18324
24282
24625
58416
22515
21928
17709
32635
23974
19697
32592
30247
20743
22019
16268
29545
26658
22790
22626
25785
17688
15894
24698
37341
48344
24293
16517
23958
23540
15966
21295
17676
21764
25139
25187
20932
27826
27104
23422
22074
33127
18675
9329
18997
20718
18105
17224
19927
26949
20087
28852
34395
21384
21532
33275
22585
14976
21559
21591
19484
29515
25813
28932
26569
18612
22858
22707
25151
25405
33917
31664
13054
21561
14423
25763
17136
21381
11949
18480
20148
21880
20942
17610
24681
15218
16188
27987
20179
34226
22291
20139
18813
18420
24440
23011
9068
19411
37241
36426
20391
29801
22089
23070
20061
17689
24629
16906
12780
17563
23374
14612
17262
19818
18090
24510
31026
16812
26079
29822
26140
17957
32972
39004
22207
46940
16727
20427
12569
13492
24849
26987
25251
15636
17973
24627
16717
21608
12231
15112
19764
24777
19370
27717
25059
22614
20980
21813
16260
32338
20425
20484
19510
34103
30372
15156
28790
20776
42903
17711
20477
24990
21285
14096
22923
28395
26023
18220
24645
45936
16083
16186
27647
22115
9432
17582
24778
38459
36283
22412
23404
15931
17036
17948
15879
33931
20132
27753
20100
34921
17029
15150
22043
11450
34536
17779
19957
25574
36138
36662
23831
21174
27939
23876
24873
31002
31899
30577
26041
18775
25346
47078
17183
35446
25579
21393
52371
69344
25049
19407
24181
31633
15681
24100
20851
17673
27993
23014
13353
13951
25282
15959
20148
15222
17176
18002
29453
20735
18902
30551
15390
15821
26695
14534
22560
26098
16765
17893
19950
25548
16381
22257
22996
38053
26189
21252
30881
53538
23824
30636
22554
30338
16770
18129
14983
23489
17841
10608
29755
19943
17938
20306
15076
25379
24224
22393
18714
20373
11332
17228
19007
20862
32971
17409
31654
16697
31351
18164
37441
22053
21365
23119
15574
20168
28946
29936
23179
30922
27657
32480
21449
18357
29380
19243
21115
22058
19521
22900
19883
15450
21008
16428
14856
21183
17540
19950
17977
31944
18225
18983
30293
12006
17643
10940
28943
30548
18585
17895
22091
19057
26540
17425
22658
13387
32703
19972
22625
17147
15533
14193
34952
25173
11851
27623
16810
14912
27224
22001
34564
36561
14766
18987
18472
14914
18938
30271
21421
27544
16823
22904
22758
28269
28856
24853
22877
36849
37745
18386
22004
18332
23068
14393
15246
36542
23871
20040
15121
16668
21092
18958
61106
20436
19286
19612
21542
20948
8008
12965
18571
20636
13104
22390
19437
31626
17740
19545
17843
12927
22421
14673
16823
27603
19165
26738
21216
39482
19173
14417
20669
24917
26139
18350
22041
24864
18537
11083
27745
14250
16906
14399
29849
24207
23456
25473
69385
29112
9960
21962
21626
32182
20829
44515
20431
14322
23703
26243
21048
31735
17164
19570
14660
26806
37281
16021
40464
36887
41090
49402
22896
19435
19289
12069
19481
35482
25138
30626
25325
23244
27260
13510
25967
23193
24868
42068
45613
10483
24974
23818
21896
12351
16886
26527
23661
24453
22056
11623
32313
16381
17118
40808
15734
14571
20014
22230
18433
29142
15281
13915
27140
29294
19771
24413
7710
17712
14604
18583
20580
18876
14344
32006
12727
18231
17099
26498
11209
24688
16831
19054
18096
21886
29178
23438
23961
15983
31667
21898
20698
18951
23664
22466
20270
16377
19740
20111
28478
22617
25302
34353
46061
25430
21253
20901
22342
26125
23077
23276
30055
17005
25601
46374
23537
13921
18289
22612
20689
16682
15126
24057
21086
44198
17459
25384
12887
22013
19395
15193
21004
25214
19100
28655
21882
16197
18856
34955
24016
18620
43027
13889
25147
36890
20817
18745
22928
28909
27330
27429
26937
38192
11922
25702
66178
32661
22231
21795
14557
21037
22797
23409
24258
25378
21435
25122
23306
14798
12739
20045
20152
19111
26895
30969
12848
24700
52838
28299
49051
18153
18210
24574
27538
21287
26572
20259
22294
23694
31703
23247
29978
12442
26456
23390
20737
28203
15579
20548
31531
28191
21817
20628
20059
18437
17641
18776
38640
20244
19491
24665
20600
29359
45261
10203
19534
29760
30036
29638
19766
28431
28055
44149
25139
37460
18749
19604
36589
18375
29489
17783
20376
20823
19464
20987
12258
27161
36897
50336
20733
23372
18945
29375
19084
16368
36592
72042
18946
17744
27345
20648
26036
31252
16058
10543
19184
18567
38650
27609
27732
16679
22837
22304
34609
16187
21747
15916
18662
24181
19874
24528
25291
22048
37243
13875
6787
29697
18775
32761
17618
19660
23488
13836
22070
26465
24614
20997
29619
26778
28011
31416
18120
30339
26019
24207
22675
35646
19865
26599
18770
19842
18702
22752
19125
22484
19807
34748
21122
20298
27289
33352
18461
28114
14438
20704
25728
34082
41877
54303
24573
32697
27233
42946
15691
13911
19522
24240
22472
20775
13458
26714
28211
21006
14349
17057
23919
30472
55420
13389
25734
25389
43594
23031
20004
14574
22508
22694
20102
16452
22617
14815
31202
15285
21306
14429
21471
20138
23372
27765
16318
18252
29582
37984
26736
20936
14827
18475
30837
25653
28563
10663
23229
24055
15316
15603
32823
15827
15179
17191
26395
18469
17295
29230
19779
20750
22666
21782
17574
23273
18742
28085
18504
19500
21024
24216
19549
20765
19973
23236
30123
22055
18907
16274
15041
29804
24046
16219
16982
24480
32773
20436
23754
35530
32867
29779
17647
22536
20567
31018
33173
37598
27172
49286
22588
22072
29683
16530
15712
14010
15409
22414
21297
48149
59193
29666
17863
15727
35760
24333
22941
26507
37718
36086
32972
49482
15842
14411
22651
36731
33365
21879
16658
25784
15596
16806
30711
21184
24513
25329
18196
17216
16979
36734
24580
12666
23357
13648
16633
19664
23634
23443
26878
14551
34892
15857
15930
30195
15306
14803
17863
14361
19524
41436
24015
28616
26046
18758
28477
40013
23536
26013
28380
42107
27187
25664
50648
16318
32067
17603
25399
25528
21299
35253
31053
46596
27285
61746
14981
17971
19534
22483
23265
19159
13980
20695
17669
15042
