19867
16685
24959
39700
21996
14948
19949
15552
20047
14661
18386
22277
19343
34253
16529
17567
16368
16881
18344
15830
16041
15324
21564
16480
17643
18682
13251
18853
19168
15192
18361
17025
15936
16362
15716
18232
21429
21539
19414
15179
16230
21004
15552
16240
26437
15320
17320
17281
16324
18622
14504
16709
16386
21037
18106
18163
20444
23166
20789
15204
15606
17518
15451
15723
17417
20058
17764
27126
16440
12931
15857
16987
14455
19405
15852
16968
15284
15076
23360
17586
16871
14308
19817
17994
14002
18012
13542
13854
18134
13908
20362
15038
16052
19060
13957
14248
14797
18247
16302
14627
18597
19154
15669
17468
46716
15773
15228
15710
24179
15151
24689
15002
16994
15352
16097
14243
18709
15444
15890
25211
14237
18142
23738
16479
14135
15898
15189
15043
15599
16324
16923
29076
15050
14088
13646
14883
18816
13212
28255
16685
13083
19309
16390
15458
17899
20682
15364
14469
13134
16826
21697
14122
21747
14049
13528
17850
20416
14641
13344
15911
17612
20660
25852
17383
13461
14765
15886
13893
16650
23137
15769
16642
17708
16529
16940
20061
23142
16225
25953
15704
14341
16939
14660
22665
14388
23347
19470
14367
13654
15683
15754
19580
18217
19218
27194
21129
14103
14995
13528
19370
18825
15485
15307
17402
20342
15240
16369
14739
28654
26110
25258
14380
16786
15685
14967
18244
13257
15082
14251
14691
13889
23767
13999
23430
15524
24781
14342
15603
16702
37035
17548
22628
14647
17893
16636
13783
15990
13495
15598
22278
15520
15140
15939
21478
16009
17750
25119
15786
13260
14464
13681
19409
18927
15008
15219
14865
15022
14247
18836
13847
18676
29975
14745
13963
13356
16203
14770
16017
18014
14524
18456
13375
14695
17036
15564
14605
20973
16561
14331
17900
18337
15606
19336
16001
34612
16548
14002
16718
15642
28506
17309
13632
17115
17696
16635
28782
15660
28234
16838
30789
19444
15861
14659
14239
21730
15326
15382
15152
18516
19062
22110
13756
13893
16566
15947
18655
21567
18021
15556
25274
15211
20318
15847
15059
13436
16018
15585
18220
15495
13515
18145
26056
15853
15685
18378
23704
17004
16602
18230
27411
13825
14000
15830
13502
17869
14216
19561
15332
15639
15237
23845
16895
28215
19464
19531
15043
15165
15398
14013
19499
16458
15728
17439
47370
14736
14399
17139
14144
16687
14315
17551
13672
18718
14611
17359
14860
14072
15845
15062
14362
16315
29689
15241
23713
15790
18758
17849
14190
19597
16097
14563
19556
14750
17381
20620
14906
20883
22647
14198
15326
20390
16848
15355
18042
20427
19260
19369
19773
18181
23404
28565
43998
14524
20621
19856
17641
21476
28101
21907
24523
20906
15380
18131
16189
14430
15638
17630
13169
13279
15036
16985
18667
19019
24195
40742
13490
15043
15859
17275
16302
15399
14679
15988
15830
17266
20489
16341
14923
15120
15041
14801
13808
13975
17219
18764
15518
17239
15156
16534
13348
17806
19343
22093
18480
18553
34967
14876
17616
15936
18710
19795
20255
14444
14185
17068
17540
18941
18668
16653
14844
21372
16376
15591
14483
31668
18767
15712
18569
18550
14323
15614
39831
15542
14667
19063
33227
14625
14454
31336
15611
15905
16279
14083
13306
17803
18524
13117
14726
25677
20148
15842
14402
15219
31124
12978
15283
13254
14280
18274
20713
19655
17349
15042
23033
25809
14921
17928
15577
15481
15452
16362
15877
14583
18091
35305
43599
15613
20068
23137
21434
14919
14103
23845
12706
17554
15387
15761
19680
26396
16374
20599
24797
19474
28617
17185
14011
14018
23737
24616
14537
13824
29383
13083
16558
17395
31825
15308
21360
18138
21434
25563
25410
18729
14491
21584
30403
17952
18458
14441
16363
20444
19926
12744
13413
15844
18913
15255
14120
13488
15836
14559
17220
14251
15706
15274
14933
16107
20200
15063
13674
15028
19054
15766
14712
14889
15550
15662
14643
16041
15665
17011
28184
20081
16331
17519
20582
14992
22112
17442
19245
18613
16576
17313
16598
21480
18503
14396
14682
16367
15044
17437
18368
17083
14448
20736
14812
17333
16496
18151
14210
13474
22437
14141
28044
18192
15540
15060
15960
20104
18037
15081
16050
28045
15760
17485
19646
26011
13859
16252
33215
17532
29881
44861
19766
19774
17217
12460
33809
14911
15959
16746
23667
19443
17329
15118
14149
15670
28689
20102
15969
14533
20867
18751
16718
16659
15975
19234
15683
15477
23152
14919
13909
14587
19360
13922
25519
14917
16078
17309
18936
23211
17199
25962
24971
22811
20882
14532
15829
15990
13836
14918
19490
14117
15737
22738
16178
14788
18055
15858
15298
18495
17211
35217
15802
18892
16372
19379
14974
13989
26390
15619
19234
28039
24056
19771
19035
13546
17491
14752
15408
17908
14606
27324
21468
28402
15080
16395
13392
18956
16297
15246
19522
27365
16268
17817
14512
20842
16231
14110
15983
24505
15033
24527
26834
20500
15037
17546
15337
18669
14811
24990
13776
14233
20301
27962
18094
24863
14184
14787
16716
14071
16433
19117
31735
15482
15845
30397
16624
15006
13049
16755
16350
15328
15824
15333
12897
18203
19230
25621
23743
14635
26371
16222
22273
15146
16180
17940
15189
23946
17985
14053
14144
19039
40081
15603
14888
17781
22241
14164
13560
20659
19045
13639
14539
15096
20958
15651
19954
21167
17624
24771
14203
14761
20217
13851
22083
16525
15739
16615
19325
16834
25149
14702
19538
21439
14385
23214
18862
15489
15674
15947
17130
19345
18319
25163
29157
42212
19072
14308
16209
18335
19163
17904
16351
15087
12702
14164
14965
16364
15833
20715
14672
16850
18602
17137
18167
21188
19466
13356
14586
18585
26460
39208
22390
16016
15596
30023
17111
14267
33297
15113
20326
31389
18214
24115
15455
14651
23584
14377
24879
14686
15264
15872
18852
19356
19786
26680
21933
23302
20317
22776
17156
13196
19743
17048
16873
15316
14817
15533
18778
17285
47890
21174
23451
15656
14212
13060
21953
24512
15539
21295
15721
15528
14154
22481
20108
13997
22563
20395
15175
14082
16119
19094
22996
15688
16474
21956
22394
16118
15006
14566
17152
13717
16074
15500
16092
17090
16158
15902
13806
27536
23214
15253
18513
18897
34109
15998
15855
15250
19339
14105
23159
24897
14686
14974
18230
19244
14870
13545
14938
14729
21117
21441
21451
15964
16210
23959
23883
15252
14519
15769
16269
21299
13247
23774
15851
15258
21598
14380
17351
14927
16462
21518
30611
14615
15750
14078
16602
39303
20374
17426
20278
19268
15663
16678
19075
21354
18262
17736
16890
21279
18102
13629
18679
17791
18473
41583
16394
15384
18040
15439
15377
14477
18927
18396
40811
14935
21974
16227
12937
17762
14753
14578
15264
15702
18225
25040
14858
14973
15269
16893
12783
17249
15732
21080
15029
14486
17773
15579
16809
15553
15122
15903
15784
20307
16651
16153
16391
14424
26340
17388
18725
19102
16785
18354
16561
16759
15421
15436
17392
16898
14873
14460
14625
15779
14471
13496
31915
14790
19126
20318
15906
14061
17585
15562
14611
17475
15711
14151
32604
22292
14553
15225
14855
21241
14886
23114
17605
17356
15001
19061
18583
13372
13783
27456
20793
16195
21790
19130
13224
15587
16709
15946
16108
14652
13257
16007
14810
17140
18752
17302
25589
13715
13675
15025
27589
16445
17388
34165
16320
14745
15979
15869
14499
17628
16141
16296
17277
16214
15804
15458
13975
16176
18803
35744
15375
14310
16143
31493
15469
18772
32444
14787
21063
12916
19385
14397
20349
19003
15460
22188
29766
35559
20386
18674
20222
35401
13765
14397
14155
15545
15125
18014
29487
14899
15777
22027
22988
20346
14792
14263
14422
14649
15919
19370
15021
14745
15008
19431
14102
14442
17763
17374
17994
16161
20704
19118
18302
17193
15267
14774
16392
24883
14401
20545
16453
19043
12917
16572
14833
19955
18865
36096
14537
15244
18790
22135
24868
32415
18275
13774
15721
25386
21036
27873
22221
18656
14655
15890
25686
16441
14349
14598
20525
15231
15214
15847
14941
18519
19868
22122
27493
22025
15213
15415
14565
14490
14449
15677
16296
13702
15730
16140
14844
19507
26968
33830
15744
16182
19044
15897
17275
20611
17074
34776
17775
15231
21065
15844
14037
14905
17346
34372
30380
25096
13863
20385
16519
14388
17240
16640
14686
19649
14493
14075
39157
13558
16438
14177
13175
19995
14404
14882
17718
17606
16515
13420
17171
16220
17534
16025
18290
16203
14880
15788
20990
14902
15561
13363
22567
14514
16928
15880
15456
15273
14008
15027
14716
25933
15315
14241
34069
18300
19446
14550
15664
15225
16000
18407
17341
31683
17607
17702
13055
14824
14209
13621
15592
22076
13761
15816
14153
20650
18625
16070
19048
16326
22201
14747
31904
16776
17400
21024
22783
14205
19218
15151
23443
14320
15991
27009
18543
19294
13547
14826
23786
23044
17223
16269
20502
25574
15720
18150
17485
14282
16566
15154
17094
23142
17876
14604
16250
26096
16821
14284
16195
28336
16975
26094
16610
17588
20814
26245
17280
20147
22270
22571
24032
27539
15674
18308
24368
16290
16779
14726
16539
12276
12922
18002
14035
16273
16777
18924
19686
15158
20908
19196
15214
16447
17830
15003
16020
17328
31491
14756
21982
19168
20227
15207
26074
23582
15916
16315
17913
20922
16278
24944
13628
15290
37018
14987
17524
14574
16430
13052
19500
21577
21667
19739
18136
15062
14798
20821
20582
14106
24407
16526
21904
13526
16995
15110
14049
14685
22350
48732
13697
18682
22077
32510
15448
14520
20534
45184
16261
12824
29712
47645
15564
20367
15973
14276
13889
17507
20106
16450
20911
18792
14488
15650
57573
15405
21656
15097
21687
13399
18244
20194
23540
15212
17763
15019
13862
26023
21503
15092
17347
16068
14702
20908
15322
28376
15026
16820
15048
18343
19065
19983
15552
14100
24844
16234
15736
13475
17187
15969
14227
15456
17075
16699
15494
17301
34767
19008
20064
16170
20923
28612
46655
18502
14449
17598
16700
13906
16730
17178
22083
16976
16245
15388
14429
27756
15642
16132
14128
17715
22542
27330
16397
20790
15369
22324
15515
15559
17640
15018
17668
20986
15957
21034
19413
15866
27335
16672
15785
30684
20880
14710
19105
16635
17046
14070
15500
14237
20785
22302
16729
15353
18184
15640
13911
15020
17087
27101
16174
24802
18312
19266
17202
13581
17406
14224
16063
38069
16531
25746
14321
18404
15406
16429
13695
21392
17272
20653
16974
25866
26485
19229
20088
22574
13763
14827
16451
15222
16324
21352
18134
24789
17342
14605
16257
19854
31826
17773
15948
18248
18388
16311
15657
13989
18680
23871
15200
18497
15741
15648
19984
15044
16457
19839
16992
13980
14099
19206
15527
17387
17611
15299
19428
15765
14547
18100
29327
13612
16384
52717
15585
15216
14852
18794
26711
16426
16443
16679
16930
15488
33016
16535
16637
14825
16071
18036
17187
16700
17367
18544
14229
13657
13689
20311
23709
16792
20560
16545
17447
18794
13699
30552
17115
20075
23473
17433
15787
16937
14861
17059
15962
32661
19294
20695
16026
13515
19366
16848
17809
18679
19124
15409
14333
27389
22046
17387
31959
17746
23938
28839
17067
14926
22350
23606
16367
17889
17185
34849
17337
14580
16281
30632
21860
15353
18861
15432
16694
15746
16634
14541
15311
16995
17105
16796
20501
16079
16628
15324
15094
17797
16506
14038
18038
16204
19081
20501
15005
13779
20067
19240
17320
20157
16499
14583
15005
19781
23993
24553
17621
15573
16904
23345
15299
20768
17599
15194
21644
18611
14563
22248
18689
15049
15316
18075
14702
14038
14404
18622
16902
13776
16601
29483
13957
17559
25883
16985
16306
20795
17299
23938
17770
15772
14436
17952
16336
14511
22850
17552
16788
14962
14992
14902
19209
14753
15911
15405
20916
14373
31234
25110
20714
18637
17263
15614
14071
14037
16607
19166
16114
15299
15621
14699
15049
17113
16248
15984
25287
17363
22563
17684
16663
13330
17109
18158
15820
15083
14644
14934
15683
14905
14339
15359
18671
15607
14467
17944
16165
18510
15819
19312
19089
19345
19827
25440
17486
16583
22237
16882
16772
13960
15352
16234
18506
16661
13339
14385
15007
21881
25574
15933
14456
30196
19119
19787
23591
17060
15082
16874
18468
15156
22006
15312
15367
14291
14481
14394
17620
14411
16314
18320
17821
16471
20687
16806
15168
15048
16551
16101
26073
31671
16401
14483
13855
14162
14936
14589
16414
18600
15459
15799
15137
19871
21111
16205
15461
19907
16491
14144
28019
15007
32484
17837
17581
14385
18070
23731
16264
22017
30565
20668
21132
15011
20748
16623
13456
16772
17832
18616
17807
24087
13987
17357
15688
21321
15537
14919
26632
17983
36393
17939
17266
20192
13923
12598
13408
16684
14485
23590
15685
14303
16730
15737
14472
22162
20980
19169
14144
14627
13792
13699
18849
16693
14064
13764
15436
15436
16122
15266
14530
16698
16682
25690
14495
22528
21024
26524
19255
16512
14194
15171
18963
24730
25366
23474
16455
16738
19189
14717
15086
31822
21012
17603
33549
20617
28748
17202
20097
17467
13549
41423
18131
16547
14013
13932
14109
32074
18015
14071
14118
15196
21403
23550
14039
13773
15279
16022
13002
14076
13786
13076
17979
25968
21290
19652
14419
16661
16336
16144
15713
16696
14879
16292
13884
20383
18054
16438
20598
13512
15686
16740
16586
16417
16718
15345
15227
14745
14130
17006
20075
14955
23257
18665
20810
22391
13308
16219
16601
23417
14937
20307
17268
17195
29594
18414
38463
15319
17455
18545
18027
13890
25696
13405
14410
15256
15120
14748
15496
14675
15122
15758
13792
16349
22700
30350
17325
25113
14348
15966
15700
15143
20539
29381
26510
18926
15958
14992
16424
17574
26141
22157
23166
21907
15089
15296
17652
27050
30308
14937
16479
14153
16060
18483
16821
14977
22234
15618
18199
16206
18281
13635
16108
18155
14884
22042
14905
16418
19103
16610
16802
20002
23224
16413
18408
34355
16179
15823
40543
14536
19962
19012
17410
16703
14345
20222
15951
20182
18593
15230
13365
18833
25448
13546
20228
33933
15086
26627
17932
12908
18052
19436
19370
17325
19304
17093
16705
19573
19271
15893
19274
14789
17232
38239
17435
29539
16721
19495
12877
18806
24616
14569
13579
14229
16075
18562
14434
15564
17486
15834
15376
15144
15263
20332
23827
18209
21423
17323
14837
25562
21199
17065
17611
20569
16170
17362
14915
22084
14041
14364
24155
21125
18506
18690
15577
15468
24176
18143
23902
18358
19676
14030
14563
17270
33839
18122
17973
29311
15094
15214
15368
14079
14204
25987
16607
17007
15036
13797
13321
18608
14516
20096
17105
16545
16890
16118
15936
17362
16035
15188
31792
34280
14412
17260
19874
23079
17341
13951
23083
17811
23296
16110
19874
15320
14245
18339
20876
21047
18001
16423
17166
16841
15182
17089
17210
15982
16084
15106
16864
15484
19496
16592
23498
35072
17957
22831
17809
14996
18944
15251
14766
17064
15534
17682
14631
17726
14296
14603
20307
23579
20556
16823
13199
20435
14498
15345
19092
13932
14696
13590
15541
18207
34429
16057
14779
14945
17422
15594
14289
24311
16645
21277
24169
15734
15952
13199
16541
16198
14551
18102
17086
32408
17669
19842
13140
15518
18791
21063
22018
14561
23616
14690
16540
16540
15109
15838
19121
14486
15043
17759
28829
14922
20208
20109
13943
16668
18573
22041
15947
18151
13573
23312
15324
16219
13462
14805
21361
14399
20039
14766
21338
13467
14675
15617
12960
14553
15832
15038
18630
13956
18257
16568
22798
15623
15412
15012
14455
13115
15158
13842
13715
18822
17314
14317
18735
15278
17037
23956
13109
42257
15405
19292
14714
21494
25269
20075
18121
22190
18950
16223
18843
16266
14517
15390
18373
17491
16574
21660
16338
29350
13308
17736
14515
15247
19204
13264
18590
14675
16840
17750
16846
12016
23551
14765
16029
15149
17396
15386
28063
18349
17567
13466
20110
17419
15934
16628
15571
39495
14213
14093
13792
15348
15345
14156
16552
12850
18502
23456
15547
14171
17433
14231
19587
35568
13066
22155
20469
19624
13570
15699
17430
20289
15039
14084
15194
14336
15950
19305
16439
15748
19691
21257
14856
17920
29791
21539
22867
29353
15756
17794
19170
15019
20266
18264
17690
16847
16034
18753
16241
15458
13581
16486
19595
13167
14985
17255
13192
17736
13622
16361
16494
22343
16006
17494
17094
18699
16820
17608
17115
13973
15468
15742
15275
15271
18465
14609
13697
17544
17052
13863
13557
18753
15172
14568
15296
19902
15664
16358
15983
13604
18437
43894
13446
20159
18993
17681
14051
15816
16001
15145
23165
24331
15544
17575
16399
15826
17611
13868
18079
24115
14748
25450
14033
17692
20678
14441
14379
12885
17152
24474
14568
15057
22322
13252
15356
15715
17458
27859
16897
23257
20208
22886
15898
15683
35044
16908
15710
14727
16652
24679
14686
15276
19768
15802
15996
16615
16215
14888
25482
15116
13459
16061
13076
15995
16423
14855
17973
15015
14298
16016
17371
17905
17088
17518
18100
17676
12207
13715
15268
13587
19273
14694
14441
14237
16868
20894
17727
21289
12728
16347
14669
14778
14237
17735
15893
17908
35177
17124
16170
27332
14682
16062
16951
16173
21286
14195
14630
18439
13924
15086
18170
16072
16293
15838
15872
18854
27936
20975
21811
15575
15280
17034
23464
15154
15741
18047
17639
14090
19278
17478
16034
20908
15172
15267
15688
20463
34560
21346
18381
16899
16371
14352
15123
12914
18745
17148
17628
13956
18486
14706
18118
14252
20913
15947
16428
23002
14086
14361
17783
29089
14228
15668
14979
14059
16259
14246
12993
13897
19173
13110
22949
16548
14253
19209
17801
15046
16060
15339
18402
13139
15807
16231
14776
16132
18794
20800
19552
19023
18485
26310
15835
14158
22448
25162
18747
15392
15436
15204
27398
15199
20891
14597
15654
19698
36809
17173
14516
15936
15327
20427
15402
17635
14315
16790
17746
14551
18353
15582
18687
14830
14263
19532
17938
17682
15910
17682
14134
13340
20215
24466
13876
17965
15532
14301
15460
18375
17351
14090
23591
18796
24610
14862
15491
26691
23345
15239
16018
17556
17602
17394
22046
16713
14132
13538
15274
33843
24096
14867
16126
20366
19351
18263
22027
17905
15909
15675
21066
16731
14190
14634
23479
13881
17578
18493
15180
17286
39740
15509
18594
13386
14714
14254
14682
14901
12559
15493
14499
18506
39648
16526
16745
15631
15342
15804
20596
21871
17299
30768
15816
15810
17650
15479
18547
19009
17911
14641
16701
16907
13916
20576
17036
14281
18293
13296
35089
27255
20525
14442
18153
23814
20357
16084
16627
18093
14716
15956
23456
13965
15271
15857
18649
16574
18734
29913
16497
18674
27504
21082
14944
18024
37319
16771
16642
18845
18913
31779
15082
15973
15187
14817
14842
18638
17041
36569
14335
21282
14480
17452
18939
26366
19734
14857
15942
24880
14676
18482
15537
15084
13720
15259
14451
22206
17094
16754
13850
16966
13815
14146
14162
19736
21682
13055
17475
14154
15927
17476
13159
13647
14265
15310
15659
15957
16925
15309
15312
25511
18307
25417
14829
15862
19270
20519
15961
19474
16614
15141
13676
17582
14321
15675
13743
31009
16249
16592
13882
16111
28254
27302
19405
17089
15279
19010
14891
16453
20372
13983
17319
17075
14132
14081
16280
17143
16147
16818
24801
19247
23070
16379
14991
19739
19985
14387
17788
25332
15655
17442
12850
13741
14796
15139
14611
14154
16912
13210
14775
20206
21653
15782
20809
18757
14053
13107
19879
17222
27814
15591
14205
14383
16875
14237
14788
21940
27994
14276
12823
15909
16250
14711
16044
18426
13967
22130
21693
17770
14458
16483
14670
18042
16117
17427
14294
219182
181505
14716
17374
14877
15513
20540
21370
24084
18200
15509
16915
14616
15220
16896
24964
16090
15426
21787
16519
17883
13228
20704
32704
15085
18889
17338
24836
18272
13416
24462
15199
14138
18035
14336
15976
14915
14789
29939
18015
13526
23459
15205
24667
17037
14949
14477
28342
23841
14293
13983
17612
19613
13554
16375
27286
37570
20448
26110
15896
16523
17829
16665
15883
19151
16268
19521
20060
21381
14722
16809
23705
15922
15798
27206
18026
23227
18240
17067
17210
36161
15944
15175
22191
27161
23875
16389
17450
15085
17801
14371
19363
29847
14162
14577
14500
29653
15643
16032
15148
17215
20577
16302
14197
14407
21536
23764
35402
13382
19605
34918
16108
14496
22437
14988
16777
14356
15498
20552
16632
13659
20443
16525
32861
20134
23066
13361
14476
16143
15740
18573
16728
14168
14645
14899
15733
15373
14989
14242
18767
13514
16838
14351
18969
19197
16146
15088
27256
14979
16827
17726
16872
14388
45785
15256
14795
21440
32376
18934
14640
14596
20417
15153
16409
22013
18652
21762
20692
17251
16060
17896
14546
15491
15357
15845
16217
20833
16655
21370
26285
23097
14546
15616
35808
16472
15404
15423
15257
16367
15514
17491
14045
15530
15541
17868
19214
20857
14665
19819
13485
15570
22578
16388
21046
16016
15802
18862
16647
14070
24336
14018
17567
20159
21886
15118
21181
17769
14950
14429
17001
15589
14810
14806
13811
22094
14551
20414
14641
15342
16605
15589
15251
14421
15199
16647
14540
25456
17501
20891
31292
13743
23556
14591
21717
16319
14536
14701
28565
24629
14749
15131
13028
15960
15626
15770
16440
22234
22603
18593
22003
18443
15072
16243
29826
22959
17153
17054
18815
26003
34896
17422
12482
16067
15481
25987
15935
14717
14857
15335
18977
15155
19553
25049
28593
15912
21135
37129
19862
16151
27577
13628
19797
12461
17496
16057
18329
16711
14726
17800
15331
14907
14111
17621
22632
19342
20070
18159
18432
15753
20100
26558
15179
22781
27281
14400
15320
22663
13453
13935
20663
15712
12310
14584
21214
14306
14388
15361
17007
15303
16800
14744
16043
17452
19287
15611
14169
17277
15244
14206
13462
15583
15605
21848
14295
21424
15782
25177
16553
13103
21771
34915
17448
13961
14349
22788
17609
15489
22365
17132
17140
22859
49367
27757
18243
26817
15385
23793
17997
14659
14787
16006
20218
14515
15489
15003
28047
19462
15385
24954
15341
13904
18654
26987
23754
19742
14672
21804
13128
21942
19290
13790
23504
20672
18614
16052
19324
15359
37419
17656
17918
14361
12665
14039
16543
17332
18127
18023
15971
17408
14369
15176
14201
38680
14301
25453
18183
20562
14454
13307
21229
19840
14133
19523
16787
15927
15410
16852
16150
15073
14144
15891
14164
14081
14734
20499
18590
14862
17786
20153
18443
15406
15486
19208
20681
16485
16905
16423
19312
17920
21842
25746
15202
15328
22388
18146
15988
14318
15702
17765
13551
18136
22354
51645
13993
22394
13690
43879
17500
20456
36822
15676
17763
17019
16208
13452
17232
15045
13726
17497
15976
14392
16645
16806
16577
18128
14358
24661
19023
17187
17515
17214
14751
16115
15521
13588
19470
17169
21238
31185
15774
16433
16247
25950
42903
15090
19601
17318
20836
15914
16006
15071
18819
13878
15019
18923
36457
27116
16095
18156
14553
16372
18039
26819
38366
24684
17337
18260
13355
15717
29426
19215
15894
15909
19532
18026
17074
18054
17343
15404
15599
17431
17247
15221
14180
15083
18296
20670
28635
14335
16123
15376
15541
18872
14725
17591
26366
14003
15000
16442
15850
16356
16857
20349
14857
17314
19825
30346
17762
14973
14946
22621
17200
16317
19028
17947
14603
24004
15226
14377
16147
19278
16185
14216
26148
15089
19198
26586
29627
15821
24983
32896
15865
18744
13807
17155
13281
16694
16904
18254
13576
15728
14407
15604
24627
19817
24759
15324
21090
15964
13832
14145
14798
14319
14830
15192
21078
35062
17779
22397
17729
15800
33677
16538
20709
14427
14532
28473
17846
15821
14385
20077
15044
18554
23881
16599
17334
14960
14920
18845
18963
20608
15932
20634
24246
20493
15031
16868
25893
14447
14054
15622
15764
16311
14813
16516
19890
17777
14486
28286
13297
24083
15903
16628
16020
16912
14368
15791
16573
15982
14387
15134
15006
16389
23727
41111
16903
31560
15095
24598
18246
54212
24196
14375
15991
17240
15624
19416
16253
14289
15446
34218
14996
14705
19782
14406
16094
19710
15981
15862
24958
15353
23617
15324
16382
16999
17358
14357
14709
14310
15602
23249
17193
22426
14830
18984
18931
17611
16821
20269
17131
14822
28890
16537
15628
19841
27467
15983
18468
15089
22602
20467
18816
14460
18381
18994
16655
13227
22413
21387
18410
21406
15883
15790
19585
13842
15606
14043
15946
18770
19728
18141
14688
16745
32377
14213
15401
15577
38722
17161
16736
26213
15740
16655
14009
14478
15042
20811
16264
16119
18226
14284
27405
16506
36362
15593
20151
14847
20532
28406
15558
25890
18482
15138
13754
20236
18029
13892
19563
17968
17636
19655
22149
15143
17043
16956
13505
25510
14396
15244
16101
16221
29830
16741
29763
42141
16472
16311
21242
20840
27380
16308
16366
16094
19515
17253
14920
15246
37659
15711
24640
16836
15059
14973
15864
15680
16350
29152
36829
16040
22710
20498
16008
16478
20300
16520
17920
14554
16781
20029
16212
16508
13391
13779
18888
16756
20713
19510
29425
18412
14492
18396
14852
24577
14277
14665
16069
16558
26198
12691
18901
37831
15015
18244
15632
14024
15777
23163
13492
18057
16459
15568
13558
16552
18877
16954
13966
15805
16242
18677
24836
16806
16207
16112
15779
19850
18100
14097
16363
17893
14620
23095
13252
17348
15690
18244
14494
28398
14245
21372
15782
17740
17178
17523
17942
19197
16812
15739
51663
14437
21522
29334
15780
20662
23435
26665
15867
22028
14381
15733
14890
15978
23523
17952
17166
14925
26525
24888
14454
16385
16958
13019
18146
34070
14505
57741
15504
18637
31539
15163
20625
15361
15412
28699
21061
15088
13499
24126
15212
14449
18043
16253
17073
13998
18629
15853
15957
20683
17630
23773
31862
14643
17200
22046
17199
32009
16882
15319
14221
16096
14578
28505
20054
23929
21551
16213
15585
17516
33069
16851
32744
13878
17597
22007
15344
16329
14917
16766
15305
18824
15478
17260
24883
13799
15444
17920
15973
17573
30050
13563
16612
13957
19339
24616
14092
18098
15273
24166
18337
19731
17507
17153
14681
15150
27187
27056
16213
15476
15984
17713
22220
22785
39822
16410
15847
14104
14927
19907
14947
15554
16412
19096
17795
17412
18819
18522
14725
16658
16826
15484
30050
20414
15930
23880
18378
21383
16914
16155
26620
19232
14018
22276
18074
19245
21693
27352
28156
15720
13240
34026
44179
15812
14984
16812
21348
14513
15359
17438
14171
13674
28013
49896
15505
14390
28608
23174
17965
21236
14103
15718
19298
14859
16030
25446
21064
19082
20536
16701
12995
16547
13331
21019
35337
22937
26777
33449
36286
15397
32266
29400
15499
14196
22290
26859
15896
16516
14582
17788
16967
16011
19042
16252
19620
19536
23169
25373
18724
17334
19622
16127
23393
14565
14663
19830
14819
16608
16482
15069
13177
24004
26065
17605
12722
16349
30116
14825
15930
20216
17056
18039
22733
17498
14141
23834
35331
41088
15787
17551
22474
16003
27872
16219
17201
14688
16214
37483
20445
18707
17354
17493
17147
15807
15861
21120
13984
21963
20944
15036
20758
15436
17654
15348
13113
15638
14915
14462
12584
15706
18521
18852
15568
15457
16130
17258
20494
74267
29829
23016
19128
18670
14570
15977
13715
15372
17209
15245
39552
13011
15919
16114
24847
17430
15325
14370
14599
18912
19291
20130
15706
21021
13854
27833
15170
16045
21335
17225
16391
17817
15217
14510
14692
14398
15007
16696
16031
29377
19744
13408
15902
28883
21154
19657
14450
15678
14852
16624
30114
22811
21724
33078
14221
18295
20462
16723
13609
13950
15798
18810
40300
18906
14792
15797
14270
17034
20993
20976
19451
13727
16812
15506
15352
16799
15110
13942
13099
15145
14875
16911
14811
15580
16833
14807
20245
21577
17789
15522
14196
16022
13095
14969
16295
17377
17758
21341
19560
14952
18055
26217
16526
20548
23159
15545
16621
16393
14256
24925
18864
16837
18491
15158
15244
24579
18558
17410
37198
14823
20296
15999
13908
22710
16613
15495
16989
14845
15484
24010
16975
13483
18081
33637
15618
22106
15139
23590
19014
15862
24655
16702
14983
17931
15389
22755
14379
22984
14864
17634
13113
23268
27003
18532
17115
22807
18745
13481
12819
18420
14330
15002
26825
13819
24620
15468
15060
17632
14869
13849
17522
15301
15372
14530
14637
17452
27831
16974
26500
24891
18488
17282
18309
14528
14916
15801
15582
14745
24595
15485
18743
15117
23386
15819
17621
14261
26190
16932
15602
21599
16964
16319
13901
16792
19155
18206
16684
14529
15880
24707
14939
13979
22644
17404
16735
44323
20444
16758
18478
16551
26146
14283
21108
21202
31040
17421
18662
16050
228482
217568
17454
16404
13923
20370
23468
19472
18878
20793
19969
15135
13825
18574
19366
15973
16296
18646
15361
17636
15841
26921
42840
28201
16372
22297
29767
16292
22148
14951
23422
15836
26266
25355
19254
27923
21625
13493
20018
45835
17395
20608
19722
22105
16855
22795
14215
26983
16165
17116
28312
18228
13272
17564
15214
19171
19265
15826
16746
14653
16074
17194
15954
21651
28106
16093
15027
17627
20937
15762
14304
23446
36781
29834
29158
17082
16630
14973
16272
17885
24417
32410
15429
19768
14822
15116
18879
18673
24870
23885
43496
18942
21988
19453
25350
23188
21718
14626
15921
25860
15648
16436
14451
15314
16066
17588
15279
14077
13597
13233
14144
15766
18851
17209
15190
16484
15757
15636
15706
15159
22873
22750
16961
16184
18332
30457
16249
14926
15863
18823
14786
15247
15889
15526
17907
20381
14900
19038
17879
21728
14311
18925
18813
20745
21350
14395
20560
15299
14447
15443
14383
15534
26336
14568
26143
19168
23037
15147
26669
16547
17022
14770
17732
17950
19474
20630
14280
13997
15828
16485
24126
16785
26842
37602
14487
15212
14775
14037
14381
18180
29657
15781
20264
21432
21927
19752
14774
26327
20141
15600
13673
16716
23924
18441
17846
16986
16891
18431
16444
15104
12476
16670
15834
21502
17145
15823
17295
14960
28454
20686
15729
25448
17790
17819
14102
18082
31756
14533
17626
17726
13477
20417
15398
23156
14716
15924
14753
15650
13600
15638
21758
20493
16232
17105
25848
17397
17228
17863
20772
15100
17853
16705
16988
16247
16692
14024
30615
22600
15964
16143
15241
17045
15368
22030
23988
22733
19263
14482
15898
16519
14932
13985
16418
16753
20495
15739
22330
22615
19890
16667
16436
21259
15103
17371
24919
17855
23635
15352
20059
16673
16354
15390
19393
16775
20044
13830
13766
24059
