19470
23306
26192
29113
20884
24160
51385
18123
20743
28544
17919
23777
32473
21477
35847
36871
36353
26019
17302
14439
9470
24459
22405
21529
37002
25972
31476
22872
20252
20465
22949
17919
37563
27437
32983
15705
21296
39906
35194
19086
18962
24095
20119
25094
23517
15323
22155
14378
20552
39569
37865
49835
14564
10674
21362
24475
24300
26743
25307
22646
16936
21547
20457
24654
20884
39354
68968
21289
34646
37383
30651
22667
21512
21704
20915
30089
10221
20690
23547
23528
20152
25305
24627
16056
25645
20437
24868
19029
38748
26704
19077
19181
36350
46922
26870
15389
22382
40059
51703
13930
22053
33688
20843
27366
21890
14025
26035
19549
41268
15200
24576
25585
12705
28129
20500
13087
21245
15130
19423
20278
23709
25061
16232
14045
17061
15687
34324
12091
16013
19331
21768
24519
21559
51275
59252
24760
18051
21564
25401
27016
22790
14428
16605
14538
44143
30649
33896
16353
30854
23925
26213
17721
19776
18182
22431
24967
14865
26150
38083
17435
32787
25949
43517
35153
32745
14771
39119
25182
20627
25814
39358
30111
20976
15919
18926
22912
28874
26996
23881
42745
29342
23159
49878
26522
35440
26113
30411
30112
29368
11711
17266
29020
34915
19816
20410
17743
15014
18194
21880
16689
21915
15384
20644
16374
32778
38047
60138
51114
57938
30511
48562
38626
17783
23274
22750
39603
25562
53439
40011
56803
18824
50762
43066
24465
19950
36816
17851
19158
10899
21975
27426
29413
18415
13938
18653
27400
18624
22525
22088
25640
27940
28366
20611
24200
27328
41368
53022
21179
27945
12694
23649
20733
23352
21820
6536
30371
46087
53814
16182
25193
20347
23152
17240
22405
19090
21585
30668
15250
15575
20263
28901
22841
46345
22795
34168
12433
24161
26292
10912
27447
23765
26827
13397
19382
15798
20967
24322
31375
27964
43240
21288
24150
19084
37792
15886
30157
34513
27266
22709
17698
28236
32603
20824
28863
47783
23206
15953
19446
17051
21640
14299
25571
20466
22030
21916
33685
26067
22319
21053
40324
27153
26599
34055
50371
25285
17573
21504
23448
22225
19540
24076
23181
19621
20410
20733
25903
23183
27224
35813
18446
18403
19914
36207
23833
25667
21098
18354
21998
20545
37635
33647
35733
25482
46579
33161
25290
19362
14821
31886
16457
24654
24191
16261
26386
20741
34633
25963
22141
15543
72947
21371
25524
24488
16383
5375
18713
23709
9736
12920
22175
29929
51633
23331
19631
20979
14415
22377
18400
36367
22956
22186
18759
20911
21375
21589
21470
15939
22028
23506
22271
42698
20206
14837
24740
20432
18260
36366
24062
26074
40898
24536
25673
20668
25234
20776
13378
26846
24416
25982
10425
24333
21440
28627
16710
9920
33696
22210
21880
18129
30837
25025
23839
19501
20690
16313
32690
14617
25651
20455
49943
17515
13940
27534
18434
13275
17973
12813
27985
20524
22050
16685
35756
22317
23087
19871
25370
15664
40324
66326
28018
29534
22535
14478
19045
26976
14985
18919
16081
22684
18823
34158
20025
12969
17017
24175
24479
14188
13871
39342
33233
24627
17585
42367
12346
22389
14673
24868
26285
19049
22847
10780
23636
16583
26060
34856
27911
19997
40079
15957
22464
16142
24868
38281
9860
15364
25839
17043
28568
15620
17657
27540
23380
23197
40831
46885
37637
18746
20720
43456
23253
25093
42256
34496
68050
9617
25698
22079
33051
18521
16888
19160
11299
33758
25569
9047
30018
13426
23189
22269
14301
6504
32959
22960
29111
25936
22525
22729
25359
14304
35926
15945
23690
39604
18135
32132
24632
18964
23672
26444
20079
36859
25835
20306
26041
30789
17280
17120
16960
18432
17220
17581
15893
19585
29237
18376
18807
30504
21207
21277
20774
26227
28726
19110
13261
19125
20992
68956
29616
59806
16829
24655
17559
42412
16093
14053
20445
16738
34152
16656
17297
20802
19217
15333
22569
21810
18184
34882
11259
21461
18411
27798
22721
18649
21996
34218
33789
33626
32537
17869
14759
15745
24802
16161
31208
21702
30278
40491
24208
28256
25695
22449
23345
13655
20575
18932
27687
21653
29988
20410
45127
24654
30424
25722
20756
33940
25878
39319
34106
15970
26376
36715
31800
34025
25259
49700
40983
42802
22126
33710
23463
24325
33752
28683
9370
31967
21583
39205
45578
20158
21849
27479
23876
33701
17122
32546
21543
18611
18617
20282
55632
14123
27990
18206
19857
12771
18512
26248
29989
22287
32474
47187
16411
23546
30052
21472
22876
22932
16253
58591
74740
22552
21272
32224
34988
29823
22042
27989
14991
21461
36204
12647
15543
32485
20277
21673
20176
17232
46826
17201
55153
24794
19766
19427
33185
14812
22873
17506
14808
20713
21962
18686
26629
25133
22174
19173
20939
33170
26137
22649
22440
9950
18336
36871
22550
16698
41400
13673
5740
23580
25198
34409
26611
49220
28382
39336
30005
15286
24788
26669
38657
32714
33635
28290
23303
27419
23242
60726
51632
84091
53319
20627
28052
10331
24846
17959
19093
18455
18087
23987
19550
28373
32778
37431
20375
27443
21253
39686
33694
33277
19363
22962
21116
19693
23728
22644
23472
16423
25887
39761
21515
24083
17464
21941
18380
25015
27774
28463
22613
15455
22829
28336
22425
28922
18311
28368
21159
27522
35073
36518
22122
30085
24801
23943
24379
18277
26205
19926
22858
36887
19924
22018
20501
22875
28423
28140
23706
19377
19663
35538
64854
49688
28240
24136
24709
20050
14158
35378
19734
18179
21793
16081
34530
19618
18139
23307
12316
27067
23336
59216
43354
9595
32540
24091
13989
10343
35015
25406
21684
19679
24673
10765
25259
22175
32700
16149
23923
20324
27627
31901
38745
48977
74590
18686
22140
15458
23025
27063
10611
45288
34058
27189
21790
36216
22381
30267
17098
18789
29957
22155
22054
32143
24909
28560
16838
27694
20073
36432
46606
22835
30324
28278
21204
36463
25039
27008
46551
22039
30613
24082
29410
23948
19216
11377
30637
37600
24163
32670
22983
40282
44597
25540
12855
23708
43277
21715
21773
26096
20349
19263
28810
37911
13028
25979
46146
43307
16412
40041
17785
23770
21639
24802
19233
24930
22259
24093
14905
27106
61579
21978
34031
17922
25424
28834
20188
15314
29424
19136
27578
23230
25868
32581
20329
50336
61658
17783
29061
21121
19360
20182
12954
21645
21157
11206
31138
15169
13314
32046
21967
24624
29406
20938
38557
14174
26014
29705
65259
27250
18056
25848
22191
25332
22625
19518
30714
24125
27222
20895
20932
21206
18798
19131
16529
12207
33398
34391
15282
17957
33672
23683
21019
19758
23166
43299
28435
29809
37825
36701
34657
27561
24282
30946
21515
26371
27834
45138
20449
32407
44334
24221
29606
14978
24414
21061
16328
11642
25738
18406
22205
22941
12801
13618
23431
15074
31393
15834
27999
28395
24418
23040
17898
23376
23932
18323
40818
17464
24883
20334
20670
28608
34131
30093
22153
23531
22272
40201
20939
58436
19864
24862
23836
41267
18809
57085
23040
21335
23379
21171
20008
26625
29721
57356
14738
25044
27311
30112
23585
24480
21067
22629
11091
22166
23069
21889
26076
23831
24547
19268
27407
23895
17792
43184
47655
20048
60041
45519
30012
21464
17878
30663
18505
20282
16484
23914
32447
23107
20545
19942
34158
12245
16840
23673
26540
17900
14636
22534
35931
35082
18958
14385
35272
43923
63582
34592
25986
21779
25937
31752
15529
24896
31501
15635
25382
17760
22466
29209
19358
23893
31750
16464
30448
22870
40207
25284
23337
10853
21144
24302
20603
42176
20452
27509
24370
21979
23038
19759
27771
18093
20262
32591
33382
20424
26869
15911
25096
14025
21068
17196
19386
23862
43554
12757
24608
43955
13355
19744
22945
20111
28118
17780
25312
20836
23031
27026
22345
30775
29168
41601
19228
43201
24627
29704
45405
16460
17255
22564
24851
31368
22796
26925
16624
15216
22948
35127
14745
23479
15182
19987
30727
24250
28136
18157
22650
19590
57866
14587
25849
51739
32807
14745
13368
29339
30490
20638
36222
18945
32817
19528
35049
27665
25415
18562
20349
27116
39706
43501
19956
18388
28324
15619
43775
24383
13550
31299
15797
22534
20275
20289
44962
36997
17733
21366
40047
36244
14563
23083
16954
18361
38692
24486
23033
38372
25592
32957
16479
21556
26563
26616
40325
22419
25975
44171
21709
20027
19242
26965
24018
25870
19405
25653
28590
23611
23937
43221
17402
21408
19054
20770
24799
42585
24224
16018
26825
25339
25818
36250
27907
28401
24100
25513
21248
19228
42222
20772
48108
25938
24534
15901
17493
40320
16341
83369
97467
27918
20375
16441
28518
17470
16726
16790
25802
22924
14021
28102
18604
48209
25809
17928
21767
15900
18177
20682
25487
20754
16646
28506
18567
33444
18435
20129
26007
29817
47251
32446
29604
19856
50718
73637
30398
34404
22246
17667
22730
16419
37265
21248
36316
59628
17432
27457
49029
21043
69026
22887
34374
27953
33903
46604
37883
21570
34800
20134
19781
17086
25172
24286
15140
11998
21615
12249
19901
25957
18544
11055
27154
48610
16130
21011
19402
20985
28028
34368
21702
18596
18594
25814
20082
16991
32271
31099
28650
61013
75956
23486
88567
104903
29951
16790
34424
52899
22769
18176
17583
27267
20597
35012
38159
26014
24375
18535
50355
28558
27497
21467
13205
29637
24907
19418
18817
20541
22115
23577
26174
33625
41770
29465
22820
52274
27757
25888
27309
40405
21724
22072
22664
13832
25230
23809
38335
16194
24518
20533
44040
21088
17697
27822
72929
36510
29324
31614
49780
28771
26521
25734
20720
21624
27819
22075
30871
20993
30963
18101
17379
36557
37048
18930
16625
15096
25834
23063
35779
23533
41624
23374
30260
33668
44434
18962
15500
20677
43005
18592
16570
36376
8613
48712
63863
84432
19248
24581
26299
19792
22734
18694
48039
86510
15723
19481
28178
27598
40202
24762
29270
22394
18330
27101
24582
18877
22799
27948
15519
18061
18645
22774
13814
33213
17980
16502
28722
18286
40407
45023
18268
32980
15296
12317
29667
24307
12489
13935
25511
23559
22750
13298
17507
21666
23904
18112
24926
20071
33058
39278
27564
23565
28462
14801
22989
24492
24592
26152
24105
19926
26031
19601
48308
37968
25390
22600
27638
29837
16202
20932
25161
21694
22251
25323
18052
30205
14522
19971
16964
19756
46022
34500
20792
25928
20582
26066
17148
31405
30845
32312
27534
22181
21890
18411
33795
16506
17198
31743
15618
14758
20422
25621
28985
29843
29381
22542
41604
16751
21327
15251
16801
26578
28108
20263
42859
60889
31656
17823
22221
27448
27049
26137
22289
31323
18679
46238
20116
48763
37591
20488
41798
22391
21342
17034
17879
16184
20101
23573
26230
46527
33821
26014
26310
27863
29223
19932
40450
23235
21923
19778
15110
17753
17852
18741
29536
25547
27920
34178
19743
40181
20441
19837
21742
16736
29881
35214
24033
37461
27296
24437
34519
21676
32206
29574
16896
25604
38737
22776
35997
38299
23279
52047
24603
16219
12486
21977
20336
31172
14478
32927
29699
21235
20322
26910
43163
22393
38697
21418
20564
26844
24257
29546
21580
29936
35482
21666
20680
18078
24305
18171
20859
12829
25613
16216
32042
33356
28122
20806
40919
25578
23541
14724
19632
17091
26669
17041
17377
24844
12133
16676
24132
17561
21637
16717
19155
22193
15295
31686
33893
28134
24707
25948
33998
15722
24511
37865
34530
33638
20824
25365
20230
27580
37966
30713
11218
20777
17845
35427
44893
16676
12321
16475
25427
30959
22228
36221
46908
32249
25297
25033
28249
16609
26108
33020
27893
44929
21292
22142
32786
37871
25168
42863
22070
37371
75545
36864
44641
82701
17038
20196
33252
41304
26723
28883
49752
32151
17000
28912
22173
32048
14487
36083
18141
14115
17609
29858
25366
21276
54249
20343
14277
16243
18941
21592
19763
35225
18063
29048
22175
19292
22443
22621
36680
20600
30798
11851
21497
22022
35664
23489
73968
17526
29945
32836
25528
14623
26595
39088
36926
29249
37748
37607
18623
26339
28968
30831
22258
24618
17739
21246
20631
21368
29282
51666
16687
19270
31092
22864
5534
9439
25132
29160
25006
22843
48765
41198
22833
24295
22606
15497
18516
51156
41554
9100
19614
30818
16043
19631
33862
60773
30344
13647
23241
42164
40231
25336
38505
33733
21616
24150
20730
22013
13931
21496
15943
29574
21470
29827
20474
17909
18713
18962
35628
15462
23231
16938
16516
16790
27319
22791
18167
25343
11515
19180
38186
21630
30541
18899
22425
45406
44234
54395
33389
23613
22731
38781
18979
17782
15247
30453
22450
27414
24370
23390
31541
23644
18898
26765
20107
13712
25529
28649
18370
18356
19933
24230
25607
14488
11391
25523
26213
23684
13513
36299
30293
21410
15415
24195
12389
30243
39850
20858
28246
37347
33585
27255
22374
25659
25532
29860
23458
28939
23681
28299
28419
19250
26263
22974
20919
34598
35879
42905
40602
39866
13932
21750
23324
14551
21949
14721
21331
22714
23986
21473
18301
43476
24528
23339
17822
20074
26248
25708
20914
33984
35124
25496
44029
25377
21169
16402
19576
23867
39777
15232
23116
31416
70132
31044
43762
23914
28395
10436
9666
26757
18215
52305
18101
19969
34874
25538
15872
27357
15989
28358
27395
20090
22112
19024
17189
39861
30905
19719
41446
37795
15028
19065
32447
17877
32862
33737
38377
20624
34883
31256
52358
35030
23347
34959
33950
61849
30684
22738
14877
24760
47327
20380
22460
28067
30216
27555
27301
21654
38962
10571
29427
36697
10149
30676
23153
57778
66464
27481
22491
25398
36223
13058
30781
21701
29530
23888
34559
19579
24319
27464
22580
20500
28132
17584
19321
30886
32620
38288
20531
29410
57359
63719
63056
17416
31509
23156
20496
13215
18542
15204
15572
26134
44290
13910
18252
12157
24720
28575
13893
20203
27191
30771
68868
33952
20203
24087
41910
33521
18783
50812
25426
25725
39343
24157
29734
29291
32998
16977
21351
28555
45728
62171
32969
12535
27667
22134
30872
25608
20886
31662
33597
38863
53989
60336
27663
18355
25541
19672
18634
23885
17603
35944
16517
17736
28040
53344
87475
110327
16513
28110
47972
19253
31434
18092
37211
50565
30220
46858
54658
17964
19952
20035
17744
29945
23460
22899
38074
27356
19123
15902
21806
31431
39377
23761
24312
9922
20877
13942
18545
42723
36818
37742
23066
17389
25195
51132
14620
28725
27478
32759
27384
21782
24543
20953
25009
48662
40789
18431
30806
40532
21524
24469
34112
14369
18120
26171
26458
47362
24839
22625
28091
29935
28947
17822
19463
18313
27748
40002
29170
44565
29691
22436
18554
26531
17067
32000
24778
24456
19041
17741
17602
32476
28931
31744
25213
23656
27474
31200
39368
23557
22893
27653
30606
19117
30084
20607
32723
29600
35820
26491
27564
23237
23792
7544
35714
33040
24221
14599
28846
19690
21504
13696
17445
14540
43964
33090
24988
29860
20292
30345
20672
16595
18964
35434
18484
15614
12466
23598
20597
21842
12709
13826
20600
24509
32451
22449
30508
28391
21125
27050
26124
15697
40207
23976
37336
16891
30033
35911
24845
24451
16315
16098
23292
16772
41585
26319
40996
47435
27733
19976
13617
21958
17897
11008
17621
17889
29373
17328
18715
20739
19889
24339
19401
30014
19924
20321
27125
16159
19320
24964
32162
44488
25294
18795
26762
25634
48284
22121
19794
35512
24658
29805
26912
19292
24047
24795
26872
32522
18460
25565
27686
27339
16675
18168
12327
28892
19744
22605
26945
19382
45571
21984
29431
37413
61313
19020
23887
36531
14701
14545
33452
26986
32113
26319
28867
24678
21400
26727
31984
21165
32906
22600
13684
32477
21687
25897
35098
40924
25893
20674
18809
20007
23160
25889
10205
20887
22676
25720
17379
26597
26101
47549
59363
27120
17657
22419
17060
24865
49874
16607
17193
27130
17368
20154
12862
38377
62606
23471
22004
21099
31355
27914
16991
52606
20387
23769
26857
13002
45817
25671
30816
21663
16794
41449
33849
40378
19608
52066
36730
17012
13202
31172
25942
29481
11692
27936
13357
23048
24657
36342
50560
25415
55354
29070
25024
24291
22628
14975
18511
30131
54419
55277
36681
53019
23890
29007
29124
50323
26345
23413
10294
25492
23723
19895
30436
18388
21960
28908
34183
30275
19386
18268
14982
14890
32156
18660
34784
32674
40930
46907
24748
28708
15803
19531
23470
34401
40502
37229
36403
31646
25961
25525
26530
21325
24763
32244
19697
14776
17392
26753
23308
29891
22273
16720
24816
22485
53156
19504
30680
16161
15183
26678
18519
20724
16744
21680
19301
18792
25247
19925
19183
15039
27753
28025
38117
21259
37844
29204
20551
20653
19665
31264
14541
39632
46605
40858
52768
66802
36151
28091
13120
22805
19078
10804
21907
17004
21979
14468
19312
20531
47423
16086
13270
19411
15349
19375
20245
36604
24060
25403
29625
22509
23253
26182
10589
13686
15153
29964
21120
22862
24608
22396
21799
40572
35242
19441
17710
20278
40135
17283
17306
25128
20842
24803
22519
27047
30322
22613
16751
34446
53778
26652
17175
24161
21790
30596
39959
27477
33663
33341
16210
22061
18488
29435
20495
24555
22402
15231
18195
14465
24373
12924
21997
27835
14449
29776
17410
25203
20778
16173
39390
16189
23013
23591
19699
21605
19130
14130
18836
23611
18116
18962
17941
27069
13744
21182
31322
23229
39303
21598
22836
29902
16768
16793
23618
18996
16279
18561
31490
18079
20299
20633
25496
20964
13856
19193
16653
19989
15877
29864
24727
18296
33435
25239
18499
38967
40399
21259
22598
19545
19797
36509
39234
36210
39305
52528
30356
30758
25308
19443
18428
33853
15180
21126
21473
24775
52430
65284
14795
21116
19499
39816
54578
25740
22306
19773
17865
17259
18289
19181
19968
12204
19883
56246
15572
24338
28511
19911
24062
23986
27905
23640
23538
25717
36598
15675
41537
17633
23519
32839
24619
15883
29345
19068
29544
17997
25889
35664
20565
24155
28947
25629
15196
19199
23081
23354
44188
20506
26469
21288
38634
14038
20682
29783
32123
17965
41856
62206
61346
31269
19460
20762
29842
19429
29260
14945
25408
19088
31581
24764
17551
14743
17206
20197
19849
32122
22597
31166
42777
36172
35957
28770
23228
21972
22495
21840
23572
22375
20145
22624
13366
29282
36593
24241
32990
26129
25451
21149
12332
21806
12886
13600
24259
14958
22887
19861
30319
21590
36996
26623
21267
16251
21938
15749
14481
16985
25791
22234
34173
21462
29099
30978
27351
26654
17621
27276
18073
26698
20516
32980
13395
25965
21196
30084
25663
17469
31236
22164
37427
41451
45294
20958
24577
19493
23787
27287
20734
48761
25065
23395
15960
22904
22857
26662
24792
19225
33300
17551
36442
28152
26956
33237
12867
14698
20116
26741
23044
21109
17773
22003
16783
24655
35704
37264
23545
17873
27448
14871
28442
31591
60070
34359
18736
25029
20714
13571
17779
27905
24928
23443
32430
17036
22154
47861
39362
33040
27627
32995
35185
26133
28095
38067
34902
18080
23881
32807
33030
33286
41362
15706
32951
18496
32568
41149
35907
20640
22871
46698
15976
17816
34403
25721
22649
26457
16890
36237
23381
17282
26978
33022
31857
20854
42188
23806
33595
31245
23119
21156
22740
27408
19885
22771
34760
17669
15609
36294
27591
39972
28901
52549
30786
24331
30186
16849
39582
41654
25920
14459
45138
13301
27815
20318
21840
31947
61794
21698
21482
40883
18907
26054
16636
15968
16229
23698
23717
19141
34517
14855
17947
20726
47527
26543
30890
22271
44229
33921
25305
22512
24218
15078
14911
25478
15202
24240
28986
44759
47334
23129
20269
21422
35506
23470
22399
20805
54531
37476
21771
20176
27868
27638
37847
13904
20077
16141
39290
37734
14774
32616
16188
37545
33489
28289
27872
29372
21700
35560
52832
30236
23934
26103
17442
48526
19630
9590
19598
15042
18788
30068
21378
17156
19392
21676
18313
23922
14860
24462
49719
17153
31966
33772
45736
18035
26597
29243
21019
51129
49122
45040
23019
31928
35991
36054
27499
23646
16330
16941
17387
17153
23862
24445
15402
16116
23680
49929
25752
20331
35399
29152
19257
21968
22128
13693
34991
25547
30930
19274
21386
18298
38517
15115
19806
20558
19930
19322
44120
49760
64074
26351
53570
30343
28286
37126
42145
17595
58075
23636
38921
51772
30045
36625
22861
18513
23795
34094
36581
20933
15668
21206
18172
23221
21921
20305
18559
46449
11170
22757
16360
31327
18901
27480
18766
33287
22441
26129
17637
20512
15436
18855
21245
22802
19942
54354
16900
15946
20090
22718
19394
12245
16852
31111
36904
33854
24918
30143
16041
33077
29990
17629
25243
27143
33241
12015
25332
37840
18419
26784
23820
23965
40190
28271
46199
21672
20635
27947
41387
31192
50367
20682
10950
26173
17154
21724
35218
32320
29911
25159
15505
23021
11046
20842
55067
23778
16772
27704
17170
17317
24699
44028
54884
19797
29636
22318
21834
16686
11357
34558
54912
61172
24386
26035
30583
61006
17924
35671
24936
25158
44927
23642
49926
22778
34647
45506
46912
21775
26664
26928
24213
21730
37980
18225
19928
34700
13224
22508
33596
30231
39723
19586
20801
20740
39357
28317
45229
39060
28560
17771
18518
38528
19292
30218
13624
12463
17745
19149
23274
42859
22383
24782
21906
33755
19334
24853
16257
27161
31758
53515
18535
22978
20121
38227
23433
19881
28985
18291
22897
24405
23575
31610
27691
70340
86254
106528
26905
104537
42938
11798
21587
19903
23477
31183
26157
33132
22169
14212
25299
36203
29674
24100
18414
13566
18589
24108
24268
23060
14146
25871
26417
40400
17884
30545
21927
35535
28368
24940
24441
13583
22859
28209
16541
17186
33290
11447
25654
18539
43663
25196
43995
35626
38662
43771
17059
30777
30507
21725
56001
73679
19919
41898
18412
25020
31627
41561
37933
16615
15902
19516
25412
56758
23435
42172
35025
24265
36185
25382
23217
25470
27762
20241
24555
36106
44080
28214
27638
47116
26728
22295
24738
58712
60739
22111
27975
22404
30302
26907
16238
37468
48065
23790
26164
15094
14880
18559
41276
23946
24727
24310
12276
19183
30712
31461
31579
19561
18066
11744
23132
30135
26589
19795
33581
29769
22919
40278
33606
27578
31149
49866
24934
38106
37972
16868
14248
17499
26803
19977
19048
22301
15404
18036
31056
20268
32121
26793
21735
24653
17402
27561
20269
17858
11148
13915
11579
44441
21778
34264
25174
28104
15789
18455
29385
31448
33883
21554
19379
16131
29763
33434
19920
49718
24578
27967
17232
17197
24531
24264
22446
10725
23938
11707
39807
15099
43646
20898
36783
34033
11295
44601
42061
10815
15294
17145
29645
27243
30509
37008
50442
13805
26328
21851
16710
19613
14823
21319
23587
17975
18615
16701
20012
24918
18136
27317
31613
46554
35085
40024
15015
27543
25410
17194
27128
30086
24825
40968
23232
19297
34066
25543
10749
20698
30608
15410
20061
15776
34086
22136
24550
23152
28339
21508
40177
19718
24499
25396
27042
23241
18414
35898
21987
15660
13901
13322
27979
27919
7214
26017
33019
24715
22977
25843
15983
22965
24968
21273
28367
25842
30654
57862
21232
26317
38153
24326
21806
29602
20346
20524
12006
22045
20187
20686
19949
21007
19709
36817
42336
55329
25908
37474
38873
38138
40681
25846
71702
20405
25527
26192
29790
15946
24443
14882
11053
14565
33028
21330
27300
22520
13005
19796
38395
53815
45842
24862
25579
18600
27865
34426
28775
20459
23174
35106
17655
39881
22235
25502
45656
23122
15305
29008
30470
26954
18742
24710
36885
28484
16646
18592
56398
21656
30007
21435
37077
22750
31578
48690
24686
29010
17271
27859
16446
37066
23017
15165
32377
30165
37510
24910
13501
18576
24125
38318
62237
57262
22003
25704
43174
39007
29236
33582
17518
32019
36428
40789
47732
45031
20477
16400
18502
36687
43544
28149
22091
21584
18543
26946
19939
22815
21043
17822
20510
20475
23818
39795
28157
28071
15871
26299
27948
42759
22369
30336
28762
25314
25547
47388
22814
22009
29179
26244
37570
24836
9857
24415
39183
35704
57188
23119
20984
15823
38824
45384
24483
32340
43451
30689
13800
62209
31024
85804
74988
25265
25914
28174
24992
34890
22607
26233
27330
18909
19001
32523
43027
18139
15978
28061
24771
10584
31281
22436
19278
21788
13505
33923
35539
26136
27760
20560
22747
23988
34541
21135
41990
27170
14714
21287
22515
6614
12110
31154
57845
23748
20405
47370
18357
23376
35890
22229
42064
16867
20459
34234
25622
51230
13018
15561
27363
15584
16939
31997
27023
50345
20734
25479
31900
22844
17622
19064
29639
15537
21627
22084
20162
19379
22684
50581
32615
23228
33021
35311
23144
24900
18628
18475
26653
26370
22281
25602
26068
13034
18202
19866
25306
25817
30466
57164
22856
21449
19506
10449
18287
28945
11594
17005
28814
17415
24365
19118
34320
53554
49253
28473
27848
24881
52035
54274
27073
26152
23616
19861
19557
28673
16779
24303
16046
30639
21184
52498
16525
31053
14421
26078
25853
18376
23530
19817
18106
21897
18254
27774
26658
23699
15902
29698
27977
17661
25594
18064
15585
21068
31435
16261
22800
30007
27054
18394
23107
39033
23531
32530
16705
26719
52283
22403
24770
21371
23836
16405
19108
16251
43620
18114
29446
25607
16629
23203
25727
30447
43888
52381
28542
30323
20756
29866
38917
17288
27225
20156
29449
49115
12850
34962
19234
19788
29837
22172
18979
22184
40395
20193
12670
28062
23576
28048
16253
36405
16532
29277
16103
17641
40037
16969
14377
17331
19010
33245
17141
31121
44694
9782
14904
18193
28664
17731
26693
28615
21125
22127
13698
12447
24229
16983
16669
18593
27343
29692
20100
35079
16440
23776
16496
21789
28527
14760
30602
35778
22917
15592
26229
16068
27586
29746
27072
22486
27316
22326
25851
19740
29003
27817
28536
36046
27508
25848
30723
19595
29223
44789
29004
12080
18649
13913
32063
10948
41806
16342
32695
24898
19167
23589
18887
35124
36444
16318
18438
23275
20347
26598
22834
18056
29763
30101
27588
31049
33368
20730
46074
14018
26931
46707
21851
28169
22669
17926
28855
18000
26657
31810
20981
26674
37584
19651
49553
25148
26045
18625
25933
16443
31615
12143
28915
18808
21160
14790
28450
38092
73649
15895
16564
29919
20776
17934
22472
16537
23359
28932
30175
19024
21221
29886
35255
20285
20429
29070
40466
19386
22003
30046
18382
17357
34127
21404
28959
36307
35457
51889
23984
17458
25738
17730
32485
24284
22741
32023
19467
19006
21670
31764
26886
14170
30133
17243
32152
58430
50147
7836
27726
17554
19229
31331
27675
18041
23330
20624
31303
59964
60702
30331
27480
29987
41862
64913
18834
17316
19970
23343
16789
24571
24995
19073
18542
23683
17887
16643
12502
26023
23301
21900
23233
29744
21289
24175
21457
20458
15224
21155
22554
38750
16496
22615
41659
31466
49716
39214
22740
24633
19069
38488
36072
23950
25483
40149
22342
17206
32542
37748
23016
34381
40370
25924
21606
32722
36228
16162
26169
30548
19453
20600
17028
23184
38210
58725
35867
19058
22579
32200
16211
26235
25731
19537
35552
56491
49739
20375
23550
49632
19377
11639
24700
46567
11884
27145
36580
14301
24420
21295
27809
20477
28948
19035
24582
21341
12491
18880
25824
28752
22717
15244
23179
28583
21203
17488
18527
28501
29281
20217
32288
23732
34073
17117
15505
14992
17021
18899
25831
18152
16934
28143
21509
21847
22316
38906
30460
29160
50468
77156
17722
25638
16901
16998
20750
18222
18950
20861
36501
20945
18009
22368
26287
45334
19981
26956
22185
23553
30997
56685
17313
25505
37897
45924
18594
23616
20818
16234
25735
31450
23397
17753
24445
33038
23430
20503
22443
24264
21201
16310
39644
60120
17053
24166
35292
38252
58468
22224
20374
25148
29706
22124
24699
18395
15580
33752
39409
25299
41511
17633
29220
22590
16317
20420
31341
26151
17556
14141
20184
18100
17179
18865
24661
50826
31116
15811
20308
31409
24434
13133
20144
18949
16280
33724
19164
18653
29169
36977
17540
19579
17681
32844
25530
13503
17554
24336
17783
21490
17431
26472
18946
50142
17155
26054
33895
30856
17007
31379
10758
26952
40974
26106
28938
16526
14869
14897
20564
23320
17473
32172
37598
21346
21270
22741
22397
23449
34020
24725
25724
21508
20103
20296
22128
39071
22596
23992
22771
16336
31529
18660
15841
20491
18584
42961
19977
34004
20509
12918
24250
11207
16151
19403
44590
21566
18214
31282
30875
52331
25081
18718
18901
21453
27166
21084
18208
23558
19706
20828
16181
22017
41563
45930
27972
39336
22006
13805
23962
23575
15362
42440
32980
20648
25734
34620
50901
22864
27145
20955
25442
24991
19505
23108
14190
32632
18521
26945
36988
38971
19097
23828
22100
19411
17701
11674
15438
22388
22961
21396
18573
28613
23392
20749
30612
34243
21763
17906
35877
19983
37414
21952
17804
23190
20974
24970
24534
20364
31410
21624
28347
18654
23508
14599
35246
18253
28091
22769
11208
28950
27604
20004
15398
35428
18664
32363
27203
28151
28580
10524
18931
19315
48002
30773
31542
21564
29196
19137
18992
22450
22792
34042
23399
33156
22203
25296
21125
20673
27264
18484
41702
36024
33320
54385
29946
22350
27602
20251
25944
23857
25330
16600
32475
24698
30915
26686
35890
13293
25893
17980
33868
33113
34953
13978
21975
14982
20452
18736
15144
22483
46518
25700
22905
20147
16796
35477
18407
15497
26676
14841
12763
27067
20975
15347
46438
35407
34467
19739
19800
17230
30784
20961
16881
27268
25300
32167
21297
23392
32574
16712
30073
35684
31090
18560
38841
32881
19498
37597
31809
24899
22611
12391
36487
23801
26528
21263
34664
28737
21630
41851
43224
17079
15738
30219
48329
18329
34515
18255
25381
19306
20897
17434
18474
16540
16585
21806
14200
31923
27837
21141
22148
24527
16355
36025
41829
49852
21321
24666
31611
19562
35886
14147
15139
29584
16636
28881
36548
21571
18017
22207
23536
26324
35082
39324
37267
16412
17552
18840
22594
18433
25465
27485
19613
19672
14473
41513
21576
35326
29509
20429
20012
23594
16575
24364
19963
20220
23871
35544
16797
28621
14919
23290
30114
20245
29996
20824
17660
26621
23928
24519
24531
13184
29125
27743
17951
29445
28314
16033
32588
24745
25656
32287
21742
21442
19042
29991
41876
42736
70957
15415
17805
34021
22401
39957
22248
37837
24540
39781
33424
25799
27177
18352
20124
35405
21337
29677
16819
20627
21577
20765
22227
36954
61505
10280
23397
24055
16132
47624
17638
22454
40799
23231
35654
12809
24771
16987
26257
10223
26757
17489
25199
18174
27613
27016
18706
34019
15211
16651
14756
15990
23295
17391
16104
24825
8708
18344
21255
18908
18294
27569
21534
37308
19755
25744
21007
18230
24514
28536
38557
65568
25060
18883
22537
14644
25490
21494
18946
25353
31612
21947
14571
17661
30957
29932
26054
21047
14964
17930
15385
20779
32011
14032
21745
22324
25346
23641
26441
13481
26939
19111
17370
23215
37884
24497
24710
9786
20468
22955
29933
20697
16347
27076
23961
29551
29680
34546
38635
24144
13532
24574
13711
24080
24412
16281
22276
25405
8558
29537
45625
21357
14155
22877
21192
48295
17391
23378
29309
37135
38853
23879
18228
27721
25361
43699
21833
13704
20869
27683
28646
20173
23320
27738
27193
20521
12310
26563
30141
28797
24087
14838
21598
24645
21881
25664
43022
25934
21980
20062
23338
25191
25171
16377
14527
19722
32047
31884
19886
23597
25797
23535
21475
17152
20490
47719
47137
23891
22029
28303
36367
37324
15786
20312
26979
24141
24722
27347
18124
25085
14511
26672
20530
13310
20471
19744
26276
17099
22709
20051
26083
25762
19744
14501
15954
27313
12553
16553
19556
37044
13749
24604
24580
53459
20949
35990
20433
22392
17459
17662
42312
29864
20746
24964
16986
41378
19807
26241
29416
24175
13366
11133
24180
41706
24077
17013
19157
21921
14222
15031
25718
35282
16341
18635
34875
29969
7089
12638
18019
16513
21487
22305
22820
24522
18764
29230
11152
10560
16183
18593
23672
26555
13248
24781
31920
15152
31997
37861
16019
31649
19661
22072
19546
21691
29702
22261
36397
19078
25505
23270
21078
25751
26804
18805
20068
30295
42402
56078
21101
30878
14276
21240
27678
22795
27721
22070
29031
23651
28410
27083
18644
32381
24767
18993
31776
50138
27026
32758
15703
34300
29226
40828
51942
21083
43205
55177
37232
14458
24350
25314
19101
40900
24343
30234
19524
20920
26587
25095
15307
48064
24618
25959
22820
29031
21851
23387
25125
19718
22763
18239
27395
20022
14844
18950
25163
14383
32288
19519
30956
16801
33662
29066
15822
16935
22547
28165
16817
51004
28740
25491
37436
12063
24462
35645
38655
24894
19118
26793
28111
30544
17998
29473
35200
23137
32547
18146
32826
19438
49162
30994
24350
27154
42377
30254
47131
18403
21205
21542
35807
16935
30161
25090
65638
14638
27233
36937
23405
16197
23506
13311
51243
55833
47707
21576
29072
17147
26086
26812
19167
23847
21746
14838
17409
24303
18723
25014
40588
15576
30402
31399
43994
21506
49067
20617
35911
49304
52405
27363
24231
39758
29033
47421
49668
18094
25022
17715
19725
38783
54288
21839
25397
13218
24796
44666
69475
26601
24602
15864
15677
27085
41999
19833
25683
15841
21236
22442
27809
12716
54644
21998
15282
17510
21343
15940
26197
19301
28635
20850
22235
16006
19916
26340
14711
22594
24777
15352
48576
38213
21477
39578
29881
43530
42838
17141
18753
22792
18269
19710
42180
51534
55572
14167
21056
16718
25040
34249
30500
22236
16618
31397
16908
16381
22564
17101
22865
32232
28874
23733
18591
15119
12120
22388
29817
24264
22953
22340
18872
25632
27397
20251
43145
33487
27399
14711
17924
23192
26686
32723
15388
19743
32699
32676
13196
51724
23066
19586
34893
23871
40121
20251
16755
10353
23652
18385
41922
20784
26467
36991
30811
27895
25039
39305
48478
24219
13911
32226
38680
26464
27311
35421
25284
29834
35903
25623
22752
19770
33504
23589
19782
17024
33523
18567
25031
23610
19672
11763
32955
22213
19004
41877
29803
23925
33302
26461
27897
25937
22979
38331
31174
24002
15994
29604
25258
41910
46390
26719
29420
31704
27043
21701
25027
26327
17468
28996
25424
36795
16693
62639
76206
36016
19952
35997
26032
19414
21899
25784
33826
55801
35472
17101
16369
33713
33861
21358
25910
24558
23210
21755
26990
36198
15768
31415
31832
27180
38168
36269
21329
27752
18181
22463
28345
20908
15724
40518
25344
28600
16506
19392
43179
28692
41353
20032
25538
42481
39083
13388
19323
23968
24409
30697
58281
20864
37934
33416
68914
55339
26993
22268
25471
23407
26143
26158
9737
20354
17343
32604
18949
23432
18017
26677
27898
18002
11950
20144
32065
33901
21842
45500
32667
26396
27192
14326
23073
37024
26931
23708
36929
31302
10607
18938
20383
18703
23030
17240
26332
26285
19454
20540
45549
42428
29160
25452
14683
15293
20471
33058
54954
21200
20280
15945
36254
36912
39429
24959
28530
20813
27758
23775
15437
26010
35655
35020
27335
28567
23304
25483
15870
23457
27050
11134
36363
21302
21471
25533
41431
20039
24976
30324
22358
22025
16412
38866
20433
24589
22477
22770
31084
18506
24955
26614
24436
21563
11504
18901
24450
10850
22455
30431
25941
22575
40164
32674
30466
27657
19725
27141
24345
20560
21850
15966
34600
25676
37410
29787
20876
33563
18143
20052
34144
35035
20016
27822
35209
20452
35774
26625
17306
19080
12191
14403
21951
28024
45868
19172
18286
33655
24546
22582
21204
19713
23365
25002
41172
24997
23987
16701
32083
25642
30178
22840
26620
25883
18223
13840
21558
29861
18036
36785
64635
43037
28481
27227
35820
31138
28530
26304
39066
52845
18732
62280
72855
29359
20955
14164
24670
22337
25983
28624
27425
17487
28565
18865
21977
23609
15742
22541
19231
23743
19933
20537
19840
27285
26890
23021
26421
27466
16834
33233
18198
27848
24957
42975
26486
28041
48440
29630
24698
16473
34432
24542
19496
20206
23056
14070
22160
32512
18935
29951
18553
9843
19553
34807
25615
25664
12485
54103
22724
58644
30163
25248
13557
10284
25397
38592
22375
17430
19433
14523
44015
57951
61641
37743
27532
19995
26959
11759
19509
18796
13594
22341
21857
20862
14594
48490
65654
23231
37389
17228
16675
23441
15109
21867
28797
20941
22895
20836
29983
26700
12749
24946
34011
29109
16803
21149
19213
19407
16705
29874
22509
27328
16316
17270
27773
23356
18489
12397
37946
16193
22664
20588
37706
49376
27844
22892
20566
30911
24220
36392
41534
24749
35425
53132
18395
15541
30379
23378
19170
27405
35227
28228
15027
23731
22726
22793
26354
28372
15807
20655
18707
17350
22862
24689
30115
19834
19615
18767
21233
36995
21146
25226
26582
21751
18246
19803
14136
21534
21624
26355
14121
16300
25965
31380
39808
18661
19333
28391
17500
24632
24795
28537
23522
44056
21448
31994
16930
27241
16688
33927
20489
28871
37565
10905
48281
26737
31324
29511
21142
22976
39367
29927
14489
18203
16481
16619
28395
30185
14573
23142
23414
19859
19592
19899
13280
17059
22391
23889
23319
20427
13745
16013
15282
29733
35842
33491
56663
30252
14661
14612
27116
17396
27504
22144
19953
18894
21534
24405
32575
33681
34959
34141
24653
34680
27125
30488
20767
18652
19525
20648
14507
26065
17275
30747
14436
15916
15984
23206
17412
17430
23828
17964
21172
35755
27328
64124
20822
20943
37386
33919
25274
20084
24009
16479
35266
26090
11227
24645
19271
39662
24220
26266
22703
46147
33999
51663
35365
21447
28610
24255
30256
33280
15579
21002
39552
13120
29576
22000
20071
26683
27322
30346
27295
17917
12119
16291
19326
17312
26374
29060
13739
24810
15843
22791
27750
17554
16818
23493
25759
30746
31117
33107
34668
48106
26694
23359
21222
16953
34160
16896
24513
23871
24572
41368
58642
15901
22653
12328
18588
23964
22422
19862
32426
25622
17529
18973
17390
16241
20545
24654
25752
29969
20316
17632
26160
16935
32880
24505
20587
21871
33491
20064
42384
24381
25337
16321
15687
26014
34939
43837
35395
26929
20013
18754
26868
19076
17666
37722
59855
31730
29896
30974
20625
30122
40453
23303
20250
24979
44526
20336
30970
17014
16742
19656
20040
37403
24503
65970
17729
24350
18562
41761
39216
26450
19335
44236
46636
25813
22905
32392
23781
25254
51735
18978
17823
16301
27967
24279
28312
37565
21138
24433
16983
19394
26404
19511
21028
22071
17595
36590
23979
46235
19596
18154
23281
36300
16825
19364
16139
22417
15527
25952
28588
30465
26975
31267
39921
48893
29425
21073
28093
25672
26142
18103
29645
35426
27478
41788
24623
36730
56634
18677
19125
34337
29735
20185
20309
19399
28766
17525
25905
33204
39096
45443
25151
20940
18751
27132
23106
15947
23172
18349
31162
15372
17045
13933
44079
30993
16228
40672
43530
18802
28675
44852
43060
22682
21188
10452
28343
29646
25886
30075
26986
29289
16802
27912
33832
34209
22822
20683
16905
57864
14339
28156
23322
20217
17801
18029
28307
17464
24092
24048
21328
22605
44409
42270
19616
22838
30838
33108
25062
30885
20221
19992
16263
19086
34072
25066
40976
20054
18731
39447
21832
29557
34538
23627
8640
18940
34592
21467
21300
20726
17486
40927
21309
33590
25225
54348
15244
32691
25433
18428
24205
16582
24199
34628
43296
69352
23068
21004
24040
54377
26809
49195
24337
19194
19581
46336
19141
20743
19055
18104
15886
19249
15412
22901
33453
11257
24381
12216
13602
23186
25124
21138
13009
21465
25686
22040
42233
24580
15891
20534
23398
18974
43051
16406
17073
23003
18556
21762
16949
16886
23710
31908
22253
30191
14852
18946
32372
16935
19133
17343
40320
21532
17257
27674
28989
19869
17601
28109
27791
27166
27178
23689
21496
18193
24559
24718
23930
28223
16993
15435
26607
22130
35905
45499
17256
21692
11496
35333
34416
21197
40170
58164
68863
69282
23883
32986
19457
22858
17811
19148
16052
13221
24725
28183
40031
59256
52768
12508
23988
18024
38363
30638
23276
24346
33656
34231
19812
24864
12093
21001
32855
58959
74984
22184
23935
30786
11815
19041
30315
20716
18119
22495
11646
19406
14356
14915
30001
42418
31826
23646
15203
13591
23270
32653
21728
11691
23660
16862
29360
25398
28650
25843
19228
18855
25263
21333
29496
28136
41256
29110
50330
32360
35043
32092
43401
16527
19219
29816
53881
20999
18545
9577
23321
32409
18401
53176
18086
26698
20444
14875
16736
17209
17098
18869
20243
17973
28942
17412
10900
20854
26232
26507
18563
15339
30138
15821
15138
14060
35256
22631
24303
21245
38852
31438
16678
28603
23386
16166
11662
15092
28998
26108
22418
11281
19809
22650
19999
22792
19058
19911
31484
22591
19108
20126
33945
56986
20734
39032
37062
26790
17290
41438
17103
28679
25138
35657
26084
15277
27653
25210
133062
23120
34681
21378
26142
23685
31791
27364
37428
15568
24002
26074
20725
24692
41578
37498
18478
23410
19740
20030
21467
20983
26975
18564
21652
15626
12163
28016
34524
24004
20755
25764
25220
27246
30040
58955
44361
28892
53478
51467
51371
19244
41325
34564
65836
15533
41979
18373
30531
25294
37178
21172
49444
25009
27553
18992
18229
17707
32651
17666
26884
23881
22086
43877
28042
21849
17276
20167
24170
18897
30380
26546
13639
15734
19274
17908
23637
22498
23028
23282
18335
32576
17399
51917
19238
19640
20632
18294
32039
28449
32328
19419
28276
43393
26868
39164
31594
12191
24797
35064
33889
30543
19232
19701
23430
28844
26156
16261
30486
16829
21441
23967
17582
18816
12488
40913
22754
21991
21469
19136
17586
21858
51697
42976
34611
23733
21687
32962
39013
37347
16539
24919
26115
45676
17334
15564
25024
31847
22324
24271
10002
42174
18894
19826
13521
25817
13197
28569
22152
17984
36939
25178
30439
27174
28575
19664
20869
25296
21392
19010
36739
18653
32091
46624
25688
26547
40924
27502
49565
86106
21204
24076
20300
29240
32177
17810
16245
27998
31764
36881
42099
42329
48992
18598
21952
20328
32654
21014
21931
34432
22912
21415
17772
25303
19078
26133
44672
18407
32620
13138
23871
32431
10124
16066
28517
18459
31307
33038
27738
49967
48481
25586
63078
23893
23936
14945
21158
29834
15781
29994
27024
21101
28610
10408
18466
29134
25886
21652
21661
26795
29368
15922
21962
20894
16170
19194
20719
22981
83592
19863
23119
34568
20595
21910
24397
24487
31779
24987
26407
18385
23346
26906
13402
29308
23674
24023
21767
13311
8375
21123
20188
29037
28293
23604
36669
26236
14600
29134
38997
20969
22102
27346
27313
25910
20358
15648
21018
18836
26250
30991
19742
20645
25812
18240
24771
41007
26731
25929
19035
22273
24669
37206
11917
24981
16344
16745
51154
34925
37054
40155
69089
21675
19954
15861
15043
26210
25909
24792
23499
36890
24405
25057
34768
24612
11640
19589
17083
23430
18541
10244
24980
18968
14012
24053
15158
50841
15396
24547
27461
47829
25143
19838
21165
40479
21241
29856
30910
19184
34699
30850
27249
18813
15238
35874
35870
26942
32535
43886
18996
23913
30708
19745
20653
21540
23044
27372
15106
23172
31162
41268
30606
9980
16035
20597
24839
13492
19369
25970
25277
35657
24435
29337
30093
25591
34293
20729
18571
18362
31774
15419
20378
23666
23200
37217
12950
17010
27243
38453
18389
22688
20686
17021
19564
27928
24289
25968
19275
18583
16158
18181
26025
12611
15568
16549
24561
34078
12518
20184
23075
23731
38772
20718
24351
19867
21308
22391
48278
17598
30061
43190
38674
13448
29582
41382
20593
24835
23161
21936
19594
22150
17240
10519
13618
18412
22173
24642
25266
13362
24251
22982
13174
23722
10293
21754
26529
21074
11688
24781
48145
17065
21139
22550
22270
9433
23699
12338
12345
7988
28436
24045
19602
34342
47279
26662
60935
24509
12715
27102
22075
44664
27780
32192
19609
21749
23910
25462
25121
25943
34329
19610
16204
9991
19609
18365
26973
33319
22271
35927
50955
28279
27385
19743
17728
36250
25528
43490
22278
23505
22995
29309
22655
19585
28473
43036
21641
23571
19083
29788
37908
44507
40130
33343
15659
21141
20817
50006
47030
31122
41425
19226
39705
19413
20832
18510
19722
31285
25506
36219
7115
16372
35445
32230
22518
18089
20540
24926
17425
28625
37810
19684
18666
25705
31826
17671
27496
24076
24473
29058
19804
16759
25965
25366
22457
47183
38259
37812
27092
20396
25664
15896
33239
25791
23878
26583
23000
27851
15960
36901
22864
39700
54051
27591
22056
38651
35889
22189
19813
19776
30193
26775
27286
14511
19066
23257
31681
20631
13511
48521
15802
24766
16523
20781
26283
13300
20993
22314
22632
34490
36669
19755
46887
24682
60768
46479
14714
28697
21929
38379
28491
18455
19439
15652
29743
26355
10278
53611
26529
18853
26257
23389
21521
18257
21498
44203
42227
26347
26160
20214
23130
21869
44046
25627
28467
17388
28890
19715
33020
22515
45039
18105
27371
53001
14928
24663
19340
28323
44486
25783
17017
13705
18939
31932
32160
22521
16558
42289
42600
21605
14617
19658
19000
39949
20500
38191
33410
31428
20261
27443
22798
29738
24657
14898
22563
16064
19765
23888
23755
22915
32713
52484
20690
37264
24309
19240
53054
55271
62267
17504
22106
18732
32555
35505
45186
40826
38746
22541
18355
21883
26668
28200
16986
36919
30990
23048
18970
35150
34303
22466
18196
15471
19992
24158
40572
56005
20845
23708
12919
18319
26233
31489
15424
26432
23586
12662
23791
22850
38433
25237
46751
18119
16248
18932
25883
34536
25072
14471
24228
20229
26052
33118
18314
24683
17782
33542
56973
44193
60837
34786
11672
49146
62835
24041
22701
10187
21418
25328
29953
32433
21198
28649
26478
31253
14437
16963
18848
20268
25280
19194
22495
24229
21187
25968
17249
11435
14853
20003
23851
20989
28967
19061
19607
43172
37779
26862
27666
43247
19632
27614
56602
30025
21589
21014
23728
29006
25629
16252
19177
33623
45965
18144
16119
21318
19015
30274
14803
31363
27937
31114
14142
26208
20956
29375
32866
55839
24225
22895
28771
30216
26318
51632
62208
83438
29696
19947
17821
13492
22103
25912
20461
23306
17087
16943
26863
26563
17057
31014
10522
11919
21466
18620
21361
20310
34053
37001
31339
21967
31376
28493
15113
23014
29380
38232
19235
13635
48385
33513
20730
43385
23244
24371
14707
20677
20877
37910
42219
22081
16436
30674
35616
31085
27433
48878
62086
26412
21647
21310
14362
20663
16365
19560
18411
14303
23296
41006
11551
15211
32065
24980
24344
22460
17953
16768
37024
26481
24876
22621
11099
25409
34598
13017
55312
16005
21147
31570
16131
25281
22722
18373
42046
32540
16308
24788
29462
38912
19347
18819
18691
26912
43752
23164
19404
31530
30576
20195
24452
24485
15753
37748
21882
10296
20638
17336
29851
33985
50942
35228
43779
27269
19065
23297
23113
28187
22478
18281
16455
25218
39340
26699
24981
17620
20306
18739
14015
16350
25767
31972
50628
51328
23654
19699
19179
32561
32827
14064
27499
30261
23526
24391
20986
30877
14044
14302
39405
29440
27638
24841
17152
16327
27393
21265
27654
19182
20707
19806
29717
29021
39896
38350
19352
28900
33886
62926
65084
25613
24770
22272
52349
26750
32058
49488
25752
14449
43222
20469
10338
30713
31375
21454
9275
16177
27955
29440
35600
19387
37217
24801
36536
31400
21956
25870
34337
21655
19064
22602
26582
17578
20204
24351
22296
22962
12473
21503
17966
21723
27523
18793
26126
17342
16868
40385
31545
22945
21856
24835
14843
11264
23991
23403
36752
18104
18287
8962
16177
31175
32642
18401
13669
18161
10708
21097
21715
19579
15612
25804
23661
15989
35730
34130
29014
18328
25534
22661
41213
32071
26472
39872
19194
31962
27356
20660
19762
11352
26952
30943
28118
24886
29139
35864
41387
32596
49166
41361
20474
27989
12005
23131
29475
13705
20681
27152
23750
29124
12756
18723
21244
18984
22514
41418
32405
19611
41166
19898
45011
22533
22188
24681
13666
22857
30902
29375
22469
22212
30392
27141
20912
35638
25296
41666
17756
28446
15395
31238
23157
27355
12799
12401
16692
14859
18704
24414
44000
15421
20143
19399
24429
23112
15687
18946
16471
17688
19293
22156
19799
20685
30501
16211
22632
18520
10438
29305
33359
27217
32150
44477
39459
44084
18550
29781
22276
26831
30125
35029
24078
18317
19759
43911
25283
9516
23890
37671
17114
20156
25790
23898
25066
23051
22580
22141
19244
17537
28385
24767
19276
33556
28015
15151
29701
36036
40495
42929
15254
33946
27458
54300
26584
28962
30600
20806
23461
28601
37535
21873
18613
32119
27778
23715
28104
24158
24778
13506
32066
32667
33389
24609
14411
24304
39728
29798
50986
19024
21225
19037
34281
44718
36056
28212
19000
25662
27753
23881
24239
21944
30634
29926
35311
33444
29006
33701
18623
22717
23190
35759
20412
19231
23595
29627
30004
16196
30383
19447
20830
21399
41033
20834
20268
30707
32995
15316
33415
25886
20942
19454
16905
32789
32776
19514
18773
15887
24771
19560
25735
23043
19565
26511
16804
18601
21939
13026
24155
21786
22233
33477
47714
24783
22814
18938
35984
17205
24384
45818
12615
33506
17673
15707
25026
13629
17436
15066
20077
43646
14551
26993
25948
27148
21012
14291
20467
35693
59057
35608
21550
18603
28552
42668
45337
67146
17440
28078
34977
41591
35507
27387
28989
32328
51570
12014
20525
30729
17707
32979
37277
22297
19627
19535
27420
14310
28776
18444
19000
20351
41380
20493
61632
23807
17896
37420
22384
22027
28280
11121
23306
20173
15527
22344
26552
40623
20487
23763
29588
22709
26979
13960
14670
24200
24575
15949
19129
29531
26885
26001
13798
29943
27599
29276
12144
17279
22778
15608
16285
28851
16975
21114
30600
23286
27529
20037
31945
21723
15916
25855
25637
26947
22877
23365
14685
70921
29521
20878
37107
28581
28302
21737
22466
40876
36509
82489
22751
14244
27467
22372
24621
37110
24409
19405
14903
20323
17324
26077
29596
28429
22839
39333
26877
28302
29697
14184
20631
23006
22755
18217
20865
16915
24708
19226
23043
24266
28015
13414
20568
44677
60617
27132
35714
39943
29857
27936
14118
22431
19155
14241
23020
26337
20611
34302
14028
31772
21222
26745
19589
16227
20382
41835
20426
28626
22197
14235
9913
55504
78702
52416
19998
27948
20934
18659
28315
16846
22194
17978
24226
24677
33720
20464
40195
22833
18582
14727
24903
20228
15196
39162
22375
34029
23809
27902
23474
22162
52552
32074
38042
19395
28765
27284
25706
43895
16221
23824
19535
27849
14328
33924
71183
31136
14863
25786
47755
32370
24431
21938
23744
24917
33949
23154
17178
20354
14711
21654
28350
37186
38031
18053
30242
18834
21644
12753
20931
37898
21187
23317
23310
33636
15307
21057
18933
18058
27018
23901
20025
27550
25036
33888
18615
30711
30236
31361
21331
36013
46129
13763
64994
62963
34778
27283
53412
49761
19566
26612
29109
19799
25405
11077
20366
17009
23466
18820
36561
14176
21952
28438
40620
51868
13182
19757
25252
28757
34253
23187
19621
32978
26693
26561
25986
34973
20122
18549
33412
23674
21402
31161
21995
27467
26023
16044
26302
34254
32736
45464
31515
29615
38190
20117
22397
30222
17403
18452
37883
27514
24546
20765
31063
34129
27501
16796
24871
52884
19883
29757
26978
19435
23896
23016
18611
38919
32901
45483
21783
26832
37997
23702
24633
26406
16040
19817
16849
30293
19990
11367
35199
33560
22548
21172
18819
29968
24519
19259
18564
29622
13625
28779
28755
24365
19164
28757
36097
41354
17295
38922
37302
19791
17070
25061
13627
20633
17102
48539
60387
44967
19493
31813
26463
18222
22097
18503
27088
37633
19034
17922
29494
9882
30678
29310
15548
26270
19285
10292
21550
31276
23738
24909
18237
40894
34839
52133
57872
13214
23837
24626
14600
21518
20603
37592
10232
20609
19226
26284
22912
31045
15246
10677
24272
20851
20094
18667
23550
19363
17754
26155
23251
27680
15601
20856
16512
39125
45462
19278
46157
36634
58913
61876
28064
61659
26402
22530
44689
44245
17526
13106
21916
17057
27582
22084
26938
22948
35538
22070
20784
18645
35565
15919
22852
26257
18290
17431
20793
14411
72843
22944
54850
59565
23024
36150
21840
26289
16317
25220
22651
30502
23342
25087
31538
18772
14227
27182
26065
21530
23306
21571
28144
21210
20598
62131
62065
46459
61496
64397
30392
20740
19119
28756
19507
23219
19937
20211
29128
21531
36264
48403
18772
15769
19724
35506
20634
24121
19353
28189
17486
10449
43188
53962
12867
19582
18024
43912
30814
42718
24839
35434
20653
18774
15719
17388
15942
18308
17176
10407
23513
23146
24999
28033
21505
34619
53023
28050
26272
32998
17794
24545
38468
59931
19430
23790
40333
21407
22726
16583
35203
29603
31700
29826
50689
18530
36326
16403
13755
30587
23850
26990
26698
20990
28512
23925
19715
33588
28592
32093
13783
11085
21801
38640
15639
19899
18597
41059
47295
21745
30354
20767
30508
26566
38484
19343
22493
19599
23676
22542
16838
16955
21274
18285
31548
24256
34414
51333
27161
18056
16703
21123
34718
48806
85040
71427
21828
16166
33348
14342
13354
23269
27415
23377
57512
39503
31441
33920
22617
22625
27624
23144
18181
15762
23216
33148
21824
22913
15680
22360
15658
17620
25249
27517
19123
15191
19251
28509
32795
19437
25621
16812
27561
20256
19986
16992
12958
21091
25839
22383
31825
22262
20280
22427
34398
20028
21775
12643
22983
24020
35142
23092
9942
23936
19789
24569
22139
16755
22547
17660
32539
32769
40249
19446
43850
34543
52168
39778
13618
25987
16348
34767
30819
23794
28003
19407
17917
12074
19084
10703
19304
18233
50465
36928
23825
20647
36756
20281
18259
20414
14920
16834
40519
36164
41359
15493
12413
26100
31771
16035
19848
40794
28187
16828
19135
19148
23652
25120
16664
20233
24172
32370
14199
35194
16811
28025
21809
20623
20230
29301
19760
35997
31079
45881
72346
21563
23214
27748
30208
18993
27932
34385
32971
20122
26285
29124
39175
36076
34765
34751
15463
28466
22031
26323
32890
33706
25357
18061
16339
19209
20806
12846
22779
27971
18584
48871
16284
23191
16991
24373
17003
19233
29101
14521
18598
17713
19211
24741
27880
44499
19809
25131
16341
12799
24683
18983
20498
23464
26393
25265
29084
35361
28893
17484
12506
32438
24530
17608
18787
17220
16948
27229
41655
35064
29520
15066
18129
21933
48027
39011
23524
22465
28398
64067
24949
20772
20580
29810
15284
25897
24384
18809
36665
40722
66893
42518
55029
26767
16773
38257
24788
51570
31871
45932
22588
15497
17771
33370
27675
28495
14737
22060
21607
24686
12074
33310
17766
18376
28884
19212
18380
32341
36808
21720
39237
20411
25968
73478
24445
27694
23480
19604
28273
20745
22918
22609
25770
31449
25104
19128
18548
19909
16404
12561
23144
17241
26932
12545
18401
23691
14091
37198
22514
28726
33984
27824
27370
41496
23641
29602
21190
15295
14125
30541
16565
20115
28709
24758
14704
27923
27521
25979
7591
24735
52272
19299
25774
32360
28309
38029
33812
44030
73931
42801
103298
105281
41275
25200
23694
34144
24757
52638
35044
23438
39352
27377
28182
54996
50146
27232
23161
23842
30479
29964
48162
19643
16824
24422
18510
23576
25318
25121
27285
21787
21863
21714
38145
19324
16283
17693
21209
39081
31643
19078
25299
26087
20474
46685
16829
30144
23421
38005
25687
25627
17630
16868
27463
34092
22248
19208
18725
19022
13225
17373
21061
43074
55674
29426
18150
30128
29488
33324
27718
20653
33971
12780
31289
19511
16452
38247
53124
44827
71510
22075
24417
32627
21852
27937
11764
23405
25263
18319
23759
19974
42271
20097
16471
16048
15308
20899
24521
36869
30322
22955
25439
23408
35766
20154
22522
22075
39685
54381
16308
14664
22658
23688
28897
14024
26204
25410
24066
25473
29818
19468
29942
26024
23141
32933
20374
28357
29552
17276
25903
26834
21682
27649
50735
41830
20413
35728
21961
23374
13574
16533
17851
34292
20543
20738
20732
15754
19524
30462
22396
34095
30976
17681
22349
28768
14502
18270
31820
14961
20377
17657
11510
16175
36961
18033
19704
31328
23458
29213
32650
22145
22471
8426
22411
21671
23108
70623
22645
29363
21074
19765
20592
15629
31065
34604
25125
20816
17907
15145
20776
22253
20105
30907
30065
32877
24099
22124
31391
23494
6916
34794
14760
46927
27792
30199
24104
18338
48805
20378
22435
15589
20427
40527
16612
22458
28371
15909
31107
50308
41528
32208
21708
19229
16601
19397
21124
21045
17809
24058
16159
25825
23404
26965
19807
41136
16251
16078
19018
20282
26853
27117
10749
15261
21441
16731
19732
24182
26703
28917
18227
15514
27072
31949
44130
54604
16462
23368
22950
16693
22331
27802
46971
23847
21125
28707
22378
23670
20947
23516
15111
18013
40259
51641
68658
18994
13596
19889
26457
31653
25781
23176
19465
25508
22106
23633
25975
27981
33581
15937
15469
23190
28280
21555
38767
26104
42614
18008
46368
21000
22892
22394
17812
11320
16692
26329
29054
30638
21803
18842
24772
25040
38264
34291
32972
14651
38370
31742
15022
31979
15219
13659
25405
41902
26392
60438
56948
23833
18278
23689
51186
31690
16414
28908
31424
35592
25984
17911
21659
24131
20104
19515
22905
24187
23600
36247
14414
20644
24487
17016
14321
21217
27175
10114
23960
18303
25503
20445
22528
26169
24020
17360
12415
13660
19043
20593
23238
23492
37450
39236
18545
14403
25989
21669
37751
27898
34896
39222
23708
27836
25033
15256
20413
22738
24767
18109
16575
29121
25913
22126
27223
15407
35045
25177
27551
23914
10688
21173
18717
17229
36021
22194
11348
29140
21091
20034
23976
19488
25573
23818
19144
18187
15960
28572
11658
21506
36721
23376
23255
32681
22861
18862
24303
22651
18043
32748
18456
27773
25786
34160
22553
20558
16831
17606
21664
38297
42694
28138
20688
18080
17290
23384
27383
17474
27386
29197
19384
32926
21719
25752
30436
19810
32916
28358
13770
14754
35587
15642
22260
28047
38885
24136
65552
28014
43724
33100
40851
25044
22558
15744
23549
16195
17280
19625
29428
36911
26199
28373
24877
14559
22751
20295
22173
29212
13005
19369
13953
21470
23145
33613
34742
22086
27574
27439
20436
15567
17984
28429
26936
19738
23367
29499
14546
26598
16821
19853
14614
31604
12083
20377
15608
17863
15644
20518
23127
21977
17009
19619
17152
21543
22528
24287
34431
37468
31334
21636
19731
17614
22496
20533
28197
24874
21699
28950
27998
14459
21518
22643
21972
19609
21147
24988
29509
20034
32032
29403
23380
28540
46416
16447
26974
15347
15869
22683
15668
21721
36322
26279
44449
26286
18232
21535
21968
17016
29889
18843
23013
19498
29875
16788
31036
40822
29838
52626
16325
21835
26494
9756
29243
28687
20914
17666
23718
16957
23810
23723
14399
15218
19069
24097
29972
20595
27070
20758
14878
23054
14383
16013
17807
40680
21323
42516
41083
18049
20527
37178
21353
33944
26059
30623
22058
43873
72494
31485
27439
13349
28826
18575
19670
37488
22201
22784
25409
22639
26699
13323
19441
15691
17669
22512
32413
33171
31002
31756
16080
34742
25424
23804
23432
30173
18863
19694
20192
13919
29727
15262
17816
18301
10645
25546
21674
18489
39729
21275
18417
31959
23053
20289
22178
19216
14862
22789
28251
24524
22070
19189
20279
22260
15664
35061
21039
19184
20884
38121
26605
9166
21011
10827
21473
32401
18871
24238
47509
34900
22513
14282
11867
17296
33862
15859
38540
31124
49450
51812
41042
19191
21355
14930
22497
26425
20943
31109
20063
15034
21720
21526
26127
22955
17063
25248
24484
14900
10784
18262
38026
31824
37807
22383
16078
18423
11741
14928
33615
20336
20125
13551
14353
26314
20408
24766
48325
30469
17578
33437
29289
33666
22294
17772
26674
25409
28198
32678
21876
17156
20644
30426
13846
25898
23890
19368
26873
13829
22147
18553
23606
26400
21071
29861
30558
22042
20686
29302
36142
17032
28968
35726
64942
26583
74059
26690
24694
40536
44568
16304
21663
25568
21723
41577
21161
20118
22011
31924
69346
14362
23217
25945
23949
18582
29743
20511
17063
19134
21267
19641
20354
24843
20997
20985
23247
19055
20704
10827
26455
31845
26939
27385
58933
41315
23081
11501
29805
21442
34117
24238
22657
22953
30834
27167
29094
25029
19345
29186
28434
17739
19748
20989
26097
29027
23468
22037
19368
29532
30230
18971
19427
29421
21307
23200
26098
43439
19354
15693
22255
12760
19673
17458
20757
34714
53491
12945
26922
23667
27510
23007
26829
24475
31450
19615
17717
21448
18422
20199
22760
28917
28936
18024
24626
31462
28569
12073
29767
26419
18887
44001
18680
48618
21837
24181
20835
35735
20503
22801
24820
43526
22031
21323
30787
25290
11999
17994
18955
28173
24644
56763
20403
24238
38676
17520
31999
12799
23236
17752
28623
31748
33407
22364
18012
34488
26401
36408
11837
19044
19894
39927
28040
17941
26330
26220
34728
26734
28862
33326
54417
17966
20559
30955
16265
15785
25495
40215
26006
43850
16969
34983
16490
26335
22675
27357
24001
23399
19591
21186
20717
31168
36666
29420
13419
12621
30420
20948
17512
18636
28513
19563
21137
33761
43498
40977
36989
36273
26143
27794
36112
25445
22056
27559
17534
24343
24749
15139
20790
14837
36994
25388
18098
20938
27053
22586
30939
21121
42162
21306
28955
16557
13608
17997
29726
40891
31857
27082
11730
24913
22518
14760
33039
27757
16189
27305
42679
23508
32995
22514
33355
51502
18775
55334
47738
14705
21830
21294
37167
27413
47873
53639
25815
24066
34302
34134
20307
26453
17379
19820
11218
34273
24135
15674
23352
30944
26614
26559
29328
25784
20124
31286
29950
13773
28150
17021
49787
25552
37884
49163
51712
46069
21812
16149
34679
20674
18043
13619
27720
21818
18084
30552
44578
23236
37125
45335
36937
25133
15390
20849
20207
21404
24801
21549
16059
37042
17773
22393
18380
12369
10875
20096
21869
24201
33794
31342
36680
18923
24155
21439
23427
18172
20904
17604
41782
25779
14044
16740
16241
26156
38031
37756
25487
47076
42530
18531
28303
36651
52801
27162
16566
11857
34018
29804
18352
23652
19754
24923
34263
47735
21740
24208
27796
21657
43344
21177
24942
50451
16279
26662
23352
20763
17446
27248
24371
68524
21989
15915
17119
17850
17684
21843
14447
26443
38697
28886
40152
27670
18052
21219
16853
25273
17564
18714
35595
29782
31422
73504
18422
22432
30652
21625
26861
11811
15706
37850
15610
27021
20300
21212
21063
18117
20926
26801
33512
31954
27102
17105
25906
24958
18430
21991
19721
27482
20794
45577
25228
22369
23451
25899
17625
21828
19975
22988
17274
19022
27323
20762
32871
30687
21858
18568
17383
20849
17171
21903
12073
25119
22228
45363
16342
13407
23567
26841
18750
36714
21471
42219
22017
24825
15036
17278
26632
26079
31996
12694
18684
16236
30723
22898
24934
22080
15301
28638
15433
17122
16624
16221
24329
18342
39498
30167
26545
28752
20448
19078
16106
18381
25892
26534
18200
25055
37370
12070
37691
19515
17282
12648
11486
18547
23617
14235
33420
16803
30852
22940
17555
14159
22166
18200
35831
17799
18990
49323
24599
20459
21104
29734
17493
14384
16893
29372
18833
11445
14025
20953
37400
20697
18602
35239
22938
14009
27822
38983
23645
18700
21709
25197
9531
18747
14282
16994
29281
23012
18387
14663
27641
16199
21743
20515
18055
24694
23571
22891
19120
16420
33584
24701
29745
16682
24714
46134
28592
17467
22011
28211
14080
27907
19007
18677
27440
43973
32943
44249
53168
17621
11069
13874
19101
21570
21119
29387
16485
21424
40064
32409
50891
12758
34719
20487
24943
19124
16888
28675
25376
20809
25525
22277
20983
28188
18025
16980
20151
27068
29244
21840
29904
26126
27415
22759
32446
32753
30714
32384
23404
65821
31817
34705
18291
15147
23463
33807
45041
29270
26391
28747
17935
23111
19156
18076
21338
20295
31846
29295
30307
16380
34499
17285
15494
46123
22144
25171
19322
22372
21668
20453
37780
18407
18125
21726
24258
17031
14665
25107
19061
23538
17533
37080
23711
19742
23456
13252
21017
27860
30347
42874
20759
17114
16499
23961
16837
20213
16959
23569
10453
21908
19671
17363
28319
19035
49702
64719
21674
12526
23482
15372
23471
15980
33564
18894
23637
20104
17300
22280
32239
14265
39651
26813
12137
42768
27766
38691
33136
46132
19235
16459
42695
29897
13216
15423
28675
27840
26668
28859
31616
36921
27394
17233
19582
22973
9362
23785
23256
17524
18094
23371
19539
14075
21723
25896
13309
11944
29693
19322
35770
19298
28754
14090
10530
15027
13228
19353
20984
27131
18080
16706
26003
18736
19965
20145
14716
28124
16331
18486
19634
37877
23034
17791
15826
19817
24845
20006
18164
34061
13853
19254
21213
32635
46385
17078
16444
18041
10652
18615
21746
52748
16415
30915
14388
26113
19377
10844
28173
16451
22769
29834
34758
23127
17884
21759
22318
19256
14591
21650
35385
19004
20811
33412
19856
50447
24388
32822
31267
16838
15806
20602
14155
44791
31965
20909
25278
33834
24807
24260
15687
21191
19864
19627
19063
15316
33063
34860
13610
37804
62422
18343
56731
15045
23017
28985
23456
25087
24309
20169
32146
15428
25945
32685
31223
19669
17275
23985
27216
23551
30125
26888
9503
10544
15580
14859
16988
32389
18301
21897
22884
32794
21984
45898
13900
28693
15796
36295
27772
21078
20207
12332
19401
30183
28994
19766
43833
51694
54409
48485
22114
20131
26091
17755
34634
22209
34600
26075
18385
14722
41362
68920
16209
25816
12472
21022
35025
20143
24212
56625
60717
23454
20689
27258
18445
20062
17686
28807
32024
14991
27319
17240
21427
21257
23345
26651
17466
32560
63129
26770
15070
16114
20626
24851
23243
12538
23764
32554
45195
22432
20635
42936
18601
46879
23986
15337
19129
18126
21984
29710
21329
13699
17294
20616
19378
27791
27729
22867
40989
18709
20014
20383
30266
33543
22726
39027
26645
33926
20999
24828
18276
52171
61787
28477
21146
17411
17305
14225
24499
13033
21121
56782
17734
19883
21496
11027
34931
21059
19229
22224
28238
21790
23793
26276
28127
36548
19751
17963
30109
15673
12444
23360
20471
17089
24833
22352
23378
30147
30438
23192
29947
31095
19522
30536
34172
13501
39132
20739
21637
33018
36873
15702
22363
20616
36888
15442
13092
20701
19860
26784
35165
18578
30329
46997
22325
18718
27276
34931
39072
24555
18264
19630
26937
15033
16507
24506
23261
30284
21849
55424
51672
15849
16449
28434
33512
44467
27983
24969
20630
21416
20692
31317
16522
21287
17512
19628
18324
25007
23077
19170
21392
15359
23230
32093
43969
38298
22134
49562
25146
35432
19918
15942
19925
20816
20351
33046
21991
19030
38106
19564
16349
22540
14807
16422
16681
19982
25545
29671
45424
42434
37303
20578
38526
22936
28283
45371
16379
17067
19105
16561
24976
30255
30996
17157
24759
29095
23832
36416
21032
20423
21154
15351
16533
20533
20394
19281
22629
19599
16890
24209
31648
21968
24962
24028
38606
33514
23994
17351
9900
24536
18515
20338
23846
30291
20315
33774
19578
26839
22308
34872
15598
25824
15286
36559
26739
28016
15628
26409
16515
24115
19119
21183
31345
20374
29796
12965
57557
60355
21818
58118
45168
25304
20947
15527
13644
31720
18911
18439
21506
29125
23565
18864
31766
25695
24396
41502
55588
14545
61616
32755
28557
40751
24211
20579
22256
32524
48863
45222
19286
24749
18568
21752
30897
29993
20360
30415
34538
22060
18305
19622
26288
42542
17293
27381
33598
12363
36413
33904
17282
19423
44331
59812
21732
33055
15324
16597
29116
24922
35231
27599
19744
33402
14999
25662
29235
24464
24783
31985
31651
13923
28268
21826
34927
24956
22839
18968
23015
14604
43528
30182
28224
23047
36273
35406
18320
15563
20391
16318
21128
24674
16557
42626
24441
35521
28669
22099
17512
26012
11755
16278
16628
22102
18301
24242
24171
24317
38999
32279
30631
26832
27005
44599
22968
30336
15166
28099
41215
14833
39643
25348
21554
19281
29612
41880
48131
12831
17414
18818
33902
19214
25250
22815
35702
26107
38213
24103
20484
21109
32838
26817
42636
55464
20234
37201
17857
17837
25977
34256
33824
22328
14018
10817
28512
24762
45101
25925
17100
36539
54852
29712
21231
39744
26973
23621
21381
29435
29459
26070
45263
56625
78521
22641
20161
26217
19338
22376
19124
25329
30159
39851
27748
34835
17063
19590
26905
25907
32810
42148
33052
34305
25885
18833
19651
22100
51297
70680
62226
68913
55563
35703
31779
21970
30494
20153
23301
35922
50490
42408
37709
18358
53421
60910
71183
24362
30681
35225
28665
18282
21469
30977
17677
34276
48782
17667
36686
25892
23736
28893
19308
26150
36618
22121
22814
21202
21313
16118
19637
21572
23562
29278
16740
15305
32051
26652
40836
27960
23515
31525
34793
12452
30215
29351
46410
25493
21358
36207
23138
36552
20296
40289
32783
55485
30753
17945
17629
30826
19617
19224
30950
16075
25360
19553
25273
45721
29137
42865
11425
22936
24839
31505
17341
16061
19851
22768
23817
53358
77753
56677
19277
22450
22099
16686
14673
16847
20514
20841
27689
45249
26345
25614
13395
30901
17088
21728
23182
14536
33118
32908
16676
20562
23493
14253
21055
38141
21362
20411
18496
19965
14612
18877
22471
38256
20598
38998
40536
26749
20632
16618
28700
22705
18998
12491
21506
34307
19143
32604
27957
21209
17251
15231
11144
18969
13234
23445
40018
16881
34435
28263
26035
28574
27053
21105
48010
49511
27977
17614
31885
23842
34628
30100
18512
44132
24470
20916
23446
20500
24070
22398
21788
15281
25285
25409
37510
13815
22157
40443
19776
21409
38602
18621
23044
26740
33017
11983
17910
34918
49215
13979
28885
27604
15139
29543
11553
13314
28138
23080
30681
21236
19530
22234
22304
12890
26814
28725
30481
49111
47254
20559
23869
19897
16624
10464
35166
19585
28161
27156
34840
23033
20887
24238
26420
24620
18064
35798
18238
24044
27222
24063
17706
31602
25450
35150
31393
19973
47208
38636
42905
42735
23772
32054
21175
19928
21579
26006
23769
20831
30967
37518
31497
61591
19009
14030
38821
13745
23900
15178
12956
32669
18517
26144
22158
22320
23225
24462
18153
12434
13524
15827
26850
20370
22606
24645
20978
20352
30191
27718
37912
30161
23552
19718
16107
26630
12465
16821
15281
16042
17853
31065
23864
46886
29962
18328
14030
14934
39925
39745
38752
67370
81689
25814
12462
14079
24948
18411
30474
22697
21949
31801
28981
22354
27919
27169
18041
17350
32331
17162
34665
20516
31718
46801
23238
21438
34311
15277
25563
27138
24468
22380
47426
27868
38727
43446
37299
48714
18525
27625
25070
26719
23416
31381
61639
20464
23823
41815
23297
26898
28870
42211
22195
29579
20708
12072
26384
32923
38022
14826
10929
32732
14077
24917
19027
17080
30987
54954
37626
26613
24170
61992
68035
21164
33256
18688
29632
24429
17782
24590
15015
14531
18371
13138
40629
30576
19395
29570
29169
12127
23274
12324
20463
16077
20584
24612
28298
17105
23554
25348
24155
26950
15914
12307
46200
19132
26493
22477
25142
17412
17474
23132
23326
26492
27034
36673
23260
23738
13108
11844
21910
22731
44901
28907
20435
24687
32607
20255
22129
20813
31116
33103
20042
27645
17205
24659
30689
24721
27118
21477
18905
17649
24948
30099
24212
18486
23387
20824
18271
28382
27036
38711
21616
16476
22993
24858
22509
12770
21174
28202
22254
10023
15934
25470
30714
23695
28370
20135
23129
23553
29977
31135
22552
22163
30668
42278
16600
25641
14866
31153
24128
14184
20962
34956
27654
10853
22645
19322
25714
12754
23404
23251
25784
19464
73531
23005
16027
17058
21564
24552
16901
18382
19948
28065
32501
20086
24467
15024
15945
26322
32510
23303
21238
23409
21936
31033
27611
18270
27122
32369
17461
21468
21454
28949
19590
21688
28523
18469
22011
21365
22507
21040
18569
17341
15387
12785
18240
24728
14584
33539
27556
22459
26704
17112
18999
19802
35741
42884
31228
13585
18111
29441
30417
27779
43934
24178
18306
26974
16874
25107
32197
25026
20708
31418
30536
16117
23630
19020
14011
27934
28218
52136
16676
41030
18140
17463
40887
22744
24105
26247
11317
18788
18868
30150
28945
16282
20781
16932
19401
20440
15789
20032
21863
31308
24397
21880
20866
16649
39642
57077
21819
11006
25904
22060
27103
24941
28661
17139
35779
23343
33368
10600
20317
12488
29321
29915
19781
20384
27616
29280
24481
37525
18285
15994
23132
16368
24049
35187
25581
25646
36658
21989
20939
23711
39172
31462
32610
13459
31482
46398
13467
16516
19195
21841
12206
28331
39397
66734
26033
25740
24217
21743
15932
20711
25663
28499
16101
20151
27627
32683
26246
31370
17999
33587
14915
22742
33754
37105
19756
21148
25566
22408
21117
19593
29827
13402
29635
17006
24832
33216
18191
38281
19024
26789
35386
29175
20720
10691
33085
14227
19722
39716
20773
16004
16448
14400
12883
18107
25362
38002
32124
39874
16812
27313
21799
14894
25800
33811
51881
24796
28467
23570
11092
26380
33960
15537
44359
36900
19280
25520
26292
22017
28401
39080
33227
22306
25520
22267
18923
33533
28286
23450
19410
18374
28691
16166
24493
41338
19662
18907
21714
43331
18335
20385
13392
26567
31005
17433
22043
26949
29689
14991
17854
17390
28984
30451
22108
22871
11152
12059
18479
22572
29740
21373
32834
18830
24325
18881
24161
26105
13446
22453
19421
26864
13745
20816
16031
12411
33018
53813
19172
18896
30406
32736
28808
15981
27980
20835
19148
37876
28188
23344
31999
21239
31621
34856
25324
29897
27110
18769
18188
21350
18554
27640
25191
36438
23111
51819
19355
19996
35612
36996
26280
25778
42303
19876
30057
23746
26026
20051
16344
20671
34847
21050
10703
17144
21619
23057
34249
29830
15338
24954
26816
24504
21046
29228
18365
22094
24155
19207
42834
24144
19887
19011
23838
32373
35802
45302
23189
34013
18465
22019
34521
20718
23813
23978
33647
49232
49822
18661
24392
27989
19789
27394
29632
25162
45457
68008
35741
40390
21559
26573
44941
33236
27133
24345
21774
15180
26848
22429
21160
19457
43016
53277
20539
26825
18368
19500
24365
18751
22154
34005
14110
22396
21561
17526
25602
30129
18885
18873
19576
27689
42939
25146
22656
20435
28804
25458
25389
24023
21865
18244
26723
19224
14748
27809
50103
13006
17214
37472
20090
22784
19704
17799
18166
41965
32290
16635
15292
20649
26807
16828
31757
21011
19228
21200
18364
21214
25127
21654
20275
20095
22314
27382
29310
31033
24511
21985
22203
13228
19904
27983
17224
27206
42039
60541
15856
25906
21246
12473
12645
17802
20267
18262
19570
19770
20503
22687
31542
21970
20970
15521
14997
15684
25050
18044
16775
25399
20841
14765
29669
21563
22579
20670
21088
16185
20654
30553
24380
53149
40206
13898
25676
18406
22960
27000
41645
26809
26490
15427
34463
24931
17823
24536
20900
11772
18827
44313
21025
39664
64200
20770
21494
9608
22349
15061
24040
36301
60063
16726
30230
19172
13307
21993
17256
21058
27500
18207
27906
15740
28257
19394
31201
18675
21397
22459
19451
22195
18055
17651
24466
16911
15034
21891
33174
21334
26303
27656
16536
26453
28130
23392
33687
57352
30907
21764
19347
12541
10848
20170
19882
40797
24872
32263
15955
19407
22612
21278
21666
32808
20472
35513
35061
12542
15276
21714
26982
43126
23271
16157
35225
22709
22169
19594
18960
26831
19326
28896
18303
43437
23358
17906
27707
23754
31221
24901
23194
22440
19694
17571
20794
21154
42765
11789
32239
33978
26253
28287
27011
23606
36656
25268
18057
16211
24557
19892
19533
15938
19044
18980
26427
37426
28508
20135
32323
16872
22530
38266
23084
29862
27740
19144
31712
17800
31456
53133
26778
23968
24301
33016
25361
17214
31739
15791
26972
27962
46317
14555
37918
21024
20559
20466
13098
23121
24873
25820
18556
13649
24330
33527
12893
26214
10397
19436
39541
12032
18747
13728
24245
22355
24681
18882
27251
32380
21041
22612
28494
24397
15520
21580
18265
14027
35156
24020
31744
19988
24243
32162
30037
23476
19133
13583
19680
20135
16237
13336
25612
29099
22987
33713
24090
42931
42934
38185
16389
15721
18856
22109
18662
23232
34703
25182
54895
29361
18940
25024
24507
31127
33652
22688
25983
24111
19236
26741
20014
21610
12040
12925
27645
19529
17384
20428
16191
31697
27890
29419
23055
11104
21181
33633
25788
23130
27840
13643
31024
26784
21784
17133
19620
14502
22035
28869
26815
18582
14754
22619
17072
31050
23295
28943
18873
19365
12770
23833
39138
24723
30130
33538
25533
27447
25207
25349
21758
46525
21755
19091
41296
64532
56403
31966
23460
21318
20737
26244
23351
18052
32464
48097
45259
21897
21462
13414
18026
23313
28067
11568
29759
21556
40466
23962
36982
12266
10126
23363
20059
19287
16065
26386
21964
23783
44401
17551
24412
23149
22042
16856
31340
21335
24676
41500
49810
14033
23291
15689
19790
22117
60894
19193
13916
21722
24214
17956
17476
29751
27720
21151
14594
25764
16770
20822
15946
18600
34976
20477
21186
25892
19971
26583
22342
23137
24349
12183
37071
27288
20863
41232
36835
39772
60206
49791
33430
21936
30522
16171
19728
17980
24667
23142
17885
32116
18581
19420
11129
26039
22682
41239
36687
29797
21053
19090
21766
36786
25614
20932
41774
16466
16165
33299
21852
42466
24603
33049
28765
31784
24926
20882
23009
14269
25741
23650
15927
30211
40456
22025
51106
32374
32331
20207
25502
31102
37553
40199
27460
31924
12539
17914
18123
21190
17071
47239
28634
31314
32421
51608
18528
20230
15573
32339
32767
28708
25694
25658
17451
27720
21607
26971
23804
11955
21053
21993
30187
29475
22847
19757
25754
11630
27528
33303
64489
83500
21541
31256
15535
10049
24246
18973
22347
34463
25921
22008
42185
17015
19573
14778
21258
50540
28473
21268
12054
16638
40241
20690
15483
12485
30102
17523
21541
21412
24934
28635
25058
18816
49465
49132
20566
26275
23838
23382
25977
20585
16388
27758
14508
19629
25998
20536
36066
54678
33582
35942
27609
17474
21609
18492
12579
14899
13603
25867
20848
21654
15997
36046
31578
21700
16391
32719
40372
18529
18962
21028
19877
27978
13840
16115
21657
26711
11926
29832
28533
32432
26247
24126
20523
21716
16631
24109
23857
15146
21929
23460
12416
17206
14853
14758
20474
24083
16332
18780
17852
17104
33099
16147
11560
15250
19271
20051
20145
20337
24696
16128
35754
23284
26115
34088
25805
36558
47105
13565
21272
39535
21205
19418
19039
19777
19382
20769
34491
28291
30581
28898
22203
11491
13061
23401
25610
18399
30919
25876
11500
20768
20329
25819
36044
15513
30928
21306
41082
10729
16020
22293
15698
21751
26706
22844
20381
20226
30819
39480
20117
23496
14973
20151
21540
8588
16495
24260
19741
22890
25450
26104
17131
37639
25772
23334
20146
13515
55083
46761
23698
14179
32615
33599
36063
31657
18260
22468
41413
24330
26625
59507
44286
46776
25706
20715
10338
17524
22978
24001
17993
15825
21743
21952
21465
32654
22441
17937
23297
26756
15730
31802
18373
37299
26653
22038
25947
29014
20717
24276
19123
23596
30902
62780
30147
19274
13626
20317
25879
18986
41632
25129
17668
19004
27821
26532
31287
21467
34089
16913
9940
20236
25894
20413
33441
28349
22821
21172
21951
17889
33756
27170
44756
18959
19749
20952
17752
21342
17902
20872
23515
26776
20384
30719
46610
22207
21869
27624
21996
21714
20894
22548
37259
18060
19080
10176
21332
22757
19699
14545
28066
17766
13937
13428
18807
18271
13152
21672
10641
21087
28864
38889
52417
15740
32279
24984
15934
22860
21072
16662
28195
17197
16473
23828
28282
17477
23516
21819
17994
16149
19594
20328
30394
15771
29862
39531
34956
22777
24414
29950
22854
15856
37415
19878
22497
35038
13039
19371
21773
21355
23096
20752
19089
18149
45183
66335
50861
41944
31278
26256
33343
11722
12244
24922
21534
22047
21280
31654
27603
19540
26419
33620
15795
23704
19466
12135
20291
24522
27006
23081
19628
19642
16387
16917
19696
15026
33463
17482
13316
16876
19080
27406
25338
29192
21740
34661
54692
16968
20410
19127
31904
20903
20302
19915
35955
27334
23569
30746
20094
33177
15779
25444
19333
18161
19254
43272
20978
18552
20354
21946
15470
22951
14800
30487
64915
12565
19113
11209
28175
17551
22556
19624
16054
24694
22481
22360
18050
25719
18779
20872
17525
22769
17483
22192
22151
17691
20256
16821
17613
20109
31142
23068
29487
28835
19679
25297
20041
26886
16577
14903
29037
18752
13114
27170
19247
30337
36714
30600
28084
50247
47916
43671
42591
14364
18923
18538
33715
26584
17424
32837
14875
18689
22859
38152
14359
25017
21023
26964
37170
24921
19787
11877
25057
18197
20028
20922
18897
23184
14072
14221
17204
18048
16073
16336
31644
25068
25954
35209
30089
20477
27657
16452
28570
16111
26043
31829
14586
58899
51254
22729
28133
29060
30538
20124
12619
35189
16960
16381
13711
25210
37284
30025
18057
38500
21374
10350
15537
12636
30754
65768
27742
27987
22180
27566
19577
15489
37684
26563
34690
15424
56465
25757
36135
23043
18183
22649
24979
31729
20787
24770
22769
19638
22782
16394
24142
22218
24940
34570
31609
18974
25345
19300
24625
32714
39047
17692
12643
17744
24121
9979
19986
24040
22712
22260
27472
38665
40898
22116
19004
23644
28100
24431
24166
51702
23140
21382
26675
38746
29189
21933
14926
21435
15953
19376
23048
32760
18219
26027
12028
21681
23337
14310
40272
39373
57181
19832
21541
50635
22523
24508
16876
29979
45926
20428
30212
29123
22965
17053
23493
25831
54110
17705
39540
29164
47364
44480
25247
17131
19027
32172
17155
49909
11571
13957
26258
16909
24319
17613
20789
25146
33302
31773
29001
26261
18686
35579
10677
23487
26906
23426
20265
27345
30753
37883
24320
26312
26549
28561
27756
25310
52368
23505
25303
34740
42172
61724
17690
23874
37895
31761
35660
12839
25552
20211
15557
16625
21739
43594
53042
21588
18437
19237
14167
19550
28091
40352
23235
21243
14062
20136
20289
24961
16150
17837
14673
19344
22751
20736
18024
29576
21581
38970
35592
30764
42724
21363
21598
24034
13217
21748
22075
16543
23030
28080
17977
34173
30685
29406
38524
12932
20532
24780
21529
17191
26144
34679
27287
57650
23051
44759
24322
19873
21394
32422
43999
19436
25886
29567
20674
10422
19869
19773
18495
17756
25683
20538
43835
15604
32849
28919
19561
17868
19841
57397
28060
23405
20568
24825
25671
39135
23949
32851
41270
18713
42436
15313
20784
18395
14125
13943
14293
24574
16745
25454
33456
20099
26303
22722
24297
23310
18902
20606
20982
14018
25373
20153
31304
21436
34053
21450
22624
41223
24475
30230
24647
17187
17086
21587
17926
18168
19589
30399
43553
31413
18820
31711
32757
95464
115484
25817
133266
102191
45885
28957
22656
15675
20883
15335
25967
29375
33280
36324
35150
20018
28622
17258
11800
14035
20735
23942
22056
24841
10671
16382
27208
24330
23941
19126
40101
29751
23718
14588
27755
20380
17018
18336
22718
19364
21574
25504
27537
19989
18269
27539
33619
19471
20722
34132
32478
46148
24373
43538
17229
18724
21035
16591
22252
26118
23591
31382
29039
29619
18293
27843
25045
19342
21183
18242
25232
66263
19569
23137
22798
25886
24689
19707
28517
19386
15037
23788
12882
11428
16305
12308
33675
30024
28408
24195
9544
18770
14718
21991
23651
24324
21333
17165
31724
20361
24300
18233
27057
16964
15907
21347
12971
15292
30026
27449
14356
25723
16599
20067
17305
13262
20413
15920
21079
24449
14031
13683
19806
11109
16762
18663
20339
34270
28636
27338
22144
36024
26786
24663
48716
22908
20413
21274
16269
10003
39060
24858
11253
22217
17632
32029
28688
50958
46985
24437
23745
14979
27734
22620
36124
27418
21274
37949
29491
20187
20387
32246
22042
18596
14933
21286
38227
24268
20255
26904
32065
22173
45939
23086
15792
16805
14846
35802
21974
26157
38054
52946
13978
24033
14068
17220
32363
24149
21385
21517
27902
32317
29287
16198
17722
19807
13898
25463
37993
55684
19562
39293
27003
21816
34797
23369
23068
16504
19990
24273
18892
25729
45920
22513
23249
12327
20759
19571
16719
27613
19690
23347
14121
32229
20384
23170
18723
48240
17239
18368
25816
21304
33896
26669
15321
17502
24430
22210
17480
12218
23232
21492
24187
16711
20965
21541
22669
33438
53279
18699
28448
27282
24647
27305
21214
28135
30777
28730
27100
37438
29346
18819
23908
21077
16643
12008
29570
34099
15868
14026
39227
25838
31031
18661
28229
36608
39926
18570
25983
16633
21291
14369
12387
27719
31013
12087
22551
27143
31958
20783
21423
36223
22664
28129
44855
57159
15100
31979
16912
20506
40242
23947
21963
15627
23326
14881
25677
17836
13510
31662
25178
16413
22677
28892
15277
13458
19587
27123
10437
20697
20026
23572
38847
47392
18833
27261
29261
19205
21051
22699
22066
27033
21883
22014
17136
24982
14732
24140
55158
21762
14489
17622
32661
15959
15997
19349
23985
26599
16186
34421
19384
35878
35031
22681
43503
19983
26734
19163
16139
23385
39378
19197
16015
23571
21609
18637
16570
26048
23694
30053
19738
15487
19497
16663
19754
20944
19598
59537
55745
78891
25117
34379
34625
22408
23181
23819
10126
18992
11052
17746
19548
12328
18069
17371
17694
15826
23478
17053
25134
19186
29806
25329
21551
17536
17356
27097
19091
29342
22552
27369
20656
23605
27226
24361
30370
13953
27084
51831
21070
32554
24508
26584
21825
17131
10715
19736
24579
19740
42267
26736
17810
12629
18931
44158
20157
32932
13375
17905
24561
19479
47392
12606
14286
14060
17911
18731
21609
24690
25130
19781
17045
17184
13810
18510
20415
22361
21011
32850
36328
35358
31871
18716
23418
19980
21771
38045
28305
30667
33153
35646
26334
18664
24520
22961
14262
45593
29323
34970
26230
28481
19657
10268
20176
25701
20998
33375
23687
18362
18191
28874
19043
18733
18351
20553
41628
41436
23843
18437
30873
21664
32949
23458
25624
29020
31152
17608
19518
23569
16212
21647
27137
20243
27083
14470
19029
12677
17494
28336
21562
20666
23825
23282
35375
16975
14601
15044
19419
22450
24219
13308
22047
20867
33828
53767
17125
12566
24960
22816
16572
18184
25790
15645
26164
16627
20281
35829
19986
24351
29164
24897
35478
32018
27157
29526
33719
22826
27129
22309
19638
24576
59492
28478
23903
18680
29302
27119
47681
32050
23663
24617
22508
27106
20420
38273
30538
45720
92601
24436
19219
22606
24854
18462
24434
25492
37196
50012
19068
14146
13101
24744
26186
28655
16591
34360
31055
33511
9849
22530
25737
29101
28596
38059
19668
29475
20339
46669
15145
21713
24404
26758
25574
12434
17801
15297
37439
20979
35670
22734
71350
21013
52436
15320
25560
26331
21843
42253
56653
21424
13222
15923
22639
26192
47487
23142
22283
17617
13779
26073
25864
22673
36563
16697
30421
22860
18981
12432
25446
20481
33959
39310
23414
24394
43767
19176
20724
24021
32052
17924
19205
21743
24208
26586
27975
33418
47512
21943
30677
15689
19722
24443
40434
20686
26140
17523
24232
25181
25826
22545
19481
18207
34769
14217
13658
37275
21353
22302
39698
10622
15732
31364
15501
22103
16944
22241
26846
42516
19326
15315
25308
16150
24067
19529
18642
31062
26862
28328
26150
25833
27128
30935
24740
24676
25373
19597
25133
35454
27249
23337
19309
19800
24031
30684
18327
36130
18736
26375
48185
24096
16398
20375
43404
24260
24895
27237
23742
20580
18101
21917
18861
19736
18180
19508
21254
27847
20624
23152
17065
19936
27473
35118
26542
16027
16708
14468
39839
21912
13567
17403
20490
21518
28239
22588
24492
19363
23870
21792
27193
17605
21427
24214
27740
40488
35433
27528
31812
17602
33676
24041
43789
21698
24955
19425
16854
21635
23567
24626
19397
21127
20989
32492
24146
19617
24048
22281
16511
25975
13360
40327
15599
21623
15195
15457
36093
21658
28979
20969
17845
11944
22536
15688
13370
23981
16367
36914
19086
22406
22562
27237
28200
19666
23729
18050
16489
37696
23405
16338
30517
31458
16115
14778
46523
28278
16279
18554
20769
18763
43779
31047
13429
16440
24245
20483
16502
32489
40866
29266
15776
21726
14362
22935
12029
22528
32259
28716
27054
21280
26744
27350
20563
19760
20768
23540
24438
24185
21197
36431
17998
29050
29420
20391
23156
25284
28676
12316
16656
20936
16889
22148
19987
21666
35055
50142
46584
16260
34044
16373
15541
24900
9847
41069
51068
24264
24086
12069
17407
16573
23623
15706
17381
19608
25965
42924
33951
30268
16618
24931
21914
13983
18151
20673
28335
26160
13210
20711
38168
19646
80464
35943
19292
36946
39550
26206
18173
21197
40219
16015
17303
45468
42465
39948
25479
25969
36145
60147
22002
24845
28965
33543
21586
18954
17131
26909
31536
19094
24686
14927
21098
23676
30953
23116
10862
19873
18902
64265
22816
24850
28595
16645
14787
28346
14832
21608
62592
37009
20667
17884
23868
25880
14101
25824
28177
43914
19012
11877
19379
23001
27303
14517
21700
19877
29312
13343
14376
17507
27908
18224
19452
26301
18357
21998
22600
23820
16219
14324
18617
23680
23833
29943
19574
14053
21452
13858
22949
28141
39884
24722
21721
19931
18818
16014
25864
17415
15111
10562
16961
24715
18590
20707
15847
36607
24019
27789
36843
23503
14208
16417
21580
36042
27399
21104
17534
13776
21826
55905
21718
24210
25948
27259
37612
29282
31106
21655
22239
31400
24263
14812
10767
16827
19258
23604
19109
31674
42603
19465
10744
16301
28029
41159
60807
28606
18231
24607
33047
23624
27252
21810
26542
21819
25919
22513
21562
14567
12641
27793
19019
21312
31241
21785
17322
33116
30388
17362
43457
20507
21909
19524
15906
20606
15228
22831
23913
20260
27530
17338
20624
15674
28545
27082
21500
16174
13399
19362
28213
9457
17174
24145
20062
20649
18681
23159
21187
14437
21136
35721
36788
38201
20900
28790
30511
35023
24687
30542
44323
58885
85748
90921
21040
26008
15776
18912
19477
17295
24281
15961
22196
18364
23471
29875
32909
14372
30933
53531
26939
23806
17708
22008
30701
33391
12084
26828
44576
17682
15978
18915
22520
36034
29220
22863
15797
37841
10599
20296
21505
15678
15967
28254
24417
31135
34270
20641
23596
20481
14206
17421
21109
16198
34195
20335
24695
38472
25654
25636
14744
19306
14748
29671
39916
20202
27522
33418
23017
20481
17714
22482
15152
28321
19953
27460
21423
20594
26533
15337
27793
53765
17141
30028
40257
27195
43727
68389
13216
59843
25261
22198
22154
19805
15040
30766
14555
15262
25865
15298
19727
23902
14738
14495
24464
16032
28089
12246
18278
30602
28126
40588
33805
29151
26303
10359
37506
16924
18709
25888
16552
16633
28425
22762
21334
12144
15973
12244
17554
20950
60588
25358
29452
20908
19118
25773
18407
45621
26342
19059
23186
22979
17675
35009
31498
37308
44145
56989
51263
21433
27003
22227
21411
19690
25519
13302
18866
34676
30688
30351
40542
33376
16879
20550
24580
17329
24234
32964
20474
24699
17188
23824
21582
24396
16873
25164
19428
11617
20579
14229
32143
34068
17012
34294
23959
31884
61983
19225
23973
17283
12490
20021
29081
19581
14580
16671
19219
29642
19432
24591
20719
15294
27366
41936
44249
29347
14789
16933
29256
41343
15036
16153
43068
33962
25677
23514
23304
23602
44111
12795
25449
18385
40680
40955
15026
17667
18958
29119
20418
27774
13223
17783
18632
14352
21982
28420
41294
14026
21649
16976
22158
16147
36874
18998
17165
26141
11424
24078
23103
17079
37972
46528
15661
32561
15786
27629
18281
21984
12313
16050
48955
31676
29165
14521
26462
26795
26535
22199
29417
25259
18409
19637
20801
12499
17483
11267
27600
21544
25311
15013
20949
20005
23336
12106
27060
47438
15729
21727
19582
21472
15666
20771
15733
20806
13726
22744
32847
25516
30476
22931
12057
30040
25786
15695
24693
27314
13884
32182
31728
12903
14302
30408
23757
21839
16603
30224
20452
12113
21631
36304
18970
12981
28818
19484
21464
16188
19109
17519
22388
23797
22594
34836
26891
21047
19477
35171
31199
25514
21468
35625
13113
32048
16821
29711
22324
28559
17870
33484
30928
50109
27225
21522
38189
24281
20463
34321
12946
24878
18592
25087
54109
48914
23932
20770
18492
23326
16820
19047
29958
29532
35638
31023
15762
21898
26060
24897
22376
23114
36079
18574
38226
11895
24237
22490
42668
23296
21850
27358
16105
9362
31545
30927
18525
14290
12603
12017
20776
20534
18750
20605
20085
22264
17977
20194
25310
22954
26048
19623
22087
17111
26160
29117
24192
33472
18071
28672
19699
28949
15186
16661
28489
16674
23995
21968
20626
32369
30952
35221
20555
18755
20304
16815
18087
25457
30788
27580
21507
22759
31217
18778
27539
46135
19094
52277
21267
25397
25907
12535
22565
17550
19351
23103
17086
13162
24909
27764
22384
21586
22721
21748
23890
12644
19489
18222
34087
54131
38667
22822
39816
31954
17326
24878
25438
20838
16943
19942
13515
27181
35660
18020
15295
26533
19471
26830
15517
22792
30560
20710
25182
22441
18594
34065
12274
17899
13696
18219
16559
22378
24210
39215
18523
24904
37428
23520
17588
17922
28993
18066
23449
22591
11308
17667
15599
17688
20049
21239
29929
29324
42493
20431
22453
20233
45889
17530
21282
26030
20334
26169
19475
29239
42537
26502
19961
20109
24234
30605
38386
18214
19703
14378
29458
25750
19705
22185
42743
19845
12680
22885
15894
14241
18347
9645
15522
34174
16630
36197
27934
21794
18892
14939
19441
31113
24982
43177
22652
14913
23115
26835
24576
22145
21860
29694
23209
19215
38729
30001
27150
16568
31605
14412
13271
16180
14150
30985
47504
24461
17201
11206
18890
15478
22776
27292
14966
25503
45286
22745
21698
40255
19956
13334
42863
27112
21536
13646
12330
18918
30748
43708
26989
14689
29339
26067
16712
24179
29378
46537
18229
69059
23617
14848
24439
29292
32239
21562
22506
42442
32387
48954
15791
15537
21196
16914
15492
16212
20768
18864
13696
25555
26133
16768
17154
30895
21978
21974
42080
48209
60601
52288
86015
67077
25394
35892
35244
22279
46982
73324
36903
54440
29269
27826
36254
22481
18659
36727
36146
46756
58744
24821
28564
11878
30915
34379
20121
18974
19591
14112
20564
21346
22635
43310
18696
23457
32118
16800
30292
32337
46699
22107
26576
16985
30819
24663
28506
15472
48279
10849
23814
36219
55807
15404
21621
21456
17715
16817
24999
40219
21369
19098
19646
28436
15496
25123
29411
34498
21767
28096
41523
16064
16556
26497
31790
13310
15715
22070
15047
25272
42261
34377
67618
50942
13767
63924
28686
13294
22173
26105
18121
26243
31061
23916
25903
37726
22860
20073
23967
22498
20240
14748
18501
16965
15681
32269
17260
13347
22294
23005
16775
19424
12755
15820
27282
19419
22594
28091
22297
20959
30976
28437
18776
18453
17191
16085
13629
14970
21724
19002
26920
19138
12531
28626
21231
39000
17542
33634
32371
18629
21940
22633
18166
18149
24250
20925
19826
20048
17565
21955
25981
11743
32006
22889
25980
18898
20347
23632
19458
23568
26753
29333
52441
49388
21302
18877
20268
35722
38806
25267
20582
21525
25841
19077
26998
29311
13898
30413
17978
20077
17947
21594
20649
18176
20438
19372
19769
26809
23326
34880
31301
24243
20804
19659
22775
23689
22861
34110
18818
22733
26159
49073
37107
59290
23107
25882
20464
23484
24156
25597
12439
23718
20355
22363
19131
25251
47858
18552
16749
33227
32621
24246
25336
18356
20464
22083
13881
15903
17435
26661
20048
12282
22065
33993
50944
17730
19900
42714
33070
28796
20319
20979
37357
20190
25890
15800
19340
53695
18914
32116
39154
11978
37063
25416
21848
28167
29361
21410
18747
22763
21043
24108
22223
11155
28202
17856
20621
21282
27282
18244
32225
22711
13742
20238
34660
17086
42404
11285
28615
19613
15836
13402
26443
41530
12789
18099
27090
37755
40541
23937
28985
32342
54141
27834
19631
16032
23296
30557
26202
18672
29129
44022
20116
18984
34398
25251
18057
14482
25314
28750
21014
13657
16926
25578
17364
11019
25460
16224
15263
29716
33024
20228
22205
35039
29427
21642
21205
22302
13219
24910
17130
27686
19516
23046
37680
12388
26413
25960
19542
25034
14424
13275
23837
37684
16812
26102
27985
29634
48148
60662
16371
16681
29670
40496
47707
40932
28986
28981
57853
27257
17357
22614
19464
42527
26271
44203
14892
29061
20782
22523
40117
42796
17628
14419
23689
33116
15427
37738
20221
41881
14054
20266
33862
18367
33177
18375
22957
18136
14380
21440
21219
17864
17813
34516
29373
45826
17976
18243
17407
18748
14782
21930
22880
28545
25019
13848
16320
25897
20939
41844
17804
20697
18103
20596
24749
32289
21276
23219
19643
14393
19318
12637
16749
26800
19424
16745
36071
29948
26843
15036
25934
24475
20613
29840
10569
24723
24042
19932
35015
22647
29564
23085
33424
18246
18305
15098
22732
23277
19479
20989
20384
20233
15353
15077
17124
21142
13640
22285
32244
19148
32079
35026
25138
18103
13124
19326
17036
19658
24088
24322
19166
26825
29194
34136
26345
21085
28308
18916
21571
17191
24753
23153
41785
34906
39685
27852
62134
54999
43723
12917
15741
11789
29374
31710
15595
20089
20651
30593
39198
13705
30233
18362
18145
23220
23167
34631
29596
19586
31138
20030
20326
34692
17845
15680
20854
16675
26694
40568
22885
13203
20709
20921
25405
13072
17271
18211
19579
24404
18959
25674
13304
21798
39000
24012
17672
24553
36372
44953
22780
22447
12091
15940
24253
12817
22341
20366
32651
16473
23266
18058
17671
30508
19541
14942
29829
30656
23253
32120
45889
35791
20910
18470
29553
19713
35776
18633
13743
33890
25977
12815
25611
16414
23168
41134
22522
14801
15852
19612
19523
28099
43998
13970
26681
26078
19525
22608
25291
10639
21916
18562
20039
25622
41253
20785
15048
15559
50203
59315
42259
27483
15715
21891
38352
36074
18231
17789
32839
16872
26141
25454
18031
18104
27613
18228
39816
44292
16322
19668
21476
24528
32830
29697
19291
32589
19061
25908
24644
22328
29595
32784
27825
38634
25618
18480
23133
14994
25110
32649
30805
43793
19557
25179
18329
32789
32702
15874
16277
11247
23813
19702
26044
21363
35337
27434
26336
16467
24115
15761
27153
50915
32177
17206
28626
24890
27974
18817
22407
18466
31689
20823
31069
35201
19769
25514
22608
18355
18619
27956
27783
31564
34941
27601
21885
20363
17862
24614
25246
22221
22321
13123
19454
25614
12370
16533
10948
19733
15178
20309
19753
29496
23989
44576
30347
23816
16595
23386
21410
19918
15358
36549
30834
24503
28469
20780
17201
30979
33784
50008
18150
21493
20758
38628
20376
19963
28229
23096
34653
27859
17589
14321
19210
31265
20178
34452
31421
26785
16103
16268
31185
18460
19930
19110
21251
35967
32063
16963
18434
25448
23439
24745
25295
20083
23373
24976
37204
13464
19632
18086
21250
16295
12585
27686
27413
25979
14490
19356
27744
19493
21786
22836
24338
20579
15001
27596
25625
19431
29061
56296
31887
40362
19688
14647
14623
23270
25579
26255
23399
24740
15469
18224
14603
20626
21735
31727
9691
17028
25462
20186
14985
32145
18589
38145
21209
24888
21998
29674
17067
24056
16689
24742
11422
17717
15632
23504
10470
15934
23314
39070
34105
15303
21615
22560
28915
20764
23739
27193
55072
20448
21429
26047
24760
24177
26224
26245
19799
24523
27497
16194
14942
35278
15520
16451
27880
29188
19653
17352
29666
25244
57285
20304
31735
26241
25992
19264
21578
19580
32156
34702
12082
25084
25250
22190
21409
18662
17052
37524
27174
20369
15123
20437
21274
55460
31366
40957
26267
14992
27922
23182
38254
28021
26537
13941
33696
16604
18915
20385
25238
15632
28258
28505
21586
29290
17119
17395
15592
23059
39871
27096
18784
24640
28954
20730
16453
24184
24780
29782
28590
23664
11772
17188
15498
29208
23982
21120
38392
21588
20865
19428
46740
33057
49319
22656
25666
20480
17468
21500
38507
25998
20544
14942
27800
18460
20527
23698
27782
22325
22428
26626
20550
28478
56633
38522
21055
14096
22127
18586
31964
18198
22479
24211
31974
17858
13484
13396
18932
25549
24126
25640
15282
14264
12722
20219
27942
43807
19861
41097
16581
19870
32745
19094
30870
48293
20924
23613
15754
22319
16507
27128
